143 26 1880
0 0.02485393840095107
0 0.13538277794946718
0 0.002950365830642343
0 1.0
0 0.2452236711976602
0 0.12688396738075847
0 0.01701129865566653
0 0.06729396411319066
0 0.3130315101234177
0 0.01648237174598266
0 0.041446021780049414
0 0.0409907097747203
0 0.1206059968188482
0 0.023505113931167054
0 0.11531173142331153
0 0.16489474276533422
0 0.06841770861929419
0 0.012629386802856857
0 0.01885934439901238
0 0.18462600212499158
0 0.08409156797045914
0 0.04290940502608853
0 1.0
0 1.0
0 0.9419012766808519
0 0.9421695681266171
0 0.4434083485975593
0 0.011428862646653992
0 0.2244634321251875
0 0.0007325162403990504
0 0.007381191212061378
0 0.04855205941037455
0 0.03822352103742177
0 0.15585754343849845
0 0.006186876722581669
0 0.0369137096594484
0 0.04581286366110093
0 0.0912848716399638
0 1.0
0 0.025139360125804977
0 0.012533167402434264
0 0.018323654080314666
0 0.4658971490863323
0 0.05076891942447914
0 0.298442498202379
0 0.19795145295399497
0 0.08721652757705112
0 0.026188752995860987
0 0.12817939056649008
0 0.021299107386079652
0 0.08805414317962335
0 0.0010998666585805283
0 0.010438118152808817
0 0.045440092887720995
0 0.03459165001296627
0 0.09454012014208635
0 0.1579030335151137
0 0.3023074706120128
0 0.050347933425666014
0 0.03240656621743232
0 0.10530798475403225
0 0.0644011228330833
0 0.013125969075501454
1 0.5311301448357625
0 0.024301237146973076
0 0.006799534857380385
0 0.017346186267462427
0 0.021293544794549146
0 0.2044614731756662
0 0.0015105697884536529
0 0.003129152745314223
0 0.1281193270987211
0 0.004876710223322034
0 0.2859588777026548
0 0.002083256227415564
0 0.08520738275349482
0 0.49064663355009286
0 0.10909313677546917
0 0.08565570343815987
0 0.07443530607034465
0 0.015673004180535743
0 0.06672931789335634
0 0.002097787421359909
0 0.20489083155531906
0 0.03900658975244986
0 0.050559272906723796
0 0.16883258991456218
0 0.05086800521260815
0 0.009776581269903328
0 0.08969485615660266
0 0.013319714398407623
0 0.16574542983232832
0 0.3496937572068002
0 0.0973536032287512
0 0.004979752115109148
0 0.07663222236707956
0 0.06769981996763985
0 0.12959659164876325
0 1.0
0 0.03585552096744926
0 0.09976217635438522
0 0.04645223225096018
0 0.015451885941327959
0 0.061804925324074445
0 0.0018167154810774244
0 0.015535517210099159
0 0.030955263109223252
0 0.1798898972494879
0 0.06378272465528678
0 0.03782605562790886
0 1.0
0 0.24390262852982902
0 0.03334423020373567
0 0.01771902096995359
0 0.15477009786353058
0 0.029487473783634588
0 0.03531699094742213
0 0.02555616758181145
0 0.010696347694046149
0 0.030517105469112127
0 0.15769091038338856
0 0.00883887128410632
0 0.01545135475199555
0 1.0
0 0.01385135374718205
0 0.12545608293613963
0 0.03472403233872701
0 0.2117062074774816
0 0.11644605786973661
0 0.9364331182372543
0 0.0025943145639254483
0 0.08616063964126486
0 0.026837925142379482
0 0.048908330659153565
0 0.1380696734408423
0 0.09438419881355797
0 0.17121131433644632
0 1.0
0 1.0
0 0.036375808453885106
0 0.013273029035528405
0 0.23586152918204584
0 0.1472276061412252
0 a 58 0.9477084140704928
0 x 2 0.027437647528556153
1 a 106 0.03888828570552405
1 b 32 0.038063814125992135
1 c 20 0.007873226128060073
1 d 108 0.05822449539569263
1 e 76 0.05785484630476878
1 f 2 0.07654430084393138
1 h 131 0.16713185072204395
1 i 114 0.051782635298508795
1 k 100 0.015367027989198756
1 m 5 0.01848873583803512
1 n 81 0.06292426055902822
1 o 68 0.016606076216299392
1 p 47 0.0015156988100911706
1 r 24 0.017764563118739085
1 s 118 0.03176386232112327
1 u 77 0.05382807543087331
1 v 104 0.057216096703608166
1 w 81 0.07535465158101462
1 y 61 0.010174279918128915
1 z 49 0.007250439039870993
2 d 133 0.042752884648716516
2 f 101 7.34475428323389e-05
2 g 34 0.014153613493396167
2 i 89 0.09716498270772789
2 j 67 0.04206554092920878
2 m 83 0.1517324665589812
2 n 11 0.03425312577262618
2 o 27 0.030119001865094974
2 p 36 0.029244561959482995
2 q 109 0.07177548646025367
2 r 112 0.07046777902372825
2 t 44 0.04663527478070317
2 u 80 0.08317485842685945
2 v 76 0.10006143373789766
2 w 39 0.12151950666328004
2 x 20 0.04016994745509028
2 y 121 0.02168572214347808
4 p 1 0.1730348177180926
4 u 114 0.03873298814827997
4 y 71 0.5430085229359672
5 a 29 0.027036148294141138
5 b 99 0.026977856590490235
5 c 133 0.15794010071007158
5 d 132 0.003248063678548796
5 e 113 0.020376003901216078
5 f 123 0.03552379436100983
5 g 81 0.03087584342374694
5 h 14 0.0471959703171827
5 i 130 0.012700703112715095
5 j 90 0.009582483660959373
5 k 102 0.005066712581088817
5 l 31 0.03203409690669268
5 m 77 0.013930822155080014
5 n 56 0.03283138752883774
5 o 41 0.05217841393386635
5 p 141 0.001048007178711119
5 q 117 0.016258628882651283
5 r 86 0.004411774673260704
5 s 102 0.0031326558518931513
5 t 91 0.04392151071736672
5 u 82 0.045160302343424386
5 v 57 0.01736185297653603
5 w 18 0.018952753750624662
5 x 104 0.09003951976279445
5 y 111 0.03532237277832595
5 z 90 0.09000825254800571
6 b 57 0.2878109867051567
6 e 107 0.07175503688479179
6 f 63 0.33544433416772634
6 j 86 0.014924943938555035
6 m 136 0.1878511829637035
6 n 62 0.0010424132825674892
6 q 21 0.04178794826755683
6 t 112 0.026292669975576777
6 v 24 0.016079185158698994
7 c 142 0.30280910784471204
7 d 56 0.026714891153006737
7 h 33 0.015120756568389182
7 k 20 0.016571471701121943
7 m 131 0.05713646424119856
7 q 43 0.25088662546136276
7 r 134 0.08955834256189177
7 u 12 0.17390837635512635
8 d 103 0.04513058995109631
8 g 9 0.27150176607760923
8 h 19 0.17900212313765196
8 z 121 0.19133401071022482
9 a 139 0.08970129147088879
9 b 64 0.023232166077289618
9 c 131 0.09608710518912156
9 d 109 0.09593097869259026
9 e 39 0.07432052359892549
9 g 68 0.03206956331268429
9 h 99 0.009479376082292323
9 k 89 0.0033658466095133344
9 l 1 0.0062677591323591075
9 n 7 0.0050964468834072685
9 p 28 0.20632844757726887
9 q 86 0.029178828398981782
9 r 103 0.011596758492933068
9 s 119 0.06900169531639733
9 u 105 0.09123880740749246
9 w 18 0.06930301618082835
9 x 129 0.01110480745097453
9 y 10 0.03412412839038259
9 z 129 0.02609008198968632
10 c 91 0.09062917348616883
10 d 85 0.027264240699805598
10 e 95 0.10312356877042061
10 g 63 0.0826075622551119
10 h 84 0.06359450453002002
10 i 127 0.06767630006763548
10 j 51 0.10583389069548577
10 k 123 0.09085811967069646
10 m 38 0.013659899192830727
10 p 47 0.018296519548637202
10 q 138 0.04256869679165076
10 r 106 0.018224551115977206
10 s 52 0.01518483037085272
10 t 87 0.16189145670678873
10 u 138 0.002708829482108266
10 v 101 0.05443183483576031
11 a 139 0.04273455114198621
11 b 64 0.017544829510132032
11 c 43 0.005089683041028303
11 d 142 0.032866043277874124
11 f 115 0.14218375067331712
11 g 0 0.05691546271223957
11 h 77 0.010940034970367107
11 i 137 0.0014472684423131321
11 j 68 0.06225627087365304
11 k 20 0.008854380600633704
11 l 17 0.03679617707465577
11 m 18 0.07098798039611265
11 n 62 0.01776093903498943
11 o 80 0.05862947946349972
11 q 45 0.052031727211556245
11 s 19 0.013615539617052752
11 t 51 0.09611786741437245
11 v 111 0.086619374230551
11 w 0 0.005694121096830096
11 x 36 0.015914919695732666
11 y 104 0.07414336513982822
11 z 121 0.04986552460655436
12 a 8 0.0720526708021294
12 b 106 0.05246605882574129
12 d 118 0.04603031268243818
12 g 69 0.0059176577760944316
12 h 35 0.013441928653225577
12 i 81 0.05715183883471642
12 j 123 0.1174691566285434
12 k 4 0.019171932393706848
12 l 75 0.0595523556138462
12 m 44 0.04860204885743302
12 n 14 0.05981810845710889
12 p 142 0.10074010971951064
12 r 82 0.02729528146677207
12 u 28 0.013081700269950591
12 y 39 0.11258927469349
12 z 105 0.07401356750644483
13 a 88 0.0173684853887226
13 b 115 0.03131030406169788
13 c 74 0.09061730137608592
13 e 48 0.10139614421837984
13 f 21 0.012856077878807493
13 h 15 0.06166938004987299
13 i 62 0.023741901856835224
13 j 124 0.05170087432627701
13 k 122 0.011131569829824217
13 l 120 0.006898972863951469
13 n 36 0.0867233952803187
13 p 1 0.01958864059368559
13 q 34 0.029460251252601655
13 r 65 0.06793919152862149
13 s 136 0.08955415223510399
13 t 65 0.06549823637053631
13 u 44 0.1826501392735178
13 v 108 0.0013002247888475038
13 w 101 0.008684456623040071
13 x 29 0.016405186272105188
14 m 141 0.2805683432008398
14 s 76 0.0032112467384188825
14 u 31 0.3283945480296432
14 x 72 0.2725141306077866
15 g 18 0.7452346487567195
15 k 42 0.06597116763062605
15 n 134 0.023899440847320208
16 a 136 0.34102056149063675
16 k 114 0.09740739969823842
16 p 70 0.09489839689468815
16 r 118 0.06228825920617498
16 s 114 0.3359676740909675
17 d 76 0.03952711024831701
17 e 10 0.231989485459703
17 g 57 0.11745416108388851
17 h 94 0.01493093872670681
17 k 23 0.2153605442486337
17 r 133 0.05409239224187434
17 v 123 0.05862574041578461
17 w 68 0.03354195288218709
17 x 90 0.17461898003969156
17 y 105 0.047229307850356506
18 a 49 0.04396388706347054
18 b 103 0.010067136920910102
18 c 128 0.027724367946650674
18 d 74 0.026336495952513306
18 e 90 0.06506688627169122
18 g 53 0.10998580948271042
18 h 47 0.059803556945900005
18 i 116 0.040180206359696546
18 j 137 0.05622508732870224
18 k 104 0.04300515067261412
18 l 76 0.038372992306256015
18 m 73 0.00014043757249482258
18 o 26 0.09371636375638648
18 q 133 0.040881391546293
18 r 2 0.01921818929418284
18 s 121 0.024573807974468842
18 t 118 0.003199764132271188
18 u 54 0.10011284547184218
18 v 101 0.07636150497502858
18 w 27 0.018469354952311057
18 y 112 0.062289432912577714
18 z 131 0.02144598576201573
19 f 7 0.048780868304139635
19 h 71 0.3364491132259536
19 m 73 0.4069897771917469
19 z 139 0.023154239153168277
20 e 84 0.16947376683328352
20 i 77 0.09266016809745037
20 k 84 0.0011748517038754347
20 l 134 0.09903013734025978
20 o 79 0.06619927799456682
20 q 21 0.275751090818408
20 r 75 0.13932215204500165
20 u 119 0.07107397591974862
20 w 44 0.0012230112769466839
21 a 135 0.03191385883912601
21 b 54 0.12152870839541219
21 c 5 0.00022035410249554577
21 d 108 0.0066614401968217996
21 e 86 0.02378899070278495
21 h 8 0.052403144683694225
21 i 21 0.04516517288070465
21 j 8 0.023588830820673645
21 k 15 0.03953079222654099
21 l 76 0.02086797762079029
21 m 141 0.017273602805590982
21 n 141 0.02791326411481887
21 o 49 0.03912347716912279
21 p 116 0.03303118169315089
21 q 67 0.034243960397306594
21 r 58 0.04197983273473738
21 s 68 0.016228261065773908
21 t 92 0.12733113132173945
21 u 25 0.027156604083144464
21 v 19 0.01611558627709686
21 w 132 0.03165688000287936
21 x 83 0.055043538245390766
21 y 52 0.0339208051637675
21 z 71 0.09040319943034736
24 f 102 0.058098723319148116
25 m 26 0.02600048671903077
25 u 94 0.03182994515435211
26 g 78 0.34039052879230913
26 y 126 0.21620112261013158
27 a 96 0.057239786101722534
27 b 41 0.019500181575524245
27 c 105 0.029736309799425653
27 d 61 0.035165941527783295
27 e 142 0.009718805715971834
27 f 53 0.035298826654119875
27 g 112 0.07886714498919223
27 h 133 0.0034041709458596525
27 j 104 0.0018114914652307412
27 k 117 0.01366594268018273
27 l 30 0.10783134051892151
27 n 37 0.0894101536753168
27 p 26 0.04127156374256058
27 q 48 0.011931503019939615
27 r 8 0.06468410377251332
27 t 120 0.12576336131026167
27 u 130 0.08674161581364637
27 v 130 0.11551560677604955
27 w 16 0.009617607215544166
27 x 94 0.009219484922327936
27 y 104 0.025839530250915344
27 z 59 0.01633666488033636
28 a 58 0.07973437852445386
28 c 127 0.0112753354320978
28 d 52 0.045333513818035076
28 e 88 0.020490770430828364
28 f 74 0.02984472454103204
28 g 38 0.023223290497788707
28 h 99 0.01877497587464305
28 i 72 0.00033350890907757336
28 j 87 0.005584030922536454
28 k 104 0.052920002670467925
28 l 125 0.003400469224070113
28 m 75 0.012283515164973058
28 n 68 0.017684071624073705
28 o 49 0.015317226952720642
28 p 67 0.09380736932693612
28 r 114 0.021641363174613293
28 t 11 0.13069308659961132
28 v 0 0.04640718771565544
28 w 64 0.042233911541209146
28 x 81 0.06453308638429733
28 z 38 0.04002074854569149
29 e 49 0.026958069258849138
29 k 69 0.034644779536499026
29 l 7 0.18472512270915886
29 m 122 0.13777843170447568
29 p 9 0.06284435952338918
29 q 20 0.05444462802361927
29 r 102 0.17135118639511304
29 s 126 0.004594573136668778
29 u 125 0.09154701110095465
29 v 104 0.22184861987919124
29 z 45 0.008530702491682085
30 b 114 0.04808035158512036
30 c 37 0.05373422458542121
30 e 42 0.04890245248869207
30 f 141 0.13020406594129963
30 h 39 0.018401688827483942
30 i 46 0.052195266386993344
30 j 32 0.07992637099890598
30 k 64 0.01933588431880162
30 l 141 0.03312233671777809
30 p 41 0.030893172873975194
30 q 76 0.08034923211663247
30 r 17 0.011398822795127606
30 s 18 0.0027086132691475084
30 t 104 0.04043469246547904
30 u 46 0.1148355463187688
30 w 141 0.052161743677667016
30 x 56 0.12736252802610448
30 y 106 0.019042751291398208
30 z 120 0.029529064103142044
31 a 52 0.26804053954660556
31 d 57 0.01811867925363908
31 e 113 0.027912480232159975
31 f 38 0.040612375737234085
31 g 43 0.03352902791548673
31 h 26 0.05610566980572518
31 i 19 0.06077121664130558
31 j 136 0.017326236022265906
31 k 66 0.04438661891124096
31 l 5 0.09935267653457525
31 m 11 0.018724809889700378
31 n 50 0.02434702645890774
31 q 48 0.012993119681945053
31 r 23 0.09346348842676566
31 s 76 0.0038733451597570134
31 t 5 0.002999384363556512
31 v 132 0.001491428025951369
31 y 40 0.12739981798280342
32 a 85 0.040537822392361145
32 b 100 0.04013228079684572
32 c 54 0.040304239015329424
32 d 126 0.011365230700607687
32 e 11 0.010904512048864223
32 i 137 0.12209971842126499
32 j 66 0.07665408845210897
32 k 96 0.03248306456365091
32 l 3 0.029990615953523037
32 m 5 0.023409496589853585
32 o 41 0.015522475054523865
32 p 61 0.10014177651694756
32 q 4 0.10024951955860961
32 r 88 0.07111155552256343
32 s 69 0.0013175589471581262
32 t 69 0.11539507436809027
32 u 125 0.01979465703085792
32 w 93 0.03799515227328221
32 x 141 0.035070189402204965
32 y 119 0.03729745135393059
33 c 39 0.14123693162849782
33 e 106 0.13838887917558673
33 f 38 0.06083932291422234
33 i 112 0.07079540834359732
33 n 52 0.06427174873177044
33 q 90 0.0320769552175334
33 s 93 0.17532132390083943
33 w 65 0.09325541923628833
33 z 62 0.06795646741316574
34 c 62 0.022445828523130373
34 d 42 0.22595762539733955
34 g 83 0.06072103377327598
34 j 50 0.030344794430279487
34 k 61 0.10933767144959172
34 m 13 0.22484348126045994
34 n 95 0.036714473809853154
34 o 39 0.03950955972516068
34 p 27 0.004436756304364908
34 q 20 0.02277997328846959
34 t 63 0.006158475006203812
34 w 15 0.08740939716825691
34 y 121 0.0617284496158188
34 z 80 0.061425603525213424
35 b 6 0.38280531357878533
35 k 91 0.11196129903979779
35 l 34 0.09910371682289709
35 o 118 0.2526989373492323
35 q 76 0.11651702354983906
36 c 57 0.0018171708235101836
36 e 31 0.22830354092348504
36 g 60 0.037591123049715236
36 k 54 0.03040880650750233
36 n 68 0.04158057257144332
36 p 27 0.1728623273176838
36 q 51 0.17202722664804693
36 r 63 0.0020126824819587386
36 s 55 0.06357171066625056
36 u 30 0.06740244711557852
36 v 97 0.011538897796182446
36 w 80 0.05664012010953556
36 x 25 0.04912474237411646
36 y 96 0.01930576795388994
37 a 118 0.11342391440556576
37 b 120 0.07527012836413671
37 c 41 0.05597275753402986
37 d 132 0.09532539277993124
37 g 112 0.028643832824004067
37 h 7 0.022957373607101927
37 i 65 0.002209614681019323
37 k 107 0.032273485896241794
37 l 135 0.02713976652287664
37 p 92 0.020845321943999795
37 q 47 0.12146663827098259
37 r 6 0.06491653846217094
37 s 87 0.03471831730824293
37 w 98 0.0610897480648277
37 z 73 0.15246229769490494
39 f 65 0.31964674839114515
39 i 80 0.16095225358641096
39 q 70 0.10033851835200536
39 r 89 0.2515959050707034
39 z 115 0.14232721447393015
40 a 3 0.033348750995413456
40 b 35 0.04452469833035144
40 c 106 0.20942712034473854
40 f 26 0.03618800058194205
40 h 52 0.12371709577639833
40 j 65 0.05371321983135058
40 k 96 0.09760820521153113
40 l 24 0.035569621261061335
40 p 101 0.022842434090712405
40 r 55 0.13234766391285369
40 s 138 0.029131705032048316
40 y 109 0.16904831722916447
41 a 1 0.00682863187882099
41 b 68 0.043842705453775
41 c 108 0.10636058376937296
41 d 90 0.007008370351761606
41 e 7 0.004541823473707685
41 f 74 0.012435669541596917
41 g 1 0.0055989555760497245
41 h 2 0.0054836465993860495
41 i 31 0.03718103220494273
41 j 43 0.00807103827192035
41 k 122 0.0098380295923296
41 l 130 0.04794549466372788
41 m 10 0.012746380106891553
41 n 10 0.0800669130555337
41 o 74 0.010337175237052132
41 p 0 0.05944854728050175
41 q 89 0.01014625721890372
41 r 1 0.2445984896669875
41 s 93 0.020345929661510054
41 t 98 0.005664697492872239
41 u 107 0.0068682568401571276
41 v 9 0.013725200744829857
41 w 23 0.09764822789080918
41 x 78 0.04045590104065966
41 y 65 0.020756959085338922
41 z 127 0.06373142922024644
42 i 12 0.26992990222025004
42 r 114 0.2641729486934177
43 b 126 0.047615153638922325
43 k 62 0.13213094970518735
43 o 41 0.34946512704760346
43 q 6 0.025979660970099294
43 r 83 0.16461926558325324
43 t 39 0.12635012921595068
43 u 38 0.10307079441450451
44 b 44 0.701557501797621
45 a 100 0.007786078765049109
45 d 69 0.09831537930298873
45 e 120 0.048950768192063454
45 h 97 0.04960437594236389
45 i 113 0.02051565517005316
45 j 85 0.007879201605117903
45 k 54 0.02862480826558922
45 l 63 0.008871362270050476
45 n 140 0.06803345934496197
45 o 114 0.008330053135461313
45 p 139 0.07607042960945354
45 q 23 0.07960861065540403
45 r 114 0.16905656621626264
45 s 102 0.02425487654926406
45 t 82 0.0036184296570987984
45 v 139 0.08916889672809525
45 x 30 0.013359595636727506
46 a 101 0.002785748246946995
46 b 92 0.020903262605337036
46 c 62 0.11254860998058613
46 d 5 0.019739663501431748
46 e 101 0.037966091146460434
46 f 97 0.024775052864249747
46 g 33 0.06395495848876609
46 h 96 0.09489696840340456
46 i 142 0.05124206328524861
46 j 129 0.005661883787444588
46 k 58 0.007698529690981282
46 l 80 0.017105045937849894
46 m 9 0.02336318944783622
46 n 132 0.0037816398386012473
46 o 44 0.07474953521868755
46 p 43 0.05478183489846189
46 q 100 0.07065172851004331
46 r 6 0.0023018835684259775
46 s 10 0.01588066810505162
46 t 115 0.01565685560506025
46 u 0 0.013092931915989925
46 v 112 0.02757958754616774
46 w 48 0.024538715674513267
46 x 126 0.014519825439038847
46 y 104 0.020525692843886167
46 z 102 0.09208150587247776
47 a 44 0.14972669530752825
47 b 83 0.037106169524429466
47 c 51 0.03600610140199967
47 d 86 0.06617814687918366
47 e 129 0.015069260037927079
47 f 94 0.0020327451332750046
47 h 25 0.008504305394207878
47 i 115 0.04693276966645088
47 j 27 0.07014622953628036
47 k 134 0.08437976971046979
47 l 4 0.08859447669136689
47 m 102 0.007255066971953772
47 n 99 0.07461796102403961
47 p 28 0.022967713466685025
47 q 69 0.048208606785156816
47 r 77 0.012204576187784144
47 s 75 0.004334294559970697
47 t 67 0.0024795610843203475
47 u 64 0.0057404071179225635
47 v 63 0.06380179517695372
47 w 48 0.07785685570082423
47 x 34 0.010352039710568417
47 y 78 0.016349039701778145
47 z 40 0.022966660233062597
48 a 125 0.438639447625492
48 j 40 0.21886449872684932
48 w 27 0.0455049842249885
48 x 91 0.1688116788561801
49 b 21 0.002419566598949263
49 d 21 0.09151124423413315
49 e 42 0.10449915445848335
49 f 2 0.016465469314077885
49 g 46 0.00837196892753489
49 h 94 0.003922222603814696
49 i 135 0.12498748342787935
49 j 116 0.006823177188025387
49 l 62 0.0003064448635630157
49 m 141 0.00640820424294275
49 n 112 0.04674653547904073
49 o 66 0.022649807890795626
49 q 112 0.006397559450569079
49 r 127 0.009966028067331267
49 s 56 0.13764841190912402
49 t 73 0.004334402394430947
49 u 71 0.12185832089928084
49 v 109 0.09677713129183552
49 x 2 0.06548920732445607
49 y 92 0.09958501542176856
49 z 7 0.0015335366258839578
50 a 62 0.11445128294658424
50 b 33 0.031093461054758853
50 c 55 0.09787272642700873
50 d 104 0.03692332017925104
50 e 54 0.05597956983318586
50 f 81 0.03635892678201247
50 g 32 0.0018504106061068004
50 h 58 0.06150207298371013
50 i 87 0.05488659591216971
50 j 137 0.01029268993210053
50 k 63 0.029167486248804275
50 l 129 0.0757335642787963
50 m 79 0.10237776678020571
50 n 111 0.08298424000930082
50 o 18 0.009259141898230183
50 p 15 0.016772583672095442
50 q 0 0.0379997242241078
50 r 93 0.0002995203968033655
50 s 59 0.015273048907770148
50 t 101 0.007361406340773202
50 u 96 0.012970159201435183
50 v 142 0.005735057493971518
50 w 111 0.011861480748713737
50 x 36 0.0008347754774258309
50 z 52 0.0021048444850547687
51 a 81 0.12356826334575233
51 c 101 0.072922112905077
51 d 0 0.10213777631035725
51 e 115 0.15819327242612302
51 f 21 0.013119288011555374
51 g 77 0.0423466657292213
51 i 1 0.1772883903742254
51 j 92 0.11167021697667512
51 m 19 0.04370043092425946
51 p 91 0.008654385310274626
51 s 38 0.03309498612417083
51 t 134 0.07382224950270444
51 u 28 0.021610259827189893
51 w 66 0.016771835573833438
52 a 103 0.1394752834759504
52 b 13 0.052230170993841196
52 e 1 0.04952167359895154
52 g 132 0.021423765185115906
52 h 109 0.04594250185149473
52 i 137 0.05253381281375369
52 j 26 0.053757853540172484
52 l 86 0.017368547948881763
52 n 101 0.04760660005600603
52 o 30 0.010119652576502713
52 p 26 0.05128921897943084
52 r 108 0.029483010600847348
52 s 15 0.02013815035021349
52 t 52 0.018591362232754483
52 u 134 0.12772674375536475
52 v 48 0.0005520085400696484
52 w 65 0.1297648041992817
52 x 64 0.06961664861378436
52 y 108 0.0524200725347741
53 b 10 0.054698504652092694
53 e 45 0.08727113732290004
53 f 29 0.015398519112431952
53 g 109 0.09422820056259984
53 h 20 0.030150367642692855
53 k 47 0.02307506831417383
53 l 79 0.01085765757365209
53 n 87 0.022298275390136624
53 o 49 0.16684296081846495
53 p 18 0.008973457633586812
53 q 45 0.12556876164971076
53 w 92 0.11013703019412102
53 y 55 0.20505996624571554
54 f 98 0.08017642082380738
54 g 90 0.08041370893094268
54 k 39 0.1649296015683933
54 n 65 0.11089710887944748
54 q 113 0.17997028703570894
54 r 42 0.08141210958860168
54 s 75 0.08057607023122793
54 w 61 0.18703304292890433
55 a 96 0.01765127243387432
55 b 39 0.02675837017603344
55 c 41 0.051030738094283934
55 d 9 0.0361384730824551
55 f 94 0.060331035486316575
55 g 30 0.028875823941762246
55 h 78 0.13025179577765222
55 k 121 0.12887292193672195
55 m 77 0.045060681609804476
55 n 111 0.07639501025995432
55 o 34 0.011694018714729193
55 p 116 0.007781144109356597
55 q 34 0.04485331902141432
55 r 123 0.06563635332521933
55 s 100 0.01171649781639661
55 t 18 0.013595157158130533
55 u 130 0.06717720915536018
55 w 137 0.030375501812779815
55 x 25 0.014891170490648586
55 y 34 0.02621545625414845
55 z 78 0.01015792920087144
56 b 75 0.5957147014189097
56 d 1 0.05329662230934007
56 z 32 0.19308564275663653
57 b 122 0.01050702283761673
57 c 15 0.10795364221401649
57 g 0 0.010392450728566649
57 i 56 0.010810372305857796
57 j 25 0.002837254743657369
57 k 36 0.010836125766688465
57 m 10 0.06511450788551132
57 t 30 0.09052919901135847
57 v 34 0.060295707281715516
57 w 129 0.04926720022662889
57 x 31 0.19724411968135125
57 y 56 0.08190492670501826
58 d 112 0.04807825613156269
58 i 4 0.12570220105349084
58 s 15 0.06020849316032639
58 u 90 0.03462137540992838
58 x 48 0.11073143818836961
58 y 3 0.5703103026306561
59 a 84 0.08817306229322408
59 b 53 0.001972914767979006
59 c 21 0.06997985163828613
59 d 76 0.00438527088586127
59 e 134 0.011147652890877269
59 f 109 0.007506717597961843
59 g 45 0.041965474850269247
59 h 15 0.0057094368951932095
59 i 42 0.10869087564699886
59 j 10 0.011824246342927114
59 k 113 0.17216357611085653
59 l 81 0.0014983363323392007
59 m 29 0.13867754556743273
59 n 78 0.038552066664972795
59 p 80 0.08163740433061406
59 q 44 0.019868306678206715
59 r 9 0.027227203802031585
59 s 20 0.011539009075080209
59 u 105 0.11080334718907714
59 x 33 0.010741074607059309
59 y 92 0.003530059615319381
60 b 62 0.16302998536380475
60 c 16 0.010456112001495654
60 e 126 0.007971742899331113
60 l 132 0.04392449937893961
60 m 1 0.1298719229359614
60 o 93 0.058704907213829705
60 p 141 0.3116886458225673
60 y 33 0.09221354039501706
60 z 85 0.07683065923502119
61 a 108 0.03200978875182736
61 b 36 0.08368323878588024
61 c 9 0.014043868286893302
61 d 35 0.11047991704679128
61 e 77 0.04901720194084813
61 f 48 0.025042713349093138
61 g 52 0.035081291832874784
61 h 59 0.004708895526526535
61 i 37 0.00446530347787466
61 j 55 0.07314066952314102
61 k 67 0.04172709744804415
61 l 110 0.016101544052236738
61 m 67 0.028885681541101937
61 n 142 0.01691328264023295
61 o 124 0.028339389309578022
61 p 134 0.08915424185996024
61 q 49 0.014049633794446459
61 r 114 0.042766223908133894
61 s 42 0.03760721456477534
61 t 10 0.032900831970192
61 u 25 0.00615928552459255
61 v 114 0.02166336611623665
61 w 136 0.06538373484524296
61 x 140 0.005836163742973688
61 y 119 0.03927313527809617
61 z 35 0.017165162049322502
62 a 5 0.05004418835355229
62 d 118 0.04601241123476829
62 e 49 0.13346771877640828
62 h 6 0.07781104710635789
62 i 66 0.1059637273663745
62 k 49 0.18822539367821767
62 m 59 0.0036174963278383654
62 p 131 0.07604739637921498
62 s 36 0.04092887010808233
62 t 6 0.1193116202821961
62 u 92 0.003687419657795843
62 z 114 0.141756741653692
63 b 83 0.021914847324643216
63 c 63 0.10657785109249007
63 d 6 0.09351438126256151
63 f 66 0.05409189718231089
63 g 138 0.004236808487303234
63 i 35 0.02782731376353842
63 m 112 0.06772404666045428
63 n 25 0.01823246649733501
63 q 103 0.03278466245659062
63 s 129 0.03284886058599856
63 x 119 0.009116719851011701
64 c 141 0.008857815696603155
64 g 79 0.036545565434349836
64 h 110 0.051935616889181135
64 j 132 0.0065934993648616436
64 k 110 0.10562943553091642
64 m 84 0.0791260734082807
64 n 136 0.053673049910585524
64 p 111 0.06050513868442897
64 s 78 0.001435228437180358
64 t 50 0.00233368313034632
64 u 78 0.2185848021743655
64 v 8 0.08219034063743202
64 w 23 0.042202749105067716
64 x 128 0.03496660169624044
64 y 97 0.1911191627531872
65 b 34 0.013125992123406816
65 c 119 0.0697787014553728
65 d 83 0.16173412016705013
65 e 38 0.008773305859950842
65 f 127 0.0258801528007927
65 g 60 0.12889426187672326
65 h 17 0.03307563504524891
65 k 131 0.0004916158226989653
65 l 10 0.06385308628637332
65 m 34 0.04062252160246438
65 n 85 0.06464980946381504
65 o 82 0.04627272590477527
65 p 121 0.05845855698238267
65 q 13 0.005737946239047664
65 r 126 0.0724247130634984
65 s 7 0.0333393203231559
65 t 4 0.03103438971442729
65 u 23 0.029022156067754268
65 v 41 0.014524508955365945
65 x 103 0.012783334804843172
65 y 70 0.002496378743845007
65 z 71 0.07622723183962687
66 i 88 0.07843416803366121
66 j 80 0.19533816832591488
66 k 93 0.19009213886436627
66 l 89 0.013437160429977002
66 q 1 0.003555254781840378
66 r 63 0.008912619431856728
66 t 107 0.3375858489113003
66 u 48 0.03802971031258473
66 y 101 0.1172687446410361
67 a 90 0.22895384041464717
67 e 141 0.06255425361969424
67 f 109 0.17649662289924273
67 g 73 0.04142194095323182
67 m 78 0.07798776678891883
67 n 56 0.0014373513460805842
67 o 6 0.06227574178331341
67 p 61 0.0739964775340568
67 s 80 0.018770011965292155
67 t 4 0.19667677623578672
67 v 120 0.017013952610187677
67 y 138 0.02112171905499871
68 a 70 0.4375230579129217
68 l 83 0.27792129598169946
68 p 100 0.08009417292971266
69 a 71 0.00530642800770198
69 b 23 0.0072941383300630935
69 c 8 0.04830262131541796
69 d 18 0.006742975780487215
69 e 66 0.04758368675372637
69 f 67 0.024877483555257318
69 g 94 0.019540797384360653
69 h 120 0.007280587158099205
69 i 10 0.054566943620980135
69 j 24 0.11120707148721032
69 k 131 0.057603025123544094
69 l 50 0.1123220331046011
69 m 43 0.05206831097010434
69 n 101 0.04304673866741626
69 o 106 0.020548320711834323
69 q 121 0.007939706267139579
69 r 43 0.02660189734377394
69 s 8 0.01744609882105208
69 t 100 0.0007069027948028994
69 u 58 0.07465135032599013
69 v 28 0.11417965001092023
69 w 66 0.02480425317700674
69 x 79 0.015318938851710429
69 y 6 0.043629380578875
69 z 61 0.05492009006947096
70 a 141 0.0001872902052066916
70 b 120 0.002051227405150957
70 c 36 0.11196220359044251
70 d 71 0.006920932387103007
70 e 130 0.037057818815844135
70 f 113 0.004665562241785048
70 g 113 0.014681067504908718
70 h 132 0.05795659297006617
70 i 128 0.015060881988760433
70 j 86 0.0877106910365979
70 k 68 0.019170774908618515
70 l 116 0.03606374525446121
70 m 56 0.0172569358100918
70 n 0 0.18728849879579612
70 o 50 0.06640762075366302
70 p 17 0.03363372694491862
70 q 9 0.020208650750617285
70 r 33 0.11173199936331135
70 s 63 0.006079451041690942
70 t 21 0.003007097968774408
70 u 142 0.0014111326630218413
70 v 85 0.0012025224194422979
70 w 76 0.05425659649996206
70 x 37 0.009512529891326782
70 y 116 0.04196796162116456
70 z 14 0.04941733442195939
71 n 92 0.5566692855658207
71 p 139 0.16152848938031927
71 q 53 0.08775751518388186
71 r 127 0.06592538277125704
72 a 23 0.01286297934712477
72 b 97 0.09737948597282275
72 c 97 0.09062637031832999
72 d 94 0.01725714116248278
72 e 122 0.0014528052073858877
72 f 28 0.008952299649019446
72 g 14 0.0023314334813221427
72 h 36 0.03914966658802943
72 i 127 0.016285525616005492
72 j 89 0.043324797391565584
72 k 124 0.07413762937376078
72 l 71 0.019322757210661345
72 m 31 0.0835152762375333
72 n 27 0.003545251003545302
72 o 69 0.010886943719937259
72 p 38 0.008072577225345712
72 q 29 0.04183392346875847
72 r 95 0.06622479044496021
72 s 62 0.039640681620200624
72 t 94 0.01202127763882399
72 u 84 0.0022973568278967793
72 v 22 0.1301539203786739
72 w 64 0.10947259593982217
72 x 106 0.01775253557929679
72 y 14 0.030110091231978164
72 z 132 0.016513177141394886
73 a 98 0.1481561397588691
73 m 35 0.3404574564568291
73 r 31 0.04803355527850495
73 t 70 0.0374791049034634
73 y 9 0.003639397846850412
73 z 116 0.1362754680528282
74 a 71 0.06435711254342524
74 b 57 0.004863295595350814
74 c 55 0.10205694293391665
74 d 89 0.014549709426833313
74 e 109 0.07496494656938268
74 f 14 0.010312494399077998
74 g 2 0.019356089793754916
74 i 112 0.005518720785448128
74 j 71 0.0030179236324684444
74 k 8 0.0035068585798438967
74 l 105 0.17540096053607845
74 m 30 0.012016981057003218
74 n 55 0.04974921791150355
74 p 6 0.034248658232233886
74 q 48 0.10115282351785948
74 r 107 0.05370556548050487
74 s 16 0.010795877033916934
74 t 24 0.06642788147729517
74 u 22 0.01042952723380608
74 v 106 0.003051701863796552
74 w 118 0.06206717926460814
74 x 63 0.04048193850862358
74 y 49 0.02495004207338336
74 z 76 0.05093429532246907
75 t 19 0.02206650232494567
75 u 78 0.39059680776608796
75 v 33 0.5021293071554715
76 q 48 0.5093533664499071
77 h 87 0.6478808554753398
77 j 101 0.10362889738360215
77 y 70 0.13939711036558888
78 a 78 0.019878593205846395
78 c 135 0.17233046454806478
78 i 23 0.15414576944399005
78 j 53 0.14631011296664675
78 k 110 0.020862976272537304
78 s 136 0.13865918114444886
78 v 109 0.2546564563422442
78 z 69 0.007500742638061775
79 b 31 0.00344810588285116
79 d 30 0.18609874097442536
79 e 58 0.08048652635786702
79 i 37 0.019124308433172144
79 j 98 0.11390692589248441
79 l 59 0.019038348252362614
79 n 58 0.020784754736782096
79 o 34 0.020881579567185615
79 p 134 0.023360492839018754
79 q 89 0.014873575330428102
79 r 25 0.14019114072918704
79 s 74 0.017285433214606627
79 t 57 0.01673264320586898
79 u 11 0.026157861422192674
79 w 43 0.02796232332821602
79 x 99 0.018578590957648244
79 y 28 0.05303217442726593
79 z 112 0.12362116837809256
80 b 59 0.07436487803322944
80 d 43 0.015580749878442601
80 e 22 0.03096662397902672
80 f 0 0.06721770434292951
80 g 39 0.03455549752079967
80 j 120 0.026165295755707585
80 l 29 0.18982362400711872
80 n 133 0.0019233144193245844
80 p 79 0.1372603450025779
80 s 138 0.047589463295222845
80 u 70 0.1668910479630783
80 v 117 0.019629098065300665
80 w 69 0.016285354247318806
80 x 22 0.11235602373656761
80 y 38 0.030489952372193208
80 z 88 0.013228023200626104
81 b 105 0.22433297768521954
81 l 120 0.03701465056449804
81 n 139 0.23064225618802703
81 o 95 0.016272787839941683
81 r 105 0.11760227888408126
81 s 31 0.07557460407551864
81 t 2 0.12677399864241967
81 z 109 0.1050571282269378
82 a 10 0.12345892947752068
82 b 14 0.009816505576948797
82 c 95 0.0009406082542342542
82 f 2 0.04029431820109508
82 g 69 0.002628058215395357
82 h 140 0.06959712795281014
82 i 123 0.04827728586272795
82 j 82 0.16807300063915487
82 k 83 0.02830203133408138
82 m 112 0.03762611720096243
82 n 15 0.0030364728277466613
82 o 10 0.045721482556186355
82 p 126 0.013941393268521618
82 q 81 0.04341302919045531
82 r 0 0.015110405980839237
82 s 107 0.044568993639698684
82 t 122 0.02961433257308077
82 u 55 0.028477987660411652
82 v 127 0.15489374834290182
82 x 44 0.01558976063827433
82 y 11 0.028583218725185544
82 z 76 0.04593740446040717
83 d 86 0.7951091684446809
84 a 18 0.10994376786159021
84 b 133 0.005258904937196829
84 d 72 0.0019323825274242257
84 f 89 0.04390937330104616
84 i 120 0.04740992297250668
84 j 139 0.04415377257464792
84 k 84 0.0943577403655389
84 l 119 0.04455376029920122
84 m 98 0.04760835192303292
84 n 19 0.05493153453858357
84 o 115 0.0029799902031131253
84 p 5 0.0010919298205279704
84 q 83 0.04336753870626853
84 s 11 0.010486784807397842
84 u 54 0.04040033792751618
84 v 70 0.03370078803087895
84 w 140 0.029615960262712182
84 x 56 0.04387530703727549
84 y 79 0.16744290276662122
84 z 74 0.09397235938447002
85 i 28 0.17840578238632132
85 l 48 0.05311883357497327
85 n 20 0.04094740622656978
85 o 139 0.17782427376451326
85 r 59 0.39151143479692785
85 u 75 0.08311949423629017
85 v 98 0.02451350210768055
86 a 71 0.038811591773386334
86 b 40 0.004017933328476886
86 d 114 0.07424335106123214
86 e 54 0.052272455111801785
86 f 106 0.061452039662273306
86 h 129 0.006466760293819651
86 k 141 0.04473645060480158
86 l 129 0.028636730374822394
86 m 51 0.0026289556862254537
86 n 101 0.03160997847671354
86 o 27 0.023306228090726355
86 p 108 0.02695737043754476
86 u 65 0.1745162800278206
86 v 86 0.16318767885015162
86 w 106 0.022638370431651067
86 x 108 0.03668040885207746
86 y 10 0.034702899562252476
86 z 112 0.004301927459660404
87 a 44 0.015484837679096364
87 b 89 0.03394472621087585
87 c 73 0.006987222940866955
87 d 4 0.00720251522898907
87 e 68 0.008323966185551201
87 f 50 0.08036149087541733
87 g 81 0.0026139181618375362
87 h 80 0.01455424199269495
87 i 69 0.038044027149203186
87 j 10 0.011786717268673308
87 k 20 0.05658690775151387
87 l 131 0.058324099914916605
87 m 16 0.2163648189477394
87 n 69 0.0720068669986822
87 o 139 0.005123565303193134
87 p 108 0.006796708704775889
87 q 12 0.06194507529366544
87 r 55 0.0357055575789621
87 s 130 0.026310186182941786
87 t 27 0.045878366663044345
87 u 19 0.054783559798279535
87 v 50 0.01697472364959851
87 w 72 0.03589447886679298
87 x 38 0.01465021191168181
87 y 64 0.015814000010567653
87 z 126 0.006669203517830846
88 b 34 0.12753837398066703
88 c 140 0.05657414683361239
88 e 60 0.17970554153372165
88 f 55 0.014176569048243937
88 g 21 0.04010080566773144
88 h 70 0.09193716110911909
88 k 78 0.005134859140675907
88 l 109 0.06373363040825941
88 m 123 0.06805391298292562
88 o 34 0.0024618941597294164
88 p 3 0.176520114596861
88 q 60 0.0023856243130561117
88 r 64 0.057404916582555865
88 t 67 0.0233139995837236
88 w 99 0.05910342469270147
88 x 30 0.013122174302605871
88 z 130 0.008956269793906846
89 a 122 0.00679766211081112
89 b 15 0.08408376921650784
89 e 75 0.004272406665934647
89 f 137 0.1234611999099412
89 g 81 0.02290979787090963
89 n 91 0.10454950997767032
89 o 33 0.007279384577702941
89 r 60 0.08399752968626195
89 s 76 0.03497525957998526
89 t 0 0.026670941340658727
89 v 81 0.13093300419714937
89 w 8 0.11202431168848992
89 x 129 0.15978711530014933
89 y 79 0.008563251721225074
90 a 28 0.054962711139198595
90 b 139 0.04852773100512542
90 c 120 0.0905414472272239
90 f 51 0.02703546261802825
90 g 100 0.0634429708478026
90 h 110 0.012630606454290816
90 j 1 0.0948511859193325
90 k 37 0.06229424536766581
90 l 49 0.09340895803677818
90 m 74 0.06630002266025725
90 n 19 0.05283203213475951
90 p 61 0.014611830710445362
90 q 56 0.05129413597137433
90 r 120 0.07369894167402391
90 s 138 0.004053213359957009
90 t 76 0.01974916202901822
90 v 32 0.0028013447593785434
90 w 54 0.10652847052195569
90 x 104 0.03679666451637742
90 y 52 0.010319148648599064
91 a 47 0.004666348210294324
91 c 69 0.044634614153078345
91 e 136 0.012306125542323576
91 h 106 0.05110269760150399
91 i 131 0.032945566674579485
91 j 111 0.03542297695709262
91 k 57 0.0012339685564322078
91 l 74 0.061238827305846955
91 n 113 0.06458177951077848
91 o 92 0.19199558381610782
91 q 84 0.025333056187251013
91 s 122 0.03483053612766618
91 w 25 0.06818540564100872
91 x 23 0.09760860380820802
91 y 93 0.03993757468845027
91 z 67 0.06823090538704968
92 b 35 0.15073450032468816
92 e 68 0.20851998302254515
92 f 139 0.09100237222498597
92 r 129 0.20004938722098053
93 e 0 0.11129693448946798
93 j 114 0.044795266603251394
93 q 63 0.025782390850290104
93 r 97 0.04809284670513714
93 u 115 0.14490307274763392
93 v 25 0.13525719273825876
93 w 35 0.3925186926372095
94 a 85 0.07428402665520162
94 c 90 0.11999323694425001
94 d 77 0.05543633327821851
94 e 85 0.015557501454875555
94 f 110 0.053396028857325195
94 g 131 0.014134968901340472
94 h 131 0.07280497653206419
94 i 126 0.012428723552143084
94 j 106 0.10004462976559803
94 k 105 0.1209410300562428
94 m 78 0.02217640753502237
94 n 130 0.013136568780283464
94 o 84 0.11487858559470387
94 r 52 0.030874897478935126
94 s 127 0.022811300101807763
94 t 137 0.00612329022795266
94 u 120 0.03278759284423316
94 v 2 0.07938389000883139
94 x 27 0.028005653423233023
94 z 64 0.005820605892628561
95 b 60 0.043839528020633844
95 c 12 0.019176998355775687
95 g 84 0.1482629513192638
95 h 98 0.1111039843327758
95 k 50 0.03383667822544556
95 n 0 0.23058984514379977
95 q 49 0.1893777679760572
95 u 61 0.10551021132035532
95 y 114 0.041669812938813444
96 a 119 0.056819386527688476
96 b 10 0.030281643192163088
96 c 139 0.024257414065790628
96 d 121 0.009615084273504437
96 e 110 0.03094720532587325
96 f 69 0.03257794586231855
96 g 105 0.006503121432991366
96 h 53 0.03919725730587631
96 i 88 0.08247486573831886
96 k 98 0.012645258572416496
96 l 117 0.023976271712704555
96 m 138 0.03148047128887166
96 n 56 0.05170259257377152
96 o 95 0.003002370061046866
96 p 74 0.02099138759764796
96 q 99 0.1366902072589843
96 r 117 0.13200977738456499
96 s 41 0.012999847363043937
96 t 135 0.049777716246279136
96 u 122 0.033608053494884826
96 v 5 0.048488724075704925
96 w 49 0.0001068262232839512
96 x 116 0.04948417579039699
96 y 82 0.010692898610249024
96 z 135 0.0019696780539840697
97 a 67 0.150740899744366
97 b 58 0.004106525325030308
97 c 10 0.01297282908090347
97 e 54 0.0012075115056203733
97 f 114 0.044316536203925505
97 g 85 0.03081712039894613
97 h 80 0.001776663892264052
97 i 61 0.051043811768973435
97 j 103 0.04134710649819662
97 k 1 0.025112540984440934
97 l 84 0.11576419282286121
97 m 67 0.00827426608582904
97 n 35 0.006586044904340005
97 o 127 0.03885656245296798
97 p 90 0.0585794974143754
97 q 99 0.004463071639545513
97 r 21 0.046527687196530776
97 s 0 0.08454997590862035
97 t 27 0.021267456771870696
97 u 48 0.002303667077479754
97 w 131 0.03152566129953582
97 y 3 0.08231845479745814
97 z 118 0.005945324577155242
99 a 50 0.023867605386384327
99 b 106 0.07443200367661684
99 c 29 0.0027274252946142274
99 d 53 0.003382611778393607
99 e 39 0.06908539506651723
99 f 126 0.06682777123075567
99 g 77 0.03395558644731522
99 h 102 0.10959700987064236
99 j 62 0.004769533517299807
99 k 50 0.013764913115964506
99 l 23 0.012943537985871112
99 m 11 0.0323873958033325
99 o 48 0.015568484447264774
99 p 16 0.10611486042755214
99 q 51 0.052037773142135535
99 r 82 0.016763433235706726
99 s 129 0.05528582951621375
99 t 83 0.04526320804741668
99 u 53 0.009852905187946015
99 v 35 0.09727009171272527
99 x 141 0.014950330812263934
99 y 131 0.042451118457989545
99 z 61 0.06084565487162896
100 a 84 0.0689005737224686
100 d 128 0.003990158448568648
100 f 61 0.013375737895632844
100 g 23 0.013749423090753443
100 h 60 0.08051524497028184
100 k 68 0.18510839025942738
100 l 31 0.13241041397175402
100 m 9 0.016905400102161572
100 n 63 0.00917492591359037
100 o 21 0.027654549003274687
100 q 134 0.01516467755170292
100 r 36 0.0953981685240316
100 s 114 0.01051116089147297
100 t 2 0.03683825726884293
100 u 9 0.020336672059723337
100 w 96 0.019104032530484205
100 x 93 0.11558247789354092
100 z 15 0.03551755954790248
101 a 124 0.08362072962095113
101 b 59 0.0492574776219038
101 d 97 0.015959310088166756
101 f 19 0.09402555323990791
101 m 39 0.09467598054331317
101 n 68 0.11118296739369171
101 p 5 0.04708118929459704
101 q 110 0.01203152657122053
101 t 40 0.09808847611758298
101 u 11 0.0240312034980098
101 v 71 0.007242645576829632
101 x 132 0.11524952181549697
101 y 140 0.07365292482059849
101 z 76 0.12744826154676991
102 b 13 0.13963851210554
102 c 32 0.1906468442720869
102 g 49 0.11902973694652552
102 h 96 0.040908199169299886
102 k 74 0.22594706604713033
102 l 0 0.0032226886643809127
102 n 33 0.014422245574288173
102 o 117 0.020348374997274488
102 p 112 0.01548812923732612
102 t 142 0.013898672973884474
102 w 99 0.004847019025748134
102 y 83 0.11281705357478322
102 z 60 0.08333357147040388
103 b 66 0.09136626017871874
103 c 115 0.04490001970496049
103 e 66 0.16841963894226974
103 g 102 0.00625323603709127
103 i 38 0.12203388022489814
103 j 81 0.027658388784633448
103 k 65 0.039252326274904936
103 l 84 0.039563878716761924
103 m 91 0.029403733159090728
103 n 88 0.05164936416363475
103 o 49 0.0596059738664505
103 p 119 0.03148522480791205
103 q 81 0.012004544739785405
103 r 128 0.04070357470984587
103 t 119 0.022407849993830165
103 u 21 0.044437351953008686
103 v 103 0.008657275273146303
103 w 19 0.003402500323318347
103 x 104 0.09499005282166406
104 a 55 0.0725007234530598
104 b 98 0.02370318342114308
104 c 43 0.049826897334816045
104 d 57 0.07135185255920984
104 f 17 0.049955635973638945
104 g 104 0.13422154741033
104 i 102 0.15708639162198412
104 k 120 0.04914985323158361
104 l 130 0.009667433001695813
104 n 136 0.005311026092387872
104 q 80 0.049285285066917206
104 t 132 0.12941476275836505
104 u 55 0.011802749982596561
104 v 131 0.12240314995113954
104 w 82 0.05449992719443009
104 z 97 0.008002865465625009
105 b 87 0.20615454771851294
105 c 49 0.10123886081392097
105 e 72 0.09372030738666703
105 h 117 0.06666716482771262
105 l 10 0.2266034117468846
105 m 95 0.01806299904544162
105 n 114 0.01187791505090896
105 o 33 0.11912758679627544
105 p 93 0.020348308259155568
105 t 124 0.04919073283241915
105 v 131 0.07147264831200195
106 b 18 0.006469057837861558
106 c 11 0.05817012057708226
106 d 5 0.1626317438810715
106 f 54 0.07213546443569929
106 g 24 0.053543942433975866
106 h 97 0.0326342526536314
106 j 37 0.02045287013056918
106 m 53 0.037111382210522015
106 n 51 0.0042988990212953215
106 o 42 0.03811556005161598
106 p 21 0.026656127829480458
106 u 88 0.27649049086151534
106 v 95 0.044122270978284805
106 w 40 0.031065724285653462
106 x 72 0.025324645746111818
106 z 131 0.0798221839564065
107 l 18 0.8201101027505121
108 d 120 0.11358915561109972
108 e 8 0.05088077643778521
108 f 95 0.03791133033825056
108 h 97 0.1179268341125067
108 i 26 0.0036991468263920524
108 s 104 0.02184089094576891
108 t 78 0.17000022260331926
108 v 16 0.08265316722137639
108 x 75 0.3377157512482144
109 a 77 0.008280047004091018
109 b 103 0.16155215441731718
109 d 14 0.05145131455479657
109 e 40 0.02804863582028716
109 g 71 0.0250050222553595
109 h 90 0.00126516584552816
109 i 119 0.0020065913500983967
109 j 36 0.033674620086034834
109 k 116 0.07161218523325641
109 m 4 0.19748612019043765
109 n 57 0.010122489373910804
109 o 91 0.01552967299319541
109 p 11 0.015773145275526645
109 q 80 0.05039797721191941
109 r 109 0.07900271959725202
109 t 45 0.09802481421861176
109 u 109 0.008020878712948987
109 v 50 0.03301633787989411
109 w 64 0.021520652954502673
109 x 114 0.05038339939712244
111 c 117 0.08612371669658003
111 f 79 0.4337943793316924
111 g 12 0.01727375900645367
111 l 123 0.05166554473443641
111 r 139 0.020871738865931744
111 s 20 0.04561490425339387
111 x 91 0.10075332858168284
112 a 77 0.33329529294635707
112 j 30 0.26425924768571973
112 p 71 0.07910864636229065
112 s 90 0.1766702203215308
112 v 96 0.11332236248036609
113 a 81 0.04305949000070497
113 b 91 0.04003941372222897
113 c 53 0.02139790392147012
113 d 140 0.019622005146947785
113 e 29 0.05011199829130564
113 f 121 0.11780477026212888
113 h 29 0.04615291802345034
113 i 33 0.029623450805198015
113 j 112 0.08776420620556258
113 k 115 0.17126928226046034
113 m 128 0.00011163390477586521
113 n 84 0.10076784917427106
113 o 3 0.01476938389135507
113 q 36 0.09667784088071563
113 t 116 0.0023956395750326376
113 u 108 0.0064580703217900215
113 v 142 0.056914610764359
113 w 48 0.016782404863716294
113 x 133 0.013275028497508612
113 y 135 0.026834855541605362
113 z 115 0.02044822297545923
114 a 102 0.007991442911897795
114 d 87 0.011697900741828415
114 e 12 0.03702428429889071
114 f 130 0.16169266434627594
114 g 0 0.01652191179852036
114 h 72 0.048154624970808024
114 i 107 0.014635204707180605
114 k 84 0.13740483239416768
114 l 36 0.038688266433088425
114 m 2 0.012133255798299825
114 n 1 0.0071941065255858305
114 o 100 0.049665351269208124
114 p 24 0.014353958408765966
114 r 48 0.05244995745455849
114 s 101 0.04768664076855411
114 u 33 0.059784151681485875
114 w 92 0.07788206961424182
114 z 31 0.05026927801311143
115 c 35 0.044586395699231174
115 d 74 0.002479696126911013
115 e 140 0.012784505938363666
115 g 29 0.045659044407580285
115 h 59 0.035827980282180816
115 j 80 0.09947972589782483
115 l 70 0.01296647950134544
115 n 36 0.11832977249341425
115 p 97 0.0474562474158422
115 q 111 0.0015103479941227516
115 t 48 0.015261311336940087
115 u 97 0.01856102480069588
115 x 37 0.09737125522560586
115 y 16 0.09251264961677086
115 z 60 0.3257260894795363
116 b 110 0.0650522934383232
116 c 57 0.02224316004733118
116 e 9 0.04403986465212506
116 f 17 0.07223129915949977
116 g 136 0.06597293050380515
116 h 101 0.031764158495545924
116 i 47 0.039465492217432674
116 k 116 0.16636490569756257
116 l 87 0.07126361647752777
116 m 78 0.010011466328322727
116 n 123 0.007098410474440708
116 o 42 0.006936186116143883
116 p 135 0.02805456560289199
116 q 111 0.0020617402969765886
116 r 127 0.016447619121797263
116 s 25 0.06553890214341529
116 t 44 0.11183644886267352
116 v 107 0.057749195750174676
116 x 14 0.007587727620210649
116 y 53 0.046307959675447874
116 z 79 0.026655066370929403
117 g 14 0.13978802050767203
117 i 61 0.066033797279066
117 l 17 0.22081940420568424
117 m 12 0.07139276970922093
117 o 107 0.11258769226203702
117 r 94 0.1888042465439499
117 v 66 0.03691881641340278
117 z 134 0.13809908549715566
118 a 40 0.002855083694624172
118 b 121 0.003233406267616701
118 c 105 0.06352147523719742
118 d 53 0.06423160543844786
118 e 29 0.010471659052039839
118 f 96 0.0214920920344005
118 g 122 0.017242734752378253
118 h 8 0.00338615190531788
118 i 138 0.017549170346253584
118 j 11 0.09285834938236148
118 k 5 0.00126113629615221
118 l 105 0.059739713923107174
118 m 31 0.0189011681690594
118 n 48 0.028987415567791275
118 o 98 0.009098413739621392
118 p 40 0.03947463853559596
118 q 39 0.0446797099103422
118 r 133 0.019243133952454028
118 s 4 0.03720972316712945
118 t 18 0.02978721655695371
118 u 48 0.06452175912520275
118 v 139 0.02557622942658444
118 w 89 0.011808510193876964
118 x 82 0.09132509775277764
118 y 35 0.19987027868655804
118 z 29 0.010977779192109516
119 a 109 0.014091478217389208
119 c 53 0.026856469898721147
119 d 81 0.13407015408099854
119 e 126 0.05913583820986468
119 f 40 0.037535668187123505
119 g 33 0.03102319196830816
119 h 70 0.09059098372743768
119 i 116 0.09901733845712535
119 j 58 0.060571337176313356
119 m 34 0.03858986004058651
119 n 107 0.06588744562480309
119 o 44 0.10990778941285029
119 r 53 0.026552398709304592
119 s 21 0.015567384170914855
119 t 126 0.12157179723156297
119 w 83 0.0015002025034261957
119 x 89 0.027663659288343467
119 z 26 0.009349897625814285
120 k 106 0.2111511248206236
120 m 30 0.018738896494212898
120 t 59 0.013966103979277666
120 y 15 0.1108429179404542
120 z 90 0.4876100463820431
121 a 96 0.07517374974153734
121 b 49 0.014508564707354843
121 c 116 0.05826840428271296
121 d 37 0.04496170433535862
121 e 23 0.0068681273025564815
121 f 68 0.0021743696372279464
121 g 128 0.00398365144688595
121 h 130 0.009073457964161036
121 i 36 0.035393306838369165
121 j 110 0.024376540935001967
121 k 35 0.08572554695521584
121 l 95 0.0556962530538635
121 m 5 0.061735352433274104
121 n 129 0.03699194902881775
121 o 105 0.011760206202710788
121 p 98 0.04526248018345269
121 q 84 0.011408813233158344
121 r 43 0.057094552993890546
121 s 10 0.004136758759683001
121 t 135 0.05183217474685453
121 u 75 0.020087884611850737
121 v 124 0.08179782634072641
121 w 1 0.048103420511350636
121 x 56 0.013448734532831907
121 y 23 0.0032953819247583116
121 z 119 0.12800191601228827
122 a 38 0.017831091234876473
122 b 127 0.020066552587645115
122 c 72 0.025051533299799034
122 g 4 0.005343447134935508
122 h 76 0.059819745607953334
122 i 59 0.023730860764702433
122 k 116 0.014946561846727713
122 n 141 0.026914388737635186
122 o 98 0.1362745646307132
122 p 74 0.01669070180914778
122 q 57 0.11392011516560385
122 r 41 0.15529291244814147
122 s 68 0.11059652667058184
122 t 140 0.08724699264309033
122 u 105 0.0638987501399032
122 v 92 0.03143372157146751
122 w 8 0.007165503877864521
122 x 121 0.00466008897024317
122 y 72 0.04676078148100582
122 z 53 0.016903804625966967
124 b 125 0.058586508244776625
124 c 83 0.034458565466952584
124 e 86 0.0015373406292877867
124 g 63 0.14003460404395907
124 h 134 0.053206819086357604
124 j 135 0.11534669674747788
124 k 47 0.0162063888406222
124 o 81 0.013975165984621896
124 p 48 0.05323913914866363
124 r 77 0.10394859982816185
124 t 130 0.03388918472839941
124 u 74 0.09338051258950608
124 v 124 0.01816728468968043
124 x 96 0.09461669359124991
124 y 110 0.03222451963617634
124 z 96 0.12333062299692465
125 a 19 0.03180363393429231
125 b 4 0.008606524526932113
125 c 92 0.00044052113725179254
125 d 55 0.02318778020302925
125 e 5 0.019486764856243566
125 f 46 0.014110094835399378
125 g 140 0.013267901535013338
125 h 35 0.028938868592346734
125 i 70 0.0023599010502762807
125 j 115 0.00947272074251615
125 k 81 0.1225689903495698
125 l 84 0.008817444776444416
125 m 48 0.008939230100197704
125 n 124 0.0066304811671898944
125 o 61 0.0011278493447330895
125 p 1 0.0791156513495167
125 q 132 0.044422445091645946
125 r 40 0.010386620525643653
125 s 100 0.01350781539486956
125 t 123 0.0010284006793613854
125 u 11 0.07900630346500903
125 v 104 0.055953440461543935
125 w 41 0.008888610312228984
125 x 98 0.13936892640538756
125 y 127 0.05020137069384867
125 z 26 0.09290562553336912
126 a 70 0.11310684234822488
126 b 77 0.01924874727986714
126 c 84 0.07647749928196546
126 d 68 0.02173077794430267
126 e 102 0.0007798351908927525
126 f 1 0.0020641923710699173
126 g 115 0.006015913004932871
126 h 95 0.007167144445895057
126 i 42 0.00937993502141321
126 j 31 0.018169773376375375
126 k 72 0.04031154600320308
126 l 44 0.08229359808814096
126 m 62 0.030776349977143957
126 n 79 0.014004082816616026
126 o 8 0.010767380701419249
126 p 85 0.01580155671383565
126 q 62 0.0001043763242701834
126 r 96 0.0560305203996011
126 s 78 0.015081428930197704
126 t 108 0.015943536643771905
126 u 106 0.10504380782346967
126 v 34 0.16018325334605044
126 w 83 0.016229660353048625
126 x 132 0.08466780879048819
126 y 57 0.04388438847950815
126 z 17 1.2012005568773354e-05
127 e 12 0.01356352922091375
127 h 121 0.22170065278655593
127 s 15 0.4079704436641033
127 w 91 0.03313115468940275
127 z 141 0.11192801216154269
128 a 102 0.029818694201501406
128 b 85 0.020553107852315122
128 d 75 6.590837874875799e-05
128 e 25 0.019816936081726966
128 f 2 0.02233360264321005
128 g 31 0.04081116944791097
128 h 111 0.03356132052902372
128 i 106 0.0023850368749329665
128 j 8 0.14156436591375854
128 k 24 0.0190371787317829
128 l 53 0.05991931433778619
128 m 139 0.13609019550380885
128 n 86 0.008783896890481868
128 o 46 0.06773596118961334
128 q 6 0.01710670347283516
128 r 126 0.06797843525989256
128 s 141 0.023161972184370327
128 t 18 0.0066066385808416506
128 u 15 0.032939136211435516
128 v 29 0.017060530728403966
128 w 11 0.002440148836458045
128 x 113 0.0013209469282939867
128 y 48 0.017254453431442496
128 z 102 0.09520828791968805
129 d 71 0.06356688176274572
130 a 120 0.01914249867224438
130 b 79 0.0014958094103932895
130 c 85 0.07378384527840698
130 d 60 0.09084528646305157
130 e 114 0.1122725470352689
130 f 3 0.006609611414225003
130 g 131 0.039696669272276996
130 h 7 0.0427535078455179
130 i 5 0.08337737658309952
130 j 78 0.009721344850679992
130 k 83 0.014747047460075935
130 l 25 0.0038042096068299225
130 m 27 0.11402311611741922
130 n 1 0.04290120896668348
130 o 54 0.015361145430956236
130 p 23 0.004131633216674868
130 q 71 0.0877625355495334
130 r 76 0.05536401278731129
130 s 121 0.0073380257013232475
130 t 74 0.017185518590187687
130 u 63 0.026434056132661587
130 v 66 0.01493962261197368
130 w 119 0.01869989208766154
130 x 16 0.00029975064082621294
130 y 100 0.07466438335348347
130 z 14 0.020051030357308264
131 b 63 0.048660828650118226
131 c 26 0.04169057747225002
131 d 89 0.00911185588287311
131 e 49 0.013240931891638108
131 h 10 0.0404514841106246
131 i 122 0.06055609934438855
131 j 26 0.012524710722986887
131 k 2 0.010633654620094468
131 l 23 0.09956595139757574
131 m 30 0.024898973244378175
131 o 100 0.034825595400053144
131 p 4 0.058331022027483304
131 q 64 0.01615343840536987
131 s 104 0.10219528671447387
131 t 56 0.055445288793969816
131 u 14 0.08279777687291379
131 w 102 0.07358419803479122
131 x 120 0.04791670579438856
131 y 122 0.0812549809783637
132 a 43 0.03128200130069503
132 b 1 0.013248037699434279
132 c 128 0.052705897559356174
132 d 20 0.03628647707311339
132 e 53 0.02347943752037074
132 g 10 0.04860043186763052
132 h 124 0.04049643827825011
132 i 50 0.053810883933580245
132 j 91 0.03432865423031073
132 k 104 0.018045331205605142
132 l 85 0.01951998743984218
132 m 91 0.015800257362930892
132 n 39 0.010752632113305016
132 o 56 0.05772807052692652
132 p 74 0.10560405341520174
132 q 14 0.02804337418413494
132 r 93 0.1161634389255276
132 s 131 0.02195451740180754
132 t 75 0.033561225425286056
132 u 53 0.019080348984556017
132 v 45 0.005650223893058359
132 w 61 0.026292677111061535
132 x 43 0.02036959463321253
132 y 95 0.11013004597032983
132 z 141 0.030228036802093405
133 a 139 0.005522789520363558
133 c 49 0.0062956250597193675
133 d 27 0.062066311764802595
133 e 126 0.0015312464883681098
133 f 128 0.0910506843394826
133 j 25 0.056605819025869475
133 k 135 0.17197495679092978
133 l 55 0.010568129447933283
133 n 91 0.0380830297173389
133 p 76 0.012738960511039066
133 r 84 0.004854564039331821
133 s 84 0.23680200697243048
133 t 37 0.04998390159198074
133 x 44 0.20301364407125666
134 d 37 0.024251481382773887
134 e 64 0.016186241043649408
134 f 59 0.2520765850250437
134 g 132 0.0946278628695183
134 j 136 0.002138900391458587
134 l 79 0.06121459906708526
134 o 108 0.1857311956365162
134 t 109 0.1517157290107305
134 u 129 0.07398773213238186
135 b 77 0.12339152259671038
135 e 12 0.006009169415587268
135 f 84 0.08595020377704765
135 g 9 0.061508967941280246
135 h 27 0.0789559324321325
135 i 41 0.015848077745182487
135 j 81 0.036601403779094155
135 l 28 0.019289414548087525
135 m 71 0.06978969594837792
135 n 62 0.04412089710307743
135 o 128 0.007611957966336402
135 p 42 0.013681378194467353
135 q 22 0.03174086185669878
135 r 103 0.05675546662819797
135 s 58 0.04414391458643652
135 t 17 0.039377204974632374
135 u 100 0.05689122716328909
135 v 60 0.03279391416161537
135 w 102 0.003621853246354223
135 x 4 0.016556501543780966
135 y 103 0.017577516683344174
135 z 106 0.04339871889471125
136 j 89 0.2706980951825312
136 k 103 0.016283872524783027
136 l 133 0.13288541042902013
136 o 48 0.02322606990887477
136 p 42 0.06601544362548983
136 s 119 0.03344872928267817
136 z 71 0.28623106471017656
139 a 1 0.02446316246662683
139 b 51 0.00214460625665136
139 c 129 0.08220041465499917
139 d 34 0.14412555542814565
139 e 71 0.006501717672089513
139 f 139 0.023812244355780998
139 g 137 0.07981456892076577
139 h 107 0.03506737931436299
139 j 52 0.004821944757003815
139 k 17 0.022342039847326745
139 l 81 0.05273453852514165
139 m 58 0.06350950480049555
139 n 8 0.0044158139242787
139 o 31 0.026584969874186126
139 p 84 0.02002261217322454
139 q 23 0.04482718380184125
139 r 81 0.007614371263297892
139 s 55 0.02191972977346157
139 u 27 0.06339015396454284
139 v 0 0.07050004554548905
139 w 86 0.005227157171710184
139 x 115 0.0653329540953006
139 y 58 0.06347616002998646
139 z 101 0.028775362929405635
140 a 48 0.019420977684188045
140 b 104 0.099180050727256
140 d 49 0.055795322408945025
140 h 23 0.04320588792100111
140 i 141 0.05214653710667838
140 j 67 0.021149714384150253
140 k 81 0.017544317279592603
140 n 120 0.01540929893308396
140 q 138 0.08356652945920984
140 r 30 0.09777529323598044
140 t 55 0.07907787506157193
140 u 53 0.08259019035151927
140 v 30 0.009600989818733141
140 w 10 0.08841470920871697
140 x 92 0.14242183855002066
140 y 73 0.04994762361297267
140 z 102 0.029479815220851302
141 c 90 0.4816005155856371
141 l 95 0.04829308937553645
141 m 58 0.08906197643180436
141 w 78 0.004738774291652814
141 z 92 0.14044411513332344
142 a 94 0.017995335444720206
142 f 24 0.13289709757963464
142 h 26 0.10117140044599193
142 r 57 0.44421652687736024
142 x 124 0.15649203351106777
