127 26 1651
0 0.04082482315104319
0 0.016168339310000945
0 1.0
0 0.13497218650455955
0 0.2024444642676556
0 0.07015752914017159
0 0.28164475381955456
0 0.7497141308884474
0 0.06259997025269148
0 0.03980825158178658
0 0.10983695821641204
1 0.027858238035310512
0 0.08332218423083682
0 0.00961172549826761
0 0.002694184427954438
0 0.00898971297688822
0 0.03556681818107765
0 0.10604831132540682
0 0.12227295831695761
0 0.08400969923872403
0 0.004422411584038222
0 1.0
0 0.2832877565638292
0 0.07940519011797542
0 0.2864537184342826
0 0.08392742986229285
0 0.043001452090550396
0 0.029077391705320754
0 0.05994561120947128
0 0.012951869667372384
0 0.010721399683744082
0 0.2216830113822822
0 0.018086455007190416
0 0.03698352515990244
0 0.03948776521078967
0 0.053723308315156815
0 0.3981296638860944
0 0.06111628433132721
0 0.10944286783256174
0 0.014148510762566846
0 0.1703100416022041
0 0.0415641073931714
0 0.023449524400923294
0 0.14621194027040285
0 1.0
0 0.09673500253605471
0 0.06079572276383294
0 0.12345894365513577
0 0.0019944783429531876
0 0.024781425985081706
0 0.00336738726976471
0 0.06877624912752944
0 0.04044649809950385
0 0.05837401038456069
0 0.16563985796522895
0 0.14134279285512463
0 0.19933378042756522
0 0.04274030792242345
0 0.025736753297950776
0 0.04214382504695735
0 0.10895964888998932
0 0.0219490499011763
0 0.05772418716434757
0 0.06769091344754119
0 0.09908200095813824
0 0.013335160183735373
0 0.10098053905974591
0 0.07271811478995072
0 0.021458603289196576
0 0.0329830286753201
0 0.06048127621322552
0 0.005349429726627997
0 0.05390660671211367
0 0.05580091113715935
0 0.20686465793330444
0 0.39171531615750954
0 0.00035119868396182863
0 0.2603347379446397
0 0.17700660650847888
0 0.06060291714605137
0 0.22322785765987085
0 1.0
0 0.16891505689641784
0 0.05538331857300427
0 1.0
0 0.023340499108326695
0 0.01572887675002599
0 0.16925132231132378
0 0.20246989086920075
0 0.18960483142218187
0 0.037725175706209924
0 0.231611532045371
0 0.16274601982242387
0 0.0003301282099084091
0 0.10106957719824738
0 0.010849549811873693
0 0.1711836526029885
0 0.06516765822808723
0 0.14643275445563164
0 0.09970671935590791
0 0.052613049658176037
0 0.7219987259312779
0 1.0
0 0.022848968246830914
0 0.3330561561207366
0 0.054998969390561814
0 0.00313755685198569
0 0.062338772326059666
0 0.08009639620882913
0 0.08199332590079733
0 0.024962904782889206
0 0.05386406069265015
0 0.04968980626627195
0 0.014941562577826195
0 0.015835573727485563
0 0.05926744350731217
0 0.094103459174263
0 0.1915392695363033
0 0.08749560282267299
0 0.06943047663802049
0 0.1894272417098748
0 0.07121501395352925
0 0.043700943619648935
0 0.16908681654583146
0 0.34638947447127233
0 0.01673231574005818
0 0.030641482383715668
0 a 37 0.24717628371235367
0 c 117 0.000918880251115084
0 i 49 0.04395536614053297
0 k 57 0.198170042898265
0 m 64 0.4689546038466901
1 b 89 0.027168035832191073
1 c 120 0.07699592304114256
1 d 93 0.06827799428484249
1 f 118 0.04858086758088409
1 g 78 0.09976891697719992
1 h 45 0.04912160537823118
1 i 3 0.006442922592677314
1 j 76 0.11991722493857049
1 k 67 0.025886955874049877
1 l 99 0.06985300068203015
1 m 15 0.042168421310706417
1 o 123 0.0005060787624439067
1 p 38 0.1130480259747424
1 q 63 0.01572521523356174
1 s 10 0.04571699619288272
1 t 54 0.05510692112071014
1 w 84 0.09223112084409724
1 x 33 0.02731543406903536
3 a 119 0.06303430725755488
3 b 57 0.046784829578768505
3 c 111 0.05595550442390618
3 d 91 0.04814890364183455
3 e 27 0.015026066216574319
3 f 76 0.004006333106225668
3 g 10 0.0291599566409404
3 h 80 0.008312263815817178
3 i 106 0.018166809302538556
3 j 78 0.05253949520311141
3 k 6 0.056121987458100375
3 l 27 0.015279906931788045
3 m 72 0.015794183190736888
3 n 96 0.07336767293084823
3 o 14 0.017736471667017528
3 p 36 0.007013535927529069
3 q 12 0.08143237421609995
3 r 21 0.02391064720801317
3 s 107 0.0684581343654832
3 t 115 0.005682055433130162
3 u 103 0.007976933599686986
3 v 3 0.012050406992263452
3 w 14 0.012987873243393122
3 x 68 0.023570796261514815
3 y 80 0.08799139568668302
3 z 117 0.014518969195880804
4 a 24 0.0472966410524005
4 g 80 0.23753864514630607
4 h 21 0.0014399862639435934
4 k 101 0.12711914982370487
4 m 71 0.028230911175119
4 q 8 0.044171337782397346
4 r 86 0.31117197296974364
4 z 47 0.0005868915187293711
5 c 121 0.1682180665607097
5 i 113 0.10266632988802793
5 j 75 0.003108483104069859
5 l 41 0.016844280898267394
5 n 39 0.32901509712123245
5 o 87 0.0012798567317607867
5 s 20 0.048549864450030844
5 w 18 0.26016049210572945
6 b 29 0.056030720388384525
6 c 81 0.09651519205692327
6 p 43 0.029719168275185726
6 q 93 0.24204607981970094
6 r 65 0.2554455693087929
6 z 75 0.038598516331458055
7 b 13 0.2502858691115526
8 a 97 0.02422682564696499
8 b 74 0.04078990100322877
8 c 101 0.06181163949508561
8 g 41 0.08322467012666812
8 h 33 0.058281317068610394
8 j 7 0.026682907358218544
8 n 38 0.1747360596031935
8 o 33 0.2294064679061697
8 p 76 0.005444837717938911
8 s 118 0.04843822114667329
8 t 63 0.08646987146962004
8 v 46 0.08094890772185381
8 w 123 0.001087757701275338
8 z 10 0.015850645781807504
9 b 96 0.021363162994795792
9 e 73 0.022250607367849895
9 h 74 0.44400525747380704
9 m 109 0.11695708725202736
9 s 23 0.15527678361793795
9 x 2 0.20033884971179539
10 a 52 0.004609396584422831
10 b 44 0.0036197299519744597
10 c 56 0.11763565700014345
10 d 70 0.05501387525613721
10 e 9 0.05374116015928465
10 f 80 0.0025192831314447828
10 g 99 0.11252045949187417
10 h 30 0.012575917490006527
10 i 53 0.026101966595214687
10 k 59 0.16290201885215938
10 l 73 0.013031671135496303
10 n 46 0.011702446802729916
10 o 64 0.026324187504638052
10 p 65 0.04635655081043544
10 q 37 0.011538867729182778
10 r 109 0.01258931450649825
10 s 15 0.08200070772466517
10 t 27 0.055990849150810096
10 u 92 0.01038834986835091
10 v 62 0.01423223064851642
10 w 77 0.03270977759647853
10 x 83 0.014166918315042798
10 y 46 0.007891705478081157
11 a 4 0.04151718982884245
11 c 109 0.09760062697841942
11 e 44 0.016604354756652895
11 g 34 0.012453743807656625
11 h 71 0.07628405209083489
11 j 42 0.04384498711130935
11 l 36 0.07072283284583925
11 n 8 0.03705126787512669
11 o 5 0.11167677292549039
11 p 65 0.007153538793883696
11 s 63 0.1496066692387874
11 t 30 0.1766708359079635
11 u 11 0.10294445559095189
11 v 122 0.008789085816607534
11 x 118 0.007001754523208614
11 z 3 0.012219593873114887
12 b 7 0.22308914759687526
12 e 109 0.07114333227834391
12 h 7 0.1608407014294172
12 m 97 0.08052451004371364
12 n 34 0.15989320360440606
12 o 39 0.17727545408528733
12 u 50 0.01759985917157314
12 z 17 0.026311607559546646
13 a 97 0.07282396530218038
13 e 7 0.08475151974626272
13 g 122 0.06756774692572332
13 i 112 0.0467152221237056
13 l 57 0.049689048218683474
13 m 54 0.14761954262700838
13 p 26 0.06292026772606896
13 q 57 0.1146067749544949
13 s 73 0.17357223575560532
13 v 22 0.018154577832509067
13 x 74 0.12667571659069
13 z 60 0.02529165669880029
14 a 75 0.17515487699118393
14 b 22 0.04116815264913787
14 d 116 0.033591696620213995
14 e 27 0.1112852338649778
14 f 50 0.06019773091700342
14 g 73 0.044519795641053794
14 j 87 0.02506155928138376
14 k 37 0.032611342097441764
14 l 64 0.10706941289312033
14 m 29 0.0015743197429737288
14 n 18 0.028848243375991678
14 o 122 0.09481075869326872
14 p 48 0.012130236291332919
14 q 111 0.011758524599536968
14 r 17 0.027802777768984432
14 s 58 0.052250017147946526
14 t 84 0.03285623000091897
14 u 1 0.00737423364169254
14 v 82 0.03133450100984936
14 x 90 0.04516719594825447
14 z 62 0.020738976395778597
15 b 20 0.03808379193518552
15 d 112 0.015242596177391543
15 f 7 0.008684757695644918
15 h 123 0.11943586526234651
15 j 93 0.07499075230226337
15 k 52 0.09805340708553578
15 m 63 0.06386111570695541
15 n 117 0.11819932846750458
15 p 76 0.0023906033371859925
15 s 63 0.11085323025869587
15 t 102 0.08550963578541515
15 w 23 0.03508343818492676
15 x 18 0.10100613134106085
15 y 25 0.06036349967485355
15 z 42 0.05925213380814598
16 b 116 0.16015815065090666
16 d 24 0.0071858261400358225
16 e 59 0.2894177278672264
16 f 15 0.01195097208710083
16 g 77 0.048562457053128893
16 h 115 0.024135327680452456
16 i 47 0.001990018838463614
16 k 123 0.01869701528413903
16 l 91 0.04814017824181949
16 n 25 0.09305994253635608
16 p 37 0.002736620018276237
16 q 27 0.005625064500697108
16 s 66 0.04146127377854236
16 t 70 0.02629129264784924
16 u 5 0.13476505972946895
16 w 66 0.0057431817661279805
16 x 107 0.021560307147238555
16 y 29 0.022587774850026943
16 z 21 0.0003649910010656843
17 b 21 0.4116348815185519
17 c 74 0.1518196598954834
17 d 33 0.002383882603873011
17 g 105 0.07570652271892697
17 k 96 0.14609260399362156
17 r 79 0.014535615271781932
17 w 95 0.09177852267235442
18 b 87 0.04160483203926024
18 h 126 0.08311426964315083
18 i 76 0.10035687338699262
18 j 46 0.019246196543286964
18 m 84 0.2818593887859625
18 q 106 0.14461893564222827
18 r 3 0.041006233508594225
18 s 71 0.12423344001054537
18 u 118 0.005380353795421788
18 y 42 0.03630651832759957
19 h 73 0.01885272873018884
19 j 94 0.3221386552122206
19 n 8 0.15765620252789359
19 r 34 0.1694152335043153
19 t 35 0.0817626343076242
19 u 79 0.12048066401363444
19 v 93 0.022498275258228007
19 w 51 0.015509013201356892
19 y 46 0.007676894005814061
20 a 98 0.021530072628975883
20 b 101 0.03842610184560047
20 c 114 0.013150240315108475
20 d 42 0.13944714941129288
20 e 105 0.015767975913459353
20 f 31 0.01532539319157633
20 i 29 0.0031794236818442068
20 j 44 0.01326423218460726
20 k 43 0.06262044245523835
20 l 88 0.012815179381456487
20 m 12 0.1218825201108168
20 o 115 0.08534107625709042
20 p 39 0.013428922413435962
20 r 53 0.002387428243202039
20 s 81 0.08598653033882875
20 t 33 0.1376397216290023
20 w 60 0.09645165835302716
20 x 8 0.06236668648319765
20 y 81 0.024018524876721625
20 z 101 0.0305483087014794
22 d 60 0.00990724342414262
22 i 29 0.051836047057542634
22 k 37 0.01685806807450929
22 l 105 0.06346098384046917
22 m 71 0.05492836268881496
22 n 33 0.04557309924326036
22 o 61 0.03728094528226655
22 p 29 0.037651607127591524
22 q 40 0.047332717517517664
22 s 111 0.023016136666763276
22 t 31 0.028429772777249673
22 u 78 0.15139264167412791
22 v 13 0.03321400331508595
22 w 126 0.04551094071294537
22 x 64 0.05951567604970687
22 z 48 0.010803997984176972
23 a 33 0.02493691809171128
23 d 36 0.048535097365338786
23 e 125 0.06261596771089095
23 f 8 0.0052238856133890454
23 g 58 0.0021104407794998448
23 h 103 0.07598018658374284
23 j 4 0.005032488732683138
23 n 87 0.09524361735407116
23 o 64 0.02471493894306387
23 p 45 0.0703647454904972
23 q 89 0.047536518547532935
23 r 65 0.0159183436236483
23 s 67 0.029484622412369266
23 t 108 0.042831345366408424
23 u 30 0.01984921381074589
23 v 26 0.12248634579214579
23 w 63 0.05357814402715955
23 x 69 0.011038599392604431
23 y 106 0.09770843181986433
23 z 20 0.06540495842465754
24 d 82 0.1927960484491804
24 p 94 0.06910525113011923
24 t 60 0.4516449819864178
25 a 89 0.04795930458310427
25 b 102 0.05402027369117379
25 c 108 0.002600149805053409
25 d 42 0.06592825788499135
25 g 43 0.04271207111467512
25 h 116 0.028983815258836088
25 i 99 0.1834257306730841
25 k 29 0.08401922747510215
25 l 25 0.008964463583153948
25 m 60 0.007231083264128468
25 n 47 0.03504050657904745
25 p 58 0.033493521938955495
25 q 73 0.01826011343079148
25 s 13 0.0954190631498032
25 u 0 0.017593798564578766
25 v 87 0.020017166797534847
25 w 60 0.023057050916850064
25 x 52 0.003817252835633944
25 y 29 0.1398867575242495
25 z 10 0.0036429610669597157
26 e 35 0.052758024472511766
26 l 10 0.039708757626977675
26 q 5 0.04869516178760935
26 t 107 0.3801139193865978
26 u 72 0.3991743574960249
26 w 5 0.03654832713972811
27 a 117 0.08006092351629956
27 c 6 0.003221290809500621
27 d 24 0.13813629727444077
27 g 102 0.05302427127808096
27 h 63 0.09209771921537058
27 j 71 0.14430804656815033
27 k 69 0.001430261019627621
27 m 1 0.004812475864816923
27 n 74 0.11495904264193713
27 r 65 0.022273384096185955
27 s 97 0.0851524183650626
27 w 53 0.040865097821660146
27 x 90 0.19058137982354606
28 a 108 0.00880235227665449
28 c 9 0.0010676812155594462
28 e 26 0.042366587814963386
28 f 12 0.0018925554237201325
28 g 91 0.018658026409425488
28 h 95 0.08193048731793928
28 i 43 0.08736364330571511
28 j 59 0.3543964539620833
28 k 126 0.00876232508298147
28 m 58 0.016172080237285225
28 n 116 0.006683185679517978
28 p 77 0.036954048674001205
28 q 62 0.03204631135118363
28 r 62 0.06571311760110599
28 t 83 0.019889431178070516
28 u 12 0.05684367271969326
28 w 34 0.0587312257939534
28 x 59 0.009049309388911686
28 y 28 0.016627801130894126
28 z 59 0.016104092226869593
29 a 59 0.04504353634481262
29 b 7 0.020445437075466977
29 f 43 0.0029727195645101734
29 h 67 0.0001511996106490221
29 i 104 0.03341987513833533
29 j 39 0.08112821754721
29 l 35 0.02093594053542236
29 o 44 0.06395221260041695
29 q 7 0.17013022976593917
29 s 33 0.0010305693366813307
29 t 36 0.14739849986632525
29 u 102 0.03838260587541209
29 v 69 0.0083295804956246
29 w 74 0.10925158185672657
29 x 84 0.10186895400830709
29 y 64 0.0010403071770572758
29 z 111 0.14156666353373082
30 b 31 0.04206088777933614
30 c 54 0.16637563934158328
30 f 89 0.0004311284943231408
30 g 104 0.3011388567315878
30 h 40 0.025838183748166932
30 i 57 0.0248732172097067
30 j 27 0.08303592378008251
30 k 117 0.0021134577151997735
30 p 82 0.00038103791329946457
30 s 64 0.11491295598875617
30 t 67 0.000534511512417013
30 u 1 0.006962531534779992
30 w 61 0.0342266661259546
30 x 60 0.11654099889099057
30 z 17 0.06985260355007183
31 c 104 0.048013640490678355
31 f 74 0.01447245386021434
31 h 45 0.02187218341349839
31 k 116 0.1445509231116191
31 l 64 0.014414938508179875
31 n 123 0.19052137050419782
31 o 66 0.05139449037277122
31 p 109 0.046494838316138765
31 x 2 0.07605701646522833
31 y 26 0.1705251335751916
32 b 92 0.05372465604023546
32 c 7 0.052212729754511966
32 f 126 0.13304623188320897
32 i 125 0.08795507139188252
32 j 28 0.07326967151616881
32 k 124 0.07239077754713763
32 o 41 0.005505204424831045
32 q 29 0.199847342428509
32 r 43 0.00945949363596188
32 s 5 0.018525124798842274
32 t 3 0.010243952344675233
32 u 28 0.1318240337926364
32 v 38 0.04838181477764136
32 x 119 0.06817446672143412
32 y 18 0.01735297393513291
33 a 74 0.08950629008677635
33 c 3 0.020047539109670165
33 e 87 0.045983659363356466
33 f 35 0.023389467252009855
33 g 96 0.012074375279255811
33 h 69 0.029262021955328454
33 j 107 0.06916349924778886
33 l 63 0.1971022025801582
33 o 46 0.010212217076762342
33 p 65 0.2692209671407758
33 t 11 0.06978336473622015
33 u 34 0.08881675297453973
33 x 102 0.038454118037455354
34 a 109 0.08761660176005781
34 b 25 0.07237036341537018
34 c 62 0.0035111290001159645
34 d 99 0.03629559530127491
34 e 80 0.008233440123475821
34 f 72 0.09578250523176746
34 g 44 0.015497947052578676
34 h 92 0.014051905560049316
34 j 104 0.046204799647081796
34 k 107 0.12320019998409892
34 l 105 0.0029818469256933655
34 m 103 0.0031312482982243095
34 n 83 0.06682453884285788
34 o 84 0.008476700119616432
34 p 90 0.012395429172826877
34 q 72 0.027005546995128693
34 r 102 0.03412152708351546
34 s 10 0.03755207386631443
34 t 3 0.053967021781375246
34 u 75 0.0031347357611088977
34 v 11 0.02483394717627907
34 w 79 0.021539053739345504
34 x 2 0.15864764913197016
34 y 122 0.003136428819083159
35 b 44 0.0009885568014924573
35 e 6 0.12071800233999685
35 f 119 0.05269391229938092
35 g 0 0.007618224589977185
35 h 20 0.06656446369182045
35 i 111 0.10507034267116866
35 j 16 0.05073809939303808
35 k 74 0.1179977310482786
35 m 55 0.022039060914711084
35 p 73 0.02411512250873038
35 q 45 0.14469307565057343
35 s 78 0.007950187583670054
35 t 40 0.025580856135512198
35 w 121 0.08746850385417193
35 x 10 0.023302501472866277
35 y 14 0.036645929626485496
35 z 38 0.052092121102969124
36 d 72 0.15467131091607067
36 k 95 0.14378015262552635
36 n 124 0.016198653526176554
36 v 18 0.11341016407329418
36 w 75 0.17381005497283786
37 f 58 0.3171061388223415
37 j 10 0.1045983922941901
37 k 96 0.1328779654289841
37 n 61 0.16812372591891722
37 u 39 0.10265670663325155
37 v 52 0.1135207865709883
38 a 58 0.19681664339893945
38 d 91 0.20908827176444178
38 k 66 0.10114827469076493
38 r 46 0.34550538652411944
38 u 114 0.03799855578917266
39 a 101 0.008734737707043805
39 b 62 0.12889231010531943
39 c 27 0.051574550375136696
39 d 39 0.15194343227276674
39 f 23 0.01227945384087159
39 g 9 0.03727634664213375
39 h 52 0.053911042940653076
39 i 57 0.005072954172818833
39 j 43 0.00831797068094342
39 k 83 0.014850697368764432
39 l 16 0.06476857727732088
39 m 25 0.03313387395490863
39 o 3 0.025630671536410077
39 p 64 0.040184841661851656
39 q 37 0.006242179646680501
39 r 19 0.033181631182175986
39 s 114 0.07703005150572928
39 t 84 0.007592744802510598
39 u 30 0.031246613595194095
39 w 27 0.01629234057789386
39 x 14 0.11995947166025489
39 y 73 0.05773499573005092
40 a 84 0.00403397646711412
40 b 97 0.025173258720292302
40 c 108 0.003597439364307564
40 d 48 0.1639641285909772
40 e 47 0.047686495239116056
40 f 97 0.014804118061289007
40 g 78 0.08180700964542731
40 h 68 0.014716032785445754
40 i 60 0.013676201059906523
40 k 67 0.05571546312682829
40 l 88 0.02926475852359589
40 m 20 0.01868661724567411
40 n 44 0.019762353716156866
40 o 94 0.011993617534630685
40 p 43 0.02030470340060786
40 q 92 0.06709589435639596
40 s 7 0.036770915800243276
40 v 6 0.030126630332949378
40 w 13 0.023218520674049947
40 x 53 0.09836706734214051
40 y 27 0.010131008165712885
40 z 114 0.03879374824493442
41 a 123 0.026100500989094333
41 b 60 0.024601584848454205
41 c 96 0.01551067441456555
41 d 44 0.062350353960114124
41 e 8 0.24913801979061923
41 f 54 0.036932701757832476
41 g 25 0.016291949370043857
41 h 71 0.02767171531736423
41 j 54 0.01795632714334816
41 l 124 0.012268240769357397
41 m 19 0.021665779798955787
41 n 53 0.08882853411444902
41 o 2 0.02568752985283207
41 q 5 0.0050966943697767775
41 r 38 0.05644363389298113
41 t 110 0.026276678613756377
41 v 104 0.002724014532958452
41 y 115 0.0001234943076299233
41 z 73 0.2427674647626955
42 a 80 0.05020537768826572
42 b 122 0.06342338744560816
42 c 87 0.005279313532875252
42 d 108 0.08780594410632958
42 f 96 0.054159826068650774
42 g 124 0.07705947629203713
42 h 116 0.00443858991870083
42 i 0 0.013172102746488834
42 j 23 0.03432109801029781
42 k 43 0.03629727088992529
42 l 85 0.10700648348622666
42 m 26 0.044395074921369404
42 n 29 0.01315361002363924
42 p 34 0.043666844739130406
42 r 66 0.006619368385280877
42 s 16 0.10493437758820834
42 t 46 0.030625151859533406
42 u 122 0.03942791950808955
42 v 22 0.0012275937326532427
42 w 80 0.003632017893994144
42 x 73 0.0033294023504435444
42 y 45 0.0856109350403127
42 z 122 0.06675930937101582
43 a 3 0.02443615546884703
43 b 97 0.14970728396445254
43 d 94 0.00041209081211979193
43 e 85 0.008970278167959922
43 i 46 0.023479964889018157
43 j 115 0.02819696397993421
43 k 20 0.017303103987264756
43 l 28 0.013470267938833214
43 m 111 3.327438345068767e-05
43 o 36 0.11794695276442613
43 p 78 0.03727481383833575
43 q 46 0.06126467365405264
43 r 125 0.20151971849855932
43 t 73 0.017941133228590367
43 u 41 0.00901179190976853
43 v 124 0.051397722394707746
43 x 39 0.00015827402832868653
43 y 9 0.09126359582094767
45 d 44 0.2069616829339328
45 h 125 0.11058443129515505
45 i 83 0.04616305685203381
45 q 4 0.03722214399892254
45 v 10 0.11071165751615286
45 w 15 0.3916220248677482
46 a 67 0.005636528610156066
46 b 126 0.06904845692319472
46 c 45 0.03648185429880613
46 e 77 0.006600080651930296
46 f 85 0.06461811552153618
46 h 78 0.022340273803812982
46 j 96 0.07145242771855076
46 m 62 0.01831984112361107
46 n 8 0.026068835814843316
46 o 63 0.02002394158745535
46 p 14 0.02521054918240917
46 q 46 0.02997300866177499
46 r 68 0.1308694546568927
46 t 37 0.07942344920762356
46 u 16 0.04152905431602638
46 v 71 0.08313645117626645
46 w 121 0.1326852324122697
46 x 49 0.037770107628183114
46 y 76 0.03801661394082412
47 f 101 0.2492464639170533
47 g 123 0.002028422155084919
47 j 22 0.4119298989588971
47 s 97 0.1735012041206715
47 t 5 0.030088745113857396
47 y 38 0.00974632207930004
48 b 9 0.0318894706982118
48 e 19 0.09899598386353203
48 f 73 0.037562804115338855
48 k 17 0.020587790359843927
48 l 72 0.033955332283848616
48 n 80 0.39870144522211737
48 o 66 0.0677369770225329
48 p 34 0.072918285361256
48 y 111 0.23565743273036532
49 e 69 0.4504749599031649
49 f 56 0.18653336588035463
49 j 70 0.2198124546273158
49 s 26 0.039381359157710016
49 v 63 0.02679340917486217
49 y 24 0.05222302527151079
50 a 71 0.07756926372125617
50 g 0 0.009953204485616651
50 i 118 0.26423261281795585
50 n 60 0.006279919420803193
50 s 72 0.21157922718195843
50 t 51 0.16927361377746442
50 y 8 0.2577447713251806
51 b 88 0.00934570938877699
51 d 78 0.11433866687475214
51 g 67 0.22054485346436314
51 h 55 0.1378709895126592
51 j 108 0.01872204205549166
51 m 59 0.06760532223100257
51 o 70 0.07078802079036106
51 p 120 0.1531659261448456
51 u 63 0.08142378771641268
51 y 84 0.046345258473232565
51 z 118 0.011073174220572968
52 e 108 0.5877141409166536
52 x 45 0.3718393609838425
53 b 7 0.05611436274421211
53 d 113 0.0060684130578360085
53 e 14 0.0736247429401079
53 f 3 0.03159575414396254
53 g 65 0.008199019283274711
53 h 120 0.02306801977316164
53 i 102 0.014026919071387312
53 j 43 0.008327829715615298
53 l 17 0.28460227749677025
53 m 71 0.07512489787418464
53 n 119 0.023667089501202887
53 p 95 0.00858211709832124
53 q 27 0.04808616190781656
53 t 110 0.029024029758042857
53 u 24 0.09344607989663067
53 w 4 0.12490394719062203
53 y 78 0.01764126904632235
53 z 97 0.015523059115968296
54 e 79 0.24262648259634922
54 i 9 0.5317587167697041
54 q 50 0.05851112779462009
54 z 83 0.0014638148740976353
55 f 95 0.010590019174783194
55 g 53 0.09702456122983238
55 h 30 0.15390587958469382
55 i 103 0.09801133930800288
55 m 95 0.18610841442463988
55 o 97 0.05745448700677591
55 q 26 0.014872783029123426
55 t 119 0.052951702445619864
55 y 3 0.18773802094140402
56 b 37 0.11500972409265942
56 c 27 0.06862008211256698
56 e 61 0.06422908151980189
56 f 100 0.13804036768510297
56 n 58 0.014550905836015371
56 p 118 0.1426181648225764
56 r 119 0.07063818343338646
56 w 0 0.005825084194100882
56 x 24 0.1569837416080817
56 y 96 0.024150884268142714
57 a 111 0.03847869862438935
57 c 86 0.06602309924736993
57 d 113 0.02388176881019699
57 f 6 0.046136302868350354
57 g 120 0.07996782135317804
57 h 54 0.03648849399254017
57 j 26 0.0483735152278324
57 k 110 0.08287437161433986
57 m 23 0.02079624104873734
57 n 95 0.03200342197663075
57 o 101 0.032648474354496027
57 p 60 0.012500906243508525
57 q 126 0.06881081225597407
57 r 23 0.0677207419028697
57 s 51 0.012606189053568806
57 t 89 0.02130396716601235
57 u 77 0.024683071958899072
57 v 112 0.044174635254325634
57 w 121 0.013996498286439452
57 x 46 0.04096356306541005
57 y 44 0.09111476039603439
57 z 55 0.051712337376473294
58 b 78 0.018255377660292837
58 c 20 0.08304160261003068
58 d 102 0.05614258747267675
58 e 5 0.0008809134372905758
58 h 113 0.07706105503234884
58 j 38 0.024227644240191304
58 l 106 0.02350900889339458
58 m 79 0.01813848921428407
58 n 42 0.08511069091466517
58 o 52 0.024833410399924705
58 q 67 0.014936357825525381
58 s 107 0.002725166506720278
58 u 41 0.08308495801387594
58 v 124 0.033859967787062684
58 w 22 0.030342443380482642
58 x 14 0.03111370930022528
58 y 97 0.2789875658426114
58 z 40 0.08801229817044609
59 a 23 0.07607559169919231
59 c 24 0.011635260286552929
59 d 18 0.043122556791976074
59 e 32 0.1163085308868953
59 g 122 0.0214833691329539
59 h 48 0.369650986592989
59 l 88 0.021176341485782957
59 o 104 0.022845158217590256
59 p 122 0.00848499041693096
59 s 25 0.06568679252730136
59 u 75 0.14256496381115447
59 v 43 0.015306917391758268
59 z 69 0.04351471571196486
60 c 95 0.060587175000341276
60 d 124 0.019042021302896006
60 f 66 0.0028347410561585518
60 i 118 0.32119017080016743
60 j 115 0.04730675199591283
60 l 80 0.016564682956331178
60 r 114 0.09387276526512522
60 t 31 0.16604148240971572
60 v 112 0.014758040172812237
60 w 78 0.14884252015055022
61 a 2 0.036901738290549435
61 b 4 0.11148376622674527
61 c 56 0.09661311732739675
61 d 114 0.03249123133567067
61 e 58 0.009020699907366425
61 f 50 0.03782722967710961
61 g 71 0.011124264677862983
61 h 107 0.026866799769967975
61 i 35 0.016326670731124815
61 j 52 0.006316200147558071
61 k 117 0.06975239954523871
61 l 31 0.08326591418484497
61 m 57 0.052970990460943446
61 n 56 0.05582916351103617
61 o 125 0.021076832047671856
61 p 83 0.03491826624153538
61 q 64 0.0012985478307346865
61 r 80 0.04778940299253087
61 s 52 0.07748441773427905
61 t 86 0.023199684821925803
61 u 43 0.03789984589473683
61 v 0 0.023109794651826943
61 w 26 0.007129476343445185
61 x 12 0.0021626436041288777
61 y 42 0.03824193593322245
61 z 88 0.016949916209370475
62 e 78 0.1603619632092268
62 f 58 0.06452028757356809
62 g 55 0.04861147319952386
62 h 86 0.02087071935532059
62 i 73 0.07230015440429671
62 j 88 0.03258827747885318
62 l 112 0.0066945720632891614
62 m 114 0.03521385637141139
62 n 93 0.06473524369648409
62 o 96 0.09331337366023229
62 p 8 0.013136188931055282
62 r 100 0.004479110521972474
62 v 109 0.06853159110147111
62 w 93 0.05340438773626455
62 y 101 0.18293129702187194
62 z 20 0.020583316510810912
63 b 45 0.06652757674360399
63 c 57 0.27306034593381434
63 i 59 0.042903466221833386
63 p 83 0.35851489351924626
63 u 101 0.03410607063524951
63 v 67 0.15719673349871133
64 a 67 0.134678570961003
64 c 59 0.0026801096071148445
64 d 125 0.003634907248849184
64 e 88 0.05789288090426459
64 f 65 0.011069156551666515
64 g 43 0.0024531030070356064
64 h 16 0.10043836003449769
64 i 70 0.017670290259916732
64 j 122 0.13346321627290836
64 k 33 0.0021415557616843994
64 l 123 0.022384376632690217
64 m 100 0.014955385010361089
64 p 23 0.13430147993905062
64 q 93 0.039696763423864634
64 r 106 0.00845143428147499
64 s 82 0.005316561304467893
64 t 1 0.005553840914827912
64 u 21 0.04494747897310292
64 w 8 0.11868186211552612
64 x 1 0.021908051619064617
64 y 70 0.007293493229547088
64 z 101 0.011305120988942763
65 a 2 0.01844349305952231
65 d 9 0.18972706512003734
65 g 9 0.013604296921596704
65 h 105 0.0103130327612998
65 i 112 0.19064125853939606
65 j 9 2.9380656963673424e-05
65 l 19 0.12117314694913772
65 n 69 0.059520950499469816
65 o 41 0.3386494834337255
65 q 69 0.02665620837505811
65 y 100 0.017906523500057614
66 c 114 0.009187907784903526
66 h 45 0.044560434049217834
66 j 25 0.3219060109426901
66 k 50 0.0650976840784615
66 p 7 0.15352074228721557
66 t 33 0.18225824222395115
66 u 31 0.052563799069857975
66 w 59 0.06992464050395641
67 a 50 0.0038071659800109625
67 c 35 0.2736290084566144
67 d 42 0.14227592969399616
67 f 100 0.24225413307025068
67 j 83 0.09883794135296586
67 q 85 0.1664777066562112
68 a 2 0.016770597314966884
68 b 35 0.04122410671768306
68 c 43 0.06889531917354574
68 d 22 0.0014128232040205857
68 e 75 0.003034614850199735
68 f 7 0.029426440311356883
68 h 77 0.103582642767723
68 i 80 0.04054164455011322
68 j 12 0.014845500376012177
68 k 109 0.04193460442060226
68 l 58 0.0008998955868722014
68 n 58 0.04415337893512683
68 o 44 0.23510566330194238
68 p 80 0.016074673703692755
68 q 73 0.01042117947673904
68 s 29 0.05484652278471758
68 t 3 0.04790705395916406
68 u 18 0.055323874001074635
68 v 123 0.014334202884038305
68 w 78 0.021840652515840553
68 x 120 0.07372912119670283
68 y 11 0.01947990902864949
68 z 122 0.022756975650019218
69 a 98 0.07797474202320742
69 b 23 0.07811193027265162
69 c 109 0.016428837643172378
69 f 62 0.11106311625907506
69 h 124 0.02547355932410955
69 i 112 0.06557870586760861
69 j 94 0.14709704902687182
69 l 7 0.08910069885262029
69 m 111 0.006132555684712049
69 n 23 0.05923936687517306
69 o 107 0.02045860187105164
69 p 76 0.1693332649405762
69 q 118 0.011206428884807718
69 r 101 0.022053750636882863
69 v 88 0.010158625062471005
69 x 118 0.05514362653968807
69 y 124 0.002462111560000535
70 a 45 0.02016603093650371
70 b 37 0.010974509667267318
70 d 33 0.007387744808445507
70 e 68 0.0084134584594997
70 g 4 0.24327622961895423
70 i 18 0.03158708890366824
70 j 41 0.08505018118257712
70 k 115 0.04754105112246054
70 l 2 0.08790378019822465
70 o 63 0.0936845635855379
70 p 67 0.021786803040463654
70 q 66 0.07698271036560522
70 r 76 0.003752611823858998
70 s 70 0.01575822704033114
70 t 93 0.014191383208732589
70 v 37 0.04373666223986106
70 w 115 0.03889799745845823
70 x 49 0.05829453642302551
70 z 85 0.030133153703299165
71 b 126 0.032498651891683106
71 c 19 0.023182127990633017
71 d 88 0.019570040310637915
71 e 70 0.06245764346772842
71 f 38 0.006965110841190558
71 g 89 0.008318793877870712
71 h 72 0.01614275967180334
71 i 14 0.006688794251880625
71 k 74 0.11158962557136876
71 m 45 0.012416722201343933
71 n 77 0.03321389005708597
71 o 54 0.02891549014098005
71 r 40 0.07728962350898005
71 s 88 0.009914910429943746
71 t 89 0.10427336595589798
71 u 16 0.06395780670917683
71 v 19 0.15605925992681113
71 w 10 0.03838237894459884
71 x 85 0.050154508828077926
71 y 95 0.030799401108687396
71 z 107 0.1018596645869917
72 a 7 0.09720853164587684
72 b 102 0.0029793871509301573
72 c 59 0.009565671339797355
72 d 105 0.04099099241211146
72 e 9 0.01237517549058087
72 f 19 0.02270705634160408
72 g 65 0.00397066746907615
72 h 22 0.02534264855635393
72 i 20 0.005381058067628786
72 j 27 0.10763947839867394
72 k 7 0.029388690934041062
72 l 67 0.01686169085235445
72 m 41 0.04955670068411444
72 n 16 0.018849376057869516
72 o 24 0.004935439118423868
72 p 24 0.03169429039262095
72 q 50 0.035040359404620025
72 r 96 0.015113251570499364
72 s 10 0.1053724871575844
72 t 66 0.013925961267155507
72 u 62 0.009391173474910586
72 v 105 0.10408822971939558
72 w 76 0.06086559438445649
72 x 79 0.08638484045930728
72 y 37 0.03582566630193673
72 z 13 0.0006389746359625192
73 a 106 0.011856480752843734
73 d 2 0.08563461621123214
73 g 22 0.020227011449765908
73 h 23 0.05582706232996626
73 k 6 0.025521933926938467
73 l 52 0.1555865099863888
73 n 4 0.12115923444312549
73 r 13 0.07529270949278144
73 u 46 0.041362556471814416
73 w 29 0.028628156820734163
73 x 111 0.10103841683013548
73 y 112 0.01962069694924362
73 z 19 0.20244370319787075
74 m 57 0.7059869149576767
74 x 58 0.08714842710901882
75 c 13 0.12492795470299523
75 p 29 0.060592036180801445
75 x 118 0.26141105878410387
75 z 125 0.16135363417458992
76 b 95 0.005770760474959835
76 c 6 0.014413572232915395
76 f 21 0.004937010466936842
76 g 123 0.06705301387169582
76 h 93 0.028871316529370805
76 i 44 0.10705523356074431
76 j 96 0.002454592272323586
76 k 18 0.11832830069450329
76 l 19 0.03011623434332955
76 m 93 0.00030388361197020153
76 n 5 0.062202480125157056
76 p 117 0.04811366989818133
76 q 105 0.15972618947450756
76 s 17 0.0057813050657676834
76 t 88 0.004740277570086993
76 u 2 0.013821336171950915
76 v 126 0.22810332240946796
76 w 51 0.003892057428718676
76 y 7 0.012568303037085782
76 z 58 0.08139594207636458
77 j 7 0.7396652620553603
78 a 54 0.10025742316994846
78 b 67 0.06243597123998157
78 c 112 0.0044919572682565745
78 e 58 0.02563110336786778
78 f 99 0.012854537195326365
78 h 48 0.04282784499763226
78 i 104 0.012014907394914731
78 k 106 0.01087295954963119
78 l 89 0.05779500396110515
78 n 122 0.16744994794753265
78 r 101 0.06437855080944976
78 t 52 0.08715160525154952
78 u 112 0.02717523610583339
78 w 73 0.008941006204919333
78 z 2 0.13871533902757238
79 e 28 0.11941132014997846
79 k 61 0.07952442901358192
79 o 0 0.14728560133542756
79 v 95 0.5931757323549607
80 b 66 0.017167570386083852
80 c 27 0.08682158412308483
80 e 110 0.009248112668243436
80 f 10 0.00157951145104962
80 h 30 0.0655609786102811
80 i 80 0.055763959058459434
80 j 112 0.04640932343557291
80 l 26 0.017761563110795797
80 m 23 0.12386563222338387
80 o 123 0.02205749242114663
80 p 100 0.01779454172652739
80 r 59 0.004904488144492403
80 t 4 0.024967764878608634
80 u 38 0.11392898880719105
80 v 28 0.05435776788078173
80 z 27 0.11458286341442647
82 d 117 0.2687122952852906
82 e 97 0.14902209886835394
82 l 47 0.023450420533820737
82 m 28 0.017550173382707146
82 n 121 0.019415744224507092
82 p 100 0.017450472383614746
82 q 50 0.012335017730986886
82 r 122 0.31382705864323635
82 v 44 0.00932166205106466
83 a 41 0.11344740066687631
83 b 8 0.06446009757171067
83 e 56 0.09615683381238127
83 g 0 0.09847236195545306
83 i 76 0.07679921545680235
83 n 72 0.06876058503358506
83 p 3 0.04912786890640497
83 r 103 0.07954748470276785
83 t 92 0.17516519158339294
83 u 7 0.015155991813483038
83 z 82 0.10752364992413821
85 b 37 0.04631537090775528
85 c 105 0.04771641364562007
85 d 112 0.1000879339103915
85 e 112 0.07462047990020215
85 f 21 0.004824771437642816
85 g 57 0.0022380335103804327
85 i 54 0.08907833783893215
85 k 65 0.02461703766273904
85 l 85 0.03417544658304028
85 m 19 0.0320861859638224
85 n 125 0.037666669743210424
85 q 24 0.01511635912346887
85 r 98 0.1121799154079055
85 u 77 0.04178371163023753
85 v 48 0.016076110876310334
85 w 89 0.2546479162077445
85 z 109 0.04342880654226999
86 a 42 0.04616034082062892
86 b 2 0.028569401453850896
86 c 63 0.022645089144147867
86 d 42 0.007182127205578981
86 e 85 0.04541317838320358
86 f 2 0.04232153477594558
86 i 77 0.02177423635310738
86 j 99 0.015053287440441654
86 k 98 0.04988374450813071
86 l 35 0.002012994947845681
86 m 2 0.009490605999694757
86 n 66 0.022924385159562966
86 o 13 0.006805513445771405
86 p 39 0.09201894492249896
86 q 17 0.015569060537990231
86 r 0 0.12758391239751887
86 s 6 0.032201637634026725
86 t 44 0.012865534304087656
86 u 109 0.009731951420192009
86 v 109 0.0361354697645796
86 w 61 0.013042593501342403
86 x 102 0.2048857136665334
86 y 20 0.03396901789043183
86 z 86 0.08603084757286195
87 a 14 0.03453793063615851
87 b 52 0.01111020874737767
87 c 33 0.04142919044044102
87 d 57 0.010532099455326627
87 h 44 0.06600274661829875
87 i 43 0.1043671565160521
87 m 118 0.03557768765150926
87 n 83 0.05621912139972984
87 o 46 0.010713945442264894
87 p 78 0.007316478644723734
87 q 21 0.17245902614693753
87 r 35 0.058455966077681554
87 s 117 0.019921638249947526
87 t 122 0.004534372545568766
87 v 67 0.12001559396169337
87 x 27 0.014303977637119658
87 y 7 0.0632515375178454
88 b 33 0.008192947472722256
88 d 97 0.001803918490059564
88 g 43 0.07148956381751037
88 n 16 0.0009764635821047918
88 r 119 0.6507555418448189
88 t 19 0.048727036341726926
88 u 80 0.015584637581856464
89 d 4 0.022882837349194718
89 h 32 0.027857830784310256
89 l 19 0.2554540664593652
89 o 12 0.06926922264050706
89 q 13 0.14121738361495428
89 u 110 0.06300142613732396
89 w 23 0.022988570718724177
89 z 5 0.2077238308734385
90 a 57 0.007000857475739974
90 b 28 0.009185732595171081
90 c 104 0.036708489885758144
90 d 87 0.0986257010410927
90 e 53 0.03316883468646059
90 f 108 0.03692292979206713
90 h 31 0.00752871777964681
90 i 114 0.020271333469208397
90 k 122 0.08032816317674474
90 l 125 0.005367829093211873
90 m 76 0.0585756380252731
90 n 62 0.03707050468179518
90 o 58 0.038910910123563736
90 p 68 0.01454719653881742
90 r 2 0.008732088899313206
90 s 19 0.035507658787460095
90 t 13 0.025613002897923343
90 u 66 0.13350907622553898
90 v 20 0.07135209759813388
90 w 32 0.045268551292491965
90 x 65 0.0050924877725829765
90 y 53 0.015231002597568932
90 z 4 0.13775601985822583
91 b 6 0.3917260417698495
91 j 86 0.1359297362664943
91 v 74 0.24073268991828523
92 f 106 0.2770296476882733
92 p 58 0.014334657326707356
92 s 73 0.3767285364759052
92 z 18 0.16916113868669025
93 b 105 0.018426061077889466
93 e 119 0.004276974891423646
93 f 125 0.07710499879078725
93 g 94 0.019018042360463228
93 h 50 0.10133915928004877
93 i 120 0.12126132901736086
93 k 14 0.09705048504662805
93 m 125 0.057808423320705016
93 n 123 0.07307660119652926
93 o 109 0.016338961576431443
93 p 19 0.06224778001897946
93 q 22 0.038122762976897095
93 r 15 0.0609534078952636
93 s 64 0.05122864922505066
93 w 78 0.12294626084949356
93 x 86 0.02606963743237345
93 y 86 0.050497644908271466
93 z 46 0.0019026919254953034
94 a 112 0.09981316973683063
94 b 66 0.10073314370380093
94 c 89 0.005990002017517426
94 d 20 0.0109691711904083
94 f 44 0.05881190510799528
94 i 17 0.012752796357054175
94 j 18 0.029262943568241107
94 k 1 0.07104860603466945
94 o 105 0.004449734504510916
94 p 124 0.028605875411294
94 s 108 0.12658212220946552
94 u 74 0.006533204916844171
94 v 52 0.030634166931593376
94 w 5 0.15457027033422954
94 x 69 0.09187055434840419
94 y 31 0.049320112033362284
94 z 77 0.01698264439553132
95 b 49 0.029869813390066113
95 c 55 0.008861918832495985
95 e 124 0.04539947830034452
95 g 7 0.16511287746768577
95 h 36 0.17204975204174155
95 m 91 0.08768696969541812
95 p 117 0.15435604785952206
95 q 81 0.06692474422896122
95 r 52 0.13158180449693946
95 u 48 0.09145081481955952
95 y 37 0.007608452322266923
95 z 74 0.028247776733125063
96 w 38 0.725451042977593
96 y 32 0.10336530441941849
97 a 34 0.007880647863801826
97 b 68 0.046870137634357545
97 d 90 0.05911338236352959
97 e 91 0.0014213627102859228
97 f 5 0.03310160155118946
97 h 70 0.15368859108168254
97 j 60 0.03351175020959385
97 k 109 0.1712345263298064
97 n 54 0.10396026049048412
97 o 62 0.0681371612084003
97 p 46 0.04604822454361446
97 q 44 0.02311416593232074
97 r 24 0.001321058264643904
97 s 100 0.06631713476735845
97 v 99 0.004005533761355595
97 x 6 0.05597789683565224
97 y 20 0.05912890622383582
98 l 57 0.15805226586526389
98 m 90 0.020779484454387265
98 r 5 0.07710650933543695
98 x 40 0.10647643107239269
98 y 30 0.20248355663132
98 z 51 0.28866899818556757
99 a 3 0.0024324803658213323
99 c 74 0.011306026678192804
99 d 59 0.03244967192561843
99 e 70 0.017419426720997278
99 f 15 0.019514137210687066
99 g 4 0.03504700086754342
99 h 90 0.10644471640952258
99 i 25 0.0956278348209324
99 j 69 0.018286521898030816
99 k 21 0.03642852982881006
99 l 79 0.04807869293708933
99 n 5 0.0034215885705289883
99 o 121 0.0497746866998674
99 p 101 0.039924648996794154
99 q 63 0.07447830054239235
99 r 4 0.03326308349609519
99 s 3 0.09101402016619231
99 t 49 0.027685689233763133
99 u 108 0.044805602422970825
99 v 52 0.029773577492722803
99 x 58 0.00711815576573549
99 y 99 0.049074669414163274
99 z 120 0.02692421817962065
100 a 76 0.045631583333543446
100 b 126 0.01026426266430469
100 e 113 0.41224187280980173
100 f 57 0.03837292829923711
100 g 122 0.00036477103725585103
100 j 85 0.12734853116143097
100 m 96 0.31316300103625017
101 b 34 0.2780012740687221
103 a 119 0.035735799696176906
103 b 68 0.006733477371592578
103 c 100 0.08709844257607724
103 d 69 0.03577451056559522
103 f 12 0.05601386459638158
103 g 58 0.05483770011268818
103 h 29 0.01610019856635636
103 i 10 0.053816983007596186
103 j 14 0.045369069374232796
103 k 17 0.030256664644532805
103 m 120 0.029553946257885544
103 n 46 0.012128410677316293
103 o 58 0.09217540271968039
103 p 58 0.01995005297697494
103 q 86 0.048963923478059
103 r 74 0.03591041959155217
103 s 49 0.14304743156329724
103 t 72 0.1261705703875564
103 u 82 0.011552698897888236
103 v 21 0.035451389254356536
103 x 73 0.0005100754373724703
104 c 32 0.2117603716410814
104 i 50 0.11902928822435865
104 j 42 0.15129905657715215
104 k 116 0.05575003200946993
104 z 58 0.12910509542720128
105 d 104 0.11923587837098593
105 e 60 0.016905347463877285
105 h 96 0.10161573880769581
105 i 36 0.0033350256497337583
105 o 22 0.05041864337182611
105 t 68 0.0014430443057675824
105 v 3 0.18224893747344584
105 w 10 0.03589991854412944
105 x 60 0.07599843675137152
105 y 67 0.03980609360854315
105 z 71 0.31809396626206177
106 b 34 0.04333745482378537
106 c 123 0.010324424347069816
106 d 95 0.046058420314533555
106 f 86 0.19982744466291336
106 g 30 0.1281502472372712
106 i 96 0.0070635732363233394
106 k 113 0.06393797982579608
106 m 55 0.062135470954063576
106 q 27 0.011609145292788559
106 r 12 0.00592468821816694
106 s 98 0.2444679616174359
106 t 71 0.025330103703340323
106 u 25 0.12719708541280228
106 y 108 0.02149844350172403
107 a 0 0.07396001966911925
107 b 7 0.02666553949076822
107 c 40 0.08201457937541445
107 d 49 0.08929676892451954
107 e 30 0.011060250534613125
107 f 34 0.01772598650454882
107 g 26 0.009881460269141384
107 i 93 0.033991262702611214
107 j 109 0.025463863102900386
107 k 102 0.07863950749564985
107 l 122 0.05462869296572115
107 n 37 0.06991493285750372
107 p 111 0.04137875504811239
107 q 116 0.10676320393114125
107 r 102 0.07068246547904655
107 s 98 0.0042848994460874534
107 t 76 0.01388126952530333
107 v 55 0.0026999010083118558
107 w 23 0.015571029238426237
107 x 48 0.04023572188785307
107 y 20 0.037999105014561385
107 z 5 0.030922013202585696
108 a 107 0.02945060210974282
108 b 123 0.02150009493899574
108 e 30 0.11807349991090998
108 f 111 0.054893297950006414
108 g 96 0.03793830638529683
108 i 14 0.11682021948130417
108 j 82 0.09471685336658642
108 l 108 0.04935697714385656
108 m 1 0.06449933370779348
108 q 110 0.004115686843256139
108 r 105 0.0035654482584481784
108 t 86 0.03939358736592247
108 w 21 0.028036279262489194
108 x 8 0.1699970939209272
108 z 55 0.08754632314563526
109 a 115 0.007216063124768413
109 c 18 0.08809902677672954
109 d 17 0.05274890799026799
109 e 8 0.05508771013933489
109 f 88 0.12611537511718662
109 h 113 0.016666089588452948
109 i 11 0.0035651047361218158
109 k 7 0.14873959344467091
109 m 20 0.000975035171625005
109 o 94 0.009192447988521923
109 q 23 0.025179392173733217
109 r 40 0.14340604910447452
109 s 126 0.11534622216724089
109 u 4 0.006963425240951615
109 w 26 0.0007488866478693179
109 y 48 0.11795734468725305
110 a 49 0.09429743403104551
110 b 25 0.0004661432551427147
110 c 20 0.2617907317209319
110 d 56 0.011058394450355391
110 e 97 0.046089334003178495
110 f 5 0.00807489871271283
110 g 80 0.05158130530945915
110 h 105 0.03177800748774273
110 i 50 0.006909938924077319
110 j 94 0.006199628537800872
110 k 61 0.017568401088733476
110 l 85 0.11437324275486171
110 m 98 0.007256248156288003
110 n 116 0.019475391122669827
110 p 45 0.05040209577432575
110 q 92 0.025294942430416523
110 r 114 0.011503011596713297
110 s 48 0.027161279775411273
110 t 69 0.012128309349005328
110 u 31 0.04876685087396637
110 v 39 0.0011610137753270688
110 w 112 0.04720521887194484
110 x 106 0.030575823509699118
110 y 52 0.027314194310773865
110 z 0 0.016605255394527396
111 a 16 0.03781661534172842
111 b 58 0.05000890952144621
111 c 83 0.05343845896154431
111 d 31 0.021963188254648602
111 e 117 0.052688945141080135
111 f 45 0.08137057703107498
111 g 113 0.003174359369055746
111 i 9 0.03394505528912084
111 j 20 0.038887785009116715
111 k 92 0.038068633109716754
111 l 104 0.03794827831832337
111 m 119 0.09216025223375424
111 n 34 0.0367024348499958
111 o 117 0.0019134701676104537
111 p 81 0.0027826577654715967
111 r 53 0.0208197672581637
111 s 83 0.014984075408532638
111 t 103 0.08456902121253485
111 u 58 0.0052307206794985905
111 v 45 0.056451573577975256
111 w 50 0.11304347785630353
111 y 44 0.013254337473101452
111 z 85 0.05491334547755167
112 a 43 0.007894792471965673
112 c 68 0.07770866292676237
112 d 20 0.056267244012267015
112 e 80 0.0034990510521097917
112 f 21 0.028679317242214175
112 g 10 0.09220480051129387
112 h 31 0.009227439848370933
112 i 81 0.031832862800995176
112 j 15 0.054130195265466696
112 k 106 0.0708400215239956
112 l 80 0.001334809101412815
112 m 47 0.06982566697275061
112 n 92 0.026496634634448513
112 o 43 0.005725862410419058
112 p 16 0.020412925916904356
112 q 90 0.011895761671718241
112 r 26 0.019566065532448995
112 s 50 0.1498724979916165
112 u 70 0.024113925112725143
112 w 32 0.037732693220007496
112 x 78 0.007713131039159382
112 y 80 0.06314032453088647
112 z 73 0.08019550794378916
113 a 27 0.03749981184459272
113 b 45 0.11089901148023262
113 c 11 0.04965838738009043
113 d 104 0.07439607398068315
113 e 91 0.02479548461627068
113 f 47 0.04234375165993054
113 g 83 0.022707324458077327
113 h 6 0.09746369072410677
113 i 61 0.040670939544673046
113 j 38 0.022582149808589413
113 l 65 0.0040856378400186966
113 n 126 0.0516757604088145
113 o 2 0.029094644964578475
113 p 23 0.020307917593191283
113 q 70 0.018486074183418744
113 r 72 0.10462495981291708
113 s 18 0.04097930845676856
113 t 73 0.06090761676881362
113 v 71 0.009188628793111664
113 w 81 0.012399458523527196
113 x 100 0.05895781941777023
113 y 1 0.009793185050851916
113 z 25 0.04154080011114514
114 a 8 0.0019618299305180775
114 b 67 0.0014520639226990317
114 c 104 0.0679783471549289
114 d 28 0.05457318242309894
114 e 10 0.05622750555007516
114 f 33 0.0156991490084325
114 g 68 0.02174383286433923
114 h 16 0.025834921688806745
114 i 10 0.0719326099154034
114 j 116 0.03522660557311896
114 k 46 0.04167437383829942
114 l 84 0.05327163774203347
114 m 14 0.024054093453742764
114 n 122 0.017208618195096448
114 o 112 0.02171079688894939
114 p 23 0.012767234364482682
114 q 56 0.009158913747338127
114 r 18 0.033178969200116426
114 s 57 0.14500315974205136
114 t 121 0.016920558206867997
114 u 100 0.09759249950533955
114 v 23 0.037863134025219236
114 w 39 0.03285265416201566
114 x 8 0.004174165633522797
114 y 37 0.07672780546234381
114 z 10 0.007375764073674351
115 e 95 0.08090818832407298
115 j 110 0.06263685462614299
115 n 91 0.11349061416629436
115 p 12 0.2290424313892856
115 q 12 0.1350455936984809
115 s 61 0.12090462271519009
115 u 23 0.01756808091766382
115 y 22 0.00118634232364756
115 z 16 0.17994982833190953
116 b 99 0.235007625702629
116 c 39 0.02901903155445773
116 d 41 0.004012779995746674
116 h 18 0.02887769352570768
116 i 75 0.0329111874816852
116 m 116 0.08309735012124553
116 o 121 0.12101408831242733
116 q 63 0.08630611573394631
116 s 81 0.009550474617891602
116 t 18 0.012863640132514398
116 v 46 0.1951571200168809
116 w 81 0.04377073479115501
116 x 66 0.017166690180862698
116 y 46 0.00714200865858694
117 l 72 0.40912474910310515
117 o 90 0.2876437618658412
117 t 103 0.10565196571240132
117 y 72 0.00604025378234907
118 d 25 0.09773569563763962
118 i 102 0.04241015519873992
118 k 47 0.2811636942163489
118 l 98 0.061950372989947655
118 p 22 0.03157467103947342
118 q 20 0.08107271642731495
118 r 77 0.06372967428653753
118 s 1 0.04392554403705673
118 t 44 0.02217869490436808
118 u 100 0.041239719844234024
118 x 80 0.06804695039861397
118 y 103 0.07747650819705221
119 b 84 0.09355198251080032
119 c 114 0.019603163130860746
119 d 67 0.04284728871954491
119 e 42 0.0020321700165893963
119 f 124 0.03806464527337161
119 g 70 0.07324451248196506
119 h 55 0.010916418263585359
119 i 75 0.08634187421095274
119 j 93 0.04527785504330151
119 k 47 0.03892207674896697
119 l 97 0.03275373727990982
119 m 36 0.034151479173443744
119 n 106 0.00895841079015669
119 o 68 0.03008235397803949
119 p 92 0.012693292203207251
119 q 42 0.008079884923992808
119 r 97 0.07018853715685625
119 s 78 0.05238722771926707
119 t 62 0.04660808208040623
119 u 117 0.018442142183221266
119 w 97 0.13456636115872134
119 x 122 0.020559138793941223
119 y 97 0.0032878226926377208
119 z 45 0.007009066828239985
120 a 45 0.09796200822200007
120 g 0 0.05171976021076563
120 h 17 0.05525311137259903
120 k 4 0.01610214974266977
120 o 40 0.041310854787834805
120 p 119 0.031467194293921086
120 r 109 0.058674992418483174
120 s 126 0.12432424483771454
120 u 8 0.04266388257543763
120 v 33 0.04691072633680837
120 x 27 0.16603816942668126
120 z 31 0.07814566406520984
121 a 103 0.016046925668123713
121 b 96 0.012275597665332594
121 c 65 0.05042637796088134
121 d 27 0.021510710687860812
121 e 50 0.09596008652534482
121 g 91 0.06616960872780553
121 h 34 0.0018546290151574274
121 i 27 0.0010634547406458417
121 j 105 0.03615505701333521
121 k 52 0.03631969508270738
121 l 85 0.01228840581273194
121 m 109 0.07220657893827231
121 n 17 0.13464004519918815
121 p 47 0.00920675043129704
121 q 104 0.04159249097286033
121 r 106 0.04867663108900988
121 u 43 0.07146740941079621
121 v 24 0.03464713150745691
121 w 10 0.020577781595764066
121 x 48 0.03866251509914698
121 y 47 0.06546961597321
121 z 83 0.04156748692954226
122 a 5 0.10556586330587026
122 b 10 0.17606359988482922
122 c 46 0.0607226462131919
122 d 69 0.060450285013837646
122 e 70 0.053435330033271056
122 f 7 0.039746684776447716
122 g 47 0.05979727794335066
122 h 56 0.011847075784510275
122 i 112 0.024298454179086604
122 j 38 0.010518504471181633
122 l 31 0.006370452639225199
122 m 74 0.026442368322650678
122 n 87 0.062076039430408514
122 p 55 0.0036775882607614774
122 q 80 0.019153608632128005
122 r 1 0.06200331302150319
122 s 60 0.0013203509638820554
122 t 79 0.005528466656620545
122 u 92 0.01990961204688735
122 v 87 0.07235174296518077
122 w 93 0.048127480922736665
122 y 51 0.026892310912789652
123 b 100 0.3094092893971765
123 c 24 0.07906547917182061
123 g 120 0.11825690332426875
123 i 118 0.03961323117900373
123 j 6 0.10434243221961104
123 k 52 0.050937484811537925
123 v 26 0.000578031447699856
123 y 58 0.12871033190305015
124 g 77 0.15584272115045117
124 x 115 0.2921073418731823
124 y 119 0.20566046250509418
125 a 16 0.21777908435823268
125 b 38 0.05629819732882535
125 c 34 0.019141559376066875
125 d 113 0.04134834982731295
125 e 40 0.002939692229579016
125 f 31 0.028946318004578364
125 g 0 0.049321696851462704
125 h 76 0.03653853840998589
125 i 84 0.016759354367723023
125 j 71 0.0935978397026761
125 k 125 0.0013687051376488624
125 l 98 0.027814401187119864
125 m 7 0.01719406476421914
125 o 89 0.05356902860903001
125 p 105 0.0024288176814284412
125 q 99 0.07918214704938553
125 r 87 0.022538954692219892
125 t 78 0.012275403106945637
125 u 79 0.006141600883215026
125 v 109 0.01267792829392822
125 x 94 0.0470469939818724
125 y 88 0.07603611821082434
125 z 14 0.06232289020566151
126 a 11 0.06434059281379056
126 b 5 0.03199874210114273
126 c 76 0.010998866293761123
126 d 75 0.0760965356367318
126 e 66 0.05812849447029744
126 f 13 0.0646748553045271
126 g 51 0.02242052937611594
126 h 44 0.027520388218291836
126 i 92 0.01503448216022707
126 j 126 0.03913665879277195
126 k 67 0.03282653579882744
126 l 46 0.03673077211107423
126 m 43 0.012535740030195086
126 n 75 0.06879621199169372
126 o 31 0.12946890177721515
126 q 71 0.10760250837724583
126 t 80 0.0476608378247142
126 u 121 0.034965188467360075
126 w 118 0.006812523084806399
126 x 3 0.05565475163632527
126 y 71 0.025954401349169376
