62 26 866
0 0.034694053989830054
0 0.06094853440260328
0 0.05086376973774298
0 5.0115718042587076e-05
1 0.05038376376467113
0 0.01376772961254924
0 0.0448579296306898
0 0.037221406792114164
0 0.6545178880228057
0 0.5420062046854195
0 0.14767923495186364
0 0.08155607166893886
0 0.0034438633020775766
0 0.489577365460916
0 0.004017750324195046
0 0.039307282331047966
0 0.06419898008124969
0 0.04161966948196305
0 1.0
0 0.040593431569890814
0 0.4445379326237695
0 0.003003340089758444
0 0.08287082604496832
0 0.8086882665678875
0 0.07997800792718412
0 0.10613816796876985
0 0.03593856073419999
0 0.041360864105216666
0 0.12582903835798065
0 0.01238097787706438
0 0.028681931236405944
0 0.038107958525684826
0 0.18462627106246499
0 0.17239932338402064
0 0.04188327246807555
0 0.10822480293025849
0 0.18802204620078278
0 0.16657563988458857
0 0.0840175719163141
0 0.09181905027236548
0 0.034996960492505
0 0.10287828061912074
0 0.020248253069510946
0 0.10148139187915872
0 0.018130401335840873
0 0.5818886021701324
0 0.11152882671264808
0 0.009772508912716082
0 0.04043931531391598
0 0.03338871079159578
0 0.028778642043541636
0 0.05264402287474068
0 0.1345737815059317
0 0.002499599487023829
0 0.033441561444041645
0 0.24445382771734026
0 0.040364981489047325
0 0.005365250510987685
0 0.07775435533995934
0 0.05803030496300521
0 0.00384447411656319
0 0.010500486229933492
0 a 54 0.08160476817730311
0 b 33 0.011086270287765654
0 g 17 0.015657981286822498
0 h 56 0.024947753820654395
0 i 48 0.1732217230230756
0 j 52 0.196056454394411
0 m 56 0.034779713516183364
0 q 11 0.2998564879720391
0 s 51 0.016406469719917882
0 v 46 0.01900318833749115
0 w 49 0.022446403676258053
0 y 60 0.06159099005152391
0 z 13 0.008647741746724225
1 a 35 0.020315613447242198
1 c 24 0.07217060330379466
1 e 57 0.007817553293990365
1 f 49 0.02944654632770949
1 g 58 0.060947669676255756
1 j 57 0.0040598494543655494
1 k 61 0.10505358048156455
1 n 7 0.045321047392537506
1 o 56 0.12248874309480451
1 p 42 0.09208372137803489
1 q 27 0.012400687443497982
1 s 28 0.001827181979008441
1 v 21 0.036109379527529795
1 x 9 0.176098323184258
1 z 26 0.15291096561280304
2 b 45 0.19665843605378208
2 d 35 0.25264559652845686
2 f 49 0.011580339787428673
2 g 22 0.11721331065236607
2 l 41 0.020553750999127818
2 m 49 0.14319096274444243
2 n 25 0.01384509922465138
2 o 9 0.002600736215755184
2 p 60 0.01815866005431621
2 s 29 0.04131238295466033
2 v 3 0.012349609915652815
2 w 4 0.016895420339457123
2 x 6 0.018035578467493152
2 y 25 0.08409634632466689
3 d 38 0.17422604509797102
3 f 23 0.02385926900429991
3 g 36 0.13417276619126406
3 h 7 0.01555913124101549
3 j 2 0.059556153126408384
3 k 42 0.012695412265680828
3 l 4 0.07650029274800574
3 n 29 0.008481550569447549
3 o 50 0.12443310629111681
3 s 17 0.12352766723835917
3 t 24 0.08908428282799075
3 w 37 0.07278354327780401
3 y 44 0.0850706644025937
4 a 32 0.07045921877702443
4 b 45 0.014212735333849147
4 c 11 0.012782393738975606
4 d 30 0.05474562753475698
4 e 58 0.08012179105755357
4 f 54 0.07502226128722111
4 g 15 0.087598275087173
4 h 12 0.0342971556390379
4 i 12 0.03300108154245085
4 j 12 0.036440452505805854
4 k 18 0.012121457086816001
4 l 12 0.027242183808233178
4 m 45 0.013665179970413832
4 n 10 0.03859018946627002
4 o 56 0.02590541536716462
4 p 43 0.06487297410106407
4 q 33 0.014891044430324296
4 r 16 0.002621170779173232
4 s 41 0.011649942039360317
4 t 29 0.013687551727208147
4 u 45 0.04033909016748072
4 v 54 0.018773706101559928
4 w 32 0.014630322878640079
4 x 61 0.029257412163309127
4 y 7 0.047204340916875975
4 z 21 0.07548326272758688
5 b 9 0.027260374929168996
5 d 37 0.09652080569148203
5 e 3 0.054778126312224784
5 f 4 0.08265743900789702
5 g 3 0.07599435554181566
5 h 18 0.0030246278558883066
5 j 40 0.0801783099552501
5 l 32 0.07877219567864657
5 m 51 0.06314390728240915
5 n 10 0.0436708686383942
5 q 0 0.05992137174354306
5 r 29 0.028108347829816305
5 s 49 0.07624055575671518
5 t 58 0.03467068021039432
5 u 32 0.11995771919459619
5 v 50 0.02688091094208178
5 x 15 0.034451673817127104
6 a 32 0.009392309196540327
6 b 26 0.07101410832662869
6 c 5 0.04780684337161045
6 d 13 0.01345682428937478
6 e 0 0.018141335249931112
6 f 37 0.014328669322239751
6 g 30 0.015973589613522132
6 h 6 0.010368406433061472
6 i 36 0.028403184592150077
6 j 32 0.04181454145385177
6 k 10 0.09348253126226325
6 l 19 0.003473638709089344
6 m 36 0.03626224572788539
6 n 31 0.0590595282984554
6 o 40 0.017889567841781195
6 p 46 0.03353137380550497
6 q 52 0.14698683779243626
6 r 48 0.03220331223504913
6 s 47 0.03786502337251829
6 t 24 0.0390022110809386
6 u 2 0.054239643404564886
6 v 5 0.0048088536728987386
6 w 14 0.02914226750563642
6 x 30 0.025282887110227525
6 y 50 0.013723627242949954
6 z 60 0.05748870945820028
7 a 34 0.08136681334358997
7 c 10 0.06085734169968493
7 e 43 0.044962261375771084
7 f 57 0.023457856176478775
7 h 11 0.16977098464198281
7 i 34 0.06864535973607133
7 j 60 0.09187208416259485
7 k 47 0.11141996959252487
7 l 54 0.01041245778629818
7 n 9 0.013146949527477081
7 p 29 0.034854717833708304
7 q 25 0.04883368659350473
7 r 0 0.017524277347696238
7 s 4 0.053318882433268766
7 t 33 0.03357989161083097
7 u 54 0.0072121346140761045
7 v 2 0.009080460253209632
7 w 15 0.007364097718825291
7 x 17 0.022681924575794432
7 y 48 0.049067505602031436
7 z 29 0.0033489365824660444
8 r 11 0.34548211197719425
9 y 26 0.4579937953145805
10 c 10 0.0625963820506279
10 h 30 0.03298213261347438
10 k 11 0.0017592074277100744
10 l 31 0.1935049328749331
10 m 14 0.0007186058666014405
10 p 13 0.3315662836244987
10 q 25 0.1569701121202095
10 s 45 0.021216656359708264
10 u 28 0.008880494423425755
10 v 57 0.02066152821116163
10 z 3 0.02146442947578564
11 h 46 0.09541265885720673
11 k 34 0.18253122036502867
11 l 3 0.04768661514887518
11 q 59 0.13487148476366695
11 y 10 0.3095739357363194
11 z 44 0.1483680134599642
12 b 4 0.07852956460850313
12 e 57 0.05217341359349559
12 f 59 0.12241713170924728
12 g 50 0.006812243484829783
12 h 11 0.06833555128240909
12 j 41 0.011815532675003237
12 k 5 0.020561239443445345
12 l 50 0.09268266891003707
12 m 10 0.10425532316534158
12 o 39 0.05636085121070222
12 p 56 0.060659893591805125
12 q 0 0.18919607206022593
12 r 38 0.0009243798933118441
12 t 24 0.0053393774721562925
12 u 20 0.005653477412214114
12 v 39 0.00788501015270715
12 w 59 0.06865050728374689
12 x 4 0.044303898748740744
13 c 5 0.006797271965449103
13 e 60 0.0643362202840918
13 f 13 0.11855207679910817
13 i 18 0.28692254137935214
13 n 47 0.0012196004468680854
13 w 24 0.03259492366421468
14 a 16 0.17388516913830887
14 b 10 0.049032963809832575
14 c 2 0.018317999300260013
14 d 31 0.07740029452765818
14 e 0 0.010523603488508892
14 f 33 0.057463236787249516
14 g 60 0.03156568696131623
14 h 45 0.014153963406809855
14 i 46 0.03173342698902837
14 j 37 0.035076478670668765
14 l 17 0.09917706301389562
14 m 9 0.04932116933273589
14 n 41 0.0071658975995704255
14 p 51 0.04641390007842894
14 q 22 0.14286463037242647
14 r 5 0.02355536022639748
14 s 48 0.027463135472189593
14 v 32 0.011543716662231862
14 x 58 0.048074267023164086
14 y 26 0.04125028681512333
15 b 36 0.1038310179730344
15 c 15 0.12819143333594774
15 d 56 0.054487035024227026
15 e 29 0.018715697068932502
15 g 48 0.07194319586536879
15 i 46 0.05423638636173911
15 l 32 0.01388293442579236
15 m 46 0.07699071147141012
15 o 29 0.1022570853062238
15 u 49 0.05924155433176381
15 x 52 0.2769156665045124
16 b 55 0.015187693398237334
16 c 43 0.01999457799676907
16 d 2 0.04969616281661027
16 e 29 0.14108598706771902
16 f 50 0.11653679951413554
16 g 28 0.019170111907880538
16 k 14 0.02625083139037021
16 l 54 0.02578554752851081
16 m 4 0.014353175814699637
16 n 34 0.0015389819288423867
16 p 26 0.13379240779768264
16 q 44 0.01659324448712063
16 r 27 0.04175074207108076
16 s 54 0.015325062403671819
16 t 22 0.12561717644953174
16 v 19 0.09154264478562868
16 w 55 0.039433344560750094
16 x 30 0.008045348191607293
16 y 16 0.011057872893536325
16 z 16 0.023043306914365513
17 a 56 0.3571684612911199
17 m 2 0.014321563175946128
17 n 1 0.07661852581527262
17 q 8 0.08008812310318258
17 t 44 0.0832046799528795
17 u 56 0.186450694003656
17 v 48 0.08094934814592147
17 x 59 0.07957893503005875
19 a 34 0.1278390074003264
19 b 1 0.0051816812928197065
19 d 48 0.05524351540361161
19 e 12 0.007752309352098696
19 f 39 0.06697420055645653
19 g 28 0.03791478811553306
19 i 35 0.00719787692213536
19 j 14 0.0019276892965889303
19 k 18 0.013844299080986833
19 l 57 0.1773822830422217
19 m 1 0.03101806106433369
19 o 20 0.008113300346011987
19 p 25 0.044188842468885436
19 q 59 0.15080899723702268
19 r 36 0.015137207288972943
19 s 37 0.035806955917010996
19 t 19 0.05596716655892542
19 v 29 0.003675912831838213
19 w 39 0.018045011419623003
19 x 57 0.0044867158578437705
19 y 34 0.03972310166875659
19 z 42 0.051177645308105646
20 g 31 0.09365341981421293
20 p 27 0.46180864756201756
21 a 28 0.021911116054541768
21 b 33 0.00502090107105424
21 d 50 0.02380383307663847
21 e 52 0.004799193192354445
21 f 12 0.0655376041214184
21 g 58 0.11298839762802848
21 h 4 0.09398585802831516
21 i 61 0.015863469212419323
21 j 13 0.005800574824747828
21 k 56 0.003377087708392179
21 l 17 0.03555827904538156
21 m 52 0.030160237431602788
21 n 27 0.051046409494901135
21 o 20 0.02553535029774212
21 p 37 0.00275063594830538
21 q 47 0.0033767446774234378
21 r 61 0.10355159151714566
21 s 54 0.03947309081115269
21 t 46 0.0009451537981758351
21 u 28 0.033872778310805485
21 v 39 0.06468493749519277
21 w 21 0.0014861464920992162
21 x 30 0.08270742547298249
21 y 14 0.050487073173524855
21 z 4 0.11827277102589584
22 a 10 0.022073614354839677
22 d 29 0.017401730636633417
22 e 55 0.02492666455537218
22 g 41 0.1653868888097939
22 h 7 0.024648013686958126
22 k 8 0.13202919202665597
22 o 35 0.08270618934401663
22 s 31 0.2710445234782314
22 t 36 0.14049778969456406
22 w 41 0.031101295655352357
22 y 12 0.005313271712613976
23 u 34 0.1913117334321125
24 a 26 0.020347862582057452
24 d 16 0.04081932214420969
24 f 40 4.651533494115512e-05
24 g 15 0.05540188007219049
24 h 18 0.12556819927649487
24 j 12 0.0017118338578574477
24 m 24 0.00464977966963509
24 n 36 0.26400364027424716
24 o 12 0.006234608003188757
24 q 37 0.01897946794649008
24 s 41 0.1797061033042382
24 t 45 0.047433887638897776
24 u 45 0.056832006235701504
24 w 49 0.02592488668507864
24 y 1 0.07236199904758756
25 a 14 0.10611068487872721
25 c 21 0.042626570865061275
25 d 61 0.0012891523726512588
25 e 12 0.09339768369799384
25 h 25 0.008115658714140661
25 i 27 0.00495676118186994
25 j 50 0.05105855269070114
25 k 57 0.2152217426976043
25 p 31 0.08462358737873321
25 r 39 0.04666730721661405
25 s 55 0.0834725458016452
25 t 32 0.04763892578189355
25 v 18 0.028856620731047666
25 w 20 0.048620761787909195
25 x 13 0.024924059583670832
25 y 58 0.006281216650966814
26 b 3 0.09285870554683462
26 c 2 0.10201293509099663
26 e 4 0.1794235565835154
26 h 53 0.044899540788147174
26 i 30 0.032245246326444876
26 j 31 0.039300113819658034
26 l 3 0.011109517069208041
26 n 30 0.051782711079193855
26 o 38 0.004019846003310401
26 p 54 0.10355888061204943
26 q 28 0.022921981206819875
26 r 21 0.02924179093737289
26 s 50 0.0052855139493400705
26 t 34 0.04988626073773861
26 w 38 0.08824985991659406
26 x 43 0.09128616200290018
26 y 56 0.012301553353702976
26 z 0 0.0036772642419728996
27 b 16 0.15938616738831068
27 e 3 0.08796629257876587
27 f 4 0.02888820546983062
27 g 20 0.019321745319837325
27 h 2 0.1228725131770464
27 i 52 0.07870852157280173
27 j 33 0.035051221180846026
27 k 19 0.09314976213707316
27 o 11 0.06651497526290673
27 q 32 0.014052643575187873
27 r 12 0.010184939398114712
27 s 59 0.04945229630872616
27 t 28 0.08082148651786136
27 v 11 0.018354998611625928
27 x 2 0.03174996049551482
27 y 24 0.06216340690033395
28 a 2 0.14313637634759235
28 d 14 0.11641254094225606
28 e 18 0.05637346807933774
28 g 61 0.16549950643630484
28 j 58 0.010039336926260245
28 n 51 0.19732687579264374
28 q 60 0.03817204747221592
28 r 22 0.07220960243653252
28 s 46 0.030535666539992956
28 v 26 0.020992941330556958
28 z 21 0.023472599338326017
29 c 45 0.09208785727608293
29 d 34 0.049167027379872996
29 e 50 0.006375984598918305
29 g 3 0.040149239736837705
29 h 12 0.02792579027912423
29 i 29 0.07143748454644294
29 j 15 0.1174756498930698
29 k 15 0.009095702617169077
29 l 37 0.2186406070014867
29 m 21 0.02520482305751659
29 n 41 0.018858780311870715
29 o 53 0.09436152722381286
29 r 43 0.020436526953693135
29 s 41 0.021164453587080856
29 u 22 0.05183783329673153
29 v 53 0.03895650834718023
29 w 38 0.02585239551762708
29 y 35 0.02339916774131645
29 z 5 0.035191662757101505
30 f 38 0.054912806408193404
30 h 59 0.024663176660780217
30 k 32 0.024376898933247015
30 m 32 0.16443793636528004
30 n 57 0.010050580151527044
30 o 42 0.027392026705401862
30 q 53 0.2995573878053077
30 w 36 0.12207010651169303
30 x 43 0.16936790407503777
30 y 16 0.022642522080907668
30 z 31 0.05184672306621829
31 c 58 0.14535513502380126
31 d 13 0.021814363070803533
31 l 8 0.14139808168184498
31 r 5 0.006850765735128994
31 s 36 0.19856763407205824
31 v 25 0.0429557725407681
31 w 6 0.02888731031796865
31 z 22 0.3760629790319414
32 b 16 0.6652186566955725
32 q 10 0.09311091270581795
32 s 35 0.05704415953614461
33 b 38 0.14909632800760642
33 d 30 0.03228446930275686
33 f 5 0.017388913903900294
33 g 42 0.041286868513790154
33 h 7 0.016251366506419895
33 i 43 0.020862451223660816
33 j 12 0.09304841513669004
33 l 10 0.035796613015574574
33 m 28 0.017031918912347677
33 n 38 0.13514439459300853
33 o 10 0.0016175285224929725
33 r 55 0.012880175871280208
33 s 61 0.09621665124236733
33 t 19 0.02457705500240126
33 w 17 0.11502629814340204
33 x 2 0.011228461111379318
33 y 53 0.007862767606900967
34 a 8 0.04298501734633897
34 d 52 0.10383995364080378
34 e 2 0.08145328213025216
34 f 28 0.050526139066738085
34 i 22 0.07402975106667398
34 j 3 0.0016511815860058565
34 k 30 0.1385127426677074
34 l 29 0.005082992613248627
34 n 27 0.051370065906066964
34 q 4 0.01766171545946471
34 r 19 0.014449162985097241
34 u 33 0.03090438510451654
34 v 46 0.05565284233189238
34 w 13 0.13370437383884404
34 y 24 0.06990176161484207
34 z 16 0.08639136017343163
35 a 28 0.09166614000466222
35 d 49 0.06494473995168948
35 e 41 0.14438079948122629
35 f 5 0.006496691066803506
35 g 0 0.028364043929256177
35 h 17 0.05283406302925964
35 k 61 0.15038430524614999
35 q 4 0.1101421653214405
35 t 28 0.21807919062365833
35 w 34 0.024483058415595393
36 a 54 0.18178409262605677
36 d 56 0.16284054420170646
36 h 36 0.013107176057853942
36 j 56 0.05733104113909471
36 n 39 0.042081155385030655
36 s 10 0.12348765144609408
36 w 15 0.05965617111740651
36 x 59 0.011505892685157337
36 y 59 0.01921302042850459
36 z 9 0.14097120871231217
37 a 30 0.006412433947697305
37 e 49 0.046363139971622225
37 f 48 0.06955055159492618
37 g 60 0.14771452577187738
37 h 21 0.1820873910492029
37 p 12 0.08041440361235375
37 q 60 0.08300223897040238
37 r 13 0.007156099707472663
37 s 49 0.0035486913039922685
37 u 26 0.04757025756381594
37 v 52 0.004275087103572717
37 w 46 0.028509806765609547
37 y 24 0.07639522644208163
37 z 55 0.050424506310784545
38 a 43 0.21324945681991547
38 d 17 0.16891745831768412
38 h 21 0.02487762843495611
38 i 18 0.006909186986028937
38 o 33 0.054956544518626305
38 r 60 0.004401661815144009
38 u 53 0.07653035540225839
38 y 55 0.36614013578907256
39 f 8 0.614976846864576
39 g 23 0.13694393448822706
39 w 39 0.15626016837483148
40 a 32 0.26670065710110713
40 d 43 0.015176229291326448
40 f 35 0.09521641389777002
40 g 25 0.012641195092601976
40 j 55 0.006154562825803289
40 k 0 0.028426733494497092
40 l 57 0.021794521083933094
40 m 54 0.0020446452155047368
40 n 56 0.030677481958886088
40 o 2 0.013480658001116974
40 q 55 0.007053019510323111
40 r 35 0.18151703403653952
40 s 22 0.0057260095243713005
40 t 1 0.0325964779967135
40 u 36 0.06691957322897801
40 v 41 0.00381228090926633
40 w 30 0.019384768912392825
40 x 39 0.07457730567489418
40 y 18 0.028376185622313366
40 z 11 0.052727286129156004
41 a 61 0.047642294095839643
41 b 54 0.04821865277294579
41 c 56 0.0211291290954857
41 d 56 0.0003783908455355922
41 e 17 0.04961414097950256
41 f 21 0.011168074252536742
41 g 26 0.06849759312726111
41 h 12 0.05415342691479863
41 i 20 0.04666813812879722
41 k 31 0.005657542668737081
41 l 53 0.035585496774122705
41 m 50 0.053216112445559904
41 n 30 0.033115845379535935
41 o 35 0.03480725239050664
41 q 10 0.1014414386296788
41 r 5 0.05245841632270842
41 t 33 0.03018022001262377
41 u 51 0.12658813123559953
41 v 36 0.004494596388210481
41 w 22 0.05628223852632663
41 y 0 0.015824588394566352
42 b 33 0.047885657849441654
42 c 32 0.03360743579752179
42 d 28 0.07192325080224304
42 g 27 0.03301840578408366
42 h 37 0.06988069781986128
42 m 8 0.05122671618444685
42 p 8 0.07782889893714529
42 r 11 0.14904369124612904
42 s 27 0.014622502668419357
42 t 4 0.21138202081405055
42 w 32 0.11321426103095444
42 x 42 0.076546671552987
42 y 37 0.0064514630016816454
42 z 0 0.023120073441523448
43 a 2 0.06000303893446135
43 b 17 0.0030643157468482896
43 c 27 0.0373186620714645
43 d 25 0.15572816647526666
43 e 33 0.01891461280030815
43 f 34 0.007755438759510458
43 g 61 0.04893263777408452
43 h 10 0.01185351092057818
43 i 8 0.05657272188808893
43 j 46 0.01185359065564795
43 k 57 0.023485814353691348
43 m 35 0.027174495132273102
43 n 15 0.04460268308379689
43 o 46 0.0379628103703189
43 p 8 0.02777541272672468
43 q 45 0.017352130109292485
43 r 51 0.0292309658970904
43 s 48 0.06683603285805739
43 t 59 0.009330300561062543
43 u 50 0.09770766763069039
43 v 21 0.019391852211512628
43 w 49 0.0555243775815204
43 x 26 0.009636888680214062
43 y 45 0.02051048089833707
44 b 17 0.12719214195630313
44 c 14 0.03751221020846984
44 d 16 0.020653694719765192
44 e 43 0.027432675064906986
44 f 45 0.018848024606444524
44 g 3 0.03836953443319158
44 h 5 0.03255782211638014
44 i 49 0.03213800646916276
44 j 7 0.01989989294093575
44 k 27 0.058642853097947034
44 l 18 0.027363167939760014
44 m 16 0.045229534859706155
44 n 22 0.024325890026062114
44 o 41 0.025506599824346554
44 p 7 0.011946728998156408
44 q 43 0.08215740450541864
44 r 10 0.005137230313145058
44 s 9 0.037489199566506426
44 t 20 0.03713580377298609
44 u 54 0.036689409885315105
44 v 34 0.015736774841006884
44 w 36 0.11369734750527849
44 x 51 0.04889861965393938
44 y 4 0.03869521095841888
44 z 28 0.018613820400605996
45 d 19 0.023498159060234558
45 e 22 0.27599165889096533
45 g 43 0.05424431339708191
45 i 19 0.05141941043451159
45 q 18 0.012957856047074223
46 a 14 0.03814859288069228
46 c 30 0.07711602621074165
46 d 20 0.028202752184628643
46 e 33 0.026063558909526052
46 f 31 0.0034659581097696845
46 i 32 0.013125723089968733
46 l 9 0.17732256703001803
46 n 60 0.04843383779522359
46 o 5 0.03971060579879249
46 p 43 0.18676132054448857
46 t 3 0.055374982027624475
46 u 61 0.005838663137938682
46 v 7 0.05098633628929872
46 w 16 0.10604436263055428
46 x 30 0.002671858891644119
46 y 7 0.02920402775644193
47 a 25 0.014813555084066121
47 b 60 0.017326392939143842
47 c 38 0.01853725184581856
47 d 46 0.0021593195383705632
47 f 18 0.050364407192875715
47 g 11 0.002343420557947673
47 h 53 0.005248638717585852
47 i 48 0.20052567772057273
47 j 10 0.014940989743622679
47 l 0 0.12684461399754332
47 o 11 0.0011477469578557997
47 p 45 0.018749967610844354
47 q 33 0.04882361232420318
47 s 50 0.06691221881085108
47 t 27 0.2560301344168663
47 u 29 0.03756165943024403
47 v 17 0.0294265988790553
47 w 18 0.030768929372291032
47 x 61 0.028914473225811976
47 y 47 0.006978796007943822
47 z 33 0.011809086713770012
48 b 1 0.21308630452718014
48 d 16 0.02390199831740991
48 j 57 0.1179757520695478
48 n 50 0.005668222173738857
48 o 57 0.184569549320743
48 q 51 0.02534923212040352
48 r 45 0.23226003785436355
48 s 18 0.090606615480472
48 t 48 0.00857592342179514
48 v 33 0.035584585199771035
48 x 40 0.02198246420065908
49 a 54 0.1073933140722777
49 e 25 0.5555644020687225
49 m 22 0.03017154538077127
49 y 32 0.27348202768663277
50 c 20 0.004991443517508687
50 d 16 0.03496610254769161
50 g 52 0.13212941027838865
50 i 56 0.10653568383839496
50 k 16 0.07994082241543532
50 m 50 0.0022372805489284664
50 n 0 0.12154706938418791
50 r 47 0.07826021995067178
50 t 30 8.146494111183067e-06
50 u 6 0.14143600515242094
50 v 11 0.0011128958216533036
50 w 54 0.04570869416940082
50 y 51 0.22234758383766473
51 a 34 0.1016350759597423
51 c 43 0.2634273819602284
51 i 44 0.4105874923554277
51 n 40 0.10572503899391783
51 o 41 0.06598098785594309
52 c 16 0.037213101632965095
52 d 42 0.002689291865739518
52 f 46 0.11996174194184805
52 g 7 0.06769896535668307
52 i 55 0.016147346332767376
52 j 34 0.2169111781487688
52 m 39 0.010354451540671716
52 n 37 0.0721186746991328
52 o 48 0.011138718071191933
52 p 28 0.013122826788816933
52 q 28 0.0184016106462751
52 t 6 0.09674681220684966
52 u 6 0.051294508870716515
52 v 35 0.025265405654807616
52 w 18 0.010109578865531654
52 x 5 0.05673639335823255
52 y 25 0.004473785327620883
52 z 22 0.035041827185449015
53 b 5 0.01920683581837712
53 c 28 0.09713339428443768
53 d 43 0.07444245400809457
53 e 56 0.003181422697640879
53 g 36 0.03760920569702009
53 h 21 0.09704417060028914
53 i 36 0.10031456071731737
53 j 16 0.04124475959779195
53 k 29 0.009687365786432811
53 l 13 0.0020118777707166524
53 m 49 0.005615202170810907
53 n 31 0.12183040058983807
53 o 20 0.028708786348333293
53 q 11 0.0673589602840744
53 r 21 0.06724240486374244
53 s 42 0.018776852580924208
53 t 3 0.06473253503766951
53 u 35 0.020165306739409194
53 v 36 0.012603522281997348
53 x 52 0.018236239037721202
53 y 42 0.02041742512460243
53 z 35 0.0699367184757349
54 b 34 0.04018859008470321
54 c 37 0.08925039039407312
54 d 49 0.1286902992400344
54 e 32 0.1626536038566503
54 g 39 0.07838347728220241
54 i 61 0.10422088035881516
54 j 13 0.029533334278052714
54 l 23 0.00549460847084926
54 n 58 0.049806872220120924
54 q 59 0.13729793732985818
54 t 42 0.005756793176239672
54 u 60 0.0007792305321238091
54 v 8 0.023409556097457762
54 w 25 0.00213806533267491
54 x 38 0.0828800002286072
54 z 37 0.026074799673495352
55 c 40 0.46907609937573846
55 d 49 0.0681686582394525
55 i 28 0.04021326441477202
55 u 27 0.08902713336783719
55 x 13 0.08906101688485957
56 a 39 0.014105169665231343
56 b 5 0.03767526367695595
56 f 5 0.012606758944644136
56 g 44 0.03626600968952576
56 h 47 0.0011139161346169768
56 i 12 0.01735350396522939
56 j 61 0.04391373902907314
56 k 35 0.007148474208538813
56 l 45 0.0674865719622395
56 n 44 0.17950390906890923
56 p 60 0.0956586632243549
56 r 50 0.01609250877620927
56 s 1 0.04415197246278291
56 t 57 0.022980993854413212
56 u 39 0.057478632473676905
56 x 26 0.2347070880839861
56 y 35 0.05418623926667754
56 z 5 0.0172056040238876
57 a 44 0.019579256215418228
57 b 46 0.0938174382974607
57 c 31 0.0482683113354776
57 d 2 0.02902662531120881
57 e 17 0.01960027957672883
57 f 1 0.016692050525932478
57 g 58 0.04536939938882434
57 i 25 0.02760330253583787
57 j 35 0.04109423482496877
57 k 26 0.009361651641941249
57 l 34 0.03586323193137764
57 m 20 0.07572538425069208
57 n 45 0.022775453472861917
57 o 52 0.06478062313303534
57 p 55 0.023825662935091252
57 q 32 0.012839833271987455
57 r 48 0.02402930837117212
57 s 50 0.20685658066781665
57 t 25 0.02455814267616896
57 v 56 0.03226365621567273
57 w 13 0.032873514086070865
57 y 14 0.010208216160169425
57 z 56 0.07762259266309701
58 a 12 0.046424106323382563
58 b 38 0.00860692710922173
58 c 32 0.05829227097983136
58 d 49 0.007717680725355391
58 e 51 0.05542102273021132
58 g 11 0.257420981717271
58 h 17 0.025741782301384353
58 j 51 0.026390413444765226
58 k 48 0.038059065873331965
58 m 6 0.07319639270900269
58 n 19 0.02870511821539512
58 r 31 0.062138527996840054
58 s 50 0.006505435225575229
58 t 47 0.008002086245401108
58 u 59 0.0919536107472756
58 v 29 0.06357180631069337
58 w 58 0.01213482285970846
58 x 0 0.012045381442469472
58 y 16 0.039918211702924644
59 a 11 0.07989490029365953
59 b 40 0.09045253295083733
59 c 45 0.0525038357567551
59 d 45 0.019354047413359443
59 f 11 0.00929536416134269
59 g 43 0.009023869619700586
59 h 52 0.03051770364430373
59 i 12 0.022532377643613488
59 j 3 0.03625431319472472
59 k 54 0.015893823719964506
59 m 57 0.05642460535934679
59 n 29 0.168385933796937
59 o 22 0.042253042120031226
59 p 33 0.02343904661322016
59 q 6 0.00168017022994571
59 r 22 0.10007803638800739
59 s 1 0.040600550719341655
59 t 49 0.001693620605984325
59 u 28 0.006219574869316569
59 v 11 0.03161726168508794
59 w 16 0.023605184774120658
59 x 52 0.015682255403564715
59 y 24 0.021170577602073082
59 z 3 0.04339706647175645
60 a 44 0.05857126719057304
60 d 54 0.01239131123217685
60 f 1 0.0122364080977867
60 i 52 0.10210260341079835
60 j 2 0.029781633290985265
60 k 61 0.08409002438677904
60 l 18 0.02285576352356533
60 m 19 0.11470586509090219
60 q 21 0.2802754026977562
60 r 26 0.034463506246148023
60 s 38 0.011212590260918032
60 t 24 0.11457699497815121
60 u 46 0.02459482048951034
60 y 33 0.09429733498738624
61 a 11 0.010668995837716189
61 b 25 0.04568515128777351
61 c 52 0.06959300303058091
61 e 1 0.007633547932688112
61 f 17 0.0868878258209217
61 g 25 0.07831361431084949
61 h 30 0.03507044023859385
61 i 26 0.014291531324879148
61 j 41 0.007995850529166293
61 k 23 0.07832328976661995
61 l 43 0.026643679176151736
61 m 42 0.03666932912387555
61 n 49 0.033845267627633624
61 o 54 0.01115494802023842
61 p 27 0.010200565141426643
61 q 51 0.028479443094349466
61 r 10 0.04695940183614011
61 s 42 0.03167992593380631
61 t 56 0.06903679321591272
61 u 5 0.03771149121141537
61 v 18 0.07186091744463863
61 w 59 0.03639152725751571
61 x 38 0.019112986779340924
61 y 32 0.05723663107062771
61 z 57 0.03805335675720445
