150 26 1874
0 0.03110274813557823
0 0.034424756422521186
0 0.890841159053744
0 0.03251987899190034
0 1.0
0 0.06135222283217223
0 0.1910769722259903
0 0.06830694584750485
0 0.2291365188007215
0 0.02417635731158596
0 0.015656157864505693
0 0.09862637951294795
0 0.13700852836256694
0 0.09402014248884083
0 0.41243766059085696
0 0.004945365223537945
0 0.010167949030876478
0 0.12883006567455002
0 0.07134234087220581
0 0.15064206638102307
0 0.012215618518173543
0 0.02220370535666505
0 0.1558737166471268
0 0.14287736467618373
0 0.032255169917463467
0 0.011369517950176156
0 1.0
1 0.0010930774050036396
0 1.0
0 0.0343940788074073
0 0.0825370478810602
0 0.16023471069286643
0 0.14383825309317855
0 0.017690297711447256
0 0.1972430267218408
0 0.006385815396913519
0 0.025094434240038654
0 0.09594142424935692
0 0.010595251380068893
0 0.08188469136741572
0 1.0
0 0.0301272511558055
0 0.14188457395194154
0 0.017069702862275937
0 0.23005274693902877
0 1.0
0 0.1426568256873768
0 0.035606833789185166
0 0.32114908803691833
0 0.034018005996281464
0 0.3184570623419535
0 0.4513982190165564
0 0.13669005018262304
0 0.021983477190739342
0 0.01202864268884285
0 0.022306129777348915
0 0.4494209806589692
0 0.1340374864289421
0 0.040056052614929616
0 0.20109646098988732
0 0.057850176473524084
0 0.07959799010912005
0 0.04011609657162607
0 0.00018893060009073093
0 0.11002896554816799
0 0.09690364798899664
0 0.0034573693055520716
0 0.01716113146556819
0 0.03510799973139822
0 0.25231595611473656
0 0.030510398472298195
0 0.0003811065396375213
0 0.04658053344879365
0 0.013291442780069995
0 0.06950551244856829
0 0.005290135756096159
0 0.005256757728845485
0 0.09561865772281453
0 0.06469283003123927
0 0.08131033225661799
0 0.016722425405529484
0 0.03352182813239568
0 0.07196684535980369
0 0.0501542505874204
0 0.026591105759731226
0 0.11344889834299687
0 0.053149699635800074
0 0.004181127613849589
0 0.0591611050844133
0 0.08776489542311561
0 0.01788905576328592
0 0.34971231188902174
0 0.6705489096549045
0 0.1871404965422354
0 0.030566606350738934
0 0.12653434589525892
0 0.17737908657869883
0 0.15309902072146242
0 0.33342341833380673
0 0.01745016357667961
0 0.023345624164669232
0 0.03452055013216715
0 0.19208854631271988
0 0.34367477721720274
0 0.12103836589650818
0 0.20293962498817386
0 0.019710377831119508
0 0.1250738604164775
0 0.050944516625627934
0 0.12838891130335706
0 0.05661632557245089
0 0.008483915320830926
0 0.08591348291113843
0 0.016430654733801897
0 0.007260439397666962
0 0.03087491892661387
0 0.19942042914089064
0 0.03198650111199508
0 0.005908945439824453
0 0.09818953664899333
0 0.070944371145513
0 0.012356691214941873
0 0.020503507594057724
0 0.037539820499860044
0 0.020283520349785866
0 0.11076975257836807
0 1.0
0 0.47811265567873007
0 0.02837010505993498
0 0.036890549683800344
0 0.047512719701774064
0 0.04410350130660223
0 0.1649967719823643
0 0.0965459300162389
0 0.6637249494972541
0 0.010735335850975747
0 0.07183790407482882
0 0.0031747881535785227
0 0.030544663279963302
0 0.02876376562076266
0 0.05364786366154539
0 0.38510183163781153
0 0.0335801620435735
0 0.07596297751616798
0 0.04766378023318185
0 0.06732577908929105
0 0.032443937238028187
0 0.01069271328775212
0 1.0
0 0.22101791625899692
0 a 54 0.007257505033983702
0 c 115 0.009219635615419608
0 d 133 0.01086730580150741
0 e 116 0.1474396776543887
0 f 119 0.12827266254082914
0 g 60 0.09042283346170155
0 h 37 0.022427887053711237
0 i 114 0.08149039529735369
0 j 123 0.007839229271760395
0 k 21 0.04841319851962467
0 l 48 0.010155301778462245
0 m 140 0.09375500598315001
0 n 65 0.033017075850947264
0 o 129 0.005738038217225405
0 p 110 0.050140706379979916
0 r 3 0.03558603330608534
0 s 14 0.03973721658388041
0 u 31 0.046652126306108044
0 v 133 0.058424585997110534
0 y 23 0.0005578592070484278
0 z 98 0.04148297200414408
1 b 59 0.0077677084187699474
1 c 30 0.0867784169233754
1 d 98 0.06628855091221975
1 e 75 0.02929799995508031
1 f 90 0.019400938952004454
1 g 144 0.021198054441542658
1 h 94 0.07931376248852318
1 i 4 0.00414720530081214
1 j 104 0.014724264512637864
1 k 94 0.008541717692478579
1 l 46 0.026231600298788238
1 m 83 0.0012333258784470447
1 n 113 0.12518107914753096
1 o 146 0.01873299311906118
1 p 8 0.027497498576917523
1 s 62 0.14718565940602202
1 t 110 0.05512710151447453
1 u 56 0.036283592302201906
1 v 54 0.011670733674979172
1 w 84 0.07222203331455435
1 x 49 0.0935676576604727
1 y 64 0.0064383254100026654
1 z 35 0.006745023676582251
2 h 67 0.10915884094625605
3 a 42 0.05812747387185935
3 b 125 0.018358017720899955
3 c 103 0.007830331969354454
3 g 141 0.20519485802513515
3 h 85 0.35416693135871025
3 i 75 0.0003314929082578466
3 k 15 0.08784900350015834
3 l 97 0.06561264382431498
3 n 64 0.019853906809468858
3 o 3 0.035007877192308245
3 r 22 0.11300154247952765
3 t 26 0.002146041348104588
5 a 139 0.10543915254260383
5 b 142 0.01993447145942495
5 d 94 0.011231563951733192
5 i 38 0.07295045318809024
5 j 142 0.2741721493086733
5 k 1 0.0017904054251474122
5 o 112 0.04566655396440222
5 p 5 0.048053882294226025
5 r 66 0.12193169740810939
5 s 63 0.048538274035817675
5 t 78 0.0317752232795987
5 u 42 0.0027128168529412244
5 w 147 0.08823201704883288
5 y 114 0.012900235679863203
5 z 75 0.05331888072836355
6 l 7 0.060863467321634834
6 n 115 0.2521514957028297
6 p 113 0.08598343767977679
6 r 57 0.2823733021272481
6 s 87 0.026953708456925685
6 u 134 0.022050992975363393
6 z 96 0.07854662351023123
7 a 84 0.00376323582357474
7 e 149 0.04309083173181305
7 f 106 0.009444307026432619
7 g 31 0.11185951061276511
7 j 48 0.1063348298544774
7 k 106 0.0125199335089472
7 l 24 0.04491707055882199
7 m 14 0.2503104692099263
7 n 145 0.022163819100985083
7 q 71 0.03878924910835624
7 s 125 0.060711487403890985
7 u 93 0.004572173313474259
7 v 47 0.06195920400127697
7 w 45 0.01241516183659952
7 x 60 0.04720775280706391
7 y 59 0.01494305236595228
7 z 85 0.08669096588813752
8 k 60 0.07135993443937083
8 l 44 0.010736076099236436
8 p 120 0.0323158598244222
8 z 117 0.656451610836249
9 a 74 0.0026827077984096226
9 b 19 0.005098081447199476
9 c 29 0.03715953660124294
9 d 47 0.08512698050380696
9 e 45 0.002742502038536543
9 g 128 0.09133534232962259
9 h 115 0.002733038660908793
9 i 41 0.06089458686554239
9 j 99 0.08978358228257255
9 k 25 0.04777451079009687
9 l 80 0.06162799860017809
9 m 148 0.045817915012364874
9 n 131 0.006515775046142203
9 o 104 0.01599934024700511
9 p 71 0.014928248676990719
9 q 123 0.0330542551554901
9 r 91 0.10767566223377256
9 s 110 0.028342910296528134
9 t 14 0.006895711075560085
9 u 61 0.026366782482623696
9 v 12 0.10377520854825284
9 w 136 0.05345235284456673
9 x 138 0.005144328736844561
9 z 138 0.040896284414155604
10 a 45 0.01939433012194891
10 b 55 0.0009907016640725574
10 d 60 0.0025470309414542536
10 e 83 0.010173286805984949
10 f 133 0.0483739996050595
10 g 102 0.01412403357438019
10 h 119 0.00621731293782557
10 i 94 0.057031400251374875
10 j 105 0.01403634380828489
10 k 72 0.14820253090176227
10 l 14 0.03570164528326403
10 m 59 0.02753585934897307
10 n 24 0.036026883494485906
10 o 119 0.06418421293298726
10 p 94 0.09284757050894032
10 q 49 0.017062186739968732
10 r 132 0.027281636505359752
10 s 106 0.0332864672519213
10 t 131 0.14869410586921072
10 u 90 0.043198691564694136
10 v 142 0.0473993329720368
10 w 51 0.056549157694012475
10 x 104 0.010521482888826705
10 y 95 0.02035091475038897
10 z 141 0.0026127237182761442
11 q 140 0.03568308108604357
11 s 37 0.4569330204566475
11 u 126 0.40875751894436096
12 a 104 0.014607461449233194
12 c 62 0.03109067666388765
12 e 125 0.03738062899047234
12 f 140 0.006870016888941621
12 h 144 0.004652002122472743
12 i 111 0.10099075288535575
12 j 61 0.012526330661198237
12 o 74 0.06852419087605055
12 p 88 0.007335680818914669
12 q 91 0.0023617658147901954
12 r 55 0.05308590437765581
12 t 11 0.014984698141325747
12 u 125 0.20383566748743942
12 v 145 0.10101124238374803
12 w 0 0.008024847804080415
12 x 22 0.05287444509299699
12 y 93 0.10428539983536256
12 z 37 0.03854975934350713
13 e 144 0.1423613154307155
13 l 68 0.3626324897259966
13 p 88 0.23614223443859383
13 q 113 0.11437219085004824
13 x 50 0.030806688557149964
13 z 60 0.019664938508655028
14 d 82 0.028189010396201253
14 j 49 0.2590035352824229
14 q 95 0.30036979373051886
15 a 25 0.08380173882644182
15 e 42 0.005151551320056402
15 g 35 0.06439116243102605
15 h 4 0.2393574497905162
15 j 81 0.30011825776954537
15 m 87 0.1256173789982623
15 p 63 0.1004582588322448
15 s 126 0.024847118460989748
15 x 85 0.051311718347379354
16 a 38 0.03209155282971243
16 b 33 0.0749885701046421
16 d 12 0.008421285322604
16 f 110 0.020795073680045517
16 g 129 0.12080272912776735
16 h 69 0.0060356695675335414
16 j 43 0.13284721674051858
16 l 147 0.1326951644700357
16 m 142 0.12710588218592977
16 n 10 0.0701277644392575
16 o 116 0.006722000030842223
16 s 95 0.016032702029544654
16 t 54 0.039226597537486474
16 u 35 0.010864015007835626
16 w 109 0.10332060634292395
16 y 74 0.0713984157250609
16 z 70 0.016356805827383192
17 b 30 0.022370456008662165
17 d 53 0.019225874549687716
17 e 122 0.07406310031478303
17 f 67 0.046568477233494554
17 i 8 0.19282409147246526
17 j 59 0.017488994350431497
17 l 101 0.03899774934325073
17 m 97 0.04178850144471813
17 n 29 0.0459677134163291
17 p 58 0.014783121287096135
17 t 44 0.017564575397731153
17 u 141 0.009270247850656332
17 v 55 0.07978398263511854
17 w 40 0.04253586817060839
17 x 41 0.1695497202334384
17 y 101 0.03838746061697884
18 b 66 0.00017056627261002877
18 d 58 0.034549879310180165
18 e 136 0.05454869705669663
18 f 47 0.06479419801530073
18 g 76 0.007888104605496604
18 k 141 0.07761266699709102
18 m 23 0.12552715078634225
18 n 141 0.018294741832381
18 o 93 0.01870118614101368
18 p 88 0.03831829180858637
18 q 143 0.012170240739221905
18 r 74 0.015356748658490349
18 s 15 0.10835762167391005
18 t 111 0.09371875456546186
18 v 110 0.03211705963081324
18 x 107 0.16879503981248112
18 y 118 0.057736711221717196
19 h 59 0.6897826994405164
19 r 147 0.11020335965973937
19 u 78 0.04937187451872116
20 b 70 0.07825378754345369
20 c 141 0.0053083622353121696
20 e 84 0.018162463431652842
20 g 8 0.05706521103683815
20 h 140 0.07990523249186232
20 j 6 0.036689389573999365
20 k 30 0.15880657150128663
20 m 72 0.022925941732889865
20 n 148 0.042037959383503076
20 o 83 0.006533604622403266
20 p 89 0.13503123242004267
20 q 139 0.14126533548232745
20 s 88 0.11068275734213084
20 u 87 0.0014858866569077422
20 y 140 0.09363064602721638
21 b 68 0.07519779494940015
21 d 96 0.00600270774935141
21 f 42 0.0014763846453298424
21 g 115 0.16036878173119806
21 h 68 0.25158249995591686
21 m 73 0.05469186915502411
21 o 146 0.23119561811418976
21 r 84 0.09368544749307872
21 t 24 0.06395866901825042
21 x 80 0.014628242374366773
21 y 60 0.025008279457228832
22 a 102 0.012195712303170958
22 d 44 0.013342781144446203
22 f 16 0.30768308431062286
22 h 95 0.27835565831524167
22 i 112 0.005296938044727972
22 p 136 0.04084882272308832
22 u 110 0.13942678431052913
22 z 129 0.0469765022010461
23 c 32 0.5083913002799808
23 d 11 0.1192848496704706
23 g 137 0.036834771481358164
23 j 121 0.13469764801793127
23 y 116 0.05791406587407544
24 a 27 0.019511899437034463
24 b 32 0.010240387112016691
24 c 63 0.1348961918106113
24 e 126 0.017393821346274096
24 f 50 0.004340025444002138
24 g 87 0.0006800425390918186
24 h 136 0.020925361214387928
24 i 78 0.024662323868349212
24 j 108 0.006621979442957948
24 l 10 0.02539711990730953
24 m 90 0.044583443526222566
24 n 111 0.008733506376893074
24 o 139 0.012640227602953247
24 p 118 0.033904290298475415
24 r 149 0.04338831629728612
24 s 126 0.11586422487722314
24 t 84 0.034355961047142114
24 u 11 0.07246712970044189
24 v 78 0.04846976454644192
24 w 146 0.03747371375800612
24 x 93 0.12611293422126102
24 y 117 0.058758243038900426
24 z 3 0.06632392266925435
25 c 3 0.0063260958328688055
25 d 51 0.14781964698760997
25 e 108 0.021491164315597944
25 f 148 0.03482359484861519
25 g 50 0.03157096805147064
25 h 11 0.04655030474523503
25 i 18 0.07727890616114885
25 j 102 0.002579835255068108
25 l 78 0.09889664239036355
25 o 11 0.012823615562082447
25 p 47 0.12459921603789514
25 q 69 0.04065712357835327
25 t 120 0.06934715766580557
25 u 46 0.0492857732148797
25 v 43 0.032229738099147864
25 x 36 0.10764527952395475
25 y 107 0.08470541977972701
27 a 7 0.01937059022638099
27 b 38 0.0013358117951534076
27 c 121 0.06461383115375752
27 d 43 0.1290321026063519
27 e 116 0.0782099980809331
27 g 72 0.00864049953905055
27 h 140 0.018581964332696987
27 i 145 0.13411065462634875
27 j 78 0.026438134877977415
27 k 32 0.04318215049397078
27 l 59 0.012773593499833646
27 m 135 0.001177477287945039
27 n 110 0.0007205996008841087
27 o 45 0.024521536903915564
27 q 19 0.0019528303119976664
27 r 128 0.013652118596399365
27 s 109 0.00680439492412499
27 t 142 0.15941340319829655
27 u 71 0.05346577596941837
27 v 61 0.018326843700869122
27 w 115 0.14073430233784145
27 x 59 0.03499667815774965
27 y 25 0.0026647639123150713
27 z 32 0.004186866460784366
29 c 6 0.003397498994625714
29 d 8 0.004168945285676684
29 e 65 0.06438862287884906
29 f 119 0.001765141689668348
29 g 3 0.03030216693962573
29 h 64 0.06339315917740351
29 i 83 0.12379630806006492
29 k 30 0.008676068329232733
29 l 95 0.0873129272825246
29 m 71 0.18455010131285499
29 n 60 0.08462019226265682
29 p 0 0.03467725297035584
29 q 4 0.036402905948057174
29 s 109 0.05007605394241654
29 t 40 0.09097055780625962
29 u 128 0.05730879047954207
29 w 17 0.0020163758222585537
29 x 70 0.016386587187048107
29 y 146 0.021396264823471678
30 a 118 0.012468902962867956
30 d 25 0.15230576834428933
30 e 30 0.01887101224933363
30 f 39 0.008308339517876129
30 g 94 0.22371233286240666
30 h 114 0.01839543951990341
30 i 65 0.06522728325406335
30 j 75 0.011622031298349267
30 m 127 0.023075603877145467
30 p 116 0.036164961372960325
30 q 49 0.07983755137064996
30 r 32 0.10721241562300077
30 s 119 0.012629293575263545
30 t 148 0.03087743655623343
30 v 35 0.012793707330901904
30 w 68 0.003781054984955956
30 y 31 0.10017981741873871
31 a 44 0.363615908623108
31 g 53 0.1998069999616403
31 h 2 0.0012184960354679752
31 o 47 0.04105876764760019
31 q 147 0.026172731212313227
31 t 144 0.017477984486924614
31 w 15 0.050244277995457276
31 z 104 0.14017012334462198
32 b 135 0.03739661031577346
32 c 131 0.05472852176087473
32 d 59 0.08812055901898663
32 e 36 0.09697902280287829
32 g 12 0.12211485321685189
32 l 54 0.026771364182218815
32 m 13 0.040351073987612174
32 o 65 0.009196224662623598
32 p 110 0.02882822535580154
32 q 86 0.021316447416704354
32 r 144 0.021306252057284092
32 s 146 0.12465106324669006
32 t 11 0.05223022427521029
32 u 6 0.08006234070428375
32 v 141 0.009886235458386405
32 x 119 0.004316192852261036
32 y 149 0.03790653559238033
33 a 108 0.010831906118427881
33 b 35 0.02056436476227641
33 c 104 0.08204537715644555
33 d 11 0.033158328195707076
33 e 118 0.004755699369135891
33 f 46 0.06387470363065673
33 g 74 0.05683532157648563
33 h 14 0.005757137818734104
33 i 133 0.007720799285967583
33 j 111 0.021715449615071325
33 k 67 0.04345307840591228
33 l 13 0.08116830535511532
33 m 74 0.009406281695874985
33 n 102 0.01998838903016642
33 o 80 0.03360392467710693
33 p 43 0.07741482740253891
33 q 60 0.022136315536399942
33 r 82 0.14445722621385015
33 s 4 0.060170260258122665
33 u 130 0.022667344342284346
33 v 20 0.020261519317961052
33 w 43 0.035666990972801904
33 x 113 0.0756612691711307
33 y 119 0.022833361823940135
33 z 57 0.006161520556438815
34 a 134 0.059150989409291754
34 c 89 0.03671785816170425
34 e 127 0.006412090312707175
34 f 133 0.033313244158337474
34 g 3 0.0808556248013349
34 i 54 6.217586233248085e-05
34 k 10 0.03204526517061124
34 l 58 0.08208229623320884
34 n 12 0.04558574017052697
34 o 87 0.05622914075937413
34 p 143 0.03994697801936675
34 q 59 0.0017533307500364748
34 s 0 0.02888946851831442
34 u 97 0.03515570421567915
34 v 146 0.2587098918439552
34 x 104 0.005420532853019688
34 z 135 0.0004266420383582936
35 a 100 0.006613137064275687
35 b 8 0.015187142901757267
35 c 69 0.011259101843570374
35 d 76 0.16878916325188875
35 e 121 0.12487385439557519
35 f 73 0.04407239895117199
35 g 42 0.060790268037064554
35 h 58 0.0056875507952837134
35 j 2 0.01136098526806617
35 k 91 0.0815215224948973
35 m 129 0.19832601512745063
35 n 4 0.05640367898926535
35 o 34 0.00471067756480581
35 p 149 0.02798290416580118
35 q 101 0.014394582437011971
35 r 35 0.008058350923206392
35 s 103 0.011607140347317135
35 t 78 0.02358728362681739
35 w 117 0.10232139176918587
35 x 148 0.01606703464867376
36 a 8 0.03854913964792872
36 d 123 0.011260169742165815
36 g 129 0.0835552241049452
36 h 18 0.18647493373849444
36 n 80 0.04134594118927448
36 q 111 0.2119380231092941
36 r 49 0.004023388235501524
36 u 77 0.1473730783603402
36 x 148 0.12733736260045536
36 y 93 0.0035208170715865794
36 z 96 0.11952748795997492
37 c 129 0.005649513099011738
37 f 6 0.053824311981271133
37 g 94 0.011067407322644218
37 i 99 0.04716279213496033
37 j 109 0.0293973110322987
37 m 16 0.08412388183668906
37 n 56 0.12102597230476353
37 o 14 0.033922220194204544
37 p 124 0.1098999776672469
37 q 19 0.008694340351344532
37 r 72 0.08493913657057417
37 s 11 0.06356496167071268
37 t 145 0.04385246972697865
37 v 93 0.10839297239244006
37 w 5 0.0035115406011662076
37 x 120 0.09412278551728515
37 y 117 0.000906981347051472
38 b 45 0.2085933737080159
38 c 55 0.010652231447254468
38 e 144 0.09611703256520499
38 f 92 0.01678859750345829
38 g 99 0.03332422380477318
38 h 100 0.07984091453110154
38 j 104 0.0012803639647799292
38 k 50 0.01969512219018732
38 l 55 0.05171173566458942
38 m 70 0.006511732934184944
38 n 54 0.013046225814803192
38 o 91 0.02443483283818282
38 p 33 0.05123276307641145
38 s 126 0.0005166396703458753
38 t 89 0.09059849250785568
38 u 129 0.07056192089709168
38 v 115 0.07686838483668501
38 y 85 0.13763016066500544
39 m 44 0.9181153086325843
41 b 26 0.00256353925587538
41 c 46 0.0362746851015866
41 e 26 0.007298444694240125
41 g 7 0.0980555046679189
41 i 27 0.10299345654666514
41 j 88 0.0879617567668548
41 k 30 0.01011155144860898
41 l 60 0.018813188210640597
41 m 119 0.1096965093133786
41 n 20 0.0018488602548354383
41 q 23 0.21902343531219093
41 r 126 0.0069376165996420935
41 s 103 0.05238114496062374
41 u 32 0.07499878624339962
41 v 115 0.04211983187508328
41 x 0 0.006308729075157338
41 y 133 0.002790466926935742
41 z 118 0.0896952415905572
42 a 138 0.014293984730467058
42 b 76 0.012188807883052322
42 e 20 0.04090926903719683
42 f 64 0.015897945368106292
42 g 93 0.13405001927214755
42 h 8 0.009524219759322605
42 k 146 0.016107630616270185
42 l 57 0.015516864845113942
42 n 86 0.040118413384128915
42 o 104 0.0027785675312352875
42 p 26 0.041562398171256065
42 q 127 0.0023297360026112157
42 r 39 0.0036166386560791963
42 s 86 0.10942027624516248
42 t 122 0.004257154584507705
42 u 120 0.06451636165835406
42 v 109 0.040368028289842206
42 w 50 0.002182354340230508
42 x 93 0.047303694357297976
42 y 108 0.10834441058922795
42 z 124 0.13282865072644812
43 f 126 0.16630376699388782
43 g 77 0.03594638273726147
43 n 140 0.6094860020143114
43 v 64 0.02988163256523313
43 w 13 0.14131251282703028
44 b 117 0.036613338012669194
44 c 9 0.05788510136331726
44 k 53 0.17247175300750195
44 l 56 0.011383926481271511
44 o 101 0.00991659252759769
44 p 121 0.10926528527734569
44 q 24 0.13169473084681238
44 r 29 0.026352567205104926
44 s 129 0.013005864020212199
44 x 97 0.03633832402562431
44 y 135 0.09939976067635337
44 z 34 0.06562000961716075
46 a 21 0.023098365834335666
46 b 146 0.10890837098219786
46 c 45 0.20001381184945943
46 i 149 0.11281096296559134
46 l 108 0.09542642890255382
46 q 127 0.1523555820295338
46 s 64 0.11033886815663108
46 y 87 0.05439078359232019
47 a 110 0.02160371348303436
47 b 127 0.07981479163007454
47 c 20 0.008993436496371965
47 d 119 0.003393096253029304
47 e 98 0.008305332686396105
47 f 132 0.002905960239980132
47 g 133 0.057275474802260695
47 h 42 0.20640548302575157
47 i 92 0.055456452801095346
47 j 11 0.02811657730732353
47 k 40 0.057609473458878235
47 l 72 0.046276011729533995
47 m 130 0.012780023030469656
47 n 108 0.02397796812393671
47 o 79 0.14101800167092815
47 p 62 0.024620968184443925
47 q 123 0.010591734529910246
47 r 65 0.014137665363230911
47 s 19 0.022212225609330116
47 t 0 0.0275651489227271
47 u 28 0.0004086242299328191
47 v 2 0.0028634658427254545
47 w 5 0.04649249861214266
47 x 59 0.011908519797413142
47 y 148 0.011958650572032825
47 z 114 0.03770186780786133
48 b 149 0.10080428480740666
48 n 38 0.36284909715545866
48 o 67 0.04308973683531647
48 q 90 0.01918831906076124
48 s 96 0.0077373076645390615
48 t 134 0.023287124776621204
48 y 90 0.12189504166297838
49 f 67 0.4528804970632029
49 t 63 0.5131014969405157
50 d 39 0.44078213235761676
50 s 131 0.24076080530042976
51 e 124 0.0008748990590318195
51 h 44 0.08009512093957427
51 j 50 0.019509636068283487
51 k 125 0.1898008663447145
51 m 14 0.03984305220451012
51 n 4 0.09091140199169867
51 p 31 0.04082235082954
51 q 100 0.036580601026273585
51 v 118 0.0030417188365226
51 w 29 0.04439710360770066
51 z 11 0.0027250300755938817
52 b 117 0.05633834727711107
52 c 105 0.16522449912266712
52 h 129 0.03638203666803608
52 i 38 0.136380187300445
52 k 67 0.08987356013761538
52 l 144 0.05055826219999804
52 o 107 0.025137203186749058
52 w 59 0.026071953258843816
52 x 145 0.07377776720576368
52 y 86 0.20356613346014774
53 b 89 0.12237470722651633
53 f 23 0.4072902980241907
53 p 15 0.15405766464175663
53 t 20 0.11418384081526134
53 w 22 0.06486629933350174
53 x 121 0.1011637760310935
53 y 106 0.014079936736940413
54 d 28 0.07637145309091975
54 f 84 0.21423828524604693
54 g 27 0.11735583850856712
54 h 83 0.007375884050011328
54 k 44 0.16517908509506196
54 m 70 0.0038635525211248023
54 o 42 0.0426342806411002
54 r 20 0.00207830377704854
54 v 139 0.14956653188804625
54 w 110 0.12287276418036042
54 x 101 0.07592619144211599
54 y 129 0.010509186870753862
55 a 127 0.025681705194348536
55 b 58 0.1615853894939011
55 c 2 0.027633919044382282
55 d 59 0.12778683057630458
55 e 125 0.030080112297529826
55 f 148 0.020391642128085752
55 g 45 0.00765405631302607
55 h 134 0.05022602983920654
55 i 43 0.07174765820384366
55 k 29 0.02072346821712845
55 l 89 0.02372257550754575
55 n 51 0.07350416675933169
55 o 82 0.026786635909654022
55 q 53 0.004271976587759574
55 t 117 0.034579164546220564
55 u 65 0.09113912181604844
55 v 119 0.02555340439401954
55 x 7 0.04191461846433031
55 y 73 0.11271139492998439
56 b 97 0.02237233898570834
56 g 106 0.03505082397845927
56 h 121 0.24304937558852968
56 s 131 0.05483232275373828
56 x 109 0.19527415803459525
57 g 60 0.40968217944711416
57 h 114 0.10212132230056048
57 t 52 0.3541590118233833
58 a 51 0.02987761316183235
58 b 142 0.06277771563040357
58 c 136 0.07321308827315942
58 d 126 0.13280542621166425
58 e 49 0.014402996676210145
58 f 74 0.034404131298366725
58 g 62 0.013727543691723798
58 h 142 0.06589466727870796
58 i 48 0.009076604179862446
58 l 94 0.005525681432755558
58 m 20 0.003512007661158667
58 o 60 0.043568261135321085
58 p 82 0.023954530285329567
58 q 26 0.057079057273401124
58 r 140 0.07599577598434581
58 s 141 0.016168137649820058
58 t 136 0.0755931834492507
58 u 140 0.028645509475752506
58 v 138 0.04014737635801702
58 w 132 0.03064989452423228
58 x 102 0.0579791535451345
58 y 144 0.010724904674438207
58 z 79 0.05422068753418263
59 c 125 0.09527183731178734
59 e 133 0.14181715352640378
59 h 115 0.1477491681475056
59 j 142 0.16911031905934815
59 k 103 0.05167323345899344
59 t 77 0.08728020041932705
59 u 58 0.0034734415904540406
59 y 7 0.10252818549629328
60 a 124 0.17463158933110334
60 d 20 0.21576334166316202
60 e 39 0.05941177794247865
60 h 50 0.08139942319224336
60 k 63 0.025958057036112425
60 l 145 0.05308007377034207
60 m 64 0.05883822374294323
60 n 143 0.020507253159960492
60 q 138 0.05860953362705268
60 s 76 0.042906981533500366
60 u 55 0.011510064163330447
60 w 12 0.007662534674608534
60 x 25 0.003461459991342508
60 z 31 0.1284095096982958
61 a 149 0.024080517646730804
61 b 55 0.03318883468298717
61 c 100 0.1298316812326602
61 d 83 0.10212855737714122
61 e 0 0.024396128787943505
61 f 79 0.04354853617502241
61 g 28 0.03153403806288679
61 h 101 0.053557475521067266
61 i 0 0.029842209863799485
61 j 94 0.0557801238995993
61 k 39 0.02504775389778713
61 l 59 0.04538861857234178
61 m 28 0.036076760642650085
61 n 42 0.014506097195717271
61 o 30 0.004049059049203718
61 p 104 0.04455043101927747
61 q 126 0.015434755814243029
61 s 87 0.04848717090225252
61 t 144 0.00902131648701554
61 v 112 0.016327498842429233
61 x 114 0.06098101691043556
61 y 109 0.06590235997756244
61 z 27 0.006741067330126027
62 a 75 0.3178420923371935
62 d 104 0.2254680267989403
62 n 136 0.12577548233716385
62 p 41 0.24468490888504524
62 s 49 0.04611339307003104
63 a 52 0.07652576330618666
63 b 104 0.0766934300674178
63 c 89 0.010137021376428468
63 d 36 0.09861959064655035
63 e 51 0.013362819416164018
63 f 26 0.10163015974129808
63 g 94 0.017086497650646404
63 h 1 0.07573290409006761
63 j 23 0.037835849343229144
63 k 23 0.004934645051802522
63 l 15 0.008278817942150019
63 m 103 0.12135465287204306
63 n 110 0.013137966658126166
63 o 88 0.03833479349586044
63 p 138 0.028490249595854444
63 q 68 0.018469388947483956
63 r 47 0.026106231246175504
63 s 129 0.009863412163456209
63 u 97 0.08743288099781343
63 v 127 0.047431704612626246
63 w 101 0.005880495537545105
63 x 111 0.026701016712106895
63 y 143 0.05518564189480091
63 z 139 0.0005851360340758394
64 a 32 0.014333298562516639
64 b 137 0.20559198391216926
64 d 82 0.04506670237317967
64 e 48 0.02948068413745608
64 g 114 0.019631835686876098
64 m 1 0.0742796252516692
64 u 146 0.4276016285755547
64 y 74 0.07398527595241033
65 b 13 0.009431285959433322
65 e 24 0.0031641874590516705
65 f 106 0.0967130696569466
65 g 87 0.09859205978427521
65 l 58 0.04539842128823823
65 o 105 0.1646247306459795
65 s 124 0.38209863803448163
65 t 39 0.0069558530538264
65 y 120 0.035035336963061714
65 z 39 0.061082769165709094
66 b 117 0.16560143967513152
66 c 147 0.08511942639711079
66 d 71 0.0480420200892705
66 l 138 0.04527945491995622
66 m 88 0.0858411593716687
66 r 80 0.09067612371722289
66 s 58 0.2522024952631253
66 x 103 0.10014010127138162
66 y 42 0.051177940002043454
66 z 80 0.07246246998753691
67 k 32 0.24897344666933807
67 m 116 0.16265590805710628
67 n 6 0.06697383462472228
67 o 42 0.03310753008126677
67 v 145 0.30739239672859653
67 w 70 0.16373575237340188
68 a 81 0.0327898298596887
68 b 124 0.08957072693194612
68 e 13 0.03841630119018191
68 f 143 0.10679374320967816
68 i 82 0.035505374565446224
68 k 110 0.035767444205773824
68 l 82 0.0894560878614803
68 m 14 0.09290949167845997
68 n 86 0.012434752884066591
68 o 3 0.04997401333912155
68 p 22 0.2682692544217299
68 r 61 0.023604625378277122
68 v 119 0.03731986855565039
68 z 42 0.05208048618710104
69 c 115 0.003111400698161959
69 d 75 0.07360173304272
69 g 28 0.004950764494440096
69 h 107 0.029565714426889045
69 m 39 0.027565053210898527
69 n 57 0.32240628270372296
69 t 129 0.20069946798339522
69 u 95 0.03420754045431018
69 y 70 0.05157608687072546
70 a 24 0.003243469462401949
70 b 145 0.03883404630829734
70 c 9 0.014800540044718202
70 d 81 0.0006843617957180692
70 e 116 0.05909842972957191
70 f 46 0.1531690493895096
70 g 148 0.03117285546111992
70 h 6 0.08008120750974934
70 i 25 0.05457994479981665
70 j 122 0.14082805582504743
70 k 91 0.030600480267418684
70 l 23 0.005987075956161547
70 m 130 0.015359500945649973
70 n 113 0.03355981229705274
70 o 100 0.004112158513665087
70 p 148 0.0022825017149396
70 q 146 0.06369638574845415
70 r 79 0.005950362427208589
70 s 5 0.06505423830975054
70 t 27 0.035552949045299154
70 u 148 0.021241945795689943
70 v 113 0.03220548248176813
70 w 72 0.003236674180734256
70 x 133 0.027096130675868912
70 y 44 0.0013062471579163848
70 z 100 0.0457556956841737
71 a 31 0.05165531239561516
71 b 13 0.09733230212601296
71 c 144 0.08666240879769349
71 d 145 0.016877321559499392
71 e 112 0.03490163950693159
71 f 143 0.006936614632725546
71 g 28 0.0033510386201437425
71 i 20 0.1469618055876183
71 j 105 0.03191681872829344
71 k 109 0.10359019842371986
71 l 143 0.0043685272612447035
71 m 115 0.059970765784893354
71 n 102 0.02378471683669714
71 s 149 0.008482938849321608
71 t 140 0.06062388156979737
71 w 52 0.08948484791960476
71 x 127 0.035532036454531624
71 y 102 0.07570320770704464
71 z 13 0.061482510698973813
72 b 26 0.08867140541851892
72 g 6 0.053644171481533
72 k 109 0.290416210812235
72 q 89 0.02883827363946867
72 r 64 0.09780301676225556
72 s 146 0.24777576672052193
72 u 106 0.14627062171667327
73 a 17 0.004758645190855448
73 b 25 0.05518240431255084
73 c 114 0.05003035996721106
73 d 82 0.025628427706306023
73 e 124 0.041674866782165254
73 f 70 0.03340383391210633
73 g 86 0.06357587906160345
73 h 127 0.029786575571769336
73 i 34 0.04588491961966512
73 j 97 0.016392335268453406
73 l 137 0.06960821993485655
73 m 23 0.019009754838115844
73 o 131 0.025157569634200794
73 q 100 0.03492095672145701
73 r 16 0.003642409525386303
73 s 93 0.03535855082222317
73 t 57 0.11782403383365292
73 u 95 0.034926863751409076
73 w 108 0.020530198006845968
73 x 95 0.020391260256070187
73 y 101 0.08657790649789054
73 z 113 0.15244258600513538
74 a 62 0.008923351530447099
74 d 34 0.0014310626508020619
74 g 10 0.013385721963921404
74 h 49 0.09327700496425229
74 i 12 0.022534888814463305
74 j 139 0.0130428068406222
74 k 126 0.022473545567220476
74 l 86 0.011174765200564818
74 m 29 0.10068634287523881
74 o 10 0.015927501046908432
74 p 3 0.15738644779881628
74 r 58 0.09930710613516835
74 s 37 0.007455401287354668
74 u 5 0.016808789602519525
74 v 88 0.11027872677510264
74 w 62 0.03385208674716911
74 y 7 0.19064790828740008
74 z 13 0.011901029463460167
75 b 70 0.020908441234292363
75 c 15 0.02946281521548766
75 e 88 0.13789192220273017
75 f 92 0.021751407405457113
75 i 108 0.10511410875733473
75 j 115 0.15767210141131272
75 m 38 0.12369775721324583
75 n 73 0.0011840776388207797
75 o 101 0.03360693422340544
75 p 11 0.013184963962750151
75 q 91 0.03662131893047904
75 t 43 0.093303890241615
75 u 37 0.06727227358992582
75 w 145 0.000501778887583515
75 y 38 0.07221929174599329
75 z 18 0.08031678158347022
76 a 36 0.09033607667367138
76 i 58 0.037985640993299374
76 k 140 0.09823223637488532
76 m 102 0.03448633469567797
76 n 86 0.4181946379907955
76 p 15 0.07828371856533334
76 q 73 0.04252758998458339
76 s 115 0.026451469528881666
76 u 128 0.015085735881695705
76 v 17 0.01908593544317394
76 w 11 0.08971148044319444
76 y 2 0.044362385695962514
77 b 37 0.06291504341803955
77 c 4 0.01499899334799093
77 f 33 0.22091163086893328
77 g 64 0.08840188465220067
77 h 51 0.039384365824442824
77 i 99 0.0214656747164238
77 j 7 0.1327878641955068
77 l 3 0.0480925889522591
77 m 64 0.015242402048801784
77 n 139 0.03249597344962141
77 o 117 0.052609795951662264
77 r 13 0.004578489087112336
77 s 20 0.04467618180648414
77 x 28 0.021611602952265496
77 y 145 0.10420885100544108
78 b 40 0.01871986218397037
78 c 34 0.02139929908376026
78 d 110 0.01889424155480668
78 e 64 0.005116201448260305
78 f 68 0.0479647116115125
78 g 55 0.05952482054304975
78 h 130 0.006203114077104277
78 i 78 0.006933057246281127
78 k 45 0.004197293743487651
78 l 148 0.08215411913783133
78 m 52 0.02351268685135921
78 n 33 0.05354875216205823
78 o 118 0.10333517729345798
78 p 6 0.0073881990108187745
78 q 140 0.009411404553667957
78 r 116 0.009579859690579395
78 s 103 0.016138031318217005
78 t 76 0.028795459591363093
78 u 83 0.016987708592452244
78 v 51 0.048225881550508
78 w 35 0.03648365947840648
78 x 4 0.07775012050721875
78 y 28 0.1586964566458643
78 z 9 0.07434705209272507
79 a 18 0.0006667157822074499
79 b 20 0.0845157740559791
79 c 82 0.044838643746707096
79 d 138 0.06538456791054714
79 g 91 0.04326637627268748
79 h 68 0.010461679639452104
79 i 97 0.06772007372883282
79 j 139 0.03896580060565147
79 k 8 0.013255402523800197
79 l 24 0.03036494824228997
79 m 13 0.0004260627384521376
79 p 11 0.07966828365755096
79 q 133 0.018663616564618457
79 r 15 0.0028669570078287965
79 s 128 0.011640263009798812
79 t 77 0.0020248948598426963
79 u 45 0.14236811317670728
79 v 132 0.0009608654774317937
79 w 52 0.05982283981609193
79 x 85 0.04338899220463677
79 y 49 0.10803719433907255
79 z 71 0.049381602383195
80 a 29 0.01136737924794351
80 c 121 0.1686522773998248
80 d 23 0.0027378032219154136
80 e 113 0.04171545241886321
80 f 5 0.010297316741354479
80 g 109 0.004412640173605653
80 i 134 0.007428889570237018
80 j 49 0.03503339473061562
80 k 149 0.1339374068245094
80 l 6 0.02907049778065951
80 o 141 0.0037870278855627326
80 p 107 0.007083216804088521
80 q 49 0.07053373958270759
80 r 43 0.056238586300560334
80 t 57 0.006708531239372095
80 u 19 0.014746015916927924
80 v 119 0.16687307220114378
80 x 134 0.0014127430558620313
80 y 113 0.022581790602304253
80 z 83 0.18865979289641266
81 b 144 0.030081472378172602
81 c 41 0.037962008103163414
81 d 26 0.003874283376320009
81 e 79 0.018005972945901783
81 f 15 0.00945396365759854
81 g 82 0.0630195349879592
81 h 105 0.00030925777677981436
81 i 50 0.009001888155000137
81 j 130 0.09705189569165984
81 k 145 0.017617419101431886
81 m 129 0.05086930009849755
81 o 41 0.0060624129000000915
81 r 133 0.01883909454961863
81 s 26 0.39243305377445326
81 t 97 0.16680694852373112
81 v 60 0.038815351852760416
81 z 36 0.0062743139945560245
82 c 49 0.09558493500688425
82 d 125 0.2049361615596449
82 f 147 0.05964706995960989
82 i 65 0.10308080884650295
82 k 49 0.00523211214189212
82 l 70 0.050411089039810175
82 n 113 0.04316370552500137
82 p 94 0.2981790973603936
82 r 23 0.03165367020031884
82 u 89 0.02383247602423577
82 y 88 0.012312028975902445
83 b 47 0.05255341215536202
83 d 127 0.21872695117970042
83 e 138 0.08751459810679263
83 g 57 0.08449721902008944
83 j 107 0.11144083895196621
83 m 51 0.011854391342774107
83 n 132 0.02704636124962312
83 o 146 0.11669158615490272
83 r 83 0.10542279399384247
83 s 104 0.11516874507307318
83 v 97 0.004873713595073048
83 y 0 0.014055138589380234
84 c 103 0.333410426828173
84 t 120 0.6385456116951506
84 z 69 0.0014528557169452005
85 b 13 0.018358606580190062
85 f 129 0.05225529251314498
85 g 142 0.03697628659571617
85 h 36 0.04708206607627219
85 i 52 0.015284654216505489
85 j 36 0.061342436956330015
85 k 51 0.013714905340811545
85 l 131 0.06277797943276375
85 n 63 0.049891240822821814
85 o 20 0.11378259401710922
85 r 78 0.0849374182500654
85 u 103 0.04700346007776701
85 v 36 0.022794748820716193
85 w 84 0.07124103093379053
85 x 99 0.08238924001772074
85 z 62 0.10671914100527802
86 a 104 0.027533401541926072
86 b 88 0.001095978692593258
86 c 22 0.01783061114277662
86 f 129 0.02343574812719107
86 g 131 0.0118519638623793
86 h 31 0.14248488391646086
86 j 64 0.03150117875533198
86 k 115 0.0027520189920404725
86 l 17 0.15275269657488966
86 m 87 0.06203121948973023
86 o 75 0.0628854153235856
86 p 24 0.005645121834382261
86 q 58 0.02510840455814345
86 r 42 0.0017077169527227598
86 s 108 0.030466372256987007
86 t 32 0.029472369416046473
86 v 117 0.1820630398084957
86 w 113 0.05475398899274142
86 x 15 0.000568899610771556
86 y 65 0.06740165222236583
86 z 140 0.013507618292638357
87 b 43 0.01620593205751908
87 c 75 0.044265412224095635
87 e 52 0.026427250153449267
87 f 64 0.13359218565420095
87 j 127 0.02249857814423717
87 k 143 0.03194946834136647
87 l 101 0.00859857830382349
87 m 101 0.07488088499713585
87 n 120 0.010085124662293277
87 o 1 0.04764919662972478
87 p 111 0.009448262067471402
87 r 10 0.10266336503772444
87 s 149 0.05023314911411414
87 t 8 0.19515332501204175
87 v 130 0.04691881564599876
87 w 105 0.07641305986114677
87 y 146 0.05310020398919757
87 z 40 0.04573608049060962
88 b 73 0.012002185740999316
88 c 23 0.03696584303454575
88 e 26 0.053119850213345976
88 h 20 0.0025891747116607577
88 i 69 0.05143879262404172
88 j 125 0.10982831575955243
88 k 4 0.025912093429005245
88 l 27 0.06722490070143572
88 p 136 0.17144182967363564
88 q 66 0.004678341331403435
88 r 104 0.006557025515365966
88 s 47 0.10490820178044136
88 t 40 0.011699332783610683
88 u 109 0.10306259776350513
88 w 65 0.08768285273703547
88 x 142 0.028154799664513397
88 z 130 0.06357275745148872
89 a 126 0.019513550515513955
89 b 1 0.0021749505710471073
89 c 56 0.015659310022273387
89 d 68 0.13962790584140294
89 e 8 0.03967706796933923
89 f 41 0.003944775505440035
89 g 63 0.006481547771842955
89 h 134 0.02324555627620306
89 i 131 0.04188749460565144
89 j 107 0.039422181027306435
89 k 132 0.003070928479887436
89 l 19 0.12214951058657908
89 m 84 0.05630826606334827
89 n 104 0.030637288638176052
89 o 147 0.013716420953794994
89 p 128 0.0011582316080799293
89 q 129 0.029765363525446897
89 r 65 0.03467285399968212
89 s 110 0.045376926594878464
89 t 37 0.0022812530856054503
89 u 83 0.026083570740233375
89 v 50 0.0027670190921031956
89 w 37 0.016404502338203897
89 x 5 0.09478988191299764
89 y 123 0.04741740424856977
89 z 80 0.05400134260327727
90 a 134 0.06012828048348684
90 b 62 0.03439017031267633
90 c 75 0.05313391618677421
90 d 127 0.1199992850284608
90 e 7 0.014137064837815294
90 f 5 0.030392390885914833
90 g 117 0.006946438485330053
90 h 65 0.03564535848132633
90 i 18 0.1139703331927594
90 j 1 0.04511005374049981
90 k 35 0.06464209679171662
90 l 116 0.0054845620281378515
90 m 22 0.0045444151642878294
90 o 41 0.005629572880236355
90 p 90 0.009636729300991131
90 q 49 0.057440797248586306
90 r 83 0.006062277852704523
90 s 78 0.049077216932379986
90 t 119 0.004027278467021667
90 u 103 0.03385730672538989
90 v 56 0.03893918030847676
90 w 56 0.00043966591974287095
90 y 75 0.06718785298610541
90 z 113 0.12128869999589298
91 c 58 0.6502876881109783
92 h 91 0.09372272585571773
92 q 20 0.23572836448937773
93 u 126 0.10210188723203095
93 x 89 0.471933015369545
93 y 44 0.23882460085618862
94 a 98 0.004913706190217693
94 c 139 0.06606173767396828
94 d 83 0.03810205764793695
94 e 137 0.10237853740185754
94 g 56 0.025381252478606564
94 h 103 0.006334894038248051
94 i 26 0.03715189565167931
94 j 83 0.02841553804186492
94 k 11 0.05596291357831984
94 m 132 0.013166069093537236
94 n 36 0.0009598801722585648
94 o 67 0.043550737393714734
94 q 115 0.08166982528695865
94 r 18 0.060248501418731726
94 s 50 0.053704989300599526
94 w 131 0.0018369746928026398
94 x 84 0.024800418791814938
94 y 31 0.07955827397536364
94 z 142 0.24523519082078027
95 b 42 0.030492868731853973
95 f 86 0.043907440405001386
95 h 139 0.011462008912735855
95 j 97 0.011765486209664333
95 l 116 0.08920181905080748
95 m 86 0.055178935502636084
95 n 88 0.006677771832858559
95 p 98 0.061594673492623375
95 r 23 0.006883361496898055
95 s 105 0.0008713078152008391
95 t 76 0.04423154874663182
95 v 26 0.04739945555345337
95 w 21 0.01516513390920382
95 x 111 0.3137935559765459
95 y 42 0.10647642142823543
95 z 31 0.02836386504039079
96 c 67 0.20463504017875334
96 h 149 0.17552377757115
96 j 50 0.0328583665119182
96 k 27 0.017735722468059878
96 n 47 0.31875921073241187
96 w 59 0.07310879595900788
97 b 130 0.20063625515026096
97 l 15 0.053665133446708535
97 t 128 0.08256105587377827
97 v 15 0.22889553916045757
97 w 141 0.28114299564733225
98 q 116 0.29997206879537264
98 x 66 0.36660451287082063
99 a 69 0.0027869390446459974
99 b 127 0.0005791085233889381
99 c 55 0.018584111422114247
99 d 55 0.019127876142019606
99 e 54 0.061410521709662325
99 f 132 0.0004262239717447436
99 g 56 0.0690127607562594
99 i 39 0.03130682124122064
99 j 47 0.00893799845492027
99 k 79 0.0005649376141573237
99 l 116 0.01839884069166009
99 m 105 0.03089168734482295
99 n 97 0.08013431831697493
99 o 83 0.033617429510490515
99 p 41 0.09643974321249116
99 q 143 0.09251949712162955
99 r 97 0.05687740526733509
99 s 129 0.0768683886556889
99 t 145 0.03568134176556004
99 u 6 0.06160700160499577
99 v 34 0.001272869218322814
99 w 111 0.01759428318953926
99 x 132 0.022539902215153673
99 y 122 0.1252938559222172
99 z 22 0.020075973506304967
100 a 114 0.03327788445442381
100 b 26 0.11247256863367983
100 c 73 0.031042330609086344
100 d 115 0.01162479681883577
100 e 40 0.029758059596807218
100 f 147 0.09091344913362542
100 g 42 0.018198281335697786
100 h 146 0.02418614674571873
100 i 105 0.02756287614738806
100 j 66 0.004374559928184363
100 k 108 0.028155016425104984
100 l 37 0.01735239860871529
100 m 139 0.011297827510445613
100 o 34 0.03970684544652603
100 p 52 0.04144135297049656
100 q 134 0.028196781888414346
100 r 135 0.04310015785931709
100 t 94 0.01652897268833542
100 u 35 0.015376881614829863
100 v 111 0.14861570175063388
100 w 66 0.06991551684977104
100 x 48 0.0026234529991533417
100 y 26 0.09135730373629602
100 z 70 0.03957521208384396
101 a 83 0.009189405958584751
101 b 144 0.08197118251634394
101 c 69 0.0788772962453772
101 d 41 0.04154234858430683
101 e 96 0.005710739264227382
101 f 148 0.033874418544125096
101 g 14 0.03742579144872338
101 h 120 0.1680222401019692
101 i 18 0.06885998932898574
101 l 1 0.01828206788464437
101 m 127 0.0007272219673702951
101 n 63 0.043418149483224866
101 o 14 0.0048557384226805
101 p 139 0.062038678924202895
101 q 104 0.06487751191414459
101 r 4 0.0008086171641734641
101 s 43 0.029658210145081965
101 t 36 0.0009787907159825027
101 u 61 0.09278237541243739
101 v 61 0.050665851292542974
101 w 111 0.012975629049813309
101 y 100 0.026495886410041858
101 z 29 0.031441309088848346
102 j 9 0.3454036344886635
102 l 30 0.28631919023123076
102 n 96 0.17618862896738585
103 n 107 0.1536371670522858
103 p 33 0.18213736328740493
103 r 66 0.3205506924431065
104 a 9 0.04957619092946142
104 g 28 0.2042802815516701
104 o 129 0.49578945976492383
104 y 110 0.12931570185743646
105 g 2 0.08556350907932109
105 j 54 0.30455837010653974
105 k 17 0.03266165434684576
105 q 128 0.04796958039965149
105 t 141 0.29286786059400094
105 v 8 0.03343940048546712
106 a 7 0.06601301992014696
106 b 116 0.12496041027777605
106 c 86 0.043614516206109566
106 d 7 0.04006401099130086
106 e 51 0.01271479181152535
106 k 64 0.10240304460963057
106 l 86 0.0027534175126647797
106 m 133 0.010169546780266492
106 n 109 0.11941631438190692
106 o 119 0.00673055748877549
106 q 56 0.09305583876233658
106 r 9 0.01635366486090173
106 s 129 0.017225193028888808
106 u 5 0.01771890717177127
106 v 88 0.14338628470141823
106 w 141 0.09165623984624416
106 x 94 0.018584252122627265
106 y 42 0.053469611694589414
107 c 83 0.06193953337047953
107 e 97 0.009699136795996433
107 h 122 0.2551344766026775
107 m 90 0.30499867824445437
107 r 79 0.013441934344793793
107 t 63 0.17937167626754236
107 y 123 0.0503407039575785
108 a 61 0.13154174350562953
108 u 134 0.09939650222256846
108 y 75 0.5800374955157375
108 z 71 0.1380797421304366
109 a 107 0.14232756232683696
109 m 106 0.10976576341665278
109 q 21 0.22610218714566732
109 w 22 0.3291209197206698
109 y 24 0.06429465608681606
110 a 94 0.04769539246109411
110 c 130 0.11332259788630206
110 e 8 0.013769907878548815
110 f 78 0.023618548336334033
110 h 81 0.011202321358409817
110 i 5 0.08139824618603453
110 j 86 0.158558551297296
110 k 99 0.03602058373903494
110 o 17 0.0057062406459734705
110 p 128 0.2910315765320357
110 q 53 0.0025679316403933727
110 r 124 0.000718573772504949
110 t 64 0.06694511255394342
110 w 24 0.04216724276633543
110 x 130 0.04017320950546566
110 y 102 0.00848763786784279
111 b 81 0.06590259795481024
111 c 48 0.03738103630984857
111 e 145 0.03304229730214481
111 f 4 0.06579566118410507
111 g 6 0.05875591663796331
111 i 11 0.2709913702725516
111 j 93 0.060004214158006164
111 k 43 0.006361770701266756
111 l 82 0.0020577812642909032
111 m 9 0.026007673761965777
111 n 80 0.001496387344719019
111 p 89 0.026584293762249134
111 q 17 0.010186089973896695
111 r 113 0.019045823964291553
111 t 39 0.028998879874764794
111 u 94 0.012702649883486683
111 v 52 0.06483673715677296
111 w 50 0.0007477413616570061
111 x 125 0.1558627494538195
111 y 11 0.04431776247246577
111 z 18 0.0004366498840927546
112 a 146 0.015327236570846225
112 b 54 0.19895397058781394
112 c 103 0.07583194655299663
112 d 86 0.018987384861280487
112 f 31 0.03068387852118748
112 g 63 0.005242104524511126
112 h 71 0.14309099136210168
112 k 55 0.023787944759368518
112 m 83 0.012545909701222269
112 n 3 0.018251250836702648
112 o 11 0.004895345120431327
112 p 2 0.0025358972469315955
112 q 56 0.09817788182511078
112 r 76 0.005604274312249302
112 s 112 0.02314239118275263
112 t 130 0.049954693963569
112 u 82 0.06983969101644227
112 v 33 0.038323515500604644
112 x 124 0.006262074481415025
112 y 55 0.027014257264933894
112 z 64 0.04563387689639009
113 a 18 0.04506972490755856
113 b 140 0.0015650884854097047
113 c 73 0.06473686336901685
113 d 145 0.04519275007418444
113 e 5 0.047172735966378165
113 f 140 0.004072237398801359
113 g 47 0.04416411704377199
113 i 79 0.014342420198310002
113 j 41 0.047380440171976734
113 l 134 0.024817432473444367
113 m 127 0.14644454263528384
113 n 13 0.015726612215441582
113 o 51 0.031019152102601977
113 q 8 0.12236544054759957
113 r 99 0.10806671659501599
113 s 4 0.04793345396336257
113 t 61 0.04352287237770003
113 v 106 0.01238636062798737
113 w 39 0.01563193155630882
113 x 119 0.02842332060254904
113 y 76 0.07353513195349515
114 a 38 0.0012035950874167423
114 b 149 0.020503129530633157
114 c 19 0.033683642958739046
114 d 94 0.10159806799656679
114 e 117 0.09876526892708781
114 f 48 0.02850346045136276
114 g 20 0.003797465583649573
114 h 34 0.10105339243712752
114 i 70 0.017582376412439538
114 j 20 0.0037868290647473657
114 k 44 0.010077445336765467
114 l 9 0.044537325766897506
114 m 142 0.028351374858434086
114 n 111 0.031756254508247594
114 o 100 0.0027582525650468037
114 q 3 0.01309827104982586
114 s 51 0.05658239366078799
114 t 12 0.07000430278897585
114 u 50 0.006401783229010971
114 v 108 0.003199236182641396
114 w 13 0.06398392550857102
114 x 83 0.11777105504495156
114 y 2 0.11654783911561994
114 z 18 0.017192872536786696
115 a 135 0.012461735643766958
115 b 130 0.12064441057217279
115 c 141 0.03822135094581869
115 d 104 0.010638839718096094
115 g 59 0.013618533390476362
115 h 31 0.06926429148890922
115 i 137 0.046932115264568974
115 j 108 0.028422627552423085
115 k 32 0.017845029996501505
115 l 61 0.009459116127912948
115 m 90 0.03631384422118056
115 n 65 0.0043052808921402175
115 o 62 0.14084364916856984
115 p 115 0.0019920936635448028
115 q 63 0.05331322904615354
115 r 73 0.16266234721590156
115 s 134 0.01636536279167944
115 t 119 0.11118835420234596
115 u 105 0.040052564768338295
115 v 80 0.003753299783598396
115 x 146 0.013281711754859149
115 y 52 0.01754529286442774
116 c 85 0.06825519339421193
116 f 40 0.19695325971232636
116 h 85 0.13516324264574087
116 s 113 0.4002078751068302
117 b 31 0.1077860061063125
117 c 140 0.25748774944360053
117 h 89 0.18070530166210874
117 k 77 0.03641697805039246
117 s 49 0.2480394158575483
117 w 66 0.004625565046542102
117 y 38 0.1329524827215003
118 a 29 0.08111456577668363
118 b 16 0.047619659670465
118 c 44 0.0741357941992904
118 d 3 0.08162427990676091
118 e 27 0.024896562331322647
118 g 19 0.09985581826982493
118 h 1 0.02282054824557289
118 j 87 0.11576882776209818
118 k 10 0.04111689709248911
118 m 116 0.04741981768088521
118 n 15 0.019574434712887778
118 p 49 0.07296161215099162
118 q 58 0.006138026106361716
118 t 77 0.046110162492317586
118 u 2 0.006545085479779056
118 v 134 0.03671425984096777
118 w 120 0.09926796700314278
118 x 100 0.04676470136641775
118 z 139 0.023642034471916595
119 b 44 0.03507859712313255
119 d 109 0.014546554878968498
119 g 138 0.17215514065780646
119 h 143 0.04015400041337258
119 i 80 0.052928508291110954
119 j 35 0.03740847538019154
119 k 64 0.09787955251188596
119 n 66 0.018535298798800892
119 q 21 0.05432770663844466
119 u 81 0.04220349565911008
119 v 38 0.01078183941544153
119 x 52 0.028682327248209183
119 y 24 0.18714357439631302
119 z 49 0.10998539193821877
120 a 79 0.07814299870472319
120 e 83 0.12295601795049937
120 f 44 0.008341283404320277
120 k 12 0.04161637447233357
120 m 35 0.06459428811173384
120 s 32 0.1434089882732591
120 t 149 0.02277739856172223
120 u 35 0.03410212997261841
120 v 89 0.06077649374156635
120 w 10 0.08343135754858477
120 y 73 0.2689082981131259
121 d 136 0.03786078292550388
121 f 12 0.08253479472976355
121 g 130 0.09395148132121811
121 i 45 0.01741147281155797
121 k 46 0.14587180055713478
121 m 136 0.0003953834371046572
121 n 34 0.0922938190484709
121 o 109 0.11487689915914057
121 q 110 0.11125693016894622
121 u 81 0.09620394896776907
121 w 19 0.13970806339624098
121 x 12 0.03677124084243433
121 z 11 0.018506691419773125
122 a 7 0.024031733721089688
122 b 71 0.0031980515621815586
122 c 62 0.024943323102931347
122 d 125 0.042871745530495775
122 e 39 0.09775629190157742
122 f 76 0.007056213456162919
122 g 112 0.029001315768454772
122 h 50 0.02364474587537091
122 j 134 0.02224636177407502
122 m 76 0.027584015788951532
122 n 12 0.022224226958415416
122 p 137 0.03264326106566462
122 r 76 0.07291043301495626
122 t 134 0.0017482349520785423
122 u 127 0.034809952050802395
122 v 103 0.021018577166572294
122 w 64 0.02128039391617431
122 x 142 0.3910876152148979
122 y 43 0.0342021540454589
122 z 140 0.04523784553963073
123 b 60 0.02176856097705393
123 c 67 0.01822641616637155
123 d 143 0.025737046289543097
123 g 37 0.02195064231753896
123 i 23 0.1819405745221896
123 j 30 0.04214440251087115
123 k 27 0.09182918473574331
123 n 100 0.1013269986650781
123 p 137 0.020181231393901267
123 r 65 0.11831286104861771
123 s 24 0.06073913773795636
123 u 136 0.006431069440818504
123 w 134 0.09462648411004249
123 x 49 0.004386164255955838
123 y 57 0.1528594053284581
124 a 52 0.05954106298745121
124 b 23 0.27176931463136234
124 c 0 0.005864172489796204
124 d 38 0.006339789495045101
124 e 89 0.024270005862767174
124 f 130 0.06586611930066388
124 g 75 0.0340217900086931
124 h 38 0.024330429117734975
124 i 78 0.0178931584545986
124 j 22 0.024595081947138553
124 k 61 0.003677305653245755
124 l 101 0.008268742690352715
124 m 84 0.0012922417400044184
124 n 1 0.019983527062518158
124 o 100 0.0880200809198991
124 p 59 0.048446517096283226
124 q 35 0.05555012934666703
124 r 107 0.022771036141091328
124 s 44 0.012405873862592398
124 t 46 0.005107192049745524
124 u 143 0.04904588317341252
124 v 43 0.00442572492354143
124 w 109 0.019971437802285386
124 x 117 0.022898355614756283
124 y 24 0.08336150727856773
125 a 18 0.15876860932628756
125 d 42 0.02728847559558667
125 e 59 0.138577833263124
125 m 131 0.07963380297171463
125 n 123 0.01211196739705589
125 o 144 0.0037128342746052256
125 t 143 0.0672386028328601
125 v 144 0.40189812176039785
127 b 127 0.10561179572154034
127 m 36 0.2956406160953102
127 z 34 0.12063493250441937
128 j 21 0.004688703517867876
128 q 134 0.6342660020099057
128 u 104 0.23563988487618426
128 z 97 0.0970353045361072
129 g 50 0.3273360103187274
129 j 64 0.20277057433117918
129 w 49 0.4330028656662931
130 c 72 0.21481235094775364
130 d 19 0.0441618590578553
130 e 0 0.03010380713032701
130 g 10 0.016668099814401982
130 h 92 0.009197571254149661
130 i 37 0.0930251294435932
130 k 93 0.011913610779006989
130 l 94 0.03752447684626037
130 m 121 0.0018743713789157734
130 n 64 0.0835087401956961
130 o 99 0.08462332344932266
130 p 78 0.031006306045876064
130 q 67 0.014368572734434815
130 s 47 0.15442426228401784
130 t 27 0.018419365299293777
130 w 127 0.09247605013335769
130 x 101 0.009511592176502437
130 y 104 0.004867791327460624
131 b 72 0.05653412759776055
131 c 79 0.1133919416610557
131 g 46 0.3332915795025361
131 h 86 0.01830070150281704
131 l 145 0.08618155003803629
131 o 63 0.010269142234483497
131 r 52 0.249147385777592
131 s 24 0.03000615198347134
131 v 55 0.058773918395645275
132 b 120 0.5986754608541416
132 f 100 0.23632776716349413
133 b 132 0.0568515119299815
133 c 24 0.0012460528333264609
133 d 60 0.00012858181846686634
133 e 129 0.07732570682857287
133 f 62 0.001319164942556017
133 g 94 0.07695926022816979
133 i 105 0.0139855386482578
133 k 119 0.011400165452073119
133 m 57 0.05725391696027271
133 n 32 0.03800116649526997
133 o 47 0.059958792779046255
133 p 48 0.0471726606689179
133 q 66 0.008834247555695507
133 s 140 0.2752512249816019
133 t 37 0.021548952017888756
133 u 93 0.03462029848191184
133 v 117 0.05552399136400532
133 x 113 0.06607283599774649
134 k 135 0.33627505050274586
135 a 56 0.011770166429365014
135 c 63 0.009481137099938253
135 d 49 0.05225092020265598
135 f 103 0.12561482056647555
135 g 20 0.06618200474156188
135 i 15 0.0584049626386175
135 j 74 0.02268104103438673
135 k 141 0.005617024534085857
135 l 93 0.1989623608708101
135 o 107 0.015193477854716475
135 p 33 0.08170528582343484
135 q 73 0.09283048005066163
135 s 86 0.059029925071864886
135 t 133 0.03147323794713808
135 v 96 0.019006060563806604
135 y 5 0.10767697343917759
135 z 37 0.03138478528032729
136 a 84 0.053466909751541
136 c 37 0.02089632039603806
136 h 60 0.11778505185667287
136 p 139 0.2624179679682639
136 u 103 0.283733084059829
136 v 31 0.18986276189282636
137 a 58 0.08378666183619843
137 b 28 0.10423473503158986
137 c 143 0.0325704228465189
137 g 2 0.18860842079684204
137 i 9 0.08716282050471635
137 k 3 0.2148426881073463
137 m 83 0.028100889862210043
137 q 6 0.012599596937099222
137 y 65 0.24491897592390033
138 a 49 0.04708307458804961
138 b 118 0.04852738656110078
138 c 70 0.05146890566130358
138 d 114 0.020545336008654713
138 e 131 0.0036455310629961435
138 g 123 0.15328564339762962
138 i 64 0.003870950712471233
138 j 48 0.14462246047849336
138 l 96 0.011565163669970291
138 m 79 0.09480878580302232
138 n 23 0.0034191796635361094
138 o 62 0.08563121844030963
138 r 140 0.003606136430187812
138 s 123 0.04482609983418162
138 t 145 0.07000986205974546
138 u 68 0.13706948475870884
138 w 109 0.029648256207112866
138 x 127 0.015821861382562696
139 a 54 0.04110554978550274
139 b 51 0.03388442617662124
139 c 128 0.07127757056788486
139 d 91 0.03001964386563616
139 e 108 0.015517819636832075
139 f 104 0.02267293330046638
139 h 32 0.04886219765099575
139 j 79 0.02687859467952991
139 k 1 0.022650967264338795
139 m 145 0.022528064281424287
139 n 21 0.009391214449768537
139 o 149 0.059476087301953307
139 p 52 0.11596427791183683
139 q 39 0.1262177841352975
139 u 140 0.031672489457919895
139 v 45 0.10930575751859373
139 w 39 0.034411676489678356
139 x 141 0.03473937612800315
139 z 38 0.11465980377695384
140 a 59 0.02232308329302768
140 b 68 0.020363029745735783
140 c 27 0.0011288115430113654
140 d 97 0.027403817901042515
140 e 70 0.12026132350897523
140 f 141 0.09953131826135264
140 h 31 0.022877598271745847
140 j 0 0.017324963749108746
140 k 7 0.040104065050196036
140 l 127 0.04260974278755625
140 m 38 0.024860769903513935
140 n 7 0.07759546408283813
140 o 100 0.09392021559180241
140 p 29 0.12398118073821685
140 q 133 0.04797429301413847
140 s 111 7.432560566700275e-05
140 t 25 0.04875626384493337
140 v 82 0.0058919180171068675
140 w 70 0.06357790735869961
140 y 24 0.018203278670108625
140 z 67 0.02758876539967725
141 d 0 0.3123962661086548
141 h 144 0.3025019022535337
142 c 128 0.0628600428602375
142 d 136 0.06353622443844831
142 g 135 0.08757685891768707
142 h 128 0.07923650855176068
142 i 29 0.02951619199772948
142 j 88 0.1606047573803484
142 k 22 5.0639948527386736e-05
142 p 60 0.07268607381785186
142 q 25 0.34493825697603764
142 v 41 0.014621468815174565
142 y 127 0.04849145820479539
142 z 35 0.002301356047828218
143 i 109 0.07733774036454522
143 k 35 0.6341992999056468
143 q 125 0.13125659527104205
143 u 104 0.08124338694259792
144 a 149 0.01955644970891901
144 b 20 0.02718354919962651
144 c 11 0.018477418734537676
144 d 2 0.027932384995679738
144 e 132 0.07176769408841699
144 f 47 0.061985700242499386
144 g 85 0.04398642111447937
144 h 144 0.06670455447723089
144 i 65 0.02197660031269233
144 j 28 0.03080365234958482
144 k 63 0.0576551637642051
144 l 128 0.028394821191079944
144 m 124 0.06058244464144846
144 n 133 0.0610589454760353
144 o 121 0.12230427061445504
144 q 53 7.898601529710003e-05
144 r 51 0.00011463487309493203
144 s 134 0.01917879931494504
144 t 29 0.05391343626262757
144 u 76 0.008923867013538977
144 w 23 0.006551265713404475
144 x 84 0.006174629235638718
144 y 86 0.09853953928075743
144 z 115 0.038490991146623355
145 c 141 0.17387572592098655
145 d 38 0.02800460923310044
145 e 32 0.07949412541565015
145 f 81 0.004316955409934042
145 l 0 0.13290271598825654
145 n 57 0.0016437036024399276
145 p 61 0.02237211177594345
145 s 40 0.43705602467917903
145 v 2 0.0337371118290275
145 x 94 0.013975275037412582
145 z 49 0.005295862018778741
146 f 144 0.5014789561758155
146 o 1 0.011558867458610123
146 r 30 0.005248742525304162
146 z 139 0.449269496602242
147 a 16 0.09352476997200143
147 e 83 0.02632333636137052
147 g 143 0.01799197101397798
147 h 80 0.10463978599118551
147 i 76 0.009883351844100052
147 m 95 0.012362120421726464
147 n 113 0.06582440474770168
147 o 111 0.2230712781419153
147 p 56 0.033990145936777405
147 r 107 0.08670832162123765
147 s 135 0.09056252093996797
147 t 9 0.07473362847458043
147 v 2 0.0500573879468762
147 w 69 0.05325940558222875
147 y 36 0.04637485771660055
149 c 114 0.13960712280658327
149 e 90 0.012301420009548147
149 f 85 0.12370625804344892
149 h 38 0.00871325910685583
149 i 20 0.004812032656996257
149 j 23 0.06227670220663761
149 k 98 0.041539174268775736
149 l 49 0.1419111861263408
149 m 28 0.012887169412965083
149 n 33 0.006808051064930765
149 o 43 0.003308628794572721
149 r 88 0.12550736687548913
149 t 28 0.024379807916559693
149 u 29 0.0440407316026411
149 w 61 0.02718317284865801
