76 26 1039
0 0.02744568462626029
0 0.015786461494448956
0 0.048973101379555795
0 0.06252086608521501
0 0.03718933548050496
0 0.011224728862482602
0 0.06937773786669754
0 0.07538312004908199
0 0.07662236585435278
0 0.30449973503403427
0 0.10317876849448748
0 0.05069408532558328
0 0.04018494189404298
0 0.030131513560468504
0 0.12986052432731365
0 0.02079936674775862
0 0.01703602960942896
0 0.14218860378487141
0 0.05116396677651247
0 0.009035567307820402
0 0.04302535813687236
0 0.08633653136724428
0 0.013319656617601816
0 0.06562118140097661
0 1.0
0 0.017954412341739667
0 0.09760076366823378
0 0.12251253870932666
0 0.017788789602193766
0 1.0
0 0.18963397764962808
0 0.10090411403073096
0 0.11357969328216855
0 0.0792972787675369
0 0.049359072754575406
0 1.0
0 0.2011192057440272
0 0.05495379771346698
0 0.02312638187006799
0 0.03129074138430554
0 0.03412985392181489
0 0.04066949803972586
0 0.012220502938111721
0 0.002630150430924183
0 0.12684966727994262
0 0.06525065427637067
0 0.06479919449379701
0 0.04725548332264218
0 0.03139016573546094
0 0.05233338209349114
0 0.014939512512691544
0 0.5019461133756786
0 0.041978125055341375
0 0.10209597990169916
0 0.03269512477769687
0 0.15966564485409418
0 0.0065846309068190445
0 0.06948270064487383
0 0.004672100070478469
0 0.019024969280869164
0 0.07392382988231938
0 0.0009431799915412542
0 0.09713405375749395
0 0.05770973435454618
0 0.0008468660703545572
0 0.008308837451888706
0 0.18130974493623864
0 0.8374694768157409
0 0.19696900530314665
0 0.0009647995755706074
0 0.023468618865665425
0 0.1396066782396469
1 0.06938869946110304
0 0.0001552557398152299
0 0.04159698386492028
0 0.0008983048398705229
0 a 37 0.006617517143345908
0 c 69 0.035962632134326045
0 d 70 0.030679932170112112
0 e 24 0.027581900400968196
0 f 8 0.1476109300156503
0 h 62 0.005190741444234148
0 i 26 0.012527781676587413
0 j 74 0.013386513595125327
0 k 11 0.08120807554957243
0 l 47 0.08372343133812843
0 m 15 0.05530361513087945
0 n 66 0.12019463298029909
0 p 17 0.07248639147576252
0 s 62 0.044208260854818104
0 t 54 0.07395070107836843
0 u 43 0.010860000544484438
0 w 47 0.018796757289127664
0 x 11 0.06768904031186451
0 z 66 0.0645754602400852
1 a 34 0.00796626791844901
1 b 52 0.10129226902212529
1 d 35 0.03988633623757876
1 g 55 0.007836175110458976
1 i 5 0.0017891043780337013
1 j 44 0.11311475897361323
1 k 39 0.05157389734097484
1 l 65 0.16476464905305743
1 m 54 0.19356189828234682
1 n 2 0.04416413558963517
1 o 37 0.057603109013753206
1 r 0 0.008959958970878423
1 t 65 0.12057777007274495
1 v 25 0.010278784829635623
1 w 23 0.030458959736292313
1 x 5 0.008402882362666841
1 z 40 0.021982581613306462
2 a 65 0.01199553818726029
2 b 41 0.0821641308062242
2 c 60 0.004881427805715655
2 d 63 0.005554840238316094
2 e 9 0.1792817284404138
2 f 43 0.07037652717895515
2 g 69 0.00424088403039613
2 h 26 0.01687617138952069
2 i 8 0.019363049594194437
2 j 12 0.00032818144416502104
2 k 30 0.045597190446549085
2 l 32 0.0006620758365868396
2 m 32 0.012987690001732388
2 n 43 0.011035166791826367
2 o 23 0.008044400516082018
2 p 25 0.018076121405696366
2 q 55 0.02032501055559599
2 r 52 0.11686571076854624
2 s 46 0.1112900743391112
2 t 32 0.03042174348110105
2 u 36 0.03756195084918246
2 v 50 0.02412162306243182
2 w 24 0.025807860273741934
2 x 58 0.05577856017594518
2 y 68 0.010247389634227333
2 z 6 0.027141851366926484
3 a 73 0.22901948656544235
3 d 71 0.0725364827389533
3 e 27 0.2406739282903615
3 f 47 0.034983239889662676
3 h 28 0.09067016056844146
3 i 65 0.07620944243737127
3 o 15 0.02638926949521181
3 z 10 0.16699712392934063
4 a 5 0.03706601879704352
4 b 58 0.038104155611478285
4 d 58 0.027319586711263555
4 e 71 0.03202530936137604
4 f 13 0.08862878105837713
4 g 73 0.05310397869055017
4 h 46 0.06915449688712239
4 i 7 0.008910112757549049
4 j 69 0.01643490901830824
4 k 61 0.03293768957981957
4 l 37 0.01297241086586931
4 m 5 0.03546798769379145
4 n 40 0.06783258870949693
4 o 38 0.01637280803138763
4 p 10 0.05819298560659836
4 q 22 0.06165225374932759
4 r 43 0.1065532551066738
4 s 43 0.014465406130525715
4 t 12 0.03418756784940358
4 u 37 0.052863522937817375
4 v 41 4.0930923730364555e-05
4 w 68 0.023011157374653868
4 x 68 0.023190933896326205
4 y 2 0.04463042627929037
4 z 33 0.007691390891714556
5 b 17 0.06857422071091457
5 f 63 0.10705629843736253
5 g 33 0.07370334313589466
5 j 37 0.026739668179769027
5 k 0 0.16269336916280486
5 l 23 0.12442811154331168
5 m 22 0.002682691978488916
5 p 10 0.02630683125270994
5 q 68 0.020870033707468205
5 r 52 0.06569249751265682
5 s 23 0.03039833961242855
5 u 15 0.026848870319270413
5 v 0 0.05710165756223906
5 x 34 0.008178548008577091
5 y 32 0.11739896653070225
5 z 56 0.07010182348291882
6 a 23 0.038099332045207324
6 b 12 0.046690140305303385
6 c 9 0.06781971630981964
6 d 33 0.007298165453128558
6 e 16 0.03566718919006395
6 f 59 0.014344341845514696
6 g 0 0.15939332288132402
6 i 47 0.007569849365227199
6 j 9 0.025610102790573963
6 k 55 0.008365516768036207
6 m 35 0.013846396998226429
6 n 26 0.001617152560453472
6 o 43 0.0095322595424564
6 p 58 0.165702501732241
6 q 74 0.06494047650115986
6 r 69 0.056852948059341935
6 t 20 0.06429981250104755
6 u 23 0.0004936286160186487
6 w 49 0.004163851155310816
6 y 43 0.0037922043900951996
6 z 5 0.1345233531227522
7 l 17 0.013178722653131136
7 m 61 0.5319655516121781
7 r 12 0.033201105272746556
7 y 11 0.34627150041286225
8 a 35 0.2242387941531102
8 c 64 0.040502595083072634
8 e 65 0.04355054045153273
8 g 5 0.3390533954954392
8 m 58 0.05305470156526715
8 r 49 0.009191167307515347
8 z 59 0.21378644008970993
9 c 56 0.23181427995608983
9 e 72 0.010688611858937325
9 f 6 0.11354878496961718
9 w 67 0.17241189626224307
9 x 29 0.16703669191907833
10 c 7 0.20300795373156966
10 d 46 0.11852391806732321
10 e 32 0.002457151862369722
10 m 15 0.20973624964144633
10 z 56 0.3630959582028036
11 a 48 0.15757857914971707
11 b 57 0.1196002547168421
11 c 12 0.034059874635113285
11 f 39 0.01514932817621184
11 h 13 0.024998640464469313
11 i 5 0.0832379497600304
11 k 29 0.003945380966343892
11 m 38 0.033309131033089856
11 n 23 0.07944223058577615
11 o 52 0.1046833753673111
11 q 56 0.10789074159887724
11 s 10 0.0033782470639064366
11 u 40 0.009475858898950862
11 v 42 0.0005249086705830797
11 w 4 0.11497311616606753
11 x 66 0.025300859557443656
11 y 24 0.0317574378636829
12 a 29 0.0037554564662908296
12 b 2 0.006568790234306454
12 c 63 0.0065779877317762026
12 e 1 0.1284345086226628
12 f 57 0.04390493895962322
12 g 52 0.10285430364487291
12 h 62 0.030716785626369703
12 i 72 0.09059332902317874
12 l 40 0.011416859521281464
12 m 4 0.029274238704150246
12 n 33 0.025035641516722773
12 o 43 0.05457446298312851
12 p 7 0.008434551283794445
12 q 4 0.06061601879139478
12 r 18 0.15361577877686572
12 s 73 0.008766413124970618
12 t 3 0.0011154459790287952
12 v 23 0.05883809952224206
12 w 46 0.09031060427487236
12 x 10 0.010353229317414891
12 y 67 0.030926119545681474
12 z 39 0.00313149445532801
13 n 26 0.9698684864395315
14 v 51 0.6218126553487352
14 z 29 0.24832682032395115
15 a 4 0.038414085205349946
15 b 3 0.021271287030993125
15 c 42 0.017365679450262017
15 d 50 0.04652683277621583
15 e 65 0.009455428881133376
15 i 60 0.10996035859406372
15 j 39 0.09295829056596305
15 k 13 0.03888154937792421
15 l 68 0.09022308436328097
15 m 51 0.007215665651339798
15 o 72 0.0622263402452804
15 q 34 0.11349962786987045
15 r 13 0.01769732208470598
15 s 18 0.006991143985109027
15 t 9 0.04993672589855447
15 u 50 0.09800850853625676
15 v 17 0.0846426326332792
15 w 22 0.026063249762269813
15 x 19 0.01173000252302625
15 y 20 0.036132817817362994
16 a 16 0.0019513980983020263
16 b 56 0.017280736325998358
16 c 51 0.0029170693747130327
16 d 29 0.04302109860399572
16 e 43 0.10003881101981182
16 f 10 0.03468437960898629
16 g 48 0.013794413449437659
16 h 60 0.04385558016281632
16 i 24 0.038149344085238734
16 j 17 0.013407353094226804
16 k 18 0.05668073379403993
16 l 49 0.056852030898668526
16 m 66 0.039130619303607284
16 n 8 0.029848975638066655
16 o 23 0.009030311014748604
16 p 52 0.007014749200155879
16 q 26 0.02709348857516014
16 r 47 0.029780414493057794
16 s 7 0.0003794485290188332
16 u 31 0.0506777187566575
16 v 64 0.02384626732845463
16 w 70 0.16306191331376563
16 x 73 0.04265812912409306
16 y 57 0.049307540213109236
16 z 21 0.08850144638444057
17 d 70 0.3184351121214749
17 f 9 0.005810922389784423
17 g 61 0.0012746425587952803
17 h 33 0.12019452292232402
17 i 6 0.04068807891256354
17 k 63 0.08975507076771416
17 p 33 0.12243132051220973
17 q 56 0.04852788419108922
17 r 23 0.04557162231913181
17 v 52 0.06512221952004149
18 a 68 0.20256528718182
18 h 56 0.012715988058287775
18 j 62 0.3152651588674833
18 m 55 0.14679749483398175
18 n 40 0.2205422010677619
18 p 50 0.027950076622489717
18 z 7 0.02299982659166311
19 a 56 0.016465479862335597
19 b 40 0.0916533870221311
19 c 43 0.031609564379563304
19 d 9 0.09056719055460949
19 e 57 0.036350579531785665
19 f 25 0.022521401618590398
19 g 5 0.07510605979878926
19 h 45 0.01656791517708689
19 j 66 0.06720453751665911
19 k 44 0.009065090115018548
19 l 24 0.04351099359803923
19 m 32 0.02891744378876171
19 o 18 0.010386800494802673
19 p 4 0.028649412960327303
19 r 15 0.028948112426034567
19 s 43 0.03251310606902047
19 t 60 0.027024728687645938
19 u 36 0.08700217411054845
19 v 14 0.0515650792743767
19 w 51 0.017359523237278074
19 x 40 0.14723834661562374
19 y 25 0.021628236559940728
19 z 32 0.009109269293210653
20 a 58 0.03907442070654965
20 b 54 0.0033036477483194826
20 c 62 0.004557632913871568
20 d 8 0.10895122110424993
20 e 19 0.011262373593131092
20 f 48 0.02274604933340174
20 g 36 0.030480086968569853
20 h 16 0.011901635862199389
20 i 43 0.018521161378812434
20 j 72 0.037038555945538953
20 k 68 0.009300118640350075
20 l 70 0.03568273723075144
20 m 47 0.029201194068713354
20 n 3 0.05214747376911111
20 o 70 0.023335418732009616
20 p 24 0.12427512517960893
20 q 13 0.011395011581269987
20 r 74 0.0023767613065067694
20 s 0 0.07423240618565552
20 t 44 0.036299281703770614
20 u 33 0.05129779670739898
20 v 71 0.04063026881260745
20 w 75 0.1328025721227879
20 x 71 0.00679229478317489
20 y 50 0.015507589063104121
20 z 1 0.0238618064216628
21 a 42 0.03982725805795406
21 b 39 0.03652058348401643
21 c 36 0.0330893561249509
21 d 73 0.026228152557425943
21 e 53 0.0020393214062724985
21 f 52 0.02780443713788261
21 g 16 0.01808405849306227
21 h 27 0.09335778305342846
21 i 4 0.014844195306883634
21 j 38 0.06357561554582669
21 k 32 0.007377875849269411
21 l 65 0.016820648491148393
21 m 30 0.11512984136046078
21 n 20 0.02043811025455211
21 o 31 0.013730352038771043
21 p 45 0.05242315936316744
21 q 50 0.015689890100451964
21 r 50 0.10728349889826039
21 s 11 0.03362135656073573
21 u 47 0.004299000020017485
21 v 1 0.04388934823542934
21 w 39 0.05171161151544168
21 y 50 0.04960783886162179
21 z 31 0.02627017591572467
22 a 15 0.004236907700140069
22 d 35 0.08091594286268422
22 e 27 0.18223643693133884
22 h 29 0.033052136055612635
22 i 19 0.014475089093337945
22 j 41 0.08826455410510614
22 k 2 0.016647334412325132
22 l 49 0.014604938519650057
22 m 16 0.040911432859265906
22 o 27 0.0773765965222597
22 q 14 0.06602151928949473
22 r 67 0.012521174659664402
22 s 47 0.088338250077728
22 u 57 0.10828617521646289
22 v 18 0.01640761572638827
22 w 24 0.03383946806137761
22 x 18 0.10854477128956164
23 a 67 0.024325808255292958
23 b 57 0.008392593663433257
23 c 59 0.058125740668750536
23 e 75 0.03748684436643668
23 f 56 0.029996124584182438
23 g 57 0.03609795056159604
23 j 51 0.009477113527027514
23 k 25 0.02027293253089002
23 l 30 0.10926486412392822
23 m 65 0.030821358748267524
23 n 6 0.011765569866691639
23 o 67 0.0510373555832051
23 p 8 0.0012485670953849004
23 r 40 0.024756299228461898
23 s 4 0.040286626583916685
23 t 56 0.06917028728311225
23 u 66 0.1637206751863013
23 v 67 0.017508034330618538
23 w 22 0.019423989104898398
23 x 6 0.10477040916280222
23 y 63 0.0004701377722664546
23 z 63 0.06595953637155882
25 a 3 0.02576161216563355
25 b 21 0.04055025692988523
25 c 8 0.003968362004973192
25 d 61 0.03674917324286786
25 e 33 0.03539750753802684
25 f 4 0.02041376497466485
25 h 34 0.12033676466532017
25 i 63 0.028684875538177557
25 j 31 0.037256856623287704
25 k 33 0.004516734755654839
25 l 66 0.027612419309172576
25 m 61 0.0034300662697821505
25 n 37 0.07348243983349545
25 p 5 0.04689205840238142
25 q 39 0.07419569818979899
25 r 60 0.06486180784931572
25 t 27 0.07352378509665591
25 u 22 0.20062949089936166
25 v 28 0.024647734591353387
25 w 64 0.005340935878245023
25 x 52 0.001607011321316576
25 y 20 0.025214488906663557
25 z 12 0.006971742672226111
26 a 75 0.08802778078138784
26 b 15 0.009265335597126612
26 d 1 0.035340453854929565
26 e 34 0.06691938013720933
26 f 20 0.009826296236424614
26 i 36 0.08567403237957971
26 k 21 0.02340376487268181
26 l 18 0.0012264632732632563
26 m 56 0.0027181978389859696
26 n 42 0.17823262241530224
26 o 25 0.020094459750165883
26 p 65 0.16115470019724543
26 q 49 0.02806272193630177
26 s 10 0.013753045653239093
26 t 71 0.02722403762321368
26 u 37 0.017592294904359984
26 v 5 0.024684970132441753
26 x 64 0.029531736401436914
26 y 45 0.00016545643445475822
26 z 58 0.079501485912016
27 b 11 0.024480306607675306
27 c 44 0.10433494171922764
27 f 27 0.04957183534592979
27 j 43 0.004287633275383618
27 o 26 0.11565104870852727
27 p 68 0.05180034061092875
27 q 12 0.09257502691718744
27 r 2 0.1357621758098213
27 v 12 0.12143491025316755
27 x 49 0.02267423615544406
27 y 4 0.006285091959456479
27 z 36 0.14862991392792413
28 a 33 0.06444433322311005
28 b 61 0.0015070459708841355
28 c 34 0.00019444096997056626
28 e 57 0.04605198787637943
28 f 10 0.003897441327751938
28 g 19 0.048755222834268475
28 h 29 0.0009164148624134505
28 i 56 0.012644756739509488
28 j 75 0.1555232588015144
28 k 57 0.01400651188782287
28 l 17 0.055929400572546695
28 m 62 0.01387171797374831
28 n 37 0.11605248609074925
28 o 64 0.000488563417674448
28 p 49 0.011100666106620416
28 q 33 0.01104185802994695
28 r 7 0.10058123160133592
28 s 34 0.01399012891919571
28 t 59 0.15935575277195413
28 u 73 0.03379544449321337
28 v 27 0.008930231755605478
28 w 51 0.052618794068119645
28 x 63 0.009700331367058945
28 y 38 0.03928166767336694
28 z 69 0.007531521063045221
30 a 27 0.0037853966491581126
30 b 3 0.004445103877218637
30 d 72 0.13514735110264653
30 e 51 0.0645118605071856
30 f 38 0.03717202973214795
30 i 0 0.0930049276089312
30 j 27 0.03426883566866956
30 l 59 0.08684449543337802
30 m 23 0.011193605505678828
30 n 35 0.027912681320740207
30 p 11 0.18957436394629223
30 r 54 0.016187791915854843
30 v 70 0.0033572304432869515
30 x 43 0.030950020709381465
30 y 43 0.06429906146433462
30 z 1 0.007711266465467159
31 b 27 0.01742747392393551
31 c 41 0.055677648654219425
31 e 63 0.05251245509294211
31 f 37 0.13684923938218363
31 h 33 0.04035491979195571
31 i 56 0.012568607390652464
31 j 16 0.027489777544933203
31 k 68 0.08112162784710408
31 n 45 0.0506351750100289
31 o 57 0.002421331144542349
31 p 14 0.03627664931660213
31 q 3 0.033758468891484816
31 s 72 0.0006046170421328823
31 t 43 0.005264333655964015
31 u 10 0.1635642517015512
31 w 0 0.01892215751377979
31 x 20 0.0813104797191142
31 y 53 0.08233667234614261
32 a 16 0.003009878139176636
32 e 5 0.06940289875778549
32 f 8 0.007389017458613756
32 h 31 0.08491454347040583
32 j 21 0.017693222585141832
32 k 13 0.028892452776897448
32 n 33 0.006617756308185507
32 o 43 0.17465276314936296
32 p 66 0.24802287413611335
32 q 5 0.018268086263518946
32 r 53 0.028226729781046567
32 t 23 0.045277050407892316
32 w 23 0.15405303348369082
33 a 54 0.044320705550454864
33 b 19 0.033888425951489554
33 c 72 0.11292236451549265
33 d 47 9.450733315152782e-06
33 e 4 0.014075213231025674
33 f 19 0.06130993904585291
33 g 38 0.03467751639896954
33 h 1 0.13014098230732718
33 i 62 0.027943520405875444
33 j 14 0.009019805076509013
33 k 4 0.22360667723864602
33 l 34 0.003965297343029084
33 n 58 0.0019555637475160426
33 o 40 0.007669233492075156
33 q 69 0.010204787319504804
33 s 2 0.03849629533724386
33 u 50 0.0030263068957008255
33 v 29 0.00033915069866963243
33 w 8 0.14998679473231347
33 x 61 0.0026370835387922176
33 y 51 0.0007338028296819399
33 z 54 0.009773804842978073
34 c 13 0.04081909605346312
34 d 19 0.06888578048295746
34 e 42 0.037685166900569556
34 h 34 0.019115073710873398
34 j 26 0.015632043424457343
34 k 31 0.004732913520425375
34 l 10 0.04970177173376067
34 m 3 0.11442635552351399
34 n 1 0.04253569818556058
34 p 35 0.09569891181251855
34 q 3 0.02162200539211412
34 r 51 0.035324541719044866
34 w 40 0.14369934165705978
34 y 47 0.2607622271291058
36 c 42 0.10587051269416026
36 e 67 0.028128008710207375
36 m 28 0.39145396467233107
36 v 8 0.07554898758832451
36 w 43 0.1978793205909496
37 a 31 0.029669731031419788
37 b 15 0.016871709774312738
37 c 55 0.05861917374929915
37 d 1 0.04592926477939063
37 e 37 0.07471980791383437
37 f 21 0.1643418764688015
37 g 62 0.04065058251223708
37 i 1 0.009764163820495164
37 j 37 0.012880787029626584
37 k 13 0.026025533613556195
37 l 34 0.010980607747433035
37 m 71 0.08773382119986306
37 n 27 0.019082946344281204
37 o 12 0.04560940164162397
37 p 33 0.0014094242081215125
37 q 74 0.030601708929085425
37 r 16 0.06508640789066189
37 s 31 0.007118765748960865
37 u 27 0.15429972708458595
37 w 65 0.014150492351600819
37 x 57 0.0017022759801865739
37 y 23 0.02779799246715553
38 e 39 0.03530497082048101
38 f 68 0.0011369695625871312
38 l 37 0.09863551043664887
38 o 10 0.5301386389610067
38 s 30 0.06637170819116611
38 u 66 0.0381746320986317
38 v 52 0.00396998783664515
38 z 47 0.20314120022276538
39 a 51 0.07407189435796169
39 b 23 0.01517637957739415
39 d 19 0.023691335960118187
39 f 9 0.2125768375540833
39 g 13 0.0627738134419692
39 h 66 0.06941783524240741
39 i 51 0.08524932335545798
39 j 58 0.012114959726403862
39 m 60 0.01152160001419733
39 n 24 0.003937720739385142
39 o 21 0.09254362425228857
39 p 50 0.043496873777875034
39 q 8 0.03347658734258774
39 r 5 0.02071644738036904
39 s 56 0.034675001597692434
39 t 46 0.09470989564824761
39 v 47 0.01874600790219294
39 w 20 0.04609736679367282
39 x 9 0.007515165139380331
39 y 13 0.00011576912943056517
39 z 13 0.006084819682579123
40 b 75 0.07300647815044914
40 e 70 0.05358276864000211
40 f 15 0.06565420289433288
40 l 20 0.06305162728515967
40 m 23 0.030045281468371154
40 n 26 0.15204265996002653
40 o 71 0.03121609255123059
40 s 64 0.27567949643463285
40 t 5 0.00783122426460503
40 z 75 0.21376031442937515
41 b 55 0.15700537376906254
41 f 11 0.010664233476236018
41 h 6 0.03543107372447862
41 i 32 0.012290070579085044
41 j 33 0.03496048795975348
41 k 44 0.0809565469160547
41 l 42 0.08933368814322296
41 o 47 0.16186906578277604
41 p 64 0.036231427284448614
41 r 19 0.016209998393092895
41 s 58 0.14424972550749493
41 u 38 0.03423628955233193
41 x 47 0.07256214357832147
41 z 73 0.0733303772939149
42 e 26 0.17208073030614202
42 f 0 0.036956943592376
42 g 17 0.10857770945640799
42 h 1 0.03054538348966751
42 i 16 0.05718196201078829
42 j 13 0.11324646571820218
42 m 10 0.04230273581581345
42 o 38 0.15613649459018952
42 p 21 0.007333869737522147
42 t 25 0.09011585789058874
42 w 9 0.17330134445419043
43 a 41 0.09600611930528491
43 b 75 0.007179357827930444
43 c 40 0.09002799525474148
43 d 15 0.059535462059508326
43 e 21 0.05835194273249511
43 f 51 0.0069754972535721604
43 g 18 0.012694747076645974
43 h 71 0.041789002428220035
43 j 67 0.01855568491520576
43 k 11 0.025930817977303455
43 l 75 0.005717735050570827
43 m 59 0.11093023941981373
43 o 75 0.03856940443177104
43 p 67 0.12346318110387067
43 q 73 0.032008277480620295
43 r 3 0.13036352539665363
43 s 18 0.003860588511889085
43 t 52 0.01689215335426908
43 u 28 0.019898424927668468
43 w 5 0.001823102834178858
43 x 59 0.0732723036709666
43 y 74 0.009033233872526525
43 z 15 0.014491052683369365
44 a 27 0.0016550333876947931
44 b 32 0.08455985450587156
44 d 23 0.012669352043864324
44 e 35 0.006186193177479149
44 f 58 0.17335796661098735
44 g 26 0.08787885387916716
44 h 29 0.11254335872525267
44 i 41 0.012529451921631463
44 l 56 0.06350328303485275
44 n 61 0.05743883641530445
44 o 53 0.021827528864439838
44 r 10 0.0310523002317179
44 s 56 0.009971849485587048
44 t 66 0.06792162702141058
44 v 1 0.008416133449406837
44 w 8 0.0476363181045254
44 x 23 0.03338251844190865
44 y 27 0.040619873418955454
45 c 73 0.0738152664182683
45 d 69 0.02748623551859708
45 g 74 0.26369521893774595
45 h 23 0.2896540277728282
45 l 51 0.021526696091463737
45 u 71 0.25857190098472604
46 b 61 0.001991427720998473
46 d 6 0.03662687237603546
46 f 14 0.09547407760361093
46 g 43 0.12188607213397429
46 j 10 0.004540456276249549
46 k 7 0.14642865510172576
46 l 59 0.10844948929724185
46 r 30 0.039189839355471934
46 s 17 0.12610532497952354
46 t 53 0.05630226635428082
46 w 66 0.04984235992632002
46 z 6 0.14836396438077037
47 b 35 0.10500274242434893
47 c 12 0.1447665099894193
47 d 53 0.03195170806564718
47 f 6 0.01865931868121462
47 g 28 0.07884946754857414
47 h 66 0.04442926839318517
47 i 52 0.011854838415586988
47 k 53 0.040892998436245054
47 l 63 0.0625730266998058
47 m 56 0.04746746119030554
47 n 65 0.025924775416148682
47 p 11 0.09102317513635427
47 q 11 0.033092288675953596
47 t 62 0.006245801345828528
47 u 70 0.023770817923811305
47 x 43 0.02815848291036438
47 y 50 0.10019708213097223
47 z 0 0.057884753293592106
48 b 67 0.029456748834933544
48 c 39 0.02303805983473972
48 d 74 0.10109830118548602
48 e 42 0.0668195071732347
48 f 31 0.029178615800753538
48 i 40 0.01418144326930193
48 k 58 0.019159126666869586
48 l 44 0.00958303406125971
48 m 33 0.020560919211766615
48 n 67 0.09608374490905935
48 o 72 0.023994275988617808
48 t 56 0.06554262239138464
48 v 2 0.10615334588403924
48 w 11 0.26297346780991404
48 x 21 0.01426197528219253
48 z 63 0.08652464596098608
49 a 24 0.011608882921275154
49 b 23 0.006224955104949581
49 d 10 0.1073118481584342
49 e 53 0.1499891719071912
49 g 66 0.022722363315629823
49 h 61 0.08113258824824876
49 i 75 0.018011556811507123
49 j 67 0.005863322833268958
49 k 34 0.03564963038100066
49 l 51 0.02256263650166357
49 n 46 0.04421411484742821
49 o 71 0.023373093648577425
49 p 71 0.10980600601220836
49 q 67 0.06385923734728471
49 r 56 0.022807193526902303
49 s 55 0.07391328272854003
49 t 61 0.005924548860598788
49 u 13 0.03639802114336699
49 y 16 0.10629416360843302
50 e 14 0.004052093311518901
50 f 68 0.060403209476869946
50 g 8 0.017758122471545845
50 h 50 0.053692454470757434
50 i 41 0.05304928390520902
50 k 48 0.0391412041476451
50 l 43 0.09688970384216378
50 o 59 0.0017068853585966437
50 s 39 0.28222246858160505
50 t 0 0.08342465057341597
50 u 50 0.1623255333936242
50 w 15 0.017389254029194667
50 y 17 0.11300562392516189
51 b 43 0.03256523622301821
51 e 50 0.02967059209002365
51 j 28 0.12042713620320344
51 k 19 0.201254930630286
51 m 36 0.051950137654522166
51 x 27 0.05024263399141882
51 y 1 0.011943219831849095
52 a 59 0.006974011437484884
52 b 60 0.07547263866067877
52 c 39 0.05640380485793406
52 e 72 0.03297089235180606
52 f 16 0.041467933823870484
52 g 40 0.0558653025458441
52 h 17 0.028282342078211675
52 i 29 0.12251352512681357
52 j 41 0.08631536735383993
52 k 56 0.0016211997157462577
52 l 51 0.010105073402266962
52 n 34 0.049705367533395495
52 o 52 0.019315085372073937
52 p 10 0.0004765997422520041
52 q 20 0.04525900112614323
52 r 56 0.08756631172051765
52 u 50 0.029660731056215472
52 w 35 0.048113698036412855
52 x 11 0.07048063099812629
52 y 3 0.035236022464330774
52 z 23 0.05421633554069416
53 a 52 0.0686858079806636
53 d 3 0.02589365354713602
53 f 3 0.10147377405401992
53 g 21 0.01962584289316316
53 h 26 0.024631270035203934
53 i 62 0.010037533082392414
53 j 48 0.050695411787730404
53 k 55 0.06305443601748706
53 o 20 0.06775293999381227
53 q 68 0.047877589652064234
53 s 21 0.15239292476323552
53 t 70 0.01986546089721386
53 v 62 0.24591737539417846
54 a 33 0.012696679358697227
54 b 40 0.15393223041806658
54 d 63 0.02104869143701138
54 e 29 0.0015859617212325983
54 g 14 0.07653298686679211
54 h 49 0.18075872955764272
54 k 73 0.009245146007815008
54 l 34 0.058976396491210004
54 m 43 0.19270626376576871
54 n 43 0.04518066783319663
54 p 46 0.12181715015146632
54 t 46 0.0901992732033946
54 y 18 0.0026246984100092297
55 b 61 0.15053614381704405
55 c 39 0.0060694140995845025
55 f 48 0.06711038700950978
55 h 41 0.04556381587550595
55 i 0 0.1278823211951604
55 k 48 0.15789513464608773
55 l 60 0.11058002145257018
55 n 61 0.0769102058151585
55 p 65 0.04804610367733153
55 t 24 0.019754860474413882
55 v 66 0.006451567993483565
55 y 7 0.023534379090055735
56 b 4 0.09928836728685575
56 e 70 0.1521290580385002
56 i 3 0.13496429585600112
56 j 62 0.0005233874175714082
56 m 55 0.16514506425342435
56 n 14 0.1120043870186136
56 o 12 0.04964287123415789
56 t 33 0.04812118594606041
56 v 1 0.11805737652824944
56 y 41 0.11353937551374682
57 a 36 0.08643195990169694
57 b 7 0.10798274076699899
57 c 9 0.00028239602126012286
57 d 7 0.04572550613904991
57 e 23 0.0024154675238162726
57 f 21 0.056251303537286024
57 g 22 0.03245139303414868
57 h 3 0.09679200898623763
57 i 30 0.023444591294657702
57 j 29 0.02107237322810629
57 k 63 0.04404102231953089
57 l 18 0.011381733123088988
57 m 8 0.0006681064797536829
57 n 32 0.04008121583436708
57 o 13 0.006736528518911378
57 p 3 0.03898805012958784
57 r 29 0.06058214915306326
57 s 22 0.08323381039717626
57 t 30 0.001065171624402339
57 u 59 0.001038643199998024
57 v 23 0.003719889135211152
57 w 63 0.04625686048060551
57 x 36 0.000421444319783415
57 y 25 0.11852960684824965
57 z 21 0.0009233273581381596
58 c 31 0.61036006920369
58 h 24 0.009027622063810692
58 p 64 0.3759402086620208
59 a 19 0.01564505910531999
59 b 32 0.1486241032420217
59 d 69 0.09923304099292685
59 e 35 0.06365671829720776
59 f 47 0.06514542891757014
59 h 68 0.001441185695403413
59 i 7 0.022543973307045384
59 k 14 0.040745121396732586
59 l 64 0.039858271219765595
59 n 28 0.023815471469535887
59 o 27 0.022598650733517633
59 p 67 0.0295328324392905
59 r 11 0.0006755752368899914
59 s 23 0.17496832953919583
59 t 14 0.0007576874766702657
59 u 65 0.0009994003464697254
59 w 35 0.05211476079240818
59 x 17 0.003276214889247564
59 y 63 0.12255835405505444
59 z 10 0.052784851566857416
60 h 24 0.7737152289689566
60 q 23 0.152360941148724
61 a 40 0.16569825119715786
61 b 33 0.026435294645781426
61 d 48 0.013577819695701043
61 e 50 0.0011442802118692974
61 f 61 0.011055836117117468
61 g 68 0.028667016308557614
61 h 73 0.026205080868332398
61 j 71 0.03984792231858736
61 l 43 0.04487961849112165
61 n 32 0.02100473447891049
61 p 35 0.08425525155109737
61 q 25 0.026431108971563644
61 r 67 0.01661407361852385
61 s 41 0.12265340885769016
61 t 31 0.05473830581044381
61 v 1 0.0882514716916537
61 w 6 0.01672818666592213
61 x 36 0.00453825264449792
61 y 64 0.07606193352839585
61 z 57 0.1302689723355337
62 e 29 0.1137717761037651
62 g 55 0.1861414352838041
62 h 15 0.18225535530965797
62 p 73 0.13672553379957242
62 q 38 0.11392472266025588
62 r 71 0.10476416348229167
62 v 60 0.06528295960315889
63 e 20 0.48932195364315834
63 i 7 0.08469269771066612
63 m 46 0.2729276889674328
63 q 32 0.007523505958589749
63 x 69 0.08782441936560681
64 b 49 0.05048218226699008
64 c 28 0.025363735793515585
64 d 42 0.03793730743664259
64 f 30 0.0296733332696969
64 g 27 0.009392378643233723
64 h 18 0.012906753275091054
64 j 39 0.04858413500655234
64 k 39 0.011331658714928361
64 l 68 0.07061376637132877
64 m 31 0.004481080621719036
64 n 1 0.12660643298327534
64 o 54 0.015409946133925101
64 p 59 0.011912034299159546
64 r 53 0.22682525301123735
64 s 62 0.05052149815292106
64 t 67 0.04215481479935457
64 u 23 0.010960179489936328
64 v 61 0.11530582371289033
64 x 66 0.0038479576127413706
64 y 69 0.026596523442932396
64 z 13 0.06824633889157361
65 d 62 0.28383056334484014
65 j 39 0.050275824905359534
65 m 38 0.6575847742979116
66 a 10 0.11394589271790556
66 b 62 0.03643689073318568
66 c 57 0.06855195836122419
66 e 24 0.0023108816765667894
66 i 42 0.05862832574208987
66 j 48 0.016354089423979534
66 k 44 0.02146348038345469
66 m 65 0.015412487766904293
66 o 71 0.027035345894667495
66 p 60 0.00788365839175409
66 r 30 0.2522455371744905
66 s 40 0.05503912573877079
66 t 10 0.03568920834702616
66 u 36 0.03226243157612285
66 w 20 0.001991362952804665
66 y 72 0.023336781253813
66 z 46 0.050102796929001214
67 l 17 0.1625305231842591
68 f 67 0.05053375330450238
68 l 64 0.009008829070062285
68 n 0 0.06181011489818633
68 o 31 0.00427181296567003
68 p 54 0.14357079726133049
68 q 73 0.24159622268260827
68 t 32 0.035451255672804716
68 u 69 0.05482924560375613
68 v 65 0.014096420056470493
68 w 43 0.05673160596874538
68 y 71 0.13113093721271685
69 a 55 0.03790307509905411
69 e 54 0.1017528824381444
69 g 52 0.06115456065818736
69 i 20 0.17987090988901366
69 o 44 0.3387561675764602
69 p 71 0.015888100437585373
69 r 13 0.020855101989076363
69 t 30 0.0886599353557066
69 v 18 0.008569095810602945
69 y 55 0.06402125079369503
69 z 53 0.08160412037690334
70 a 34 0.02577425908075892
70 b 13 0.05516132958015885
70 c 19 0.00445097340031031
70 d 31 0.07265292404880797
70 e 10 0.005472654133861776
70 f 29 0.029323895476977335
70 g 34 0.019344860111252804
70 h 43 0.02327315477241143
70 i 75 0.026597048408096624
70 j 68 0.05838463005196515
70 k 7 0.01814744558295389
70 l 56 0.024863429879464105
70 n 19 0.02795614637754762
70 o 48 0.017008666538883777
70 p 3 0.027652951754748578
70 q 17 0.007954123403150826
70 r 61 0.06749457723765206
70 s 12 0.021175239814002378
70 t 71 0.2254205341906288
70 u 61 0.06352978139908572
70 v 63 0.021863979568919945
70 w 35 0.07157540113240624
70 x 74 0.03503639931552649
70 y 15 0.009540798409357731
70 z 69 0.016876177465405262
71 h 32 0.8530086132163095
71 j 0 0.0073847085440436055
72 a 31 0.05570324874677901
72 c 44 0.03510332569912966
72 g 39 0.05565677351029086
72 h 66 0.005465523074916323
72 k 39 0.06860512185063639
72 l 6 0.018803846161391635
72 m 8 0.06362772860325883
72 n 28 0.06976437561598248
72 o 29 0.06623917170643001
72 p 52 0.09555002805282475
72 q 56 0.07656739819687375
72 r 55 0.08937105714758875
72 u 47 0.14241450757380592
72 v 60 0.0877391945989886
73 a 12 0.046393310788683695
73 b 14 0.1657353395331298
73 c 13 0.10543923722477633
73 i 10 0.08225297663208375
73 l 35 0.1921404850663494
73 p 18 0.058330282763166985
73 r 46 0.012258930374444033
73 u 44 0.01875551933684838
73 v 10 0.09206130873204577
73 w 66 0.08473905588809993
73 y 38 0.1417382979205567
74 f 33 0.12347857477741997
74 g 32 0.1720904209730213
74 q 75 0.1333281821984117
74 u 9 0.055219243456380074
74 v 61 0.25737231549145323
74 w 42 0.21691427923839346
75 a 35 0.045300558349934406
75 e 41 0.09135004014705805
75 f 28 0.011913482536263453
75 i 12 0.14982536153642445
75 j 33 0.05000652389004612
75 l 58 0.1567232532469468
75 m 69 0.06835058635589852
75 p 50 0.12728096526136934
75 q 73 0.15215336469758167
75 x 0 0.09512669240827432
75 z 67 0.05107086673033234
