114 26 1504
0 0.03733921933935058
0 0.06502317294006399
0 0.1047245170132548
0 0.09781910356729118
0 0.07168494846049056
0 0.26852689308282884
0 0.14053880666575536
0 0.14056631703625488
0 0.0280208257154696
0 0.578790911477784
0 0.012892719729800328
0 0.05735701416294603
0 0.2905464908173643
0 0.011247652941752229
0 0.0734211025895738
0 0.02570862462550272
0 0.12190798273178272
0 0.13706617081971684
0 0.3111529499926329
0 0.11308564939309385
0 0.05433127803126869
0 0.019271626098035344
0 0.002133278088934376
0 0.0647273167660537
0 0.022703310521017595
0 0.024796006141335813
0 0.0814800680923291
0 0.07847441332702965
0 0.00793326569999342
0 0.030570917040937395
0 0.027235575061584805
0 0.008137421362954589
0 0.012372010582748838
0 0.002867967609047173
0 1.0
0 0.014493827458156527
0 0.2800072656792343
0 0.2479132670587918
0 0.04495641290933172
0 0.08828575120597437
0 0.01004635332809678
0 0.9567235231114056
0 0.7306871875855724
0 0.23857372613369132
0 0.32611077290741464
0 0.03231436219409978
0 0.42091964829782624
0 0.06119874332058872
0 0.2557094471272533
0 0.00701442486241699
0 0.02220818011785941
0 0.2694542069183564
0 0.04234843000870747
0 0.01540299834158343
0 0.051323415639417114
0 0.1345680537534728
0 0.16132444892687503
0 0.011231993528358464
0 0.023248167013922516
0 0.24188096106827373
0 0.12932588409239187
0 0.022179889233655437
0 0.02023968584463476
0 0.03508791338666162
0 0.04661153266981488
0 0.050105032046756315
0 0.5287936330355679
0 0.06293001981806035
0 0.11792288528621242
1 0.0026358988473726974
0 0.10316036856985422
0 0.32261039984732853
0 0.19472647192052117
0 0.1288399363397308
0 0.37808074846951334
0 0.11771037009289043
0 0.009152422683575745
0 0.03415848600741245
0 0.1445537312806029
0 0.5799054759115653
0 0.015948047902782148
0 0.07077312123743928
0 0.06751508288176444
0 0.09810017206693589
0 0.021772035301211523
0 0.025917174224019845
0 0.13304447934860297
0 0.01064899520306628
0 0.09391689354363708
0 0.04980132850411201
0 0.07919727226910045
0 0.09178947389041103
0 0.06318745132607595
0 0.33823516250148067
0 1.0
0 0.25442418119508914
0 0.0023597271764232985
0 0.04015809243589319
0 0.1545391560649294
0 0.09214950542596168
0 0.0775516217685801
0 0.016963884053972644
0 0.052912821572177915
0 0.031297877176380995
0 0.1151751305379376
0 0.04673797783823108
0 0.01905035512539144
0 0.08431085187925302
0 0.04060309506506388
0 0.012081726735519882
0 0.07902750409116799
0 0.028271345406066684
0 0.03599054194870199
0 1.0
0 b 113 0.08998359606764506
0 c 0 0.03186256652731534
0 d 60 0.015981233440328868
0 e 14 0.03101230388323095
0 f 54 0.003521266350587693
0 g 34 0.06218084604989538
0 h 7 0.1478099422183654
0 i 12 0.01495013686834279
0 j 50 0.13646503122670084
0 k 98 0.027924811000855865
0 l 81 0.0022930958608474716
0 m 108 2.2492800033080407e-05
0 n 45 0.022761342273470486
0 q 75 0.09789038823162
0 r 47 0.012959106727914338
0 s 71 0.06234667526741444
0 v 75 0.00044901839106714636
0 w 105 0.09810265824923448
0 y 61 0.036141934686661825
0 z 89 0.06800233453911797
1 a 97 0.0359637630436872
1 c 48 0.06454103325139315
1 d 18 0.11355957487857593
1 e 29 0.028218685136114807
1 f 60 0.08914675590337162
1 g 101 0.07406788288230004
1 j 17 0.0531054919750511
1 n 81 0.3078436844120819
1 o 17 0.025687291649313937
1 p 32 0.010399846496814136
1 q 50 0.006747617132883299
1 t 26 0.05433780612146266
1 v 107 0.05597059317519959
1 x 96 0.007240745771542545
1 z 68 0.008146055230144111
2 b 62 0.05272677484229504
2 d 110 0.14014943503648114
2 e 109 0.10283508183074863
2 g 108 0.03609247256546699
2 i 86 0.01794219485113102
2 j 54 0.02234183303451609
2 n 45 0.1684943659598911
2 r 19 0.11551976374180661
2 s 23 0.1674902458261034
2 u 85 0.042959934740969374
2 x 23 0.02124421610051641
2 y 7 0.007479164456819398
3 d 84 0.0077202321678715435
3 h 3 0.021950428850974646
3 i 34 0.21170976993269364
3 l 7 0.30198330168935816
3 q 53 0.07444218117928092
3 r 3 0.08357140640825766
3 s 60 0.03988428836772284
3 u 41 0.11766018671728096
3 w 65 0.04325910111926845
4 a 111 0.04603932121956633
4 b 39 0.11557689268549765
4 c 17 0.06176428822484137
4 d 52 0.16336910092552437
4 e 110 0.026174639370712405
4 f 97 0.08564771357541656
4 g 91 0.041976983847308635
4 h 2 0.07487895521257881
4 i 25 0.01595478965208541
4 j 82 0.0034306553572407417
4 k 49 0.004661504197397304
4 l 50 0.025040982102027876
4 m 47 0.0506222162146025
4 n 53 0.02348552173331009
4 o 17 0.04334949275700006
4 p 65 0.03065402492490321
4 s 53 0.027132421405712148
4 u 85 0.030060079894261738
4 w 77 0.03427355643133423
4 x 98 0.004467295518669867
4 y 94 0.017960784499903126
4 z 42 0.001793831789615008
5 a 32 0.25186543233872616
5 h 0 0.27624376146674945
5 r 81 0.1382182134382176
5 u 44 0.06514569967347794
6 a 96 0.09331161750248373
6 b 9 0.020300120272560118
6 d 104 0.030599739984768393
6 e 45 0.022635022635766333
6 f 18 0.05010380405637738
6 i 52 0.005329331984756047
6 j 85 0.01141722118082189
6 l 11 0.03485064108140257
6 m 57 0.019761799826120474
6 p 109 0.13900487322671073
6 q 27 0.24774850040738783
6 s 55 0.058344304924763724
6 v 16 0.05633020104011732
6 z 105 0.0697240152102081
7 b 36 0.021918093165180452
7 d 31 0.21025450955641845
7 e 107 0.054763990669772444
7 h 112 0.02068414651210282
7 i 56 0.21006699295883013
7 j 11 0.06406211942561268
7 m 38 0.009745748282893651
7 n 29 0.019404330207799192
7 p 62 0.002788715487931026
7 q 50 0.13143057883157994
7 v 35 0.07088794018763356
7 z 29 0.04342651767799077
8 a 32 0.05651869290845646
8 b 5 0.020126249085092973
8 c 19 0.015741531576148327
8 d 90 0.04363131407009624
8 e 25 0.005373299121763653
8 f 67 0.006461667830655937
8 g 75 0.004585668479434424
8 h 73 0.062293587845347886
8 i 27 0.03668034650194685
8 j 48 0.070536020216313
8 l 34 0.23384396036020638
8 m 70 0.019600585994276498
8 n 74 0.07296286655689288
8 o 113 0.004000777682716006
8 p 97 0.07081465226984374
8 r 46 0.06382796927545098
8 s 66 0.028855510123080852
8 t 91 0.048203073531450036
8 u 84 0.03897362854749531
8 v 76 0.0045843001297714014
8 w 41 0.01921647398869808
8 x 84 0.029232052773664585
8 z 62 0.01591494541572791
9 b 30 0.04584447749583864
9 k 40 0.22181201366726633
9 p 36 0.09674293796997224
9 w 91 0.056809659389138734
10 a 51 0.0035825038354283523
10 b 24 0.0369607563885993
10 c 71 0.0652747468706324
10 d 83 0.012916112739578822
10 e 40 0.02033210979172828
10 f 20 0.01359859817954312
10 g 97 0.05872935188259176
10 h 13 0.011647664625653253
10 i 108 0.03564988920791767
10 j 111 0.03776193136767736
10 k 86 0.03694131745230056
10 l 11 0.022633353858276695
10 m 101 0.028013855223404938
10 n 96 0.05425191791909478
10 o 25 0.03178491538742789
10 p 42 0.016796779917484406
10 q 86 0.10821518836447719
10 r 73 0.03662711353788595
10 s 30 0.027137900932386216
10 t 67 0.10781140417513713
10 u 45 0.07045265492902719
10 v 58 0.006393754458487999
10 w 85 0.02854249703467393
10 x 66 0.009416189835746214
10 z 5 0.10563477235503826
11 a 90 0.02189088633076164
11 b 92 0.0032876931388922115
11 c 54 0.13638828480989718
11 d 113 0.09881694765982318
11 e 9 0.007957341988245825
11 f 29 0.00242306137401449
11 g 9 0.013291976855137055
11 l 70 0.05215221414336202
11 m 111 0.13057049129023346
11 n 76 0.008021874897844561
11 o 31 0.0026766774772084556
11 p 97 0.03450713097170022
11 q 52 0.050770742294536375
11 r 25 0.004818007655122525
11 s 109 0.026700281885408517
11 t 95 0.04172598690065488
11 u 112 0.020043618073355418
11 v 100 0.2725318097634051
11 y 28 0.014067958327450891
12 a 60 0.07115420460670441
12 d 72 0.24739388589873657
12 g 42 0.18314770938640956
12 h 16 0.004731144616926808
12 n 109 0.027200086444847615
12 r 27 0.0066686077662928556
12 u 80 0.13474906133776376
12 x 15 0.03440880912495414
13 b 57 0.07063206082057405
13 d 34 0.08149966512340856
13 e 18 0.005937131506855597
13 g 78 0.0199870256035255
13 i 34 0.05470100929349142
13 j 58 0.031253004329454104
13 k 69 0.01305314690415238
13 m 93 0.21959345614391457
13 n 12 0.11883990719876625
13 p 53 0.05127112079244378
13 q 96 0.007408532368566756
13 t 89 0.03725997727091057
13 u 14 0.06135377426488653
13 v 16 0.10994914969808933
13 w 59 0.005120654237732891
13 x 80 0.06842919250360191
13 z 67 0.032463538997873576
14 a 77 0.18584638811180199
14 b 69 0.022846546248219357
14 d 67 0.08042595481826498
14 e 15 0.06265859577497268
14 f 69 0.018555485439194386
14 g 100 0.07277048071877867
14 i 52 0.005489114236748471
14 j 17 0.005259792012049513
14 k 45 0.045898046280240856
14 l 0 0.057185064176434985
14 n 78 0.04438810889944633
14 o 72 0.05216546993775362
14 p 89 0.007547764991752914
14 r 43 0.03386560073262945
14 s 68 0.06790365895940775
14 u 99 0.0012577601045228315
14 v 110 0.03764365325898489
14 w 27 0.020517860189454118
14 x 93 0.008495398266656351
14 y 49 0.09408810562834036
14 z 31 0.0017700486247717029
15 b 86 9.274227906952426e-05
15 d 108 0.22913522601951297
15 e 100 0.004786242831127607
15 f 19 0.003083350601204349
15 g 50 0.0525361153788394
15 h 106 0.000325528000453601
15 i 61 0.0316778511356558
15 m 39 0.199738158648321
15 o 111 0.0010990630747355068
15 p 58 0.03147374158960947
15 q 68 0.18060041224683154
15 s 100 0.013132908597690673
15 u 70 0.02915399532677143
15 w 22 0.1120644012255615
15 x 41 0.030156246157628686
15 y 92 0.0028080591012590306
15 z 58 0.05242733316022519
16 a 11 0.03963683658614403
16 c 99 0.0244434813435217
16 e 35 0.07182841608699919
16 f 92 0.004078951111354034
16 g 2 0.014774947069757238
16 i 67 0.019714100551696423
16 j 105 0.0007283164035034595
16 k 58 0.11205088116811668
16 l 93 0.1460958110689482
16 m 94 0.021745126440592344
16 n 33 5.794276858805958e-05
16 p 56 0.004446274832965558
16 q 35 0.011961078225425137
16 s 3 0.042797260774801504
16 u 39 0.0033722414806401924
16 v 11 0.060454637841560244
16 w 48 0.07565413217610328
16 x 64 0.04441853563916376
16 y 92 0.17532813998195507
16 z 69 0.00450490571638118
17 a 8 0.07436015991222944
17 b 75 0.00023545669740532293
17 c 71 0.023841426934382848
17 f 13 0.1354763337304502
17 g 58 0.06427069879376923
17 h 73 0.03500123555777268
17 j 81 0.06015823448445867
17 k 74 0.05578312302205801
17 l 48 0.07874967971463809
17 p 105 0.04182158738882591
17 q 24 0.0003701133736656592
17 r 104 0.1119800196663312
17 t 59 0.01900052312176248
17 u 113 0.15725508791173437
17 v 91 0.004591775798964748
17 z 49 3.8373071834296724e-05
18 d 111 0.1399395800955331
18 f 27 0.13972696084488245
18 j 64 0.03148998330257857
18 t 96 0.062140915945694264
18 z 96 0.31554960981867874
19 c 105 0.1380976857391174
19 d 12 0.008508332102899585
19 g 3 0.0257521779108415
19 h 53 0.043368069117209584
19 i 75 0.015549530531178468
19 l 52 0.01103698397703845
19 m 25 0.11473473813989754
19 n 42 0.03865858187905735
19 o 94 0.02369044246418195
19 q 30 0.07466679111908625
19 r 8 0.07630582083989046
19 u 92 0.10969858011916134
19 v 86 0.020123180036214938
19 w 95 0.08209710426088201
19 x 0 0.08832832129759682
19 y 1 0.016298011072652496
20 a 60 0.07933381930067873
20 b 89 0.03424820047387567
20 d 78 0.033205699663136024
20 e 7 0.0644426896749607
20 f 95 0.006173823905132658
20 g 105 0.2598330084287057
20 n 108 0.02757026124064821
20 o 48 0.0039413804752230774
20 p 12 0.04945284338534783
20 q 59 0.22342705687067232
20 t 69 0.10607408990442169
20 u 43 0.057965848645928686
21 b 65 0.03374181566875223
21 d 35 0.3128596925529217
21 e 46 0.4809413372436312
21 v 85 0.12033531370866546
21 y 69 0.0328502147279941
22 a 43 0.019922253796385014
22 c 6 0.00850054552434254
22 e 29 0.028553088875507893
22 f 90 0.0602755795532558
22 g 22 0.0234154384761861
22 h 87 0.00863078026677433
22 i 45 0.08518458304783705
22 k 106 0.014216633953362146
22 l 106 0.026778393860325878
22 m 51 0.06708043462653523
22 n 12 0.01087691097021315
22 o 61 0.06485211606229846
22 p 11 0.03416533526073162
22 q 5 0.0868932914387277
22 r 82 0.16297459445300722
22 s 34 0.06094647515232077
22 t 14 0.01886453925486964
22 u 84 0.010141578489325176
22 v 109 0.005013997930372827
22 w 14 0.08950645237510013
22 x 91 0.07349374200721259
22 y 11 0.014504620876802599
22 z 108 0.02307533565957176
23 a 36 0.0007336835856934787
23 c 1 0.02362876421733162
23 d 37 0.014110053912305909
23 e 58 0.00890078303535835
23 f 32 0.008549994720003173
23 h 103 0.004750232433767709
23 i 75 0.018137239168930952
23 j 4 0.0072501645840280515
23 k 53 0.048693035655452466
23 l 94 0.025887155155035035
23 m 58 0.018501258184158265
23 n 77 0.03522695352249361
23 o 110 0.11032554502701164
23 p 40 0.013944802399446288
23 q 41 0.09693008104373346
23 r 55 0.06150456321557929
23 s 37 0.09375860998569352
23 t 57 0.002671945308618917
23 u 58 0.1456204472877528
23 v 9 0.00029966168569972584
23 w 62 0.011647592187738365
23 x 80 0.10989382208387899
23 y 2 0.07085589763456335
23 z 68 0.003450397199671329
24 e 56 0.09701786170892757
24 k 112 0.09359278222180523
24 m 98 0.12895362393155407
24 n 103 0.3350410162838149
24 o 11 0.02035110374351312
24 v 90 0.2177007811375209
24 z 23 0.08463952045184664
25 b 82 0.017009939976429078
25 c 84 0.04493735967169499
25 d 71 0.09713698905951051
25 e 44 0.012368061314306122
25 g 88 0.05215050738800775
25 h 108 0.22312764323186085
25 j 48 0.014655579777790861
25 k 21 0.013740400130851538
25 l 23 0.0385461817539966
25 m 9 0.026937142933538216
25 p 92 0.015234131792580818
25 q 0 0.0704584661273091
25 r 110 0.027104921528532944
25 s 18 0.016334858445460232
25 t 33 0.16096646883541466
25 u 94 0.0027858356443235532
25 v 97 0.06133322016189313
25 x 85 0.058985132710954624
25 z 4 0.021391153374208605
26 a 8 0.06731622597303522
26 d 104 0.00795134682962162
26 f 55 0.0880511965498082
26 g 14 0.0846365333926431
26 h 57 0.015257351845215372
26 i 10 0.0339486790708039
26 k 73 0.02030665570030854
26 l 9 0.06855574477906168
26 m 42 0.010709574182708237
26 n 48 0.007408400553867045
26 o 106 0.01499343891428162
26 q 40 0.06103343099514236
26 r 51 0.11527419769574576
26 s 86 0.03552111506496147
26 t 5 0.006184256068080929
26 u 103 0.03445202138155301
26 v 91 0.001970264522896281
26 w 109 0.027160186196060865
26 x 92 0.10446850553017284
26 y 47 0.004759368012548837
26 z 64 0.10856143864915402
27 a 5 0.013774853225413497
27 b 32 0.0847821648601923
27 d 21 0.013164916169731589
27 e 109 0.010545133170849041
27 f 109 0.0039025643810093325
27 g 54 0.07154526847280707
27 m 38 0.10938229268136668
27 o 32 0.012271941787650453
27 q 9 0.22403266130924837
27 s 87 0.22187090815096955
27 u 49 0.08412999313283276
27 y 91 0.005686606717650977
27 z 84 0.06643628261324874
28 a 103 0.055154496372122
28 b 2 0.055674183888275386
28 c 55 0.0563062763732709
28 d 19 0.07084173513005232
28 f 26 0.09923157521413828
28 k 38 0.016689201563795608
28 l 39 0.021126250694806115
28 m 88 0.03224737740067618
28 o 77 0.06884407817953941
28 p 94 0.1404293596371191
28 q 82 0.09849231938675396
28 r 35 0.011793994140442243
28 s 41 0.0663589692542681
28 t 70 0.005271505558952172
28 u 4 0.0046559375694797955
28 v 21 0.05618807291152139
28 w 23 0.03391157193414551
28 y 95 0.010824561946501832
28 z 98 0.08802526714414627
29 b 66 0.05318378128620771
29 c 40 0.10631840195759379
29 d 83 0.033189895618692344
29 e 91 0.02483631751682891
29 g 54 0.03485538611796202
29 h 50 0.044209243403016574
29 i 34 0.07434354057488857
29 j 2 0.007122008851478845
29 k 64 0.03087985378058755
29 l 24 0.1085231690292483
29 m 41 0.06475161393766604
29 n 61 0.03714837502395529
29 q 1 0.004249593324553547
29 r 85 0.10196110217535126
29 s 18 0.06818049532164638
29 t 99 0.10825109349186013
29 v 22 0.025933764810375015
29 x 95 0.0007626335143634533
29 y 53 0.040728813222786875
30 a 30 0.11705712057060202
30 b 87 0.00942906679736677
30 c 16 0.01626044647214675
30 d 58 0.002772431024116284
30 e 81 0.006913716575790763
30 f 73 0.022871931032296566
30 g 113 0.026689467487018503
30 h 79 0.05099958279056127
30 i 77 0.06269769787276358
30 j 20 0.014055037731379727
30 k 89 0.03622441167928436
30 l 50 0.037513609131146985
30 m 48 0.007998029917895222
30 n 75 0.03059700268179788
30 o 76 0.13547751856913837
30 p 94 0.06903963569151328
30 q 72 0.0027513004389504436
30 r 99 0.0007016484597464068
30 s 56 0.03266371615511188
30 t 101 0.0007826763291600702
30 u 61 0.04370623721336053
30 v 65 0.003607110655843515
30 w 41 0.06730108699636461
30 x 16 0.013730147117321567
30 y 55 0.05128979619989382
30 z 54 0.10963399934784401
31 c 48 0.08061545986702856
31 d 108 0.08429679122200451
31 e 110 0.01560982917472753
31 g 68 0.022575484701644832
31 h 33 0.014034465391452033
31 i 102 0.06257258849019409
31 j 105 0.00987963078091858
31 k 79 0.03676489702053365
31 l 110 0.1226045240539766
31 o 39 0.005482492871158762
31 p 17 0.039847630804582757
31 r 18 0.07559585552363834
31 s 71 0.03478816581813726
31 t 15 0.09277189455293322
31 u 87 0.06928516252740213
31 v 47 0.047836178394441986
31 x 34 0.061668792768010294
31 y 96 0.11563273467426027
32 a 52 0.012468257090880064
32 b 29 0.03625540511331371
32 c 94 0.001692190346723299
32 d 111 0.05308532295122803
32 e 47 0.03156297220774806
32 f 43 0.0659572673546166
32 g 108 0.02931418213571202
32 h 93 0.006634373632421142
32 i 35 0.028293766765129846
32 k 31 0.06728264159350583
32 l 26 0.06138723485399289
32 m 58 0.03021766624654687
32 n 99 0.01971752081772693
32 p 43 0.06298425961271603
32 q 36 0.011761310249425394
32 r 5 0.0286185796208559
32 s 17 0.05759996707490189
32 t 91 0.09448183093941742
32 u 73 0.09549633911944677
32 v 98 0.0362674901699267
32 x 89 0.04351398115931415
32 y 17 0.0471392133243419
32 z 73 0.0658962170373597
33 a 42 0.007897972548496002
33 b 19 0.07205990162393061
33 c 11 0.04723443854757636
33 d 53 0.015337541751317296
33 e 89 0.006657812418464526
33 f 85 0.1373974621975601
33 h 45 0.0072751304748639445
33 i 53 0.015148739928122934
33 j 21 0.019164476822349785
33 k 99 0.0007941295975428808
33 l 94 0.004301867655636782
33 m 91 0.00968129391444128
33 n 3 0.11162368975125025
33 p 99 0.01032142493753796
33 q 17 0.03825338128007727
33 r 73 0.0076436272350992596
33 s 76 0.029212409556254704
33 t 92 0.04792971713281058
33 u 44 0.000676962333447384
33 w 27 0.052091186955616875
33 x 64 0.07235479906257125
33 y 17 0.03909151436009828
33 z 27 0.2449825523058865
35 a 22 0.03864484590081785
35 b 106 0.024647110234737424
35 c 84 0.02417905934888065
35 d 12 0.032103093422836126
35 e 44 0.062048745186115806
35 f 65 0.015808175043218964
35 g 42 0.014716052950557001
35 h 36 0.05187055386136019
35 i 73 0.1571799183772289
35 j 12 0.04368288278315313
35 k 0 0.08085031505076745
35 l 99 0.04996102376053724
35 m 42 0.014750016762280715
35 n 71 0.020941829128243272
35 o 13 0.007837906915065918
35 p 26 0.032112518178437965
35 q 46 0.023149743115563948
35 r 105 0.04268947689888214
35 s 42 0.10089696254695202
35 t 53 0.027782752699552438
35 u 70 0.0037203115864055114
35 v 58 0.005314611069244579
35 w 84 0.08082598436883448
35 x 16 0.007309515763282648
35 y 46 0.014986899084749483
35 z 112 0.007495868504137637
36 b 64 0.037190966398312986
36 d 92 0.06914118191574425
36 e 36 0.09006949688474086
36 f 69 0.1173255235521874
36 i 24 0.06336342033857456
36 l 54 0.18441695567612215
36 t 110 0.017779997635813505
36 v 59 0.029299990368777618
36 x 62 0.07387097078541616
36 y 41 0.037534230765076226
37 e 110 0.06249409005788653
37 k 62 0.2591675158682566
37 o 84 0.0010125392044216808
37 q 100 0.1598554276581704
37 r 98 0.269557160152473
38 b 63 0.9550435870906683
39 b 86 0.08515158333462036
39 c 28 0.0019265790940752314
39 d 72 0.002284113440702673
39 i 9 0.1031448486729758
39 k 84 0.08120172792198332
39 m 101 0.022619218423640675
39 q 1 0.05240895675521784
39 r 112 0.11615170973915334
39 t 79 0.16778044162897632
39 u 70 0.05186198652724683
39 v 72 0.004477966814445122
39 w 72 0.026453399208842376
39 x 69 0.1954343264510202
39 y 48 0.0008173907811255265
40 a 101 0.025467845131733835
40 b 68 0.009271572116598015
40 c 69 0.024659515078705563
40 d 0 0.026225540125766278
40 e 95 0.10214081807694997
40 f 45 0.007363754247829979
40 g 2 0.014645450941104476
40 i 62 0.03581232495612041
40 j 83 0.09636827457919295
40 k 55 0.024748725659473392
40 l 9 0.02804719410224976
40 m 38 0.021160014618099465
40 n 39 0.0856787606735735
40 o 29 0.00043321904314441717
40 p 56 0.04542436944770645
40 q 101 0.007136259001050527
40 s 55 0.05439576196719331
40 t 83 0.01919476136773568
40 u 16 0.07296315490605343
40 v 41 0.043431421662864955
40 w 76 0.0576354069611178
40 x 78 0.010170873101962852
40 y 17 0.06905548089594471
40 z 102 0.10852314800973151
41 t 29 0.04327647688859437
42 g 102 0.2693128124144276
43 a 110 0.06512598425260752
43 e 35 0.1797632937262552
43 g 10 0.0820910355991209
43 i 71 0.04911250466135442
43 l 57 0.012034520143241245
43 o 104 0.20587067474657061
43 t 12 0.053781340493774366
43 v 24 0.011922613013522931
43 x 26 0.08532859134128645
43 y 87 0.00531711935704815
43 z 29 0.011078596531526874
44 f 10 0.37287395996000905
44 r 78 0.3010152671325763
45 c 96 0.08562179606812415
45 e 78 0.18351818900008232
45 f 42 0.013573388024416544
45 h 41 0.1180532113063244
45 j 40 0.14667503132477777
45 m 27 0.020128761773217096
45 q 107 0.09577821832730671
45 v 40 0.048488046713523136
45 z 91 0.2558489952681281
46 r 58 0.30876786122961963
46 w 30 0.253398804682475
46 x 112 0.016913685790079125
47 f 16 0.21276705430785037
47 g 9 0.10791650790837248
47 i 78 0.3850284914966029
47 j 12 0.05148860149176282
47 n 87 0.015082651936873859
47 r 59 0.009979594443582096
47 s 58 0.11402628336423459
47 u 51 0.04251207173013216
48 e 92 0.0540601041195824
48 f 74 0.12498115240329077
48 h 75 0.08115877734539612
48 i 106 0.08608993725415781
48 j 53 0.012430230992584779
48 l 49 0.12543645148558769
48 n 106 0.16851949060972826
48 o 92 0.04677533578567994
48 w 94 0.04483907287673894
49 b 52 0.02004383291861178
49 d 86 0.029843060933042675
49 e 35 0.0553193342878453
49 f 81 0.03450076023762261
49 g 95 0.069353704260391
49 h 45 0.01138260737098562
49 i 10 0.012349357886961787
49 j 109 0.06015470594099248
49 k 94 0.10178679038126148
49 l 60 0.007439599593990653
49 m 28 0.04173405106976802
49 n 84 0.18941529573056648
49 o 53 0.023780676267030065
49 p 102 0.009565479015886558
49 q 42 0.03358931718259017
49 r 21 0.025474040992352398
49 s 100 0.01075069583229149
49 t 90 0.1386059617558958
49 v 44 0.06636769120336261
49 w 46 0.03272897928469287
49 x 26 0.011742700397982642
49 z 113 0.00705693259345852
50 a 59 0.0946724781088999
50 b 58 0.0079667553889895
50 d 62 0.04828583076833204
50 e 60 0.037177308021255406
50 f 58 0.11542181041240107
50 g 16 0.00444523412808584
50 j 83 0.15176307787002186
50 k 97 0.3398001953160611
50 m 2 0.014051293074377025
50 n 1 0.0007346556917240399
50 o 25 0.041206229870594524
50 p 47 0.017069110302314727
50 t 49 0.030257656133910404
50 u 18 0.07494018479517317
51 a 16 0.7305457930816436
52 a 80 0.11711842788319105
52 b 105 0.023367901280145542
52 c 28 0.0008257742063629836
52 d 59 0.024467892326682117
52 e 72 0.02248399598624673
52 f 27 0.02933614820152275
52 g 75 0.012522976113962359
52 h 46 0.012582533949428432
52 i 80 0.0028376089090677015
52 j 79 0.01922180438310417
52 k 38 0.06358708821235781
52 l 79 0.08542809543214291
52 m 61 0.03844966137229133
52 n 113 0.07444321842498347
52 o 23 0.17660443729048514
52 q 20 0.04152890832871792
52 r 25 0.004576308284646946
52 s 58 0.02966373337849937
52 u 8 0.015389159043113887
52 v 81 0.0028545798420592794
52 x 48 0.10300385990939864
52 y 52 0.036940900115493336
52 z 89 0.020416557117388656
53 a 66 0.07199121462857949
53 b 34 0.1772283429088305
53 l 45 0.21002226187226436
53 p 45 0.14443095227702374
53 s 10 0.007603931518002871
53 v 91 0.0010626147352144066
53 w 46 0.08594285551635017
53 y 81 0.20577211639709536
53 z 1 0.08054271180505568
54 c 96 0.554303685490488
54 d 1 0.06549844873327948
54 w 86 0.3288744501368154
55 h 15 0.0067696421824144926
55 i 37 0.14361204228792035
55 j 22 0.2745931640776822
55 m 58 0.18167565290572618
55 t 60 0.07585670157618762
55 u 1 0.08190495621976501
55 w 12 0.10101978699683134
56 b 1 0.01928838826201129
56 c 58 0.05278794578339585
56 d 44 0.0355399915290876
56 e 51 0.017597464395865736
56 f 70 0.02193485060679823
56 g 20 0.12244256781917984
56 l 23 0.08774688127601227
56 m 105 0.08676854724536931
56 o 87 0.012872197486841652
56 p 72 0.07759088591157004
56 q 75 0.06601780293520576
56 r 101 0.017391675726442735
56 t 44 0.12206623980573461
56 u 91 0.0018518930203761386
56 v 66 0.01646429148749151
56 x 69 0.015380167102538977
56 y 91 0.06378881821372828
56 z 61 0.0011449424654751406
57 a 21 0.015558896596616467
57 b 99 0.015526725841407019
57 c 97 0.024897970378504608
57 d 4 0.048448350076622404
57 e 82 0.005342299563620534
57 f 48 0.0704767697020009
57 h 99 0.04469503872894398
57 i 25 0.004197561346339085
57 j 7 0.004987051737731507
57 k 90 0.028839867470153324
57 l 25 0.05328831314364535
57 m 106 0.006155397781986038
57 n 8 0.007313304836682355
57 o 59 0.009294469400123129
57 p 44 0.06692587704741715
57 q 53 0.0062914583771723764
57 r 23 0.015347311161635457
57 s 95 0.05337884651854574
57 t 65 0.07338698764503504
57 u 26 0.004727273064000115
57 v 75 0.2503935264429258
57 w 78 0.06225729090490195
57 x 46 0.0796057959833083
57 y 9 0.005226304715124197
57 z 59 0.032205318007198724
58 a 88 0.06304180341105714
58 b 61 0.024847325714682955
58 c 69 0.1860363729327108
58 e 56 0.016287035835498953
58 f 22 0.04476971158779375
58 j 111 0.14595276014596537
58 k 58 0.0027719802852124165
58 m 49 0.10791258339582677
58 p 45 0.042158740461240685
58 q 79 0.09657088549495774
58 r 18 0.02977635212774099
58 s 25 0.08002587462247146
58 v 73 0.04162302117062722
58 y 10 0.010492732491492185
58 z 5 0.08448465330879906
59 a 100 0.0016651401615569439
59 b 10 0.006111526486816676
59 c 41 0.006432405417505893
59 i 33 0.0794022230996636
59 j 97 0.13025602988406226
59 k 58 0.07661705532563545
59 o 79 0.26772074161964143
59 r 21 0.0010022177747158745
59 u 52 0.0902673042968768
59 w 80 0.0852190447479596
59 x 31 0.010516269507053755
59 z 73 0.0029090806102379796
60 e 27 0.36604412881254456
60 o 22 0.010482820706604223
60 t 25 0.39685403119247553
60 v 88 0.001529852897940387
60 y 27 0.09576328229804343
61 a 30 0.007007733150550588
61 b 51 0.08807280278081353
61 c 22 0.010349892543479067
61 d 13 0.06546223614425284
61 e 78 0.010253007777970224
61 f 63 0.02257932350770875
61 g 57 0.003235536980955356
61 h 43 0.27401984426017967
61 j 39 0.08388167476236119
61 k 76 0.07471399285490754
61 l 66 0.056468257117175846
61 m 98 0.06479623151022129
61 o 31 0.027396180319831043
61 p 85 0.027415713297019972
61 q 6 0.01648395204796782
61 r 20 0.04368450651242817
61 s 84 0.021134669362122604
61 u 89 0.007278915112872375
61 v 1 0.006333845630014712
61 w 112 0.005666709953410565
61 y 41 0.05813050664262265
61 z 28 0.0034545784974787663
62 a 73 0.14575371235434098
62 b 17 0.010693935365893803
62 c 38 0.012553469506297765
62 d 93 0.07888858886261374
62 e 90 0.06049035075196563
62 f 24 0.049718823429764636
62 g 107 0.011341654240559218
62 h 51 0.062169838182884796
62 j 81 0.0016975918048554028
62 k 27 0.04976511960741259
62 l 50 0.047705266507706234
62 m 38 0.012546481881271387
62 p 12 0.09433737702446299
62 q 71 0.05681962505190652
62 r 110 0.02243019094409482
62 t 7 0.020736053553169653
62 u 77 0.012972567170377092
62 v 71 0.008758439140593599
62 w 46 0.032047629541275935
62 x 95 0.07404421158041685
62 y 90 0.07201711497278196
62 z 72 0.04227227268071965
63 a 6 0.036538794642812955
63 b 1 0.037308116122940604
63 c 71 0.010446071295876047
63 d 1 0.08769178244882592
63 e 109 0.08453117932203125
63 f 17 0.16781829362027378
63 g 19 0.034258339264893856
63 h 99 0.021104782038217418
63 i 44 0.027101733633481673
63 l 26 0.004515290706124775
63 m 44 0.004197448312310503
63 n 24 0.05988891301976784
63 o 59 0.012438890391569868
63 p 91 0.02291782866285208
63 q 15 0.08448169849622689
63 r 38 0.04294618975321074
63 s 54 0.04653403430002834
63 u 26 0.029052085179072207
63 v 88 0.09080884712643078
63 w 72 0.004617600874126548
63 x 36 0.03495854799117004
63 y 68 0.0066265130098241976
63 z 75 0.014129106401270075
64 a 0 0.08848349792053944
64 c 56 0.14409648744117498
64 d 69 0.03570490120644498
64 e 76 0.01016308487580142
64 f 17 0.0029127416432994657
64 g 3 0.024723980987833682
64 h 21 0.011474792202997297
64 i 76 0.033318606566053344
64 m 9 0.11921571952495802
64 n 110 0.07816662206379565
64 q 58 0.041661760736000586
64 r 43 0.03622320148935565
64 t 104 0.023215859491300117
64 u 37 0.09019659476507147
64 x 30 0.10840084648769877
64 z 49 0.10542976992786024
65 a 103 0.0643814060054485
65 b 31 0.01252371804391339
65 d 30 0.0260170795614596
65 g 2 0.040797133488063464
65 h 9 0.08971419661628877
65 i 75 0.13147749148692067
65 k 10 0.050837203983369106
65 l 81 0.09351480845407656
65 m 94 0.017610349581268836
65 n 80 0.03936765887563709
65 o 102 0.0008397987291194342
65 p 12 0.03020484743731311
65 q 28 0.017698986646108472
65 r 108 0.07423353758882134
65 t 103 0.06819348710638307
65 u 25 0.012355071994378353
65 v 41 0.028852573291856864
65 x 72 0.10672470164592918
65 y 30 0.04455091741688788
66 d 71 0.4712063669644321
67 a 83 0.01698946396433687
67 b 108 0.17868408840671324
67 c 29 0.00531155059411359
67 e 25 0.08804902606376042
67 f 43 0.012241004492723473
67 g 101 0.016850826829641452
67 h 33 0.045079898586948164
67 i 1 0.08325508642705381
67 k 66 0.09814246333524279
67 l 12 0.012058399132505393
67 m 26 0.003019846276613558
67 n 57 0.037047992160818555
67 o 61 0.0013172514742200159
67 q 64 0.025889280885934007
67 r 66 0.058259921903314416
67 s 84 0.029561637505270633
67 t 69 0.022021175807091176
67 u 34 0.03207891088200876
67 v 80 0.002353227533913538
67 w 76 0.008932362031871421
67 x 35 0.02319281054012623
67 z 63 0.13673375534771814
68 a 72 0.019611470891690685
68 c 33 0.016461634865467256
68 d 37 0.008992133485734244
68 e 8 0.02462220038483054
68 f 105 0.01475787827620434
68 g 93 0.0075755448952459226
68 i 53 0.00029312113112400784
68 j 5 0.031189796285226667
68 k 62 0.03870613018761171
68 m 33 0.032529288383567945
68 o 39 0.25213268792681465
68 q 107 0.005123385119714552
68 r 90 0.13540668016748958
68 s 45 0.04080215540913268
68 w 34 0.005670420818984945
68 x 81 0.24820258648494786
69 a 67 0.011527683099897601
69 b 82 0.0792586063752857
69 c 59 0.09023000287856586
69 d 102 0.02297917451353182
69 e 31 0.01490470861320925
69 f 60 0.0413174903987521
69 g 50 0.004202328408351885
69 h 11 0.012108761509269317
69 i 87 0.004546953965500866
69 j 13 0.13516670588549973
69 k 102 0.08862365648663817
69 l 12 0.015350337017452254
69 m 8 0.01002365050716969
69 n 70 0.1026298912860324
69 p 107 0.025184102705354094
69 q 83 0.03594307221166204
69 r 100 0.004050518425663618
69 s 95 0.05186050204207471
69 t 76 0.020441922007093938
69 u 59 0.057279289352486606
69 v 42 0.04451810371958431
69 w 105 0.01808299516832268
69 x 94 0.015798196007524412
69 y 96 0.037626675398818255
69 z 64 0.053708773168886004
70 a 110 0.014081373416405807
70 c 111 0.05909956213141232
70 d 52 0.1322012519459428
70 e 29 0.04477695439290352
70 g 69 0.048182603857679696
70 h 75 0.0644937000162038
70 i 84 0.019833408611443004
70 j 49 0.04569080959121319
70 k 90 0.007161302628971078
70 m 100 0.005362945716693601
70 n 94 0.006874556429622092
70 o 29 0.2243605399156282
70 q 30 0.0605418674753293
70 r 12 0.054061156866073046
70 u 45 0.04297487212467255
70 v 44 0.005790582687998591
70 w 39 0.02119855252005176
70 y 6 0.04015359110190142
71 d 59 0.06467810347650749
71 g 106 0.020044648874606663
71 l 40 0.11407129701459773
71 o 36 0.1702720323308864
71 s 91 0.13740834050402084
71 t 110 0.0844640903611189
71 x 112 0.07076444403993154
71 z 112 0.01568664355100191
72 a 37 0.0017507420738445134
72 b 45 0.006316584823883087
72 c 37 0.09698339926995547
72 d 26 0.01567980415816772
72 f 25 0.0030028241147139756
72 g 100 0.024696274000276075
72 h 43 0.010886055836313413
72 i 33 0.007015789897860891
72 j 96 0.0035538750275180275
72 k 12 0.13674657040945815
72 l 79 0.006488892337675578
72 m 52 0.005196857298060187
72 o 81 0.0018171176432133507
72 p 102 0.006512023772225373
72 q 107 0.09457556661533095
72 r 32 0.05870515671981302
72 t 90 0.16324731082794952
72 u 1 0.015323367252901732
72 v 101 0.04798631891565386
72 w 26 0.025233784644383084
72 x 25 0.01730679037750249
72 z 97 0.05624842206277836
73 f 6 0.02214980957327839
73 g 79 0.35577734078611856
73 h 65 0.25814279801466533
73 l 18 0.019891928690006777
73 u 66 0.008966631200410968
73 v 32 0.13086872828489027
73 w 23 0.05212703259911655
73 x 28 0.02323579451178237
74 g 26 0.036107327087993024
74 h 76 0.578689093312095
74 x 14 0.007122831130398688
75 g 34 0.057613239324366794
75 k 50 0.12070408236902708
75 l 23 0.04877855326659686
75 m 108 0.07907294808414767
75 n 82 0.1745444632604618
75 o 32 0.07085505704036343
75 q 41 0.05983677415783928
75 s 85 0.24956057467513415
75 u 33 0.018350665097853214
75 w 5 0.0029732726313193014
76 c 51 0.11156817077329173
76 e 64 0.016495770014770095
76 f 110 0.026228638149586092
76 l 75 0.09962160258463115
76 m 85 0.10554492580077113
76 q 99 0.32227812743224815
76 r 62 0.004973205578895468
76 s 45 0.0113743817506462
76 v 39 0.13592963172893335
76 x 74 0.15683312350265088
77 a 55 0.001125391107417384
77 b 109 0.020289741859591537
77 c 74 0.08221326506965498
77 d 105 0.06660201211225825
77 e 43 0.03418103505670744
77 g 6 0.03949104173183848
77 h 112 0.02512011600642261
77 j 80 0.00030158355425524697
77 l 18 0.019683723881508186
77 m 85 0.174355917415693
77 n 29 0.11348008162638856
77 q 33 0.011804490964333891
77 s 79 0.026105733165293077
77 t 96 0.034084989663635046
77 u 95 0.009215550517916893
77 v 66 0.023761137759655937
77 w 50 0.12356363723944075
77 x 15 0.09707262478955625
77 y 35 0.032878257871919336
77 z 84 0.030511182599100684
78 a 4 0.04323713874933777
78 d 35 0.20049584943104004
78 f 37 0.02764869346537857
78 g 37 0.17827990429723606
78 j 34 0.05993954916009059
78 q 6 0.01793832444614052
78 r 31 0.06000740074226152
78 t 7 0.04935243876795825
78 x 39 0.2185469696599538
79 n 107 0.41489019569763363
79 o 5 0.005204328390801094
80 c 2 0.06922902637108375
80 j 36 0.2390208424346626
80 s 47 0.2424563812047057
80 u 7 0.4333457020867658
81 b 12 0.07608553187096123
81 i 51 0.0477528941022306
81 j 86 0.021388392092150932
81 l 13 0.017742746543441545
81 m 112 0.29870628530699395
81 n 7 0.08557359912765183
81 p 57 0.0409439942272255
81 q 0 0.04145969164015251
81 r 19 0.08039272579572831
81 s 77 0.0609958332411189
81 t 64 0.035799800042758845
81 z 72 0.12238538477214655
82 a 38 0.018394744186468914
82 b 108 0.10261952428781551
82 c 80 0.05494294007817613
82 d 54 0.0184006678521641
82 e 52 0.15035201126988507
82 f 75 0.03160356154035471
82 g 72 0.08707562780193756
82 h 84 0.09122760517023254
82 l 19 0.020996567973449065
82 n 54 0.03803904230793209
82 o 52 0.02609998245032852
82 q 90 0.15568887546047527
82 r 93 0.033678842923723584
82 v 5 0.012911373256953462
82 x 56 0.056158261307277635
82 z 79 0.0342952892510614
83 d 55 0.027923510096628523
83 e 40 0.1041714876074149
83 i 61 0.1279455434088257
83 l 3 0.1347112034975152
83 m 10 0.27752607593321654
83 u 93 0.041274474260339145
83 w 16 0.0624555225904444
83 y 108 0.09012357106580982
83 z 58 0.035768439472869895
84 e 36 0.012818919518881589
84 n 46 0.9034539031264879
84 x 4 0.06195514205341901
85 a 55 0.0452110456801289
85 c 37 0.025554716770714192
85 d 55 0.015342375946542197
85 e 54 0.04500945608955076
85 f 25 0.12247977856791903
85 i 5 0.2510995016971388
85 k 45 0.011260508324616891
85 m 89 0.009577689928705002
85 o 68 0.027903992738774308
85 p 18 0.10858750869028155
85 q 55 0.020996995396234786
85 u 38 0.024168882904140987
85 v 48 0.1320823891729188
85 w 21 0.09222117875530478
85 x 104 0.04258680511300916
86 b 21 0.17998555859312848
86 d 34 0.014124456106826777
86 f 10 0.04326855245079397
86 g 71 0.004194350631986921
86 h 28 0.027391167759461932
86 i 21 0.1223781182113276
86 k 6 0.019354851369935644
86 l 91 0.01979317692436755
86 p 17 0.023772167423514734
86 r 68 0.030123276309242164
86 u 12 0.1387904127474533
86 v 32 0.03490505642087116
86 x 22 0.16776780762926768
86 y 73 0.04110656807321911
87 c 72 0.04670873598581993
87 e 75 0.023916130873764097
87 g 14 0.027235177274696376
87 j 101 0.034097869388474145
87 k 18 0.03747797174706369
87 m 6 0.21951091563943714
87 n 8 0.01269999852819459
87 o 94 0.017282144474669026
87 p 22 0.04860730275999814
87 r 14 0.0862411869075479
87 s 85 0.011586584455969717
87 t 46 0.1690701841436988
87 u 18 0.09384321901549564
87 x 57 0.0538892249863645
87 y 87 0.06015472065652594
87 z 81 0.04702963795921411
88 c 32 0.05851868042451969
88 e 61 0.0969651604951417
88 f 48 0.03560493792304431
88 g 39 0.024847974274608164
88 h 35 0.1219529724159496
88 k 95 0.018323035337566185
88 o 65 0.10053035666035748
88 p 74 0.07569578614814798
88 s 30 0.05954077385780665
88 u 62 0.05247621221870935
88 w 19 0.2118875920910135
88 x 108 0.04973962460949832
89 a 63 0.3031947736911149
89 c 35 0.09339486158259391
89 f 26 0.13808810157280116
89 g 73 0.03250560569019012
89 h 4 0.026182518339651906
89 l 23 0.19324004741268774
89 n 29 0.0872264921302649
89 u 17 0.014088864227010833
89 v 41 0.05509906284607702
89 y 77 0.007178344003495485
90 a 39 0.013592340639947742
90 c 81 0.018537180394054387
90 e 69 0.04251710632661265
90 f 3 0.15241290715731526
90 g 82 0.016854581399859514
90 h 16 0.07686074597373294
90 j 62 0.002078660580324243
90 k 92 0.0009414018373145039
90 l 27 0.4619293845070799
90 o 107 0.02579165330036237
90 p 104 0.027972509605703744
90 r 19 0.0300451819868105
90 s 77 0.008673909586285777
90 t 73 0.00929170074882002
90 y 113 0.0036794990139794592
90 z 113 0.029623964672696568
91 n 43 0.32605679769500784
91 s 12 0.10166431075095228
91 u 102 0.48048941766362885
92 d 29 0.03477277041394322
92 e 40 0.08988992819784125
92 f 15 0.1680263591171427
92 g 81 0.04790985617390864
92 j 23 0.011717638595279967
92 k 91 0.031155634103172347
92 n 67 0.13687629621446828
92 q 88 0.2675984040163939
92 s 19 0.07989419057014469
92 z 61 0.06897147127162906
93 j 34 0.6617648374985193
95 g 83 0.2044512541729543
95 h 40 0.09030416360460591
95 l 87 0.00039193809825921466
95 n 66 0.29302893925984497
95 o 41 0.1010606615322458
95 q 109 0.04290645867756704
95 s 28 0.01343240345943364
96 a 39 0.0339291514933967
96 b 84 0.010483854421636463
96 c 85 6.110969716144332e-06
96 d 4 0.0395398837536276
96 f 21 0.019223674509515898
96 g 42 0.009083405204543316
96 i 68 0.15976776590652852
96 j 72 0.00553825562111776
96 k 104 0.01693880713183782
96 l 69 0.07580610263514864
96 m 28 0.008734596470871603
96 n 55 0.01822187952519394
96 o 88 0.041777544128261845
96 p 73 0.051742419693620256
96 q 76 0.017714391684874653
96 r 105 0.01830374527832268
96 s 24 0.04559397646602059
96 t 72 0.10148124160884608
96 u 22 0.016363048567530347
96 v 55 0.02147603924676389
96 w 61 0.03542163163753764
96 y 58 0.15434414513610883
96 z 32 0.09614860173255546
97 d 30 0.005868426065485544
97 e 76 0.014940188121312037
97 f 86 0.11631403511827854
97 g 102 0.016630814532466176
97 h 111 0.1275509993258731
97 j 38 0.04108057974556423
97 l 32 0.054880340789911886
97 m 37 0.013745400796721818
97 n 62 0.0413859705462275
97 q 32 0.07828320311970927
97 r 63 0.014209312960567266
97 s 37 0.11573347611979345
97 u 88 0.06068937363423588
97 v 81 0.010465922482796097
97 w 113 0.023809037493940033
97 x 20 0.1944502199699163
97 z 91 0.029804606741307693
98 e 38 0.09332897720093014
98 g 89 0.42173312814635044
98 i 90 0.14779117011328768
98 j 55 0.03284360176732826
98 y 63 0.14976396670717407
99 b 44 0.105548427914256
99 d 18 0.07872215886493783
99 f 71 0.048970161629768416
99 g 107 0.06666124367070503
99 i 44 0.014551649353658047
99 k 83 0.21446282474862366
99 n 25 0.09259928154759822
99 p 96 0.12848967618846163
99 s 57 0.056209140010344494
99 t 62 0.10163593064568499
100 c 31 0.005516813555087596
100 d 104 0.15176880189395536
100 e 80 0.004416178739336862
100 f 57 0.017263130151682793
100 g 24 0.03956876419139699
100 h 27 0.025401064137532403
100 k 83 0.028040141497900684
100 l 40 0.10281844855990274
100 m 82 0.031888896565111735
100 n 50 0.003484872076662482
100 p 69 0.10905361041474926
100 q 8 0.009743797658790188
100 r 95 0.0490901381294655
100 s 47 0.02474359664374204
100 t 34 0.06577250192929018
100 u 13 0.022857524526366246
100 v 14 0.0352194972524581
100 w 23 0.028944535037840113
100 x 57 0.05498598370052188
100 y 47 0.08085971772540534
100 z 62 0.0310103638442214
101 f 65 0.05006615067064235
101 g 65 0.027033415281220052
101 h 4 0.05671457898115417
101 i 55 0.05137707144697423
101 j 59 0.008506155124085812
101 p 89 0.07382926699716097
101 q 95 0.1008060118412839
101 r 100 0.01973306459378854
101 s 75 0.20692924740209107
101 w 40 0.08803130352747679
101 x 96 0.07802269073053969
101 y 99 0.18391669746757733
101 z 98 0.03807046188203245
102 a 48 0.08003120886321125
102 c 41 0.08063413478384007
102 d 104 0.10345159385910341
102 e 7 0.04785414271296995
102 g 89 0.01743493174123467
102 h 56 0.026721521856354236
102 i 5 0.02806764257056027
102 j 80 0.06304358413935218
102 k 58 0.06604866356117767
102 l 71 0.006335456036280274
102 m 12 0.04551171956855771
102 p 76 0.0018791758172452822
102 s 58 0.02060061634203636
102 t 61 0.10955911513122774
102 u 59 0.022221740539264845
102 v 94 0.015116432008190794
102 w 84 0.0019704199944762246
102 x 50 0.0454563280414807
102 y 86 0.16514875086125846
103 a 3 0.0306294421449248
103 b 46 0.07561310419978673
103 c 27 0.04432484385985924
103 d 43 0.02780587488303976
103 e 8 0.008207446265202867
103 f 111 0.01847761549912208
103 g 103 0.017169155174187045
103 h 65 0.02685257969339183
103 i 29 0.03832017435859025
103 j 14 0.02790117808656467
103 k 29 0.05105216708088989
103 l 34 0.03784099000926311
103 n 91 0.0195428707657741
103 o 33 0.017268571743932815
103 q 100 0.03886547106605143
103 r 2 0.06475045547466896
103 t 105 0.0335596517687029
103 u 92 0.1681569789735876
103 v 83 0.008905383160418445
103 w 39 0.027546859829161496
103 x 109 0.0016633313944742767
103 y 57 0.11983100369530408
103 z 106 0.06441697369672061
104 a 84 0.005676690935861095
104 b 110 0.024379942704626845
104 e 112 0.10312588172537007
104 f 40 0.04903318568827042
104 g 97 0.08768058927603761
104 h 12 0.1747984164431141
104 i 27 0.0029647604569481567
104 j 62 0.08199474625479286
104 k 48 0.03677006439753805
104 o 47 0.1441380806602478
104 p 4 0.016102894871846463
104 q 90 0.00861210295583581
104 r 20 0.006661751760092871
104 t 16 0.019187142121759093
104 v 22 0.05530247391358145
104 y 91 0.008940430214245731
104 z 59 0.059455715081893956
105 a 29 0.1376932543473578
105 b 110 0.1735510499445505
105 i 82 0.0819318561752077
105 m 65 0.21578164669037048
105 n 11 0.0008923634936891522
105 p 78 0.0496082665153641
105 q 53 0.07146885489623156
105 t 109 0.116077260647797
105 u 72 0.003690730003338749
105 v 65 0.01011695245697708
105 y 29 0.02545133775991315
105 z 67 0.06699844923097165
106 a 66 0.07294935848164619
106 m 39 0.5078728646595874
106 n 98 0.21664947390378753
106 o 6 0.10743836732021039
106 x 55 0.07603958050937709
107 c 110 0.03424368340323947
107 d 99 0.0013039464306811022
107 f 81 0.011889712584632783
107 j 76 0.004016894702018936
107 k 37 0.10818179914728321
107 m 113 0.0706061257854077
107 n 20 0.008451957683132783
107 o 16 0.07621515119886102
107 p 43 0.006177788306703125
107 q 31 0.1127944474386412
107 s 14 0.28760609127164083
107 t 16 0.11175667566686942
107 v 39 0.0011537305111801732
107 w 49 0.06482629656421768
107 x 53 0.01646484742623755
108 b 9 0.004261591395903097
108 d 44 0.003949710261999528
108 e 46 0.06502204286031332
108 g 87 0.1364453801512835
108 h 35 0.10926792085724268
108 i 52 0.09190621086295603
108 n 27 0.24143349178878304
108 o 8 0.013627777722991508
108 q 37 0.06442933011828844
108 s 46 0.003140771170384138
108 t 74 0.12614396497777247
108 v 82 0.015726742650365555
108 x 109 0.030236938275960967
108 z 22 0.05380503184069185
109 c 55 0.19275508547063314
109 g 30 0.00288502771456578
109 j 43 0.13788752142645444
109 m 67 0.06881670763423786
109 q 24 0.27146423309987033
109 r 0 0.041757950370656105
109 s 46 0.09384788718145254
109 w 41 0.1402682084245651
109 x 38 0.03823565194204481
110 a 99 0.09653386558457921
110 b 44 0.07702746707546637
110 c 2 0.0017654132755008378
110 d 67 0.02110291975340206
110 g 78 0.03775304703188398
110 h 94 0.015621625272904893
110 i 98 0.05937491338834655
110 j 86 0.059783170433344135
110 k 59 0.002042031900242436
110 l 24 0.02702182176094725
110 m 87 0.09722734279147649
110 n 45 0.04999014297183324
110 o 99 0.006179112769579054
110 p 48 0.17798180781797768
110 q 40 0.031393024091012744
110 r 77 0.015037632602212359
110 t 30 0.0670536829407462
110 u 12 0.016408885133578854
110 w 49 0.020213856055656176
110 x 70 0.022402469669108194
110 y 18 0.017413253968516673
110 z 3 0.0016450096205166131
111 b 65 0.17585745185304613
111 d 57 0.0053990965317546324
111 e 18 0.006795747014624487
111 f 20 0.04529750144435318
111 g 53 0.09292506181400317
111 h 103 0.05024233349924068
111 i 107 0.07958346983008535
111 j 107 0.03498233816978469
111 k 11 0.04363780766458081
111 m 16 0.04030753775382656
111 n 83 0.002959051949251834
111 o 31 0.05747485150099352
111 q 112 0.046686711579413065
111 r 88 0.08435797933294786
111 s 85 0.0009746213114872893
111 t 92 0.041321823469301244
111 u 17 0.07436092102036296
111 v 35 0.006727750635363905
111 w 88 0.03999196171499275
111 z 37 0.041844636504519195
112 b 88 0.2362936094829129
112 l 16 0.08900194847330256
112 r 112 0.11735840447860713
112 u 93 0.011576757298196294
112 v 83 0.19764485628938555
112 w 62 0.3121338820288936
