146 26 1827
0 0.015456562957260278
0 0.05334903788884704
0 0.08495858138138757
0 0.08118187997246928
0 0.11791670791630227
0 0.05706752107264412
0 0.18585520104300257
0 0.054674600367181636
0 0.12116654682151484
0 0.1012223184339589
0 0.16841950692599872
0 1.0
0 0.16914335424479843
0 0.05071806739632079
0 0.04326039631972034
0 0.01303073181325276
0 0.05304527019347938
0 0.002664827473584541
0 0.07174209205192672
0 0.14716831349099002
0 0.18090624629568497
0 0.03139962286104758
0 0.036927501318943734
0 0.5345894249790895
0 0.29114344098713063
0 0.1514487909057255
0 0.3403146791019128
0 0.9447337634224472
0 0.12126414806705843
0 0.0067048202732232776
0 0.0853689330274896
0 0.19657945930570664
0 0.1959909321964013
0 0.02320335995631262
0 0.26054447820891513
0 0.13329500619985257
0 0.042936759561533644
0 0.1297352783314767
0 0.0021813245723462105
0 0.02066163387694575
0 0.12915265939014553
0 0.005242795148458601
0 0.00412626627731294
0 0.18233944193445595
0 0.03543093430816879
0 0.2664955753247209
0 0.008402553263542112
0 0.031045791391557942
0 0.01472624866769845
0 0.23281225731568023
0 0.1596669959306859
0 0.07109424907985273
0 0.013468894421175714
0 0.15222063572622646
0 0.023866137325490033
0 0.4729586530505613
0 0.27867841318671427
0 0.2102801863598447
0 0.05622099594301222
0 0.0025060449338604185
0 0.02250436399908473
0 0.054753373916411996
0 0.016834680740765218
0 0.020606724382914998
0 0.015403248771400424
0 0.04155058706001569
0 0.0666575616010483
0 1.0
0 0.12898943246773176
0 0.023613206777810647
0 0.009337587106668988
0 0.010212474914826797
0 0.06380151689957159
1 0.33423228548688544
0 0.03903942011924222
0 0.10392187309078804
0 0.1821807852457744
0 0.01233224957093959
0 0.0526322651143154
0 0.058449143609470955
0 0.0012268976957340305
0 0.10016784181260618
0 0.2933197565496163
0 0.8864601436657915
0 0.022812678932731867
0 0.018578892945270375
0 0.029060018625614248
0 0.4244451429507201
0 0.224733556901609
0 0.0180853694992128
0 0.21276734226416028
0 0.014281913046861217
0 0.042843056134076685
0 0.020995521595553623
0 0.09721712097970969
0 0.30124948849951494
0 0.02508344926151962
0 0.007934781205024444
0 0.00034030724735123474
0 0.1292792047202984
0 0.11654286901943434
0 0.47561043784773815
0 0.0158906083153606
0 0.22247705124582673
0 0.025771879069293346
0 0.3004762444634753
0 0.0001235209792420644
0 1.0
0 0.049796805822701184
0 0.20591612822051453
0 0.0009177497620337371
0 0.3789076994290278
0 0.303066044322718
0 0.2730419997858722
0 0.05707200140492563
0 0.0902624825112519
0 0.058319710239852496
0 0.05584534857397161
0 0.02577619679566867
0 0.17071677664379648
0 0.1544854433077929
0 0.012558504570401197
0 0.2663148846911718
0 0.012044482381115884
0 0.03130714017647873
0 0.6812068845717328
0 0.11093702352941914
0 0.071297034636018
0 0.4996658485319522
0 0.02497730126919917
0 0.008862008950599742
0 0.26944362584331394
0 0.03245908419909327
0 0.03878055699398608
0 0.010046377869161294
0 0.09113422179783959
0 0.3896799085570334
0 0.14438113384618978
0 0.06955160560897355
0 0.28270878947885025
0 0.013655768165113713
0 0.3954043680488094
0 0.2783142456943104
0 0.058572635694300934
0 0.007950134770660533
0 1.0
0 a 119 0.015887360060259814
0 b 53 0.060430854507797394
0 c 0 0.17963275189954664
0 d 35 0.033326167558355047
0 e 4 0.009106959851232332
0 f 71 0.0020051122043188707
0 g 63 0.04623216206893643
0 h 28 0.002476032390920313
0 i 51 0.039104726443642934
0 j 8 0.0072521118645388905
0 l 12 0.01646936482707806
0 m 24 0.10513068933017344
0 o 73 0.061998205708374554
0 p 5 0.01319440955063611
0 q 70 0.07041199267923592
0 r 58 0.03954082420369043
0 s 136 0.04971978372262709
0 u 96 0.11467138890053064
0 w 142 0.02546734899159131
0 x 41 0.02037170740954064
0 y 100 0.040360320389149607
0 z 113 0.03175316248056326
1 b 113 0.008229551240747868
1 c 87 0.12775820403424887
1 d 94 0.12433809179866373
1 e 68 0.0006726212085433891
1 g 101 0.0004965325861521208
1 h 70 0.03830002950489708
1 i 129 0.03340098854175022
1 j 9 0.016976087466533896
1 k 34 0.014245668087991104
1 l 17 0.14998102139740221
1 m 64 0.00026808447515924705
1 n 22 0.029371113987242348
1 o 21 0.00021335635148833632
1 p 1 0.03189198773112867
1 q 94 0.07765438590539164
1 r 142 0.01551078921011162
1 s 50 0.10112897624699069
1 t 142 0.008909212006181777
1 v 76 0.1007723298936366
1 x 128 0.016310652368750067
1 y 124 0.022894573941775853
1 z 135 0.02732670412636562
2 b 23 0.09740956779382426
2 e 87 0.004103391178234883
2 i 77 0.03334252030177309
2 j 0 0.025672641935393203
2 m 126 0.0511967631660033
2 n 100 0.0585531766121401
2 o 63 0.11328506050357123
2 p 34 0.24423870863871222
2 q 124 0.012966968484513286
2 r 115 0.007159439921079036
2 s 109 0.0501599521159144
2 t 30 0.04906874427395591
2 u 69 0.04832392642893191
2 x 74 0.008705287540435536
2 y 88 0.014217291283878275
2 z 96 0.09663797844025179
3 a 23 0.11008276698095865
3 c 22 0.04338611802045833
3 i 85 0.005208406412540056
3 l 9 0.06921516173829612
3 q 87 0.1898680768840415
3 s 93 0.06626186485723906
3 u 106 0.08283312050889324
3 v 98 0.040213511749498276
3 w 72 0.0663952988687827
3 x 89 0.05693809594834687
3 z 111 0.1884156980584759
4 a 74 0.041361533569505116
4 b 111 0.006673239088897942
4 d 128 0.07673761757944864
4 e 44 0.02350696982775391
4 f 3 0.10595673656302329
4 g 13 0.07172489998344744
4 h 25 0.06692697545165605
4 j 31 0.06091540747252944
4 k 126 0.06508730726707712
4 o 139 0.03232747817705961
4 p 5 0.04102711383121038
4 t 127 0.117085481391759
4 v 7 0.08302992063253001
4 w 102 0.08972261124779979
5 c 139 0.04255398593969384
5 i 109 0.11527456387099566
5 o 57 0.1512648609723295
5 s 19 0.061698350431756865
5 v 82 0.08998433200074807
5 y 58 0.38928885267321234
5 z 1 0.09286753303861961
6 a 125 0.0005571653725083836
6 b 114 0.012329027094272194
6 c 131 0.012887325348828638
6 d 127 0.08288698068655864
6 f 66 0.023144781952563087
6 g 34 0.004412473289732488
6 h 99 0.037966944626232846
6 i 57 0.02749381975061016
6 j 11 0.10151171333566356
6 m 80 0.13871426998668834
6 o 7 0.10180673349624636
6 p 39 0.03386973721441533
6 r 70 0.08352764362776344
6 s 21 0.027010794089030177
6 t 52 0.08130412534407905
6 v 61 0.003835654907061614
6 x 3 0.009109472283555742
6 y 4 0.031776136551187384
7 a 144 0.05040105570911346
7 c 69 0.12481692867248106
7 d 116 0.06324812424055848
7 f 74 0.14446860231947878
7 g 117 0.06305997308449751
7 h 22 0.011355870801454948
7 j 119 0.05009818608755723
7 k 91 0.021667392005104924
7 n 0 0.014782101663820768
7 p 22 0.05185719151034929
7 s 7 0.07560013549005218
7 t 56 0.06231445921442491
7 u 4 0.0297913245447764
7 v 5 0.00432579256560317
7 x 72 0.014997283689535124
7 y 89 0.15752251233343229
7 z 50 0.0050184657005778455
8 b 2 0.19226545406552298
8 d 142 0.0650703192548645
8 f 111 0.02603560898057644
8 n 123 0.12492656088723675
8 o 3 0.08999549877814939
8 q 132 0.028330475613618122
8 r 94 0.049191859397286986
8 t 26 0.005134852095450171
8 u 47 0.19483557697416232
8 y 121 0.05393220082972405
8 z 125 0.04911504630189345
9 c 100 0.01706495232626637
9 f 135 0.01863381746900017
9 h 65 0.43579723397233006
9 l 80 0.08176003340177485
9 m 128 0.09922802612849091
9 p 94 0.20416221005665525
9 u 99 0.021919402953874956
9 w 122 0.020212005257648546
10 b 104 0.043988980863603144
10 d 117 0.14078441663401886
10 f 36 0.004791119896947804
10 g 14 0.038948177182610566
10 h 79 0.055272937152811785
10 m 88 0.1479625919185804
10 o 79 0.034279259481235
10 q 96 0.08712143658297888
10 r 113 0.06963055046668565
10 t 69 0.059695093502040275
10 w 60 0.015023154667310967
10 y 126 0.13408277472517793
12 x 142 0.8308566457552016
13 c 137 0.2446289342113167
13 d 95 0.011080698872570238
13 f 78 0.05573453010866214
13 g 89 0.034936600800768325
13 i 3 0.009581898191841076
13 k 107 0.013836483001207878
13 l 88 0.02191424250765628
13 m 101 0.03758240966959514
13 n 71 0.07020658183236306
13 o 63 0.07840421622883842
13 p 100 0.05993011969195661
13 r 78 0.005387947284434147
13 s 63 0.09534995185025763
13 t 55 0.008002688824652382
13 u 141 0.06632515622594748
13 v 107 0.027364335860617928
13 w 65 0.03680337598785821
13 x 1 0.02054633697979058
13 y 102 0.04162379760727397
13 z 30 0.010041626866071018
14 a 121 0.008766757940980918
14 b 58 0.12802642723626823
14 d 37 0.008036665209145477
14 e 5 0.025820106631244788
14 f 76 0.06585597790252529
14 g 139 0.06105070909201271
14 h 119 0.11046122274065895
14 j 114 0.067272494990267
14 k 31 0.04144066730963292
14 m 109 0.003192841987854411
14 n 75 0.036121398737267496
14 o 113 0.06972090165020606
14 q 35 0.026821512106334655
14 r 67 0.016883422328950792
14 s 135 0.006748821135797556
14 v 68 0.163020051449555
14 w 44 0.07519995509914335
14 y 29 0.012779355120929536
14 z 85 0.02952031501150454
15 d 140 0.010038037671187494
15 i 103 0.0832063573029932
15 l 51 0.05686966615610067
15 p 91 0.0995560796240218
15 s 51 0.06423529328145061
15 u 104 0.16548499623721857
15 x 87 0.23680792587902189
15 y 28 0.20285911912777443
15 z 141 0.06791179290697857
16 a 45 0.008101302774302432
16 c 104 0.1481824560122127
16 d 95 0.008933635429909326
16 e 82 0.001897537954371531
16 f 86 0.0590106742671741
16 g 54 0.17235317166368058
16 h 32 0.014541995015265097
16 i 0 0.05085810959324266
16 j 77 0.03776218284889388
16 k 52 0.10590287913652552
16 l 10 0.07820644998480142
16 m 111 0.03381451814537906
16 p 119 0.011374123015597593
16 r 130 0.04342495724068629
16 t 114 0.03853631166948279
16 u 65 0.00023616420498118185
16 x 95 0.0755030223216131
16 y 50 0.05831523852840137
17 a 37 0.0375736117135953
17 c 34 0.08436475713369185
17 e 44 0.016329559439990926
17 f 37 0.07607405503043418
17 g 37 0.045320495603231925
17 j 46 0.006003384457918148
17 k 35 0.10471172353977676
17 l 132 0.12459006684140861
17 n 57 0.016298659323868647
17 o 24 0.16347628123930313
17 p 9 0.00982750281395306
17 q 103 0.11049174066239287
17 r 97 0.0280767201769907
17 t 141 0.010263846298297352
17 u 93 0.02034676783922995
17 w 130 0.04933569464971521
17 x 61 0.09425030576261684
18 a 92 0.09340716609138366
18 b 91 0.011702860858144426
18 c 83 0.03663843739238848
18 e 114 0.10868698457434
18 f 14 0.03138954227458779
18 g 126 0.0972669819325731
18 j 140 0.13103727727828973
18 m 71 0.013584420973572597
18 n 129 0.03540386426552289
18 o 107 0.11017521023703292
18 p 63 0.02706852810620186
18 q 29 0.0019155299029339767
18 r 106 0.02803981519161869
18 t 135 0.11820578272259119
18 u 136 0.006122407242806327
18 w 118 0.02421780536728868
18 x 108 0.022169585597339725
18 y 100 0.031225707939457226
19 c 126 0.07238146761615183
19 f 12 0.010285159597180793
19 h 119 0.0662948589473028
19 i 129 0.042399447030174287
19 j 80 0.014307474420478083
19 l 91 0.006549273231092223
19 q 86 0.05157429246196665
19 r 44 0.14545039119270886
19 s 139 0.2052282164515763
19 u 48 0.04832842862278297
19 x 42 0.03515395461387616
19 y 31 0.15487872232371902
20 a 120 0.015019195290409848
20 b 113 0.12349194120576656
20 f 34 0.03986506007266899
20 i 25 0.02148383715528568
20 j 33 0.18101234370320496
20 k 20 0.2079095229719512
20 n 2 0.03813720140116861
20 p 143 0.12733408807265267
20 y 138 0.06484056383120651
21 d 104 0.03532223303210691
21 f 72 0.04375952967058905
21 j 103 0.2569238346520595
21 k 125 0.016163196090444587
21 o 50 0.09762136893101059
21 q 24 0.07694269523911612
21 r 139 0.12013589918545353
21 s 38 0.060828108846527784
21 t 72 0.10757621549481344
21 v 42 0.04181470396519349
21 w 137 0.020961899081839652
21 y 109 0.09055069294979778
22 c 135 0.039228963815080786
22 f 8 0.0012708551655938871
22 g 140 0.009937493651716367
22 j 124 0.06321293020928354
22 l 109 0.28934651683393875
22 m 3 0.21547085841639413
22 q 21 0.09318391675194959
22 w 68 0.14065998451306028
22 x 65 0.05347067143129902
22 y 74 0.02803696770541375
22 z 144 0.02925334018732617
23 c 46 0.004230536545693053
23 i 12 0.006333503126083273
23 o 120 0.12266506274771183
23 p 103 0.001609046169039896
23 r 131 0.1417722640926512
23 u 75 0.1888001623397313
24 a 109 0.08580266218410071
24 h 109 0.0016474121656884222
24 r 8 0.2798240480477745
24 s 104 0.028910987909785524
24 t 38 0.21789325103236878
24 y 119 0.09477819767315143
25 d 22 0.05710017789501454
25 f 15 0.143903601063894
25 j 103 0.28774441389204697
25 p 37 0.03795651785178844
25 v 73 0.15614206718845502
25 w 27 0.16570443120307554
26 a 82 0.34797298132954346
26 q 115 0.3117123395685437
27 a 129 0.0006396974742789441
27 y 27 0.05462653910327386
28 c 39 0.014743530014604822
28 d 83 0.07362603928003109
28 g 86 0.1994423052387726
28 i 5 0.017508080809418125
28 j 98 0.009806984424487575
28 k 6 0.020356001815087232
28 n 95 0.06928162211244471
28 p 133 0.07861051266304364
28 q 24 0.006011604468014187
28 t 89 0.16866268362803982
28 z 13 0.22068648747899777
29 a 60 0.0367504154095698
29 b 115 0.011888063328452936
29 c 124 0.10665966436527674
29 d 78 0.0077667839974188135
29 e 16 0.007117435685110918
29 f 62 0.023319755296258404
29 g 53 0.028690876710662727
29 h 102 0.15707916133858113
29 i 121 0.0011555900138005004
29 j 7 0.023812478109070723
29 k 81 0.01490421933959818
29 l 131 0.009903796580942537
29 m 115 0.04187217083662098
29 n 22 0.04573579425441143
29 o 21 0.005288767462376054
29 p 52 0.07831341134907621
29 q 73 0.052500445077599656
29 r 132 0.008010900911563756
29 s 124 0.010944080373465281
29 t 19 0.007676345004038354
29 u 66 0.13980802698129835
29 v 30 0.026970241680635887
29 w 86 0.07513863081411742
29 x 139 0.03564450852273082
29 y 37 0.01416618119350277
29 z 90 0.02217743509059633
30 d 22 0.011040616815461646
30 e 43 0.07530601368772682
30 f 23 0.03812766175528648
30 g 73 0.08336452661377736
30 i 59 0.21303128822971829
30 k 29 0.0064826589130474455
30 m 136 0.11078743649993239
30 n 122 0.13920632184429127
30 q 3 0.008051611488673838
30 r 114 0.03579808955971053
30 t 59 0.09013031040208075
30 y 70 0.10330453116280358
31 a 56 0.009525342901549605
31 b 18 0.06886597707008624
31 c 128 0.049655676282264416
31 j 75 0.024374951924323485
31 u 44 0.14215410123977645
31 v 110 0.13215625210498472
31 w 39 0.23861309769345607
31 y 43 0.12658976592786964
31 z 140 0.011485375549982746
32 i 96 0.04788052335853232
32 l 131 0.0010632565152377538
32 n 70 0.0404812053176985
32 p 50 0.03528633436448203
32 q 71 0.05360806804423812
32 w 27 0.14522420372549338
32 x 130 0.23758569752296888
32 z 134 0.24287977895494772
33 a 36 0.008692417840160283
33 d 5 0.0001297349555169358
33 e 17 0.03381259185967633
33 f 90 0.006795788130215197
33 g 72 0.007458095024341471
33 i 112 0.045529105346408416
33 j 130 0.14797310907266348
33 k 27 0.015279763254278822
33 l 80 0.054568015798793224
33 m 67 0.011692528851017125
33 n 17 0.024790094826339093
33 o 92 0.09877273562150302
33 q 134 0.16789725079356843
33 r 15 0.013563681812621797
33 s 99 0.0703111833329304
33 t 10 0.039580157284361484
33 u 145 0.019847495562537953
33 v 19 0.0350689769539565
33 w 144 0.003686808995970181
33 x 59 0.013590154726199288
33 y 76 0.05251552031532314
33 z 20 0.10524142968530481
34 r 86 0.2695442243476083
34 w 83 0.4699112974434766
35 b 25 0.14997405877440972
35 j 37 0.11706590806628658
35 o 95 0.07284178949755249
35 v 11 0.03518994611801429
35 w 88 0.29053199483294834
35 x 65 0.10869440886537918
35 z 36 0.09240688764555682
36 a 81 0.09200862799957787
36 d 71 0.014634833400343661
36 e 41 0.00991260726226273
36 f 47 0.11747572601218226
36 g 108 0.009533923163954627
36 h 63 0.02678451626484446
36 i 42 0.0066126825699127645
36 j 71 0.021047458929353335
36 k 22 0.0897210300005723
36 l 138 0.028701019667708105
36 m 38 0.04732203830281756
36 n 21 0.028323592237149198
36 p 76 0.006698539956389249
36 q 87 0.0023905121802765272
36 r 114 0.1626875927093837
36 s 56 0.025673503943930864
36 t 128 0.033952072784361076
36 u 37 0.06655534961586917
36 v 14 0.11218827293573774
36 w 132 0.016582092983927765
36 y 132 0.034386568129953
36 z 2 0.0038706793879583756
37 a 96 0.02232826461645232
37 d 45 0.006323771170121506
37 e 81 0.036554265600752145
37 g 2 0.006526723623743402
37 h 49 0.02806426571417575
37 i 70 0.0002407722821680114
37 o 118 0.13695799635037698
37 p 12 0.13342099694327358
37 q 143 0.10839992379068186
37 r 103 0.07847645600220021
37 s 0 0.05593861313718185
37 t 67 0.000479818324262804
37 v 126 0.027395457783811028
37 w 61 0.11638940824316613
37 x 37 0.07788621820208297
37 y 18 0.0330129911356869
37 z 40 0.0018687787483858687
38 a 35 0.06933027881155895
38 b 66 0.06383160631072327
38 c 24 0.05345487097982515
38 e 78 0.04790945433277238
38 f 107 0.09164165026839943
38 h 28 0.005294450115410743
38 i 17 0.004214768732899388
38 l 23 0.055466580949852684
38 n 21 0.10482720807149826
38 p 44 0.008167652743575338
38 q 86 0.0003579904503735465
38 r 103 0.023337211659695045
38 t 40 0.06735055097090759
38 u 84 0.04063597970353483
38 v 74 0.11536496192727796
38 w 124 0.07132824828325302
38 y 24 0.15779852748775836
38 z 105 0.01750668362833785
39 a 60 0.0039798462857806305
39 b 130 0.09299442545329206
39 c 96 0.015507758370666314
39 d 85 0.024669036915161313
39 e 95 0.012671081480893909
39 f 21 0.13286250747681383
39 g 80 0.0024646711059873594
39 h 43 0.043696436818437934
39 i 144 0.10757538663909161
39 j 122 0.16691884354547848
39 k 126 0.015435703323598116
39 l 9 0.06307692268515597
39 p 69 0.053416466294855414
39 r 109 0.034340237015737296
39 u 67 0.00751757716485657
39 v 0 0.11088940902950306
39 x 107 0.04138086750207759
39 z 72 0.0499411890156668
40 a 100 0.009271233915483235
40 b 138 0.04646506932037697
40 c 54 0.0018608878805631557
40 d 124 0.009388191940113977
40 e 130 0.004360414062284268
40 f 68 0.004926912909519188
40 g 122 0.052604515839978494
40 h 83 0.017232584353595093
40 i 34 0.0220521912768209
40 j 46 0.08238360478156825
40 k 48 0.04627164875343237
40 l 65 0.016515841485707505
40 m 116 0.04641572495420143
40 n 138 0.04354684886708671
40 o 55 0.049081798863507387
40 p 17 0.01838798522209939
40 q 84 0.007658856728146035
40 s 105 0.06460450899913317
40 t 131 0.07137266227086336
40 u 22 0.035874229292051196
40 v 127 0.023188125574721496
40 w 60 0.05529872400933966
40 x 50 0.003920809594445518
40 y 76 0.0842745387330569
40 z 67 0.0538894309817588
41 c 11 0.024155274419580763
41 d 27 0.1587208827541723
41 e 36 0.13265286522484931
41 f 22 0.025686181522656892
41 i 8 0.06752651356526473
41 j 4 0.025303381827135096
41 l 0 0.015116569926931334
41 m 49 0.031684186238829515
41 n 99 0.01937933870254427
41 o 40 0.08388080310268287
41 p 59 0.013122655261559868
41 s 82 0.09802248789725221
41 t 62 0.04799275408378201
41 u 64 0.03353067411121702
41 v 3 0.010758459686316613
41 w 84 0.030992830267506877
41 x 86 0.17403126631036425
41 z 7 0.0022000799488954836
42 a 28 0.04500063837750745
42 b 129 0.0023690082896266063
42 c 26 0.011202260435078881
42 d 86 0.020115812399263633
42 e 54 0.10171985478345913
42 f 124 0.00311509868010873
42 g 26 0.07707312515460485
42 h 60 0.0033286824963012496
42 i 17 0.010386606766386475
42 j 97 0.094987700943159
42 k 41 0.02500641923053115
42 l 118 0.07012829557897404
42 m 72 0.05108963935863198
42 n 124 0.07896189068081894
42 o 44 0.06961156799712631
42 p 50 0.020738216693981015
42 q 33 0.003211202274438829
42 r 6 0.009983262084553468
42 s 57 0.008860437332901094
42 t 107 0.006915325051605081
42 u 14 0.019704772027066997
42 v 52 0.019648652450458437
42 w 45 0.060802242878788326
42 x 40 0.04443731860056155
42 y 47 0.11628117729421006
42 z 98 0.021194525862543778
43 a 60 0.02844444774392363
43 d 127 0.02429974122483225
43 e 124 0.21797839230253058
43 f 142 0.06093716252770964
43 g 113 0.02845671628768165
43 i 139 0.1286090870486567
43 j 41 0.05616089850902206
43 k 102 0.010697114040716493
43 n 129 0.023277437421376224
43 o 37 0.08763154303388232
43 p 23 0.019171039860802597
43 q 68 0.028017053875959097
43 v 32 0.007995115087247373
43 w 139 0.03625313823531473
43 x 135 0.05973167086588871
44 b 100 0.061553521619226226
44 d 82 0.016698223642639953
44 f 2 0.006468419606270537
44 h 92 0.04866028176624282
44 i 140 0.0727915710269067
44 j 31 0.016884929839075413
44 k 115 0.05224832961106296
44 l 47 0.010186150582193854
44 m 78 0.03529496601770987
44 o 17 0.14725426208352577
44 q 24 0.03513739406379679
44 r 55 0.2961832823560189
44 s 131 0.02624471327909106
44 u 77 0.021696985420504133
44 x 50 0.057141476156381654
44 y 32 0.0601245586211846
45 a 41 0.025220022497078665
45 d 56 0.06073691844459039
45 m 67 0.4633099625134427
45 n 87 0.11975281912552926
45 t 90 0.06448470209463808
46 d 14 0.058632612400621675
46 e 72 0.02678412456511392
46 f 78 0.137344580616776
46 h 19 0.11339242600920507
46 i 121 0.04813967599877411
46 l 18 0.0406008236754678
46 m 92 0.09837463235399646
46 o 27 0.03183507252465534
46 q 122 0.013491963237027282
46 s 46 0.07260006438299693
46 t 29 0.021201658241957744
46 u 75 0.024613599882361892
46 w 67 0.027318336485070427
46 x 80 0.047875501853979485
46 y 137 0.10700480604470763
46 z 54 0.1223875684637461
47 a 91 0.064616042950007
47 b 74 0.07372541660735277
47 c 63 0.0011380136913056171
47 d 141 0.005877457345924597
47 f 32 0.030345132577504597
47 h 101 0.09254390558000325
47 i 81 0.07224073926980934
47 k 115 0.06331543530324524
47 m 10 0.03379071597489558
47 n 3 0.028233946754558148
47 o 26 0.01538762367572477
47 p 85 0.18871698201020104
47 q 57 0.083715018735955
47 r 67 0.01946059041244208
47 s 115 0.019895126713652234
47 t 33 0.03221233176423044
47 u 120 0.005892905217209199
47 w 144 0.040679123652379134
47 x 36 0.062288790044198405
47 y 46 0.0006295099887633215
47 z 63 0.034249400339080305
48 a 90 0.019144157776101345
48 b 123 0.007234188305831113
48 c 69 0.012476815986283807
48 d 31 0.1345687922741976
48 f 116 0.0007742947028295255
48 g 8 0.006881265785480206
48 h 102 0.05708849854217546
48 i 23 0.09532958461714613
48 j 22 0.03701951833442707
48 k 139 0.004415612036071215
48 l 49 0.027317188055129837
48 m 43 0.08102757541467387
48 n 22 0.06455532555099897
48 o 27 0.16305716630162326
48 p 5 0.09786435337678234
48 q 21 0.08217678824567787
48 r 87 0.01905805545645456
48 s 11 0.00023167064690676753
48 t 38 0.010103707595428557
48 v 81 0.03898384570029123
48 w 27 0.005764482513353597
48 x 0 0.007713201742703735
48 y 139 5.1689262709486705e-05
48 z 2 0.012435973109024001
49 c 56 0.012995507143846896
49 d 83 0.20377462877953556
49 i 82 0.11945342309545981
49 k 38 0.09132501594095854
49 n 114 0.12961019756272985
49 p 110 0.000565361371973716
49 s 90 0.15622655788327722
49 t 89 0.053237050906538186
50 a 34 0.003349389224444499
50 k 14 0.25745405764032914
50 l 90 0.5294803546822566
50 p 108 0.05004920252228384
51 b 32 0.008526648219309374
51 d 62 0.13913574421291408
51 e 104 0.04454320898114428
51 f 110 0.02916417330658061
51 g 34 0.06616411315787651
51 h 19 0.034805651352672884
51 k 55 0.13944908154627456
51 m 139 0.02493064312342319
51 o 55 0.14616708318934668
51 p 144 0.1005712658101604
51 r 40 0.06473900989479087
51 s 4 0.08022645476359314
51 x 31 0.05048267336206069
52 a 91 0.10884445202914639
52 c 9 0.015537017226750827
52 d 16 0.02897250499855597
52 e 21 0.00605464722869653
52 f 23 0.05000190353923095
52 g 38 0.02585002649273671
52 h 15 0.03368623332227627
52 j 49 0.022559106251657135
52 l 20 0.05118102287603443
52 n 107 0.03010711505043573
52 o 8 0.009571899892141245
52 p 77 0.028811209815003513
52 q 131 0.0009288838471790406
52 r 84 0.0051331428458840644
52 s 57 0.03638200741391606
52 t 96 0.00437719262822589
52 u 105 0.05513415578549119
52 v 49 0.10491452212631813
52 w 125 0.13782412206419536
52 x 137 0.016812632732547295
52 y 126 0.13282895952527496
52 z 118 0.08101834788712658
53 a 30 0.03540356335385242
53 b 11 0.029156916499555208
53 c 57 0.02006191343544428
53 d 65 0.02897586226238902
53 e 124 0.05072747833304081
53 g 130 0.03080435990377417
53 h 77 0.06163450473815113
53 i 112 0.13203669727131317
53 j 128 0.011473662026137421
53 k 74 0.0005774633326888212
53 l 27 0.05396922645700608
53 m 13 0.005033632168479962
53 n 98 0.03160652904052452
53 o 16 0.005876656928472168
53 p 88 0.06396927255089768
53 q 8 0.011094070328776406
53 r 142 0.008345702631455287
53 s 38 0.07981348902319052
53 t 110 0.00718390135437863
53 u 116 0.08047308609500625
53 v 0 0.0022690763125363667
53 w 127 0.017470908889933523
53 x 63 0.018066180194249326
53 y 92 0.007502282901247215
53 z 112 0.054252928241273146
54 b 72 0.025805258744793447
54 c 31 0.13902503621937012
54 e 74 0.04444255818288789
54 f 114 0.1262808121847171
54 h 118 0.016854566175891095
54 j 142 0.05168198311781258
54 k 3 0.012137470072289158
54 n 110 0.08967086162177951
54 o 5 0.00115212509251994
54 p 67 0.0274092128374821
54 q 40 0.010071836719654725
54 r 45 0.0227357673945362
54 t 0 0.133375892835778
54 u 71 0.040784833323289416
54 v 135 0.12440001138733392
54 w 94 0.010645119346173848
54 x 109 0.05180135226975058
54 z 134 0.047859165148450344
55 i 103 0.12375990530459235
55 k 116 0.06142716790759073
55 n 8 0.04195630133509409
55 p 49 0.08571944033347434
55 x 0 0.2141785320686872
56 a 97 0.012819488408855717
56 d 38 0.02844561126783507
56 e 68 0.05585278179924902
56 g 7 0.04879779264040307
56 l 30 0.2525875100640965
56 m 81 0.02903548955224755
56 o 128 0.15006762486485048
56 q 138 0.11795638697364197
56 s 2 0.025758901242106336
57 a 76 0.0585553115196743
57 k 45 0.08502452379334646
57 q 70 0.4375468531690402
57 z 100 0.20859312515809436
58 a 90 0.10125126378928528
58 d 77 0.021035296650000812
58 e 11 0.011168061024636411
58 f 64 0.09685509543287563
58 g 87 0.02055728807175694
58 h 28 0.0642680323514121
58 i 134 0.06258559049034718
58 j 136 0.025535932924381832
58 k 43 0.017704669262196382
58 l 24 0.012166498927802638
58 n 32 0.013374668240192844
58 o 14 0.030335654521641997
58 q 8 0.020927519379493775
58 t 27 0.17928652650360988
58 u 69 0.04005230846766972
58 v 67 0.019061740279272432
58 w 55 0.018447956260214893
58 x 84 0.042887671742323774
58 y 110 0.033462123439905955
58 z 78 0.11281510629796732
59 b 121 0.035176250020355404
59 d 58 0.14945699948638413
59 e 49 0.031575011422801946
59 f 136 0.16209581494035197
59 h 106 0.11638709579843609
59 k 60 0.009373800408891797
59 o 86 0.10306918275684507
59 q 71 0.13966938703974208
59 t 13 0.044722087819967005
59 v 116 0.06496732330080146
59 z 21 0.14100100207156263
60 a 145 0.0028462493018495127
60 b 8 0.0044386681194182875
60 c 128 0.019034257875060745
60 d 6 0.16844273083234218
60 e 85 0.006561087829488499
60 h 88 0.10077446456301231
60 i 68 0.05198172914886057
60 j 25 0.09235899129086422
60 k 91 0.20884199154694172
60 l 123 0.09481089970797207
60 n 103 0.0206831316762367
60 o 143 0.07342718872917098
60 p 69 0.0015400261328115672
60 q 101 0.0014894496592781081
60 r 31 0.04016715955111394
60 s 143 0.000987402493437206
60 t 64 0.002033211492564302
60 u 20 0.020246042510385975
60 v 145 0.0038340336283292364
60 w 4 0.01444918338352974
60 x 107 0.0485477365282474
61 b 127 0.04563105697701475
61 d 54 0.02181177024180292
61 e 58 0.02371802589294969
61 h 18 0.0018543985202154056
61 i 22 0.164302002996342
61 k 29 0.025758552312656224
61 m 16 0.027407925787047316
61 o 31 0.1254344298372546
61 r 75 0.24193652739606375
61 s 120 0.0020607013521668494
61 u 34 0.07787024895073169
61 w 19 0.18746098581934278
62 b 28 0.026457945925775217
62 d 112 0.09201124883053102
62 e 31 0.0033808230789881266
62 h 136 0.0823274690414324
62 j 11 0.082032804970531
62 n 65 0.06779706696809873
62 o 67 0.0838667647950575
62 p 69 0.03396269205236102
62 q 117 0.0413290536104276
62 r 85 0.1347513440604814
62 t 144 0.008860141134360733
62 u 39 0.04641656191379062
62 w 111 0.06703643715886476
62 x 86 0.10691881019633942
62 y 75 0.09533949963553512
62 z 17 0.010676655886660114
63 a 40 0.0676250864878073
63 b 6 0.02321974306058494
63 c 28 0.004324434654177534
63 d 19 0.007954467066352389
63 e 92 0.010279858504278705
63 f 20 0.013446181256895784
63 g 91 0.14361834089525005
63 h 66 0.010232327495978244
63 i 58 0.12251693810851638
63 j 110 0.13332130128116326
63 k 91 0.07550243170736315
63 l 90 0.0006416196037735133
63 m 40 0.04106447570896765
63 n 48 0.013149127994797283
63 o 37 0.012475300807650913
63 p 21 0.005301142183687491
63 q 114 0.11923013486868206
63 r 130 0.015544484478649867
63 s 82 0.03326698774033665
63 t 43 0.013131514219863583
63 u 64 0.009656266685514447
63 v 47 0.019506605255949605
63 w 40 0.021028666198604773
63 x 56 0.0036725849671271904
63 y 52 0.0049966723686513115
63 z 96 0.05468658201646093
64 a 73 0.035976732084137764
64 b 17 0.0256136005604799
64 c 31 0.08946234015268106
64 d 7 0.015368042737879395
64 e 85 0.011883085642867663
64 f 17 0.02067513213866412
64 g 58 0.005765341191563467
64 h 67 0.027457424732545865
64 i 37 0.12766405253199664
64 j 73 0.044730861269488775
64 k 77 0.035789564260412354
64 l 28 0.03737025375872338
64 m 145 0.041248475874901325
64 n 40 0.07757909930737861
64 o 82 0.005143485803762005
64 p 109 0.06209142742032203
64 q 11 0.038818783804967505
64 r 95 0.05322056655166951
64 s 114 0.03202298662070602
64 t 21 0.01210286380243264
64 u 141 0.0061523997170125355
64 v 35 0.024355663252283555
64 w 126 0.02030254696654321
64 x 131 0.036698655742278485
64 y 130 0.012792588492477441
64 z 112 0.08431077681042431
65 a 73 0.039387940675688515
65 b 22 0.02597306372029129
65 c 108 0.007241735592679821
65 d 98 0.01540405787780974
65 e 97 0.019230334712685093
65 f 95 0.01673905362025574
65 g 73 0.035053070556145816
65 h 111 0.11755179063513832
65 i 124 0.11079641798546125
65 j 28 0.00394500202954251
65 k 123 0.01575855493394429
65 l 23 0.07667358292576365
65 m 25 0.08349958369920851
65 n 127 0.004150722866139822
65 o 139 0.006110082217871127
65 p 120 0.016788124900610546
65 q 130 0.02127737311685629
65 r 48 0.028164490846760315
65 s 86 0.013295845526177463
65 t 108 0.061665766309261016
65 u 105 0.0741675693329874
65 v 68 0.001384857964970565
65 w 21 0.04184415798105767
65 x 105 0.043138619344041174
65 y 64 0.06660895411677215
65 z 15 0.012598659451864225
66 a 1 0.027285222198245807
66 b 53 0.06819359202886655
66 c 143 0.00048046877983853875
66 d 140 0.10296026343912157
66 e 60 0.02987631454267259
66 f 137 0.058997818174646555
66 g 95 0.11298103400033366
66 h 25 0.09851261285223178
66 i 67 0.0483336383854196
66 j 71 0.059975774251844305
66 k 54 0.03080522333278579
66 o 93 0.04333236819355013
66 p 85 0.02173844171757766
66 q 37 0.022432291020162087
66 r 91 0.03429611702887214
66 s 123 0.016515616641470166
66 t 83 0.0062807083217089055
66 u 83 0.0022396613730598647
66 v 110 0.05985955487671535
66 x 92 0.019718512433778645
66 y 97 0.04778198907044329
66 z 139 0.020745215735606726
68 j 1 0.1364029787575497
68 m 65 0.23882941788321266
68 n 17 0.03327553284421281
68 o 124 0.023616576576079296
68 q 39 0.28159850683172993
68 y 13 0.05491995338533917
68 z 35 0.10236760125414468
69 a 18 0.008788154613267873
69 d 81 0.08444584815115452
69 e 88 0.011631706776800699
69 f 31 0.016261479530485512
69 g 23 0.0463328716439505
69 h 95 0.07340354788131209
69 i 107 0.04504956418972128
69 k 87 0.031928280333494596
69 l 27 0.010080812487641921
69 n 39 0.10598969609296716
69 p 18 0.16295066666712976
69 q 74 0.007283200874002471
69 r 132 0.012765924823151309
69 s 135 0.0964913571532785
69 t 97 0.15631123619284715
69 v 53 0.10040450733091877
69 z 94 0.006267938480065238
70 a 108 0.2914800651107041
70 b 36 0.09020321381667673
70 c 119 0.01247227385739258
70 d 65 0.015050428340120936
70 h 48 0.020242422290631445
70 i 81 0.028529049795163797
70 j 98 0.0352242031030191
70 k 121 0.010853449923116099
70 l 59 0.07736339499203115
70 m 113 0.032142873981406694
70 n 50 0.005679777854633472
70 o 126 0.03177985545355244
70 p 20 0.05143735219209611
70 q 106 0.0077561713573357505
70 s 77 0.06251214482068312
70 t 63 0.016298981646216237
70 u 56 0.1502554394683302
70 v 14 0.02620805267640469
70 x 73 0.006465347861477233
70 y 81 0.018707914352339094
71 a 121 0.11564227578467079
71 b 129 0.06465156465825284
71 d 44 0.07478328967797598
71 e 116 0.010471706787002266
71 f 105 0.014252175217226881
71 h 86 0.03053287473256361
71 i 1 0.022552948168633513
71 j 115 0.014902020237499425
71 l 66 0.03542699309323538
71 n 20 0.03511106882954873
71 p 75 0.10948249602596216
71 q 116 0.022162475998532383
71 r 37 0.016617512084766806
71 s 86 0.1663718038468439
71 t 84 0.015052555477282126
71 v 26 8.965145002282071e-05
71 x 102 0.16482487238709786
71 y 6 0.07685924062805571
72 b 66 0.059764959384788985
72 d 42 0.1487622965517399
72 e 78 0.03871001092503734
72 f 138 0.035850485764939766
72 g 89 0.0011112564096273925
72 h 31 0.08953033287019385
72 i 34 0.019598998533042256
72 j 80 0.024966926729885985
72 l 59 0.06985668219660868
72 o 95 0.02763465353888428
72 p 44 0.057621515317029526
72 s 115 0.072080600115769
72 t 24 0.031078685032110975
72 u 69 0.07132455507433477
72 x 2 0.06412471759061011
72 y 4 0.07275873168504421
72 z 44 0.05142307538078139
73 g 101 0.3967482778136884
73 k 131 0.2690194366994262
74 a 100 0.06288694638685988
74 d 137 0.002543049215232074
74 g 5 0.039986756102817655
74 h 114 0.00894233066319905
74 j 70 0.011445571300707225
74 k 37 0.06021226649120681
74 l 129 0.14361330267578998
74 m 3 0.03506426453748801
74 n 69 0.034810249273740546
74 o 116 0.010034942361754728
74 p 43 0.04223538454464448
74 q 60 0.13289567177032668
74 r 17 0.005937207366600528
74 s 136 0.024362661516433293
74 t 93 0.05335734368091638
74 u 121 0.0006455774600633291
74 v 10 0.1690387284925121
74 w 0 0.024634878100208257
74 x 139 0.0772948168933808
74 y 110 0.017665653456242825
74 z 93 0.0033529775906331327
75 b 127 0.0059562632568903595
75 c 59 0.04307149867409832
75 d 3 0.007979996075692553
75 e 113 0.036831770776375006
75 f 120 0.09212216737092682
75 i 140 0.010098748047131845
75 j 101 0.04730350406004846
75 k 27 0.010596129503200324
75 l 50 0.049438892772661225
75 m 2 0.0002220626331831399
75 n 118 0.014717639782974135
75 p 57 0.06433210611540197
75 q 0 0.036738572411992854
75 r 68 0.019752317570814748
75 s 72 0.04825525721619961
75 u 24 0.08854841570499072
75 w 142 0.2641846146096133
75 x 111 0.05592817032701658
76 c 34 0.123288524046268
76 g 37 0.1625651822166646
76 j 136 0.06590936737853625
76 o 36 0.06255250853755989
76 r 77 0.04466437797057132
76 t 108 0.012224353055486525
76 y 85 0.03332056817606166
76 z 139 0.3132943333730773
77 b 88 0.02074053184676372
77 c 1 0.018074800691543436
77 g 62 0.10799834146793263
77 h 0 0.0534325246348748
77 i 10 0.12460745159927356
77 k 14 0.06486250689000694
77 l 66 0.06240304966668375
77 n 74 0.0473277100356736
77 o 41 0.19487710443547268
77 s 62 0.05413942446598041
77 w 5 0.11004948645746526
77 x 133 0.04675342838106855
77 z 4 0.08240138985632106
78 a 42 0.056263036556967516
78 d 129 0.02795031879019827
78 g 104 0.037567857047865694
78 h 1 0.027676612905112585
78 k 80 0.05733466007443577
78 l 140 0.16553051573634003
78 m 38 0.01853922273786124
78 n 27 0.07037061331023042
78 o 51 0.25962281938098575
78 t 116 0.06448338197153214
78 u 39 0.10027923992491472
78 v 80 0.06174945644924046
79 j 105 0.36293437715327337
79 t 77 0.5786164792372557
80 g 115 0.0565993937294047
80 i 19 0.17659522846646425
80 j 74 0.2812827328489227
80 x 68 0.48429574725947433
81 b 57 0.2006939639606895
81 d 37 0.02754319733067201
81 h 120 0.3055855159129842
81 o 16 0.036193121883522084
81 r 51 0.258972208602088
81 z 105 0.07084415049743797
82 y 0 0.7066802434503837
83 h 8 0.11353985633420849
84 a 29 0.06419820345447325
84 c 125 0.0061381291107130975
84 d 53 0.03231161320942599
84 f 1 0.19539763208273442
84 g 111 0.020679944811764384
84 i 108 0.09613461628476916
84 j 137 0.03193579828241089
84 k 27 0.003703785807233295
84 l 135 0.044971913905238026
84 m 14 0.005290599363369175
84 o 31 0.011562434008603684
84 q 133 0.0723586988443723
84 r 89 0.09893312054861214
84 t 51 0.011167037720022921
84 u 120 0.002079532879399437
84 v 99 0.1395112392024489
84 w 102 0.011995508290123191
84 y 57 0.04333017933731653
84 z 103 0.08548733392423735
85 b 24 0.2060721455293707
85 c 8 0.12511234840904928
85 f 23 0.09160709728359084
85 g 33 0.05965194031643295
85 i 103 0.2864465997960596
85 l 114 0.10683820874960392
85 n 131 0.021877061492889482
85 x 9 0.04535176754207082
85 z 49 0.03846393793566205
86 a 48 0.07068029371033158
86 c 56 0.0054959963297994685
86 d 117 0.11763569453937184
86 f 124 0.10668685409165213
86 g 123 0.060307389928954236
86 h 20 0.04151979756576285
86 i 101 0.0784018249859042
86 j 106 0.030607763401260923
86 k 24 0.04862531791001068
86 l 11 0.07253891258973677
86 m 6 0.006926729431395828
86 n 34 0.0066923689604357905
86 o 79 0.08912384321851208
86 q 75 0.02222454665647089
86 r 139 0.00751159433631321
86 t 108 0.035564048813407245
86 u 22 0.037984988876865966
86 v 31 0.07237240856817362
86 x 117 0.03506995844348337
86 y 51 0.024969649016543083
87 a 145 0.3656641311860491
87 q 5 0.17059753934712762
87 v 118 0.03929318651610314
88 u 58 0.7397245897393978
88 v 139 0.03554185335899318
89 a 71 0.0688212511519457
89 b 82 0.0194716372605237
89 d 27 0.06628541707496294
89 e 117 0.030402688745145734
89 f 5 0.0802158993942017
89 g 63 0.013241251650250585
89 h 73 0.04086797747078241
89 i 31 0.09206549407512288
89 j 95 0.01802640271244227
89 k 120 0.011244122292128234
89 l 118 0.023788425561730664
89 m 95 0.10458225497565943
89 n 103 0.028343817313063457
89 o 4 0.012627617203932129
89 p 122 0.0231022353924335
89 q 89 0.009192865039126086
89 r 136 0.0503837129436111
89 s 61 0.008095350593390616
89 t 81 0.033540843195542736
89 u 9 0.023756984431480666
89 v 136 0.01365000331903743
89 w 47 0.03993407923827452
89 x 23 0.005802319358661379
89 y 145 0.06752319523910466
89 z 139 0.09694878486823266
90 b 73 0.00018423847671988902
90 c 12 0.08440550112142942
90 e 72 0.07107843578047268
90 f 58 0.08733263533841684
90 i 73 0.06560609771324466
90 j 119 0.05255303503510489
90 k 18 0.055768340630380164
90 l 108 0.024249703548358204
90 n 0 0.029689493156385582
90 r 5 0.01598722315351231
90 s 126 0.05727886301527507
90 v 87 0.008186130339401299
90 x 55 0.19588394721273594
90 y 9 0.03319255287583445
90 z 140 0.005836460338568328
91 c 68 0.10683909358266752
91 d 138 0.010986933486679229
91 e 98 0.07989193916618165
91 i 100 0.012349811676469646
91 k 133 0.1483751438198916
91 n 109 0.06427823217211992
91 o 109 0.12145352977347745
91 q 26 0.0968924698484458
91 s 90 0.03820327500227427
91 t 129 0.012723399766626176
91 u 79 0.11965084564253936
91 y 71 0.0677148430044704
91 z 90 0.10635857001129578
92 a 78 0.0016086394021610495
92 c 72 0.025419791647171452
92 h 79 0.06419173891965879
92 i 120 0.09442028520713419
92 j 123 0.04175715812402925
92 k 106 0.15792256934240823
92 m 126 0.06408695616027038
92 n 140 0.013446687617076125
92 o 16 0.1587263162532938
92 t 130 0.0512318580148764
92 v 18 0.042688471840943265
92 w 4 0.07724554293369867
92 x 93 0.15853732406284105
92 y 31 0.002377068298504148
92 z 83 0.003496536041856513
93 d 108 0.030600998270100987
93 f 107 0.04260653913457402
93 i 19 0.09814025288080219
93 j 82 0.19811572958382606
93 k 68 0.13359546254485843
93 l 75 0.05097232480635716
93 m 112 0.027856968405885474
93 o 15 0.062043991656745345
93 p 107 0.009273715925162906
93 r 73 0.09027557601467628
93 s 87 0.00437763862844176
93 t 68 0.04531825713740234
93 w 95 0.08216395141781019
93 y 102 0.02090779482651217
93 z 85 0.08275527717129105
94 e 120 0.15456997944987527
94 n 82 0.12837855128304954
94 o 139 0.15890732247297779
94 q 139 0.048607816243997015
94 s 94 0.10207568018930968
94 x 26 0.07824771663466734
94 y 128 0.23199581274641368
95 g 60 0.04098372896551683
95 j 42 0.11535193818653089
95 l 99 0.13193573804823755
95 p 93 0.036402186985912355
95 r 39 0.0061579847575575775
95 w 114 0.08886021669262933
95 y 140 0.1939782538058641
95 z 117 0.08508046405823644
96 a 133 0.08147507288903566
96 b 11 0.20772299881471723
96 d 121 0.03269869215896226
96 f 111 0.0012381128559416643
96 g 67 0.047974358445840304
96 j 32 0.01783370140587337
96 k 126 0.020441659623102515
96 l 11 0.040713458686233106
96 m 4 0.016307964041721856
96 n 121 0.1187894469312194
96 o 53 0.001062397796650516
96 p 75 0.10103176168307004
96 r 72 0.030578664790900767
96 s 65 0.09266864501860417
96 t 109 0.06815094757494089
96 v 134 0.017468168501041936
96 x 48 0.05081314722759522
96 y 79 0.02794735229302947
97 d 34 0.14699294011025466
97 h 59 0.16478836777505868
97 k 100 0.25375581165714023
97 m 77 0.11179565895633747
97 p 45 0.022410036982118076
97 q 36 0.26015593157304273
97 r 75 0.016490002185162833
97 y 34 0.015676469555860884
98 b 44 0.12441561531076983
98 d 111 0.02248502085689308
98 e 138 0.0003988162078365498
98 f 113 0.048461662939366934
98 g 125 0.030317289582691198
98 i 96 0.0012998697837844908
98 j 93 0.027180309548663795
98 k 138 0.020027201726074084
98 n 48 0.11258595879920774
98 o 94 0.06915468688601178
98 p 45 0.10904454057839508
98 s 41 0.024602303991596464
98 u 74 0.23932989966882978
98 v 16 0.04143966623378503
98 w 43 0.03373404409613956
98 x 118 0.0245246988363369
98 z 95 0.07065810770626646
99 a 56 0.01598386110907335
99 b 99 0.046715862412617715
99 c 7 0.017026242418833992
99 e 47 0.08680248435858162
99 g 103 0.06497913646180353
99 i 143 0.04462857930194408
99 k 127 0.04379650597477014
99 m 50 0.014815842453792194
99 p 7 0.03150079532070571
99 q 54 0.06528656308059266
99 r 145 0.11878454596654497
99 t 43 0.02012910049883687
99 u 27 0.0059661398330483895
99 v 110 0.025896154892925405
99 w 67 0.16998296761412102
99 y 69 0.09842601358150993
100 c 130 0.07828945573222001
100 d 124 0.41631670073565163
100 e 54 0.025696122181935066
100 i 36 0.05127100186613598
100 l 48 0.03567565597602096
100 n 81 0.16827519344014275
100 p 57 0.0665246747831022
100 u 20 0.014571345976130301
100 v 39 0.026836980289226764
101 e 34 0.38521169252078535
101 m 67 0.0094144763432491
101 o 107 0.012925904405471256
101 r 8 0.03335230403935552
101 u 32 0.06551773914523007
101 x 35 0.017967445698170548
102 b 51 0.11337004187956179
102 c 35 0.05133112309461996
102 d 0 0.018203221668289693
102 e 11 0.01708844631071127
102 f 70 0.0040584394310909655
102 g 25 0.0505595973982248
102 h 33 0.051611154699779505
102 i 123 0.015578200307430512
102 j 94 0.08378845918296751
102 k 106 0.03103912711703971
102 l 100 0.07343970049552817
102 m 24 0.11550010222718976
102 n 87 0.0064577227308835194
102 p 88 0.06535799270215104
102 q 53 0.010591259918620866
102 r 67 0.008444449461434966
102 s 66 0.042696914544592124
102 t 18 0.06291133057968101
102 v 41 0.021023365498944235
102 w 21 0.01430831922346909
102 x 84 0.09573404547287179
102 y 89 0.03101637773955712
103 f 87 0.016401322405329544
103 i 19 0.003863150898303025
103 q 129 0.07571846988201125
103 r 21 0.3156081657515586
103 t 135 0.27236152903369837
103 v 21 0.09357031078327249
104 a 33 0.040235977655209254
104 d 97 0.04065292987093305
104 e 10 0.2006558272277803
104 k 107 0.06286618297843338
104 o 144 0.17062979181583093
104 t 5 0.11638076621339921
104 u 16 0.18291393141562828
104 x 79 0.05793663265933846
104 z 102 0.10195608109415377
105 d 92 0.12016201473386512
105 e 12 0.05244133491890235
105 f 51 0.10741811371198406
105 g 134 0.07251135192011637
105 m 33 0.002993773947194023
105 n 112 0.02787199048426947
105 o 114 0.008007134128441229
105 p 132 0.23143536174489465
105 s 57 0.008776479744610488
105 u 9 0.021445546177833785
105 x 59 0.022690404335708902
105 y 37 0.023770249688704226
106 c 32 0.059162962000670616
106 d 59 0.016628952788979356
106 e 71 0.17843031555550237
106 g 124 0.08202965336558254
106 i 47 0.11499805133701113
106 l 82 0.004071194870812089
106 m 93 0.07645122237138491
106 n 105 0.012348903616043683
106 o 1 0.0522883751015496
106 r 95 0.034678641151384304
106 t 77 0.013661124906561128
106 v 24 0.07809145772512138
106 w 29 0.14371531116449376
106 z 8 0.13332031306566106
108 c 94 0.003418461614833168
108 e 133 0.0013257533008623756
108 g 59 0.3102467220873266
108 h 3 0.04660428018862128
108 i 81 0.036081497084452074
108 j 104 0.009654480904327967
108 k 8 0.06038174062186341
108 l 19 0.034339324775790714
108 n 75 0.0019165538556862316
108 o 127 0.007685024650255556
108 q 34 0.06679759390390372
108 r 90 0.047631004606565
108 s 133 0.001250797751974675
108 t 120 0.031266268344388726
108 u 107 0.01032336249148147
108 w 124 0.05086528529869927
108 y 1 0.06857767081182053
108 z 70 0.16183737188444602
109 e 23 0.008073067509872134
109 f 86 0.12069725317662716
109 i 95 0.04772167338796807
109 j 24 0.0606920580942919
109 m 44 0.013015773813303433
109 n 19 0.0512685215978399
109 o 31 0.3840704209000997
109 x 110 0.0358239016221531
109 z 67 0.0727212016773301
110 a 45 0.020806903410419464
110 b 87 0.005198132680415246
110 c 76 0.13098138153474947
110 d 61 0.1215912221903952
110 e 82 0.010555214662260393
110 f 104 0.02076844566963998
110 g 103 0.1159975446587862
110 h 78 0.0008958797107923022
110 i 107 0.025021755531235312
110 j 61 0.02460992966216935
110 k 100 0.05880506888526804
110 l 93 0.0064083513978647755
110 m 50 0.008312801396716307
110 n 32 0.08802327829233925
110 o 105 0.015871271896370942
110 p 52 0.03928180442026796
110 q 132 0.04090124841973741
110 r 7 0.02768001113470031
110 s 17 0.1064337982386091
110 t 59 0.002614487495070539
110 u 19 0.013497523235472375
110 v 137 0.041463521298938266
110 w 14 0.04104727993795021
110 x 50 0.01401685502438077
110 y 72 0.018298539453417084
111 a 12 0.12082050487558182
111 b 62 0.043724085951787894
111 c 45 0.018729249116196667
111 e 141 0.04566727560263828
111 f 77 0.016777793305993827
111 g 11 0.02305005075256983
111 h 55 0.0034699227756999074
111 j 137 0.00915352777529621
111 k 31 0.0374388701782713
111 m 11 0.0051188029795872225
111 n 15 0.0846960948808183
111 p 137 0.001210005829842653
111 r 141 0.05548582442007788
111 s 4 0.02294844181310518
111 v 40 0.06924614333755519
111 w 28 0.012006913670512098
111 x 10 0.02774421447121822
111 y 122 0.023804578834219714
112 n 124 0.696933955677282
113 c 110 0.12269353137132455
113 h 139 0.5857050927545712
113 q 61 0.018559376088232105
114 d 25 0.2591332821383857
114 i 47 0.03607418039017485
114 l 8 0.030572632959279145
114 p 100 0.08464457530297409
114 q 31 0.07871281164819677
114 y 88 0.4537905161560638
115 a 90 0.045915526463744194
115 b 68 0.013485942840182785
115 c 74 0.03001131034194804
115 d 65 0.1491603837247203
115 f 2 0.012395828294533895
115 i 52 0.016720635565710018
115 j 66 0.0897241162371607
115 o 62 0.23877947043411962
115 p 133 0.04126708831685433
115 q 128 0.08751767690614409
115 t 49 0.003213488667534903
115 u 30 0.0015145944108709841
115 w 15 0.066083401056932
115 x 55 0.04968204341478821
115 y 39 0.04685871693704091
115 z 123 0.017407293876463115
116 a 133 0.0016166996526468802
116 b 103 0.08984583829237414
116 c 111 0.14183274630710996
116 e 89 0.018357074894557845
116 h 122 0.01524486595502117
116 k 138 0.10500290861326977
116 l 77 0.04844732499699134
116 m 91 0.07685267981858002
116 o 141 0.00016320671261693676
116 t 142 0.044879868490467434
116 v 98 0.3359961399784481
116 y 61 0.017374257145925665
116 z 142 0.046066678902138225
117 a 50 0.03818856002996662
117 b 82 6.799681988201023e-05
117 c 29 0.06034398506204408
117 d 102 0.008352701943834084
117 e 133 0.07221087719983321
117 f 110 0.006317905512478239
117 h 144 0.05332022824961935
117 i 39 0.02092118642408458
117 j 35 0.02232403659488047
117 k 67 0.1469509549810959
117 l 41 0.0026485083392024933
117 n 72 0.036185345715115225
117 q 38 0.023265881469155314
117 r 22 0.000932760924241216
117 s 73 0.06062402935721878
117 t 0 0.05265672154317291
117 u 108 0.03456028098649333
117 v 105 0.04051103860824434
117 w 71 0.02974865953447492
117 y 27 0.09073116697138028
117 z 132 0.14329182515961103
118 a 92 0.461493102303985
118 f 110 0.06166235779695417
118 g 62 0.21294375597226833
118 h 124 0.09251240434939512
118 o 108 0.07194809713231032
118 w 5 0.0736640856494184
119 g 71 0.03828118394002267
119 o 5 0.7546316085186316
119 y 108 0.03637043089754921
120 a 113 0.013046325192782926
120 b 142 0.051766078593438625
120 d 6 0.20321012210179024
120 e 68 0.068155374363706
120 f 94 0.05540354957310645
120 h 34 0.08497702467334611
120 i 118 0.022204800299240546
120 k 5 0.04989594966219446
120 l 123 0.012174359595023776
120 n 55 0.07079870559282575
120 q 10 0.06106468821582922
120 r 19 0.06457749541461455
120 u 101 0.021629866713623658
120 z 10 0.06661021670068479
121 d 121 0.37353102748841693
121 h 7 0.20433056152059081
121 p 56 0.08887215953521421
121 s 117 0.09287503530807806
121 t 89 0.07951476937885005
121 y 65 0.14831794219844874
122 h 9 0.26591625203352975
122 i 69 0.2005137137382368
122 y 103 0.26725514953706164
123 a 133 0.023487777910833008
123 b 71 0.018333686337540844
123 c 72 0.0055366135356405
123 d 42 0.013424881414440426
123 e 23 0.013019499220615627
123 f 129 0.007390553238813324
123 g 135 0.014502688379391282
123 h 4 0.1444645396930262
123 i 11 0.04255102270209021
123 j 46 0.0017194728435946383
123 k 38 0.1352748008845257
123 l 52 0.07590624741594332
123 m 134 0.0005603919603034413
123 n 52 0.021600634430875343
123 o 44 0.061789853099879055
123 p 13 0.04297446011061057
123 q 39 0.06969864520244451
123 r 139 0.00781857317426915
123 t 136 0.007559090201871621
123 u 112 0.040390180682700394
123 v 63 0.030070734903706153
123 w 17 0.14421068009940463
123 x 2 0.04520879827090907
123 y 89 0.014200857131936528
123 z 99 0.006260834773518575
124 b 129 0.039821850979164575
124 c 46 0.04897266334620942
124 e 58 0.06478209180592942
124 f 35 0.10250992447128882
124 g 61 0.01687668620806071
124 h 52 0.07325322431748493
124 i 69 0.14018385282339862
124 k 104 0.03425801039842047
124 m 27 0.034830925490204834
124 n 122 0.19168421065429775
124 o 93 0.032086894803485144
124 s 6 0.04405927781754915
124 w 33 0.022977571129869756
124 x 107 0.10501027250857531
124 y 44 0.01738540306958236
125 g 49 0.31879311542826716
126 i 13 0.3900688881392569
126 x 30 0.49899408833132397
127 d 103 0.0022924330848173025
127 e 100 0.09006411242655077
127 g 81 0.014725329918673702
127 h 40 0.7330491197925189
127 s 44 0.021177204466011235
127 w 124 0.06739476567541014
128 u 66 0.3835660818191158
128 y 133 0.11676806964893205
129 a 10 0.003397085163857172
129 d 58 0.037107130143905875
129 e 78 0.11687834148924614
129 f 111 0.15222215198838152
129 h 39 0.012812514582755785
129 j 98 0.05571280606136497
129 k 98 0.05545813682354872
129 l 30 0.021487088475112603
129 n 116 0.0075345902412342625
129 o 33 0.05543656954193654
129 p 36 0.12438818576980792
129 q 128 0.041462399031350516
129 r 44 0.051579440001427446
129 u 78 0.10593777342816979
129 w 18 0.047359051152256915
129 x 111 0.07708820076726197
129 y 115 0.009161234069182678
130 a 81 0.07807481502467573
130 b 19 0.009506271762673713
130 e 85 0.06361509951923894
130 f 60 0.03206375323969457
130 g 46 0.00850343769556472
130 h 34 0.02042028861420553
130 j 134 0.25068057352360085
130 m 52 0.1065660136892349
130 q 18 0.04753985993876886
130 s 81 0.03983484068199661
130 u 91 0.03994624625641552
130 v 85 0.11037627772258718
130 x 76 0.01971835345726236
130 y 13 0.1113887834319287
130 z 32 0.05290337649155208
131 c 58 0.06898846257143043
131 e 138 0.2161389620396299
131 g 137 0.06697924483889073
131 n 14 0.16019328455701043
131 r 129 0.033811549021595555
131 s 64 0.05600948660867466
131 t 68 0.06443448320598599
131 y 91 0.013951644706002408
131 z 33 0.05004925660746595
132 d 47 0.14600610403713943
132 h 115 0.2384871939602693
132 j 51 0.03141434610220539
132 k 32 0.04363780154760277
132 l 34 0.06855496983797837
132 m 88 0.027329132974556414
132 n 24 0.04797147158418291
132 p 116 0.08175361267701708
132 q 84 0.0656217133414283
132 r 0 0.006282937477711581
132 v 80 0.015082159466768719
132 x 127 0.08472996058266558
132 y 137 0.0014507600520126118
132 z 55 0.10921875215936827
133 a 59 0.006299015788728934
133 b 85 0.005424351025390406
133 c 47 0.04591767246329892
133 d 132 0.08736414377434554
133 e 110 0.000497376472898603
133 f 56 0.0911891225776913
133 g 48 0.1513775074575674
133 h 34 0.006981882538116935
133 i 17 0.05423371053485515
133 j 140 0.02983259266613847
133 k 36 0.004889000705987412
133 l 28 0.03380259755423032
133 m 76 0.0024566766921622074
133 o 108 0.020607638260993988
133 p 18 0.07759950943324068
133 q 123 0.02500872194335979
133 s 62 0.011630673885047571
133 t 41 0.0008695187759104606
133 u 118 0.13213757256208247
133 v 132 0.05609489195932549
133 w 89 0.010855448129743261
133 x 55 0.06032906216438627
133 y 131 0.01871533831735528
133 z 76 0.027105417323157077
134 a 90 0.02275901585652418
134 b 102 0.03644117069106301
134 c 42 0.1375287659940143
134 f 79 0.1079579317720315
134 g 66 0.2098413763763497
134 h 19 0.089576513045312
134 j 117 0.021062452684858735
134 k 75 0.03347997607509057
134 l 18 0.05161680452603168
134 n 109 0.03654863986592649
134 p 1 0.03507443994879589
134 q 93 0.016087192094883296
134 r 91 0.038715729855009484
134 t 140 0.11104303105423263
134 x 37 0.01971380893651198
134 z 75 0.022506773354203258
135 a 30 0.0011975072410526089
135 b 133 0.02256395114788945
135 c 128 0.021900096578163053
135 d 130 0.0431251365038392
135 e 63 0.023741493865704122
135 f 33 0.014561257628354807
135 g 61 0.14713442732638526
135 h 3 0.007343647191742075
135 i 129 0.06568445755864283
135 j 106 0.004196487036617236
135 l 90 0.038831348295571666
135 o 48 0.011332953495041487
135 p 124 0.02023938522194213
135 q 84 0.0509595180510829
135 r 121 0.1721310659472215
135 s 77 0.020700627458137943
135 t 90 0.06050931359597933
135 u 143 0.01082409568029774
135 v 30 0.041810067791792194
135 w 33 0.04585050116111877
135 x 41 0.0023735252669518925
135 y 47 0.06203915440097385
135 z 43 0.01981575975765837
136 t 1 0.3366832614201166
136 w 115 0.27363683002285
137 e 52 0.6072297776137711
137 j 59 0.0833239572924922
137 t 145 0.0041591803635429025
137 v 89 0.16090595088400406
138 a 120 0.020572352196553734
138 c 52 0.01841518138488607
138 d 9 0.026543619285168574
138 e 17 0.04998242979910139
138 f 132 0.04936131772652119
138 g 51 0.09122537125123298
138 h 54 0.02113328513062096
138 i 9 0.02784518853613349
138 j 11 0.002087389847053922
138 k 116 0.029591697798004857
138 l 18 0.03901353457856216
138 m 113 0.011075786897177586
138 n 27 0.014725081901200698
138 p 140 0.09219576320179756
138 q 111 0.08601783649519346
138 r 59 0.08349049728119085
138 s 85 0.0006636503354595646
138 u 124 0.07166218000634894
138 v 52 0.1174300540303923
138 w 53 0.0017184672824052116
138 x 76 0.04089341796584001
138 y 113 0.006200737684624924
138 z 137 0.028603553775556012
139 x 4 0.7172912105211497
140 a 136 0.14138730857846626
140 b 16 0.19635862711558183
140 d 136 0.001683938340288904
140 f 71 0.13376822619964324
140 g 115 0.21705932710145825
140 j 30 0.003693862016775462
140 n 106 0.0968168137284624
140 p 83 0.11155756852004317
140 t 112 0.0056365050354763024
140 w 23 0.020670867719602803
140 z 16 0.057711187479087656
141 e 46 0.3887274343143663
141 f 96 0.2158681976368243
142 a 86 0.2724562930779998
142 d 67 0.447881098501572
142 l 125 0.0013483627261178244
143 a 93 0.008985211858765663
143 b 91 0.07296363960052743
143 d 33 0.19656635245838938
143 e 132 0.0330916708972987
143 f 96 0.05024011751480795
143 g 81 0.020320838935542818
143 i 20 0.04133607445361065
143 j 82 0.03338693111642832
143 l 36 0.022753135533939428
143 m 11 0.02355966885011518
143 q 141 0.015998801408089514
143 r 101 0.10402225316395608
143 t 13 0.012031986289269714
143 w 12 0.12891615745995277
143 x 46 0.01309961270018345
143 y 73 0.059366027780035746
143 z 75 0.10478888428478628
144 a 70 0.03988654295668237
144 b 127 0.007986529577756363
144 c 11 0.011144821360222879
144 d 102 0.005894503149738939
144 e 6 0.042159222943048746
144 f 46 0.0018749744056452133
144 g 31 0.025161863806090867
144 h 142 0.04442579818018322
144 i 50 0.012276375887802948
144 j 65 0.024222516011262907
144 k 61 0.058119083944251915
144 l 59 0.10338082144258054
144 m 64 0.03654259254595704
144 n 109 0.016685731626169376
144 o 71 0.0032658445863928964
144 p 7 0.0046645554769517705
144 q 17 0.054348322342885225
144 r 17 0.01022362512679309
144 s 73 0.0505551521410913
144 t 71 0.01644333402975462
144 u 114 0.12198552891509373
144 v 35 0.044063009154590826
144 w 142 0.007999857088437201
144 x 143 0.018325457832312986
144 y 132 0.1314174051110315
144 z 137 0.098996395586611
