26 26 324
0 0.002061572262657352
0 0.1454650173856764
0 0.0401952707551787
0 0.00794877538676475
0 0.0767127862117295
0 0.00034086883165829196
0 0.0559013929418688
0 0.04491604063014065
0 0.16869636344827565
0 0.22508220849902205
0 0.0006141646495265718
0 0.07189424067448169
0 0.11889619947754637
0 1.0
0 0.050703970118768815
0 0.27716848630069213
0 0.01827206249191282
0 0.1376253562697497
0 0.05897744614956313
0 0.7687574803722766
0 0.056283785587793456
1 0.08702487814652349
0 0.38450040876006153
0 0.8712058957036041
0 0.14149869835756046
0 0.08107775320496657
0 a 25 0.1096878999302543
0 b 5 0.056075570887361925
0 e 20 0.07746082650520503
0 f 23 0.1928039887945464
0 i 6 0.04464199727404805
0 l 14 0.109105411588176
0 m 0 0.018133992460159676
0 p 12 0.0015954908371479393
0 q 25 0.000639057311921154
0 r 23 0.04535088818347144
0 t 1 0.04808982197840217
0 w 25 0.002344049114492708
0 x 17 0.09491255594349368
0 z 3 0.19709687692866218
1 b 25 0.03900158039893098
1 h 2 0.16823057429629007
1 v 17 0.6205695455828958
1 x 13 0.026733282336206754
2 a 14 0.03197960753449636
2 b 12 0.00930194285853625
2 e 11 0.0438822985319679
2 f 7 0.0349393865922033
2 g 15 0.02901026427809983
2 h 9 0.030127875253315506
2 i 19 0.02217691038235603
2 j 2 0.1442082906341915
2 k 8 0.07310741137020038
2 l 11 0.07189452260036322
2 m 15 0.0024666674304080205
2 n 6 0.03513976032395549
2 o 18 0.011747398435508427
2 p 7 0.0929145372504313
2 q 24 0.014315371710777014
2 r 5 0.023041828491409344
2 s 16 0.04011205669372442
2 t 19 0.019399087841648344
2 u 13 0.08993476142627899
2 v 16 0.05167383682664184
2 w 2 0.04765393876234947
2 x 13 0.04077697401595837
3 a 16 0.004080883443755345
3 b 1 0.030276408712728853
3 c 25 0.0508448172535747
3 d 10 0.03374037681981834
3 e 23 0.14416458916131936
3 f 3 0.021750572533206336
3 g 22 0.1008245842968799
3 h 23 0.028526909001557188
3 i 2 0.007051184736910798
3 j 14 0.014244707386427913
3 k 9 0.021552356506005177
3 m 10 0.042161572555892035
3 n 24 0.047133529995756485
3 o 23 0.13295302211820992
3 p 11 0.0021716784175368486
3 q 19 0.02420716811049939
3 r 7 0.0015832813263284562
3 s 21 0.018855809413070745
3 t 15 0.0479641635996132
3 u 23 0.026703496070883626
3 v 14 0.006981595131888452
3 w 4 0.014627562005176897
3 x 25 0.0389560600561083
3 y 9 0.05665962379756906
3 z 6 0.07403527216251793
4 a 3 0.050574895076335835
4 e 8 0.002999446245885995
4 g 5 0.15295363167817744
4 j 4 0.028759096450520993
4 m 7 0.05483316144408801
4 n 2 0.04190851270553908
4 r 18 0.0172293739935222
4 s 3 0.18784907620110214
4 u 15 0.02963695706417424
4 v 23 0.14161529644786197
4 w 22 0.04817264314700209
4 x 7 0.09801286287633615
4 y 23 0.012554351918885542
4 z 10 0.056187908538838816
5 a 1 0.013236022835595218
5 b 18 0.0035414401048151634
5 c 14 0.015521721197365945
5 d 17 0.046815690487323036
5 e 25 0.06333464330745453
5 f 15 0.007593633863984817
5 g 0 0.13256596078773586
5 h 11 0.04275725277055753
5 i 8 0.024611638569228322
5 j 11 0.021635680866265772
5 k 22 0.01880066449435802
5 l 16 0.03839634274561643
5 m 20 0.02873150942877345
5 n 10 0.11484317364936292
5 o 7 0.1799163844586653
5 p 9 0.03147277748104793
5 q 24 0.032140143965199264
5 r 22 0.01851807095357183
5 s 7 0.004489028978505338
5 t 25 0.017313276610224526
5 v 4 0.0008422104886554038
5 w 20 0.038380147630289074
5 x 2 0.02416981190743972
5 y 16 0.049341086003237944
5 z 14 0.030690817583068353
6 c 14 0.05312844391193028
6 j 13 0.07500427977039281
6 k 14 0.0603199624411862
6 n 19 0.07254474237158182
6 p 13 0.026993954132155884
6 q 25 0.03763397956169845
6 t 25 0.26822914120664876
6 u 0 0.07123022173446347
6 v 5 0.047370649275090826
6 y 8 0.2316432326529827
7 a 22 0.07288222238263997
7 b 0 0.004717965003136371
7 c 18 0.054896198628741844
7 d 13 0.012481359219316923
7 e 21 0.0034629264421730532
7 g 8 0.02862750875685527
7 i 0 0.06556195678056109
7 j 23 0.014901843256158731
7 l 15 0.0001986787916754551
7 n 16 0.033251861213856926
7 o 13 0.004223291571588184
7 p 24 0.006916256662059306
7 q 24 0.05973995063212112
7 r 4 0.050627039995547296
7 s 3 0.014120526425429158
7 t 10 0.025315569229321544
7 u 10 0.031405372447499635
7 v 16 0.03931093364680205
7 w 11 0.06199198025343
7 x 23 0.15945345495873886
7 y 9 0.08013623972744821
7 z 8 0.13086082334475835
8 a 21 0.09036494746156698
8 b 8 0.05464734137030103
8 c 11 0.057296186820149475
8 d 15 0.04989973240569612
8 e 17 0.01176536217930757
8 g 18 0.04516413325317259
8 h 11 0.017223151502918754
8 i 14 0.01591866769612038
8 j 7 0.033308762009473636
8 k 0 0.005411368475437883
8 l 6 0.005463655447240812
8 m 16 0.06887012651891611
8 n 3 0.007265930921114494
8 o 14 0.054240054761515055
8 p 14 0.0022502683680026836
8 q 11 0.046892652096837906
8 r 13 0.010058910560014067
8 s 23 0.018110237895312853
8 t 25 0.15124859344908304
8 u 7 0.0211103796825729
8 v 14 0.00018521349525502107
8 w 5 0.03631407994400049
8 y 18 0.014184091506751484
8 z 18 0.014109788730963024
9 c 21 0.03181338158294178
9 h 1 0.28081636539205956
9 y 19 0.4622880445259766
10 c 21 0.04859098072801038
10 e 18 0.0877486543237761
10 g 2 0.3830879750100694
10 h 4 0.06715687989929875
10 j 2 0.06089871886836118
10 n 8 0.24507817134209098
10 q 5 0.01174233896698651
10 v 14 0.09508211621188012
11 a 17 0.015984877185158286
11 b 16 0.01514094060809823
11 c 17 0.12609269154498703
11 d 3 0.015911847574054283
11 f 1 0.03474367689172675
11 g 22 0.038674924028131885
11 i 20 0.03521021816139058
11 j 20 0.017932333359196084
11 k 16 0.03169520026657846
11 l 0 0.005391302952435728
11 m 22 0.024302047386919656
11 n 20 0.07214012257194269
11 o 18 0.01581194411968312
11 p 23 0.015577552405698247
11 q 16 0.0024854620054197696
11 r 0 0.09390905472733124
11 s 21 0.07959050226951903
11 u 16 0.05881647676571222
11 v 13 0.012597074059874203
11 w 3 0.10861658272939112
11 x 11 0.013937939530576093
11 y 25 0.08877086071517537
11 z 7 0.004772127466518228
12 b 13 0.24188038606731765
12 i 4 0.09641131036403361
12 l 22 0.023201335421632163
12 m 21 0.2756481958831368
12 s 18 0.045581769188415056
12 t 25 0.12895392530674743
12 w 13 0.03259034070612887
12 x 22 0.02963400152090423
12 z 10 0.007202536064137788
14 c 10 0.217125789496328
14 e 2 0.0992988362492867
14 l 24 0.19615805055717506
14 n 10 0.0320920357870107
14 q 24 0.08357945335245276
14 x 19 0.2954136624322876
14 z 15 0.02562820200669036
15 a 2 0.041093444002004764
15 c 0 0.04247024124476584
15 g 15 0.03642533409064552
15 h 23 0.040972420105798046
15 l 25 0.12330035281638052
15 m 21 0.15379495287086675
15 n 3 0.12723857731365884
15 q 5 0.035384272830702335
15 t 19 0.11873952778418828
15 y 15 0.0034123906402969695
16 a 6 0.03502568245763793
16 c 10 0.09409760731865835
16 e 23 0.00646250209916821
16 f 23 0.1275343911797706
16 g 1 0.008592113153698122
16 h 24 0.00029816964989703987
16 i 4 0.11930224769538345
16 j 10 0.06311873203909657
16 k 2 0.061089338803931414
16 l 0 0.005936006549781769
16 m 4 0.0862716098593963
16 n 15 0.024660452803394683
16 o 14 0.04167376080964258
16 p 4 0.014582885966024417
16 q 18 0.007193489892266314
16 r 2 0.03310997670088045
16 s 6 0.06830880631973268
16 u 19 0.011748462667603987
16 v 5 0.03570869425963619
16 w 7 0.06546178343359499
16 x 19 0.03836061899035492
16 y 9 0.016589875742509586
16 z 23 0.016600729116026613
17 b 15 0.08010600295422188
17 c 14 0.026911464017622344
17 g 1 0.028738824511177263
17 j 14 0.10314491694012351
17 k 10 0.09368679810334168
17 l 15 0.4068662922331895
17 z 8 0.12292034497057414
18 a 25 1.459184033625327e-05
18 b 24 0.024452110950979655
18 c 0 0.027272631042743578
18 d 9 0.05110276790736856
18 e 1 0.01102253092282468
18 f 8 0.07502607764508196
18 h 23 0.007431676858238645
18 j 18 0.06373737070524099
18 k 5 0.05444597722251743
18 m 13 0.003129465045997537
18 n 5 0.11554174856485444
18 o 7 0.0578096087167842
18 q 15 0.05279477288001755
18 r 17 0.003923170553491673
18 s 8 0.03815589580720191
18 t 23 0.06117797354092458
18 u 14 0.10259577028971345
18 v 4 0.14287731118965052
18 w 19 0.020957974991081096
18 x 2 0.026726623534084393
18 y 4 0.0008265036413037663
19 j 0 0.23124251962772335
20 a 0 0.08630073207555633
20 b 22 0.06160784121840701
20 c 13 0.007440662952510557
20 d 21 0.028276292229482358
20 e 15 0.03539287557555315
20 f 6 0.1257282990365025
20 g 20 0.015160234636864445
20 h 12 0.04558514578085737
20 i 2 0.04550576199089584
20 j 21 0.013280704603977789
20 k 19 0.02155423559520797
20 l 4 0.005897356434698131
20 m 19 0.0015821688285617697
20 q 9 0.06036177175848767
20 r 2 0.005914959357768534
20 s 4 0.012831814016580623
20 t 24 0.03830368190211386
20 u 25 0.01766794404082983
20 v 23 3.1960168224265395e-05
20 w 3 0.04221729803733609
20 y 3 0.2320436500489299
20 z 18 0.04103082412286052
21 a 24 0.004670437472802491
21 b 4 0.021984196814205825
21 d 8 0.18573041602893514
21 j 20 0.06564111908487269
21 l 20 0.005855749678966959
21 o 15 0.0025063780296364913
21 w 9 0.2257517955657833
21 x 1 0.15559404172233704
21 y 5 0.1815261349939029
21 z 2 0.06371485246203368
22 r 14 0.4585577108260498
22 v 5 0.15694188041388868
23 e 19 0.01887300671865355
23 m 21 0.08285990945894228
23 o 20 0.027061188118800095
24 d 24 0.8585013016424395
25 c 10 0.14622317204072277
25 d 6 0.021543342970476442
25 e 24 0.07434442054496804
25 g 21 0.028634964743043723
25 h 1 0.10549267211896596
25 j 15 0.16295797947190405
25 l 19 0.049361860716499395
25 n 4 0.0026260351286264694
25 o 24 0.013314147335291682
25 r 25 0.0076325176166243125
25 u 7 0.007768836447729521
25 v 5 0.10990650235430888
25 w 14 0.03228526183472069
25 y 11 0.1568305334711515
