127 26 1669
0 0.07508284267219567
0 0.07233103640203054
0 0.054735295383106064
0 0.1348942485176109
0 0.012458276276440139
0 0.012391914610735633
0 0.19781382951160764
0 0.022285382663310038
0 0.07948227066109703
0 1.0
0 0.028257143798239737
0 0.010065793182835514
0 0.04326679496853936
0 0.10186302660889568
0 0.5144902431456498
0 0.07512228204202454
0 0.1600451307643732
0 1.0
0 0.013611562183093895
0 0.09804859318826198
0 0.3028433028931583
0 0.026513920148764192
0 0.41024781746092953
0 0.019561813763739444
0 0.03884224308500728
0 0.010001474328842797
0 0.005966530741546183
0 0.0040782100367549035
0 1.0
0 0.20777303094288058
0 0.3942895230015916
0 0.127128003925858
0 0.07343711526104868
0 0.41877975909847476
0 0.3082747325961318
0 0.6387192720173248
0 0.01534626156037422
0 0.0005699028178381971
0 0.035004121661853294
0 0.13134175688695404
0 0.015318296261672026
0 0.04768067649054575
0 0.06748244247532353
0 0.04485637761728778
0 0.023341519364432628
0 0.0707972633894598
0 0.03800358816109961
0 0.08446116388454938
0 0.004864196542633703
0 0.029706692051105987
0 0.006253967315631992
0 0.11697169364764404
0 0.08338379567853327
0 0.0664700753422276
0 0.049391776684881816
0 0.10237449061290371
0 0.003761163090733488
0 0.004185536665969436
0 0.01194175327195568
0 0.016190037093827603
0 0.08003682493743158
0 0.1576719754940491
0 0.058075251080499934
0 0.07614405182213702
0 0.01378418862722297
0 0.0072907518268865434
0 0.02879754690864489
0 0.039333610292972776
0 0.0074275014356846025
0 0.02810092945588194
0 0.5714542057783731
0 0.02282708557594093
0 0.004006764174637412
0 0.00455447753597138
1 0.03475930095521074
0 0.027624464768328694
0 0.08355013932159527
0 0.0408913556966064
0 0.02058492755083241
0 0.27873231828432
0 0.026004228451873
0 0.15456021074624215
0 0.04491432613453039
0 0.1270115549782027
0 0.008110735576902894
0 0.13966545422960386
0 0.014389250290352762
0 0.04032990289657956
0 0.22291291873321395
0 0.0070728942388721405
0 0.31877701431796424
0 0.01168868851728
0 0.11488905858441212
0 0.03588063101397432
0 0.025515516799790583
0 0.057903783049775503
0 0.021936367418318503
0 0.6209067215006924
0 0.006636387606642091
0 0.1396030654255428
0 0.11286217857076142
0 0.03428272740437521
0 0.05088744651068411
0 0.25789662463390384
0 0.013295491897414302
0 0.03351725921275617
0 0.04141753936390924
0 0.05956881279587645
0 0.011088155273333622
0 0.2461064415686388
0 0.011412658607639181
0 0.16560300071946388
0 0.07244574686500438
0 0.027441927445831515
0 0.042372264324954
0 0.00875818442648435
0 0.2110148307057247
0 0.02897666074801397
0 0.15322981432936833
0 0.0849659644294195
0 0.11404974047957972
0 0.017874214605933636
0 0.008453229254515637
0 0.04534565530065615
0 0.05423694515945443
0 0.02068302499157093
0 0.006322847921455765
0 a 5 0.1843420748070549
0 d 57 0.24157615739173566
0 e 86 0.01637846565507073
0 g 34 0.11807442170866078
0 j 84 0.0014569526912775466
0 l 48 0.08075619672433798
0 o 2 0.1404665932109712
0 p 68 0.08911418917072644
0 r 66 0.004760114129523596
0 y 44 0.04799199183844549
1 d 47 0.004228578131005967
1 e 32 0.023344338993838254
1 f 62 0.050890082516630186
1 g 112 0.17250196338846335
1 j 39 0.08881439215508469
1 l 24 0.06260399503740621
1 m 54 0.07274314331734266
1 p 15 0.45254247005819814
2 a 71 0.006554851704725584
2 c 73 0.12896449874612625
2 d 12 0.07687266058952902
2 f 59 0.04228170138155718
2 h 114 0.22002280663234652
2 i 110 0.09620440776888939
2 j 86 0.03413668974707662
2 l 12 0.005134964198268421
2 m 120 0.047679790019028556
2 t 82 0.04081279025861351
2 u 44 0.0852200200652542
2 v 101 0.05165179202680836
2 x 52 0.04856355334766704
2 y 61 0.06116417813100328
3 a 64 0.04607034751771033
3 b 93 0.08482627897643924
3 d 16 0.04812392416298317
3 f 117 0.02027143785133778
3 g 71 0.00529404781573406
3 k 104 0.1442716420883604
3 m 49 0.06985827312964676
3 o 34 0.04287945119289438
3 q 33 0.012475738039468665
3 s 113 0.09672050798273113
3 t 71 0.08389548307995098
3 u 42 0.12544365165967097
3 x 63 0.01958872913253118
3 y 20 0.05483490953401271
3 z 122 0.010551329318917335
4 a 52 0.05280193853800097
4 b 94 0.013707530076326524
4 c 110 0.039232024687025246
4 d 71 0.0349011263508201
4 e 49 0.04274016097065969
4 f 63 0.012557945230288525
4 g 35 0.016774990049274185
4 h 9 0.001055731504706059
4 i 1 0.009448355161859934
4 j 111 0.14484763657083788
4 k 60 0.07384624789314742
4 l 10 0.04911836159621863
4 m 41 0.000753871947323681
4 n 5 0.02699440481683002
4 o 34 0.025362774184748527
4 p 110 0.01091246282168612
4 q 19 0.010013314632588144
4 r 1 0.0065472122275583855
4 s 35 0.11450317610566274
4 t 56 0.005390149428102564
4 u 115 0.13685497921762435
4 v 10 0.010092078566347862
4 w 112 0.03146702575109128
4 x 66 0.01584784163792108
4 y 115 0.06797321058419281
4 z 115 0.03379717317271713
5 a 89 0.0006506015743256155
5 c 43 0.08882706451536948
5 d 96 0.010855163152447611
5 e 55 0.0566565758839328
5 f 87 0.0017402825095573782
5 g 109 0.03430918691219531
5 h 55 0.07032001997073012
5 i 27 0.13288059348254688
5 l 50 0.006355268184940033
5 n 29 0.04728412347194666
5 o 26 0.04674497573510372
5 p 107 0.14579835453933998
5 r 21 0.005296090605958148
5 s 115 0.13041573361258263
5 t 98 0.019466957447790922
5 u 27 0.12743184010410458
5 x 56 0.028114552958134365
5 z 63 0.03446070072825813
6 d 6 0.07091905220508676
6 e 15 0.014677849075928617
6 h 85 0.04580899799198834
6 i 1 0.09945724110211573
6 k 63 0.20906353005957645
6 l 64 0.04858170765530889
6 m 74 0.04257203392834974
6 r 125 0.09622699342163743
6 u 113 0.0076305196296820865
6 y 124 0.13493752236480616
6 z 113 0.03231072305391214
7 a 92 0.06028655554732798
7 b 108 0.0933387900056668
7 c 92 0.02489146352809002
7 d 52 0.013299224477737792
7 e 94 0.026491097331647562
7 f 32 0.01999543518401925
7 g 72 0.07170746566444341
7 h 117 0.042883149784762375
7 i 114 0.02808382705670187
7 j 114 0.052643643615915
7 k 8 0.03252378167055081
7 l 54 0.060399064865363616
7 m 121 0.015158125297502267
7 n 26 0.017204323575281566
7 o 1 0.07809380890418482
7 p 75 0.0009435088716126527
7 q 112 0.01322695591218237
7 r 97 0.013178866272737788
7 s 6 0.043018187703579236
7 t 4 0.08872444625987908
7 u 34 0.006880989092651224
7 v 24 0.024236293690738098
7 w 15 0.02142400389257315
7 x 17 0.03848663914855499
7 y 22 0.015995445715390577
7 z 30 0.07459952426759564
8 f 123 0.06016890204626657
8 j 41 0.13101118180665228
8 k 55 0.02615517249368071
8 l 53 0.0617907573362646
8 u 115 0.07170790334885391
8 v 11 0.09724345397426137
8 w 126 0.4724403583329235
10 a 102 0.12915842517271992
10 b 36 0.04206832429022189
10 h 41 0.0816113374112597
10 k 40 0.05679242764482739
10 l 50 0.05178755857684847
10 m 7 0.051814180199672544
10 n 64 0.1585000888310205
10 o 44 0.02152679313377681
10 p 113 0.022716742505354937
10 q 100 0.014384737398443481
10 u 24 0.07680604361474597
10 v 39 0.040945550776393835
10 x 93 0.0011761827724220408
10 y 122 0.1523592933486606
10 z 31 0.07009517052539216
11 a 94 0.012302827885434797
11 b 75 0.034959926304488964
11 c 97 0.04625365729340425
11 d 44 0.08001461421300837
11 e 66 0.0323404475795156
11 f 67 0.015312190323971797
11 g 82 0.0042336460467272685
11 h 34 0.025585861660441744
11 i 96 0.009433973968623
11 j 12 0.10834988576289739
11 k 62 0.0660022926651277
11 l 12 0.07974309613206643
11 m 75 0.022760723362806323
11 n 14 0.03481196992415392
11 o 118 6.255935949783797e-05
11 p 126 0.028746135250774296
11 q 49 0.016547563944163568
11 r 46 0.06925911424975839
11 s 10 0.06839519811885997
11 t 59 0.029811368387950954
11 u 3 0.005507460275726572
11 v 2 0.012545609109707478
11 w 98 0.02868712737150325
11 x 106 0.08966704386535762
11 y 72 0.021371380232841353
11 z 83 0.047228533528355654
12 b 108 0.022608513968179866
12 m 9 0.11594406849807137
12 p 40 0.05839826116847957
12 r 83 0.2111657822958407
12 s 112 0.21185872759659075
12 x 126 0.3367578515042984
13 b 85 0.07782078737359566
13 c 79 0.0457430738003507
13 d 121 0.031319264220432186
13 e 40 0.09679648477992764
13 f 20 0.00484032737651352
13 l 3 0.05560756110960552
13 n 26 0.017071998148942558
13 o 122 0.03067644692373639
13 p 107 0.02643010492950626
13 q 54 0.09708780796695315
13 r 91 0.008254349262078686
13 s 87 0.12280899085109831
13 t 15 0.14511279284259948
13 u 33 0.025244003277057336
13 v 94 0.009229036843802607
13 x 99 0.05681362247464994
13 z 113 0.047280321210254384
14 g 8 0.47560695925776275
14 t 60 0.00990279759658741
15 f 41 0.08515640620336706
15 g 102 0.024325223491724723
15 i 103 0.3059092603846699
15 l 80 0.03853331090038559
15 o 46 0.18784586399164083
15 r 13 0.14522753071574868
15 t 56 0.017924504630852156
15 u 22 0.06561039923257439
15 v 98 0.026980477307242845
15 w 52 0.027364741099769274
16 d 28 0.03936475999932365
16 f 86 0.016159418413058346
16 g 3 0.031513412280740116
16 i 0 0.003332866095072662
16 j 91 0.09502346699340236
16 k 22 0.006610495103938074
16 l 120 0.12211184906799988
16 m 94 0.001330986243052279
16 n 22 0.007822695309526728
16 o 89 0.14343444488912815
16 t 96 0.054660127088024923
16 u 31 0.11256971820859096
16 x 60 0.0557024382080098
16 y 54 0.15031819133575886
18 a 27 0.08392748826344021
18 c 70 0.008401650653699022
18 d 40 0.05187024542734242
18 e 95 0.03668946438335807
18 f 108 0.0014277015210448774
18 g 55 0.012933849895129357
18 h 121 0.04496211924430504
18 i 6 0.003791069312766626
18 j 6 0.047792583878700556
18 k 23 0.04224520668797682
18 l 79 0.070100517373761
18 m 93 0.04470767450709978
18 n 49 0.0022863223779783226
18 o 76 0.005159565165508417
18 q 21 0.005961252179312648
18 r 109 0.18311952127128361
18 s 76 0.012379940713051818
18 t 106 0.03713253666077532
18 u 27 0.13530864975230172
18 v 13 0.004842532991287785
18 w 113 0.023409626331259092
18 x 15 0.021767896658648866
18 y 17 0.029143458003018208
18 z 11 0.07702756456385651
19 a 23 0.014439813071011498
19 b 33 0.09506320961446835
19 d 7 0.0359598504758698
19 h 122 0.004728159772456886
19 j 26 0.016157945881050795
19 k 114 0.19494410639362547
19 o 123 0.03130157930025479
19 p 28 0.030420975089052393
19 q 48 0.18402879749871992
19 r 51 0.03756773466383445
19 s 37 0.02309311247966761
19 t 120 0.02055665725029754
19 w 33 0.00014772730013667967
19 x 126 0.18093790762549444
19 y 47 0.032603830395797395
20 p 92 0.6971566971068417
21 a 0 0.12102519081954877
21 b 110 0.2861868908994384
21 c 54 0.004961149123052455
21 e 31 0.013723177180534285
21 g 55 0.001434981178082495
21 i 39 0.060913356253189166
21 j 66 0.17162733613913528
21 k 75 0.007693003828874279
21 m 108 0.026226854471794292
21 n 82 0.03085887455300773
21 p 102 0.049868780048152206
21 q 96 0.0030638600116880133
21 r 68 0.03980109708874935
21 s 114 0.038119346988603864
21 u 22 0.018405582235766493
21 v 60 0.006745827715519126
21 w 25 0.007080740402075403
21 x 38 0.06855585681894216
21 z 91 0.01719417409508206
22 a 123 0.2751283515322033
22 k 91 0.1179706438693433
22 v 7 0.1966531871375239
23 a 105 0.14394807634210727
23 b 102 0.031535904098249246
23 c 100 0.05713280429146972
23 d 32 0.05840513736303832
23 e 124 0.008997783443770335
23 f 62 0.007828606883488076
23 g 124 0.026486692726919392
23 h 114 0.03150111382695109
23 i 46 0.0712497117734241
23 j 12 0.1176723115730397
23 k 23 0.16656401081921135
23 m 74 0.05563301357991801
23 q 17 0.011238489596405055
23 s 55 0.004048963148085671
23 u 116 0.0288499771916626
23 w 108 0.06935664970579403
23 x 27 0.08406118556844222
23 z 112 0.005927754304284383
24 a 105 0.13434334518732716
24 b 51 0.009939481556435315
24 d 70 0.07796772563548993
24 h 96 0.05575617730824223
24 i 40 0.08677302064088144
24 k 13 0.19754511675590214
24 o 31 0.00574684075829357
24 t 62 0.10315807203687044
24 u 106 0.16700790313900205
24 w 74 0.02349796477967958
24 x 77 0.09942210911686888
25 c 55 0.09622997479499407
25 d 118 0.011998954923127858
25 e 9 0.13884305209362824
25 f 75 0.04037592895751829
25 g 95 0.033860864059197526
25 j 79 0.012577840138052854
25 l 70 0.062319017826849565
25 m 125 0.112489243373187
25 o 32 0.05189991262706606
25 r 112 0.0412427609316135
25 s 116 0.0701358401753962
25 u 28 0.18146438838786427
25 v 9 0.042403282800351216
25 y 39 0.05380232839006094
25 z 23 0.04035513619224962
26 a 103 0.1026378886273086
26 b 119 0.025765855562837392
26 c 113 0.05070948921119933
26 e 67 0.04383668166379129
26 f 47 0.05411179074944983
26 g 80 0.040157772173381234
26 i 66 0.04814035353124779
26 j 9 0.02873922122516892
26 k 84 0.05956713783909395
26 n 31 0.02318486704240852
26 o 78 0.030458774201205685
26 p 66 0.0903548264273355
26 q 100 0.007200159778955606
26 r 43 0.07836918480755384
26 s 41 0.09407419404952999
26 t 74 0.017291844688143154
26 u 115 0.006642682519845566
26 v 9 0.07629010945664905
26 x 121 0.04252086873243133
26 y 64 0.02863418974397991
26 z 65 0.04534557722693733
27 a 27 0.007277378671557533
27 b 100 0.10025803077707207
27 c 61 0.03125594220715877
27 d 118 0.12143852570622082
27 f 50 0.0032203528742067444
27 h 63 0.1202295170828418
27 i 36 1.2836834222373916e-05
27 m 106 0.03243456949090151
27 n 112 0.031173440313005285
27 o 61 0.0032402567370152235
27 p 112 0.08700657331480843
27 q 10 0.07187965973444088
27 r 47 0.012731159045599072
27 s 35 0.03582871963049483
27 t 84 0.05643343944977919
27 u 20 0.024129476321718357
27 v 109 0.12071620603023547
27 w 1 0.0491672851593572
27 x 41 0.08450568398894298
27 y 110 0.002982736593666546
29 w 40 0.38605312456762564
29 z 64 0.4061738444894938
30 d 81 0.45132581073636835
30 m 90 0.09902338712845771
30 t 64 0.0032112053728113876
30 x 0 0.052150073760770965
31 e 22 0.04717325026788488
31 f 20 0.01845011979736577
31 g 31 0.035537140150317836
31 h 34 0.25027734333916785
31 j 0 0.24036270908924207
31 m 62 0.04619507295331071
31 n 111 0.002458901218584497
31 o 48 0.08349319521425991
31 q 40 0.005775762823487018
31 r 20 0.004855845898092737
31 t 37 0.05429425859159853
31 x 97 0.004131112131286252
31 y 118 0.03168776980840349
31 z 52 0.048179514791140465
32 d 28 0.0237460640518653
32 e 49 0.05562241698922055
32 j 115 0.14680511117307204
32 l 4 0.2089253476248889
32 o 8 0.015298509846772279
32 p 17 0.021869315501300224
32 q 1 0.0018477425346518084
32 s 39 0.017566754252081762
32 u 124 0.1186131701091252
32 w 108 0.25900541064409965
32 x 62 0.03227467170601339
32 y 118 0.005356789908462112
32 z 118 0.019631580397398096
33 o 67 0.5812202409015252
34 c 17 0.12201441523514922
34 f 91 0.16079405008423142
34 r 32 0.06501208723370233
34 u 101 0.3439047148507852
35 o 23 0.3612807279826752
36 a 45 0.011469045242686438
36 b 14 0.0675845836276191
36 c 118 0.01818975191486283
36 d 64 0.04435686524333693
36 f 93 0.041853240949763615
36 g 92 0.0295936829208997
36 h 74 0.017962495172250792
36 i 66 0.042170524445597546
36 j 59 0.28458008302465443
36 k 104 0.025332183612545633
36 l 40 0.029771005025471586
36 n 36 0.03823441453484844
36 o 77 0.03197486919855541
36 q 107 0.03236106547234385
36 r 44 0.08692753512682916
36 s 64 0.01012338185530448
36 t 78 0.006963550129675977
36 u 108 0.011315499468836698
36 v 35 0.01986241306457004
36 w 87 0.00826032992861414
36 x 28 0.04584647670801689
36 y 14 0.0711438289101628
36 z 100 0.008776912862179298
37 a 36 0.060812289746931536
37 d 111 0.05057060647225031
37 e 7 0.024057910367707547
37 f 57 0.15913609789975158
37 g 14 0.021910029178906054
37 h 50 0.24466200482695477
37 i 65 0.013535965707278663
37 k 16 0.00426290960752107
37 l 29 0.13895323663129466
37 m 70 0.07047068828839564
37 o 126 0.05043072150938066
37 p 30 0.020932408705307992
37 q 90 0.036629223864444116
37 s 86 0.004406996559579324
37 v 20 0.03477732689985513
37 w 126 0.017594196156993203
37 x 44 0.021328983440187854
37 z 94 0.024958501319421678
38 h 13 0.22417123529796923
38 j 122 0.05417348865360194
38 o 93 0.2774963537228379
38 p 58 0.15866403920178396
38 v 20 0.10175804946563116
38 w 4 0.14873271199632254
39 g 112 0.8579333976310608
39 n 107 0.010724845481985157
40 a 63 0.04474037646897144
40 b 93 0.14881901087193405
40 c 108 0.03496228265651613
40 d 90 0.04320116282678832
40 e 42 0.021274546275158013
40 f 31 0.020618860578708542
40 g 28 0.08216139293288038
40 h 25 0.04446032398936883
40 i 105 0.004366788073440486
40 k 16 0.003011222167219163
40 l 92 0.04898143288015544
40 m 102 0.007133181784085729
40 n 65 0.012670355253617815
40 o 108 0.010333809797982485
40 p 21 0.050465158617550854
40 q 87 0.009831662713953415
40 r 121 0.00042964160148695196
40 s 99 0.08518045197178059
40 t 60 0.015015662938925312
40 u 27 0.03911448545963969
40 v 10 0.1052586631780339
40 x 120 0.03422091560544993
40 y 99 0.03458428974266958
40 z 112 0.08384602535201091
41 a 34 0.3684000035378122
41 b 95 0.2215279261258133
41 j 39 0.0742604090582113
41 m 120 0.04261565014745661
41 r 68 0.021582605254377496
41 t 46 0.0501445644341425
41 u 57 0.08881598821593895
41 v 57 0.0773375521324482
41 y 103 0.0076346246032537035
42 d 32 0.03648284573161287
42 f 21 0.09309774531605863
42 j 78 0.030367304806896533
42 k 89 0.08148469834849259
42 n 15 0.10916732882868818
42 o 69 0.055385716145852526
42 q 86 0.0788051242031842
42 s 40 0.03330612386470533
42 t 26 0.16822086938740055
42 x 55 0.11617041315699705
42 y 78 0.02297785979493905
42 z 5 0.10705152793984896
43 d 88 0.29220169473502466
43 x 21 0.42013398472431984
43 z 36 0.24280794292336771
44 b 65 0.02070027707984423
44 c 85 0.012452013883148427
44 e 105 0.022134010937902127
44 f 7 0.011928384642817647
44 g 71 0.1305459845519663
44 h 87 0.03990070915453059
44 i 28 0.02537680132537301
44 j 60 0.04210966838999297
44 k 5 0.03214451686115305
44 l 89 0.003578944868764422
44 m 35 0.16267635323325347
44 n 60 0.02543030209001451
44 p 110 0.07578008422638438
44 q 107 0.02789700236166992
44 r 66 0.013246830861958436
44 u 24 0.0008745975230219916
44 v 59 0.0038454413147649413
44 w 15 0.07423997774800595
44 x 84 0.04574435688896761
44 y 117 0.017525213177577492
44 z 44 0.1885270095144559
45 a 0 0.007189507480011459
45 b 40 0.027426268602049997
45 c 91 0.09021970505054855
45 e 16 0.05842051109743829
45 h 74 0.04195874511222286
45 k 111 0.05384451908314991
45 l 22 0.053071839212393224
45 n 57 0.008955246521613391
45 o 18 0.05900304063946149
45 p 47 0.008314774156068627
45 q 123 0.006122015493459809
45 s 111 0.012888318367203278
45 t 68 0.029114785224881534
45 u 80 0.003631028401173353
45 v 21 0.2802371422234953
45 w 111 0.0882508072349536
45 y 4 0.10055448271041556
46 e 105 0.07493981453075216
46 h 87 0.12487261179884712
46 j 18 0.19821674080212592
46 m 106 0.10427206353111262
46 r 33 0.001112126424401394
46 t 9 0.07782700898795047
46 v 92 0.3749972737723074
46 x 79 0.005758771991403289
47 a 57 0.03794660508838099
47 b 45 0.039635097376155004
47 c 65 0.007308888902403998
47 d 62 0.053316163011180584
47 e 6 0.006561299989101932
47 f 69 0.041955255631599075
47 g 98 0.010439971792490788
47 h 21 0.007015008936188893
47 i 73 0.010227220695167238
47 j 113 0.010465475933865154
47 k 119 0.0883646938031809
47 l 16 0.1275555061311734
47 m 104 0.0194945282198834
47 n 123 0.02239665140516467
47 o 69 0.08914389663442346
47 p 53 0.030336964974519764
47 q 29 0.08842822346941592
47 r 69 0.10625274015439401
47 s 11 0.00809438279271768
47 t 123 0.010612115178772807
47 u 122 0.012599384802694291
47 v 41 0.003755860387731902
47 w 7 0.017129869964991662
47 x 79 0.03536478776465912
47 y 118 0.014853347923326043
47 z 1 0.01628489515186793
48 a 37 0.0026652167968267415
48 c 75 0.037165926288244555
48 d 96 0.06082669113805861
48 g 118 0.17751802508651338
48 h 121 0.007427020306455812
48 k 44 0.029527327775244694
48 l 57 0.12437531298779236
48 m 76 0.004855795197642232
48 p 95 0.19684562300556607
48 q 44 0.0777828623589738
48 r 42 0.01870575890591064
48 s 13 0.07938333849518542
48 v 84 0.06705167025703529
48 x 82 0.0022956819337329737
48 y 36 0.008917329515642725
48 z 75 0.09979222340854099
49 b 101 0.13844482758458876
49 d 94 0.044287603862800506
49 h 124 0.15207411172894814
49 s 77 0.22916941003468683
49 t 10 0.11047851027515287
49 x 35 0.039923542703813486
49 z 124 0.2559153017589034
50 a 63 0.0028500350304558886
50 b 107 0.03418495453811865
50 c 55 0.028895088120781787
50 d 27 0.04676725231526069
50 e 83 0.002900480885631107
50 f 69 0.047727901396296124
50 g 29 0.019794016285066496
50 h 45 0.006125835533332125
50 i 114 0.02063913503244985
50 j 29 0.058437839054808594
50 k 80 0.05528755455007195
50 l 123 0.07095625635621217
50 m 92 0.10590034545141258
50 n 86 0.013061394123795478
50 o 31 0.10754734224052864
50 p 11 0.042676244595702184
50 q 56 0.06705788315590411
50 r 73 0.014034759592962187
50 s 74 0.02676593165042329
50 u 71 0.016205769627357647
50 v 105 0.005767359226864555
50 w 107 0.06023999216230791
50 x 116 0.04832004000790879
50 y 87 9.280150059909342e-05
50 z 59 0.09150982025011611
51 a 88 0.04703532482721995
51 b 68 0.013679298978623189
51 c 69 0.05383436084948967
51 e 55 0.033995565935945105
51 f 47 0.09300056599043827
51 g 96 0.020654425512908303
51 h 68 0.007121468278071252
51 i 53 0.10969563780082592
51 j 121 0.009677726758318128
51 l 14 0.14532331532589393
51 m 91 0.05134786098828281
51 n 51 0.02149492971789624
51 o 102 0.020072543505615603
51 r 113 0.053803016854474306
51 t 93 0.012510138828899509
51 u 53 0.0365149900190318
51 v 65 0.03400488288480252
51 w 112 0.01896175233315678
51 x 20 0.006286079181864301
51 y 126 0.0589051880566277
51 z 5 0.03510923372397068
52 a 92 0.21163683327610483
52 c 25 0.005826662221174561
52 e 53 0.011009174372735853
52 h 37 0.03907670230892879
52 i 126 0.09092169700232089
52 k 93 0.008311981306186933
52 l 45 0.0926462072909855
52 n 78 0.0672582887683959
52 o 65 0.06815281784263483
52 p 40 0.1443281928989386
52 t 92 0.0121173609510693
52 u 84 0.05911636353182825
52 v 98 0.04979497550729606
52 x 33 0.03762527575157304
52 z 15 0.01879367129129339
53 b 111 0.10427813426211607
53 c 116 0.0568749732826721
53 d 21 0.004666325759572931
53 g 22 0.11762048279008297
53 i 113 0.07436252818239997
53 j 28 0.07933746317022006
53 k 54 0.0497368419681814
53 m 110 0.08838872154987276
53 o 22 0.00804482673221052
53 p 114 0.06908015134819656
53 s 87 0.09237660647611745
53 t 97 0.04843938700525241
53 u 9 0.010485835538801003
53 v 110 0.1298376465920762
54 a 32 0.046057423806765474
54 b 48 0.06821999556811387
54 c 122 0.022886309146458284
54 d 94 0.004844633404626486
54 e 3 0.021736073288180946
54 f 103 0.01269437379979177
54 h 1 0.04718342536411246
54 i 83 0.0013450394668925725
54 j 126 0.025471523694908238
54 k 79 0.10488336521877728
54 l 74 0.002331932783169899
54 m 39 0.10742737582754724
54 n 70 0.05909681603671235
54 p 2 0.039927278719699366
54 q 36 0.0006740302039248691
54 s 40 0.005605801001762778
54 t 44 0.03570010456868544
54 u 57 0.12655542674437337
54 v 16 0.0183240945271661
54 w 74 0.037867237012775834
54 x 22 0.006109700804028506
54 y 83 0.06949312769134686
54 z 15 0.08617313463529819
55 a 85 0.15965691899778345
55 b 122 0.03344950590029494
55 c 53 0.0052893205609628735
55 d 56 0.016409353422398687
55 e 55 0.029724137094175762
55 f 94 0.0036772468733310415
55 g 18 0.024198042723760804
55 i 121 0.08998333372995782
55 j 97 0.014143285114914583
55 k 101 0.061054673537259574
55 l 59 0.01827528654272481
55 m 39 0.054509525923159385
55 o 92 0.021867826539072488
55 p 53 0.013476849384184586
55 q 73 0.13516955520873897
55 r 82 0.030306734153064507
55 t 9 0.005264769766199051
55 u 68 0.005905368981797943
55 v 64 0.048994095122794734
55 w 93 0.07117378506938032
55 x 45 0.05509589474113996
56 b 98 0.17609833271905295
56 c 62 0.04077578305136298
56 d 78 0.1967783845367781
56 e 119 0.006648008534018701
56 g 111 0.03196830535488915
56 j 68 0.005367330546728333
56 k 47 0.00892403330276148
56 n 69 0.009840183257708301
56 s 19 0.23343836074809576
56 t 116 0.14160974112490132
56 u 63 0.05878193717879843
56 v 3 0.004490198124635025
56 w 78 0.08151823842953598
57 a 53 0.07066106223950941
57 c 107 0.1276854111121538
57 e 116 0.1277165241219932
57 g 6 0.02120134796799078
57 h 42 0.03375001248721299
57 i 78 0.07755878992669518
57 j 72 0.050819394266452655
57 o 12 0.13685131738331635
57 p 59 0.1119145756836164
57 q 98 0.09991116709256886
57 r 79 0.03593681074397326
57 u 18 0.06986286699108712
57 w 108 0.031945183317460546
58 a 82 0.061548275393215834
58 b 92 0.05367719649754499
58 c 79 0.016658895931040973
58 e 62 0.03140252007633337
58 f 98 0.0762886094028905
58 g 96 0.025389559608526513
58 h 60 0.0971387540603661
58 i 103 0.17023033508893348
58 j 18 0.01933087717128512
58 k 84 0.00901240254793323
58 m 62 0.04897329960762764
58 n 51 0.10396749594891785
58 p 86 0.117113039647191
58 q 86 0.028245194488036418
58 t 18 0.07173047236900154
58 y 118 0.057351318889199754
59 a 88 0.06031350700366622
59 c 81 0.05746750652038313
59 d 28 0.046884012186435786
59 e 119 0.02338318552286134
59 f 122 0.15434073213084776
59 h 58 0.012265218593827232
59 i 15 0.004171326788338425
59 j 38 0.08363329425985533
59 k 42 0.04151974122283153
59 l 97 0.012836379453220692
59 m 48 0.03736027249276419
59 n 42 0.02992048840528594
59 o 79 0.2135769098086232
59 p 115 0.04090009379281634
59 q 46 0.0009339894534685644
59 r 64 0.002521098913665143
59 s 44 0.01630948606441851
59 t 12 0.03376076670787509
59 u 19 0.01379922535461875
59 v 120 0.06034821269987012
59 w 54 0.002698757692633169
59 x 11 0.017278900496443428
59 y 40 0.015572562231217613
59 z 109 0.0020142951102049
60 d 124 0.04519477809176953
60 k 44 0.05712267550219652
60 l 18 0.12278368705699416
60 n 36 0.10568964494539335
60 p 27 0.12007520217886825
60 q 50 0.26334778798615643
60 r 56 0.032685041202254905
60 u 75 0.022022490666309347
60 v 20 0.15104186743262593
61 g 102 0.3274145296497525
61 h 57 0.29342130851195647
61 s 82 0.07441125892014222
61 z 43 0.14708092742409973
62 f 98 0.026854439607727043
62 j 61 0.037936339421271725
62 l 23 0.19938363072285692
62 r 2 0.43107905517626355
62 s 26 0.03758216970535755
62 u 83 0.029981799699397405
62 x 107 0.17003895385378553
62 z 69 0.009068360732840341
63 a 4 0.09841400938848455
63 b 77 0.04645898343868515
63 c 109 0.012021203049559226
63 d 58 0.04095593488804827
63 e 59 0.04052974688538913
63 h 72 0.06653328097615496
63 i 44 0.00920303168215919
63 j 22 0.011568713746730297
63 k 80 0.03690664447547565
63 l 111 0.0407053635000445
63 o 89 0.16989274088931683
63 q 20 0.12453381618111048
63 t 11 0.07586636557474624
63 u 121 0.039722765550102346
63 v 31 0.0024168638763470973
63 x 15 0.10812648407550907
64 a 109 0.1177895635941214
64 b 115 0.02585558912869501
64 c 40 0.006474157049212059
64 d 73 0.08050086581652538
64 e 67 0.08921469515406666
64 f 9 0.03887899691422525
64 h 54 0.05377534969341147
64 i 103 0.007759330628516747
64 j 35 0.008681482905729787
64 l 69 0.020486457836422556
64 m 47 0.03199533347482064
64 n 76 0.1054133666803243
64 o 47 0.130687852415577
64 p 95 0.09251383032544203
64 r 41 0.03461807706874043
64 s 39 0.028890705341965583
64 t 8 0.014099159839115916
64 v 17 0.040773760869560194
64 w 48 0.0008992601408995826
64 x 87 0.012235443916763455
64 y 52 0.033629032021894045
64 z 3 0.01104350055674752
65 d 76 0.03512809109645443
65 e 123 0.0683549094219057
65 f 84 0.05038151038249383
65 g 76 0.059761009399682985
65 i 113 0.06875658822640518
65 j 113 0.007132233713060265
65 o 34 0.026719954191035344
65 q 81 0.04318856082442124
65 r 0 0.1037824998651119
65 s 105 0.2366470167469652
65 t 75 0.013782441230498765
65 v 27 0.0057532374883587645
65 w 57 0.02251447634029824
65 x 90 0.08888826271469352
65 y 74 0.1619184565317281
66 a 114 0.057140131228498814
66 e 6 0.00617633815672558
66 g 97 0.10734010069259636
66 l 59 0.06100668084737537
66 m 27 0.0416941247869691
66 p 39 0.2190847284941485
66 q 117 0.08906417711998571
66 s 40 0.058713196877899554
66 t 2 0.17825684951851506
66 u 66 0.040622317817308184
66 v 124 0.0004379074061413579
66 w 13 0.06665817212437775
66 z 19 0.045007728020813764
67 b 47 0.2451903946271775
67 c 80 0.04065264071355701
67 d 93 0.05436622089058185
67 h 63 0.08150055072589335
67 l 114 0.0590754898535637
67 m 31 0.10517921259223939
67 p 77 0.19754432449916803
67 q 22 0.03284907064453946
67 z 44 0.14430848516030692
68 l 125 0.08697796012362469
68 n 42 0.3250328247007638
68 p 61 0.405057059122216
68 v 79 0.09130257940756326
68 y 97 0.08420207521014766
69 s 93 0.12821704963118397
69 t 4 0.19345420926444612
69 z 120 0.650227811648488
70 h 88 0.24209243085089682
70 m 91 0.18645336337073004
71 a 116 0.007157277194026923
71 c 95 0.006409442987055369
71 d 1 0.007173220536258351
71 e 85 0.04409674827919785
71 f 102 0.09311421485360394
71 g 125 0.16858401397987843
71 h 100 0.06355917161467706
71 i 18 0.06508684761645478
71 j 37 0.0193180105807792
71 k 2 0.005809100390300803
71 m 107 0.004217189482031203
71 n 34 0.04783541077595077
71 o 91 0.018976596758117137
71 p 23 0.0020245886106960986
71 q 120 0.08526666959610552
71 r 22 0.00645870595722009
71 s 105 0.0036376570181478884
71 t 42 0.041903387667449055
71 u 105 0.04994553111526934
71 v 15 0.08838118179784304
71 w 3 0.03711148155337307
71 y 110 0.0501418891110732
71 z 94 0.06096457694854995
72 a 0 0.23009183715585824
72 b 89 0.013065603064681075
72 c 34 0.022021516579705747
72 d 4 0.04419357018504322
72 e 110 0.0087118294753874
72 f 31 0.010358920094219348
72 g 47 0.008419642501342084
72 h 26 0.09008247319741702
72 j 42 0.0041114827435128065
72 l 6 0.03746682168580728
72 n 96 0.0928741473528708
72 o 40 0.004613234192964999
72 p 120 0.07538327991990879
72 q 30 0.023083562891823894
72 r 54 0.016190267949395487
72 s 79 0.12754273474662658
72 t 92 0.053729685141708616
72 u 113 0.018425337401098085
72 v 122 0.009122340597354728
72 w 10 0.001879449384279419
72 x 120 0.04419592562379393
72 y 11 0.008332217153357857
72 z 25 0.052097356787205173
73 c 78 0.15326014253056075
73 d 109 0.22458284182084365
73 m 62 0.10718632253384541
73 p 104 0.10275614547530265
73 q 45 0.1489283619592634
73 r 98 0.25873170814421276
74 b 32 0.21053084772961772
74 d 26 0.038190292470852816
74 j 43 0.3747387373244143
74 n 100 0.10747197769689187
74 q 103 0.23430884382301254
75 a 92 0.10310141182958299
75 c 38 0.028364283573861337
75 d 106 0.13364458743081187
75 e 41 0.047077279607405265
75 i 59 0.1310301669798577
75 l 51 0.08335805996416168
75 n 70 0.09450347701601591
75 p 23 0.03854845731987666
75 u 47 0.07074263644532541
75 y 124 0.24200517506477248
76 a 36 0.013532551916475288
76 b 45 0.1962709310437717
76 c 61 0.07287324622205238
76 k 86 0.050751570912737076
76 m 24 0.04987671127837601
76 n 94 0.0036690503173099076
76 o 14 0.20147781451772473
76 p 102 0.09685416854820095
76 r 39 0.07644801375653387
76 s 119 0.016966398301996866
76 t 46 0.04952479350892858
76 u 126 0.0063163382170847715
76 z 57 0.08188827213721261
77 a 108 0.07759460720273093
77 b 0 0.09135384848344563
77 e 100 0.13916384721892638
77 i 59 0.02688659912980007
77 j 45 0.17451563179238438
77 p 72 0.20999197663282498
77 r 111 0.19847120913519267
77 w 13 0.016266933895445868
77 y 115 0.024863990812642678
78 a 29 0.01725278067571001
78 b 30 0.004983611409215327
78 c 24 0.0957535752597275
78 e 0 0.03995227007428248
78 f 124 0.07319297529693336
78 g 29 0.036565336279103966
78 i 74 0.05150759609060884
78 l 26 0.04752236513085495
78 m 8 0.03461872010723399
78 n 114 0.026517970610239527
78 o 6 0.131740806598328
78 r 49 0.019959623801218407
78 s 73 0.037747597975497094
78 u 56 0.2046731755734269
78 v 121 0.0014701652654819375
78 w 77 0.028139164293354946
78 x 111 0.038711638528983405
78 y 101 0.02180019687689705
78 z 82 0.06730550260206991
79 o 54 0.6909775427630344
79 t 52 0.03029013895264565
80 a 69 0.012048687942690317
80 b 30 0.09711449888649182
80 c 20 0.06985999279632038
80 e 84 0.01941336886041012
80 f 87 0.06312070054865548
80 g 47 0.03738299484305141
80 h 69 0.07716478921618353
80 i 41 0.04846417447451923
80 j 126 0.03340145828810004
80 k 37 0.00734073246220357
80 l 28 0.008706702251133236
80 m 33 0.01557102852866854
80 n 111 0.03858668482655392
80 q 20 0.07004513524949263
80 r 1 0.03963773694771178
80 s 112 0.023023145398056055
80 t 119 0.03746184159293564
80 u 44 0.00531703435260289
80 v 111 0.05148702117458903
80 w 92 0.08355151524467619
80 x 82 0.044796118611532654
80 z 22 0.09050040905154855
81 a 93 0.06868666941733481
81 b 47 0.011476732078045115
81 d 89 0.07130788749945471
81 e 112 0.1098057508440714
81 f 48 0.007046245739571577
81 g 28 0.010434790431360863
81 h 114 0.05693889578083888
81 i 53 0.01335183532566242
81 j 99 0.06025187824179157
81 k 0 0.0756089605654302
81 l 9 0.025393981203059135
81 m 110 0.10657812864772809
81 n 93 0.018440954511401597
81 o 11 0.01017862500441813
81 p 66 0.005176051770004353
81 r 71 0.01753749563800222
81 s 110 0.02729816363757287
81 t 111 0.016055242312681517
81 v 64 0.017434413521227654
81 w 117 0.059487748469579604
81 x 120 0.02645318922388784
81 y 107 0.0263349819282368
81 z 66 0.004161167462396476
82 a 82 0.07399764940798625
82 b 100 0.04458292071381287
82 c 30 0.07295921337192979
82 d 109 0.018697520053569727
82 e 20 0.017919682166545936
82 k 113 0.03921359417297887
82 l 13 0.04894187109959247
82 m 125 0.03231440425482124
82 o 66 0.08400252281998233
82 p 41 0.053119756985837374
82 q 54 0.09842568936105112
82 r 90 0.042706093314464955
82 s 87 0.09769881960079396
82 t 114 0.0958078486698003
82 u 110 0.0012617629227460458
82 w 84 0.044573113279157583
82 x 18 0.0017588045455738666
82 y 32 0.04160776042016556
82 z 4 0.04549664670465936
83 b 83 0.06050244602818855
83 d 22 0.021787623931491695
83 e 103 0.04239554285023506
83 f 62 0.013835608016613654
83 g 89 0.018876730789767593
83 h 47 0.0705772701156302
83 i 20 0.05574863148348863
83 j 79 0.06012164137784182
83 k 16 0.009101284111055152
83 l 56 0.044967718616506724
83 m 29 0.002561802142591052
83 n 80 0.011264012463171436
83 o 61 0.013971676078884054
83 p 124 0.10216750587291923
83 q 68 0.062404971994957315
83 r 10 0.013168357776397355
83 s 16 0.007268959301952815
83 t 80 0.01041151908633453
83 u 118 0.0650317440638527
83 v 43 0.12992164489427405
83 x 39 0.01141622506570139
83 y 42 0.04548552895994229
84 a 41 0.02307644774181583
84 l 112 0.16405000696990468
84 m 60 0.20690684313393715
84 o 55 0.017839282679156798
84 p 25 0.5800166838982826
85 e 39 0.20328492922959007
85 g 84 0.08882193795873006
85 h 123 0.1161814985599886
85 k 82 0.010254782492372216
85 m 55 0.07744306785068455
85 n 57 0.04837441258605091
85 r 53 0.06571743476135294
85 s 92 9.044688627546371e-05
85 v 93 0.02034917199381392
85 w 91 0.16770988931755948
85 x 31 0.047122553094525954
85 z 75 0.014984421039451967
86 a 14 0.13644411798219513
86 e 62 0.024129620518555828
86 g 124 0.04740852072598711
86 h 50 0.15659814797097205
86 k 47 0.0349846707581033
86 m 16 0.042966177287960705
86 p 113 0.042143127217446064
86 s 44 0.12077530725919916
86 u 59 0.2932378408182137
86 y 115 0.04953044683712815
86 z 55 0.03739277233388605
87 a 64 0.01584755953859629
87 c 55 0.08825075571362118
87 d 33 0.08027397156618543
87 e 119 0.012405513892432274
87 g 111 0.006087348603010856
87 h 23 0.014844606714378927
87 i 11 0.0585560364330584
87 j 25 0.15295355171356328
87 l 89 0.053839995288442744
87 n 85 0.035115227402912175
87 r 48 0.056905020617216584
87 t 96 0.013008206451976534
87 u 74 0.25506091464349046
87 x 116 0.04733839688320485
87 y 79 0.06918299164133046
88 g 74 0.11919127594680068
88 n 49 0.14706719063439677
88 o 110 0.01700742203053518
88 u 81 0.4938211926550534
89 a 59 0.030312948087942604
89 c 59 0.059559356101579475
89 d 99 0.011054734942750999
89 e 49 0.015261757024046307
89 f 51 0.05880716593396362
89 g 95 0.02630647307877132
89 h 90 0.10404449677095351
89 i 87 0.04522185731286277
89 k 19 0.04961266760635308
89 l 106 0.037632549414781336
89 m 47 0.032001631370175754
89 n 87 0.020112479184686505
89 p 64 0.05535337872168977
89 q 41 0.07719283217454564
89 r 22 0.020950041848700418
89 s 74 0.09966276059561596
89 t 68 0.1261057117995812
89 u 29 0.04884416466210184
89 v 86 0.01586289186233769
89 w 23 0.011004032883806913
89 x 105 0.005550195508101208
89 y 12 0.006782358475636241
89 z 117 0.0356906204001437
90 j 10 0.07971760879071477
90 m 113 0.039388318098770414
90 p 65 0.2109805719257598
90 s 31 0.015034738983881413
90 y 3 0.33610174788290936
91 a 36 0.06528034106640102
91 b 23 0.08999898617175395
91 d 29 0.05733013921217933
91 g 43 0.03107761781811158
91 j 76 0.023578322723691758
91 k 13 0.389251968507382
91 l 11 0.035537877869756596
91 m 100 0.07743013937522558
91 n 53 0.18935950675072144
91 p 29 0.01511030472459185
91 s 116 0.0007070022964469347
91 w 84 0.010322603741671377
91 z 32 0.0033265012247866155
92 a 85 0.03576671501549489
92 b 90 0.22909734087261568
92 c 14 2.322272667054648e-06
92 f 98 0.023943483583046987
92 h 79 0.07390635227935138
92 l 0 0.01595391776123356
92 n 106 0.2577825117273336
92 p 56 0.030147549964629206
92 r 64 0.16636559486938096
92 s 72 0.001304149524282927
92 u 87 0.024176508726292845
92 x 38 0.02666449481925881
93 l 95 0.22740369142371353
93 s 67 0.7367156775623122
94 f 20 0.1375507801192617
94 g 34 0.04630196085550742
94 h 37 0.1250876827856916
94 q 30 0.1924843892954008
94 r 72 0.31538382731491155
94 s 39 0.04047461158355925
94 v 122 0.006994441517843342
94 x 38 0.01086434378245793
94 z 10 0.09934244594557584
95 d 61 0.21660793784915322
95 l 49 0.5294420938030623
95 m 73 0.14280428811047108
95 t 54 0.05324189718753791
96 a 121 0.0007646051214986738
96 b 100 0.01449528334559369
96 c 25 0.13235865659096013
96 d 95 0.04927315689711442
96 e 11 0.0026527153147765103
96 f 76 0.07415625000007542
96 g 43 0.010608140170061287
96 h 25 0.007219757383077341
96 i 86 0.030725048131168164
96 j 90 0.0746957386817294
96 k 85 0.04254582126217854
96 m 7 0.05411421394565985
96 n 89 0.02975368184901317
96 o 49 0.044719803959599735
96 r 2 0.028710597701455676
96 s 56 0.005345312792630952
96 t 32 0.012137600434624973
96 u 26 0.053438560236121146
96 w 114 0.008644786848072794
96 x 72 0.12082371369550149
96 y 122 0.15938405935864774
96 z 101 0.02149612886212038
97 r 40 0.25544722900801553
97 x 17 0.1236460494912921
98 a 12 0.16440151134705105
98 d 71 0.045631472649735993
98 e 93 0.10077458594545319
98 f 7 0.009254395173480479
98 g 112 0.12540841331306218
98 h 112 0.14232074401508898
98 i 7 0.12100877663250309
98 l 36 0.1420465472402459
98 o 108 0.08190149359484256
98 s 113 0.0078849333224007
98 u 82 0.03151986181717836
98 y 74 0.021210877342315415
99 a 125 0.0062240840139801135
99 d 46 0.013991995731549967
99 e 66 0.11502124062215369
99 f 90 0.01108117274328091
99 g 21 0.11760323149338059
99 h 50 0.12219734455508535
99 i 9 0.0018440252114934053
99 j 23 0.02475075316372033
99 k 62 0.08256731529851968
99 l 87 0.019146972628734993
99 m 117 0.034308304615117025
99 n 79 0.03512643673063409
99 p 72 0.02047213479532306
99 q 101 0.01729819071953298
99 r 56 0.02944583900066222
99 s 97 0.026197495888841904
99 u 4 0.04343306457966323
99 w 25 0.1344470305693246
99 x 117 0.005240302213459058
100 a 9 0.13955321833734113
100 e 4 0.20402393527675422
100 k 6 0.362504208193586
100 p 86 0.18105645962155725
101 a 104 0.007388592068284794
101 b 31 0.05699623172370705
101 c 61 0.00021550022596328322
101 d 17 0.051836974798141644
101 e 74 0.07049684048304472
101 f 44 0.007037047389977014
101 g 86 0.00593324285323793
101 h 45 0.11384215565758704
101 i 105 0.17984503253600137
101 j 29 0.004291743995321617
101 k 3 0.0530495771390177
101 l 19 0.006787758972168101
101 m 110 0.03841341925409614
101 n 91 0.0014745613856440576
101 o 45 0.006779739996068845
101 p 112 0.06027781922628617
101 q 119 0.021160015352760797
101 r 120 3.588797361153695e-05
101 s 114 0.021697265904339624
101 t 26 0.014838525832597371
101 u 104 0.014283636497474661
101 v 36 0.05735870115315078
101 w 87 0.08556165880304123
101 x 65 0.013976850101908855
101 y 76 0.03680761853385883
101 z 68 0.03533087473833363
102 a 29 0.004856984977791967
102 b 88 0.07138743239522416
102 d 77 0.004190947698037073
102 f 56 0.011520786552736362
102 g 28 0.004028433142461041
102 i 10 0.050791267778335314
102 j 115 0.0065646675545049105
102 k 48 0.049792282310804015
102 l 119 0.05248389799136399
102 m 69 0.05814706276637305
102 n 10 0.05363321596959236
102 p 17 0.034766477039821275
102 r 48 0.011506058858615664
102 s 76 0.20520184281638576
102 t 122 0.03134159611087883
102 u 9 0.012748869470088242
102 v 12 0.09182290515376534
102 x 123 0.07327882402765828
102 y 49 0.006313099572868852
102 z 121 0.11473590130200939
103 e 12 0.435368775748495
103 i 60 0.296803614785188
103 z 32 0.00993098483241317
104 a 84 0.08187428813226072
104 b 31 0.01330500514408195
104 c 27 0.0774571951062788
104 d 57 0.02085888529149227
104 e 81 0.03462238123297212
104 f 39 0.047907799816165664
104 h 9 0.04648963181418997
104 i 12 0.013084079079749067
104 j 39 0.053922070448101156
104 k 20 0.02493683228284349
104 l 27 0.08745965117692023
104 n 16 0.08511733315256365
104 o 98 0.02890826860383544
104 p 54 0.07660207004800879
104 s 111 0.10182635005697505
104 t 77 0.01177698843459929
104 u 14 0.013200716848031813
104 w 102 0.05559019006749466
104 z 79 0.11176477136602159
105 a 17 0.021419812966704477
105 b 43 0.14841720616537757
105 d 34 0.08917699165426107
105 e 112 0.05077899997750912
105 f 110 0.04339322683344915
105 g 82 0.006570551415518877
105 i 115 0.15667403259562973
105 j 98 0.04117141402849045
105 l 122 0.24468714656303114
105 q 11 0.13849791492256924
105 u 35 0.003070137766673975
105 v 118 0.019453140228849697
105 x 22 0.0031721656691793276
106 s 63 0.9585824606360908
107 a 104 0.0008629606628968167
107 b 35 0.0051646245834273685
107 c 96 0.028498321828884676
107 d 96 0.07751953037082504
107 e 118 0.009320323259049856
107 f 99 0.03824748895220553
107 g 72 0.15467561442742217
107 h 118 0.0037350804484395095
107 i 62 0.0665986952094777
107 j 96 0.0009467465695451871
107 k 67 0.0010461355219639756
107 l 73 0.003872667678771813
107 m 109 0.021946793693473632
107 n 55 0.07415354602033719
107 p 121 0.003869015870925474
107 q 74 0.05045998247794459
107 r 33 0.06693710084398974
107 s 39 0.09729795595341295
107 t 85 0.005165393910708582
107 u 108 0.005059930015884007
107 v 2 0.1232272504301245
107 w 18 0.06997605779878291
107 x 73 0.01955870859601727
107 y 94 0.012291262079613063
108 a 54 0.19941319883945519
108 b 56 0.02548834026452962
108 d 23 0.06160314786648047
108 f 52 0.0513682291649048
108 h 25 0.043283247716757844
108 i 61 0.011849385986006378
108 j 102 0.006797057667697781
108 k 114 0.0041836404910350344
108 m 40 0.06935345144386618
108 s 60 0.23829018875533192
108 v 97 0.27728195653060117
109 b 38 0.03790644677282007
109 h 15 0.010720623734230328
109 j 53 0.010989097329107689
109 o 15 0.05492480594589699
109 p 55 0.0717938451880955
109 q 69 0.06558489580800375
109 s 105 0.158367995056806
109 u 96 0.10183139685649889
109 v 10 0.1062685172183222
109 w 94 0.13441634697425675
109 z 10 0.0010895875473230232
110 a 72 0.08284899550420588
110 b 47 0.05675181846455102
110 c 30 0.03548479155039608
110 d 77 0.01120940858421915
110 e 9 0.14704506853228683
110 f 82 0.016591658954035138
110 g 2 0.02365464495488867
110 h 40 0.0668301262997042
110 i 41 0.02910921581038517
110 k 3 0.0030000708645147034
110 l 87 0.06040212716543503
110 n 123 0.18385874302030725
110 o 44 0.024647920950559676
110 p 112 0.03623943147727804
110 r 108 0.01173489333598654
110 s 26 0.11604786811703927
110 t 123 0.07688714675109354
110 u 12 0.006243411055474657
111 a 48 0.7334644755804426
111 m 53 0.10093252370009353
112 a 25 0.0834406046148568
112 b 25 0.02321185933519665
112 d 92 0.040366705564272465
112 f 58 0.022503587975492456
112 g 104 0.041456653432639934
112 h 57 0.0012012397400824604
112 i 73 0.018354983675367142
112 k 39 0.03625889004978755
112 n 95 0.01555789775271299
112 o 117 0.0358235747306519
112 p 40 0.013489093363519
112 q 95 0.11791156152175175
112 r 97 0.1185523347016344
112 t 93 0.1818972283317949
112 v 91 0.11876966744946715
112 w 112 0.04360172673363294
112 x 83 0.015156644162135136
113 a 83 0.08698477755288336
113 b 48 0.0008845559110755019
113 c 77 0.058025271950730706
113 d 53 0.022327899055526457
113 e 80 0.0479242680441303
113 g 27 0.05534402973491215
113 h 3 0.0871496544526984
113 i 119 0.08259313736990737
113 j 103 0.08745047053581245
113 k 114 0.0383981533285892
113 l 76 0.026101262355073596
113 m 33 0.05618030277260233
113 n 54 0.017044969506229912
113 o 119 0.00662496562378645
113 p 49 0.016177855921819195
113 q 121 0.004834217328919532
113 r 124 0.032803208078279744
113 s 43 0.06093893885801871
113 t 123 0.02284613015586201
113 u 21 0.030630102694072403
113 v 77 0.022412507284021332
113 w 8 0.004992005771180752
113 x 87 0.07472373389099574
113 y 77 0.028614157189997824
113 z 103 0.0005514971870430596
114 b 69 0.008448096801258576
114 c 37 0.09699747848399087
114 d 88 0.09574354792039441
114 g 19 0.08660833603355411
114 j 111 0.1652601969603007
114 k 57 0.2239735030689053
114 o 104 0.08150275961428655
114 p 36 0.024252840741356363
114 q 28 0.009392785673553838
114 v 56 0.026209431621771473
114 w 99 0.013144125947127883
114 x 5 0.09687599492726628
114 z 43 0.029218637881279652
115 b 55 0.08722216546890449
115 c 64 0.04763458187986236
115 e 45 0.05730760651427169
115 f 73 0.002287973369265006
115 g 28 0.011888672038494086
115 h 54 0.0068581576553435886
115 j 34 0.010607796036204653
115 m 64 0.0992277256215921
115 n 50 0.05770172624104164
115 o 64 0.16918643667482447
115 p 75 0.07425050805313238
115 q 76 0.007551933221890628
115 r 2 0.0005161789548527862
115 s 66 0.1271769389809556
115 u 28 0.08125768828892177
115 v 112 0.002086517078590755
115 w 98 0.06616574226086525
115 y 113 0.0025136415148180324
115 z 46 0.07979982571968436
116 a 59 0.05518157448738359
116 b 4 3.8861997585293295e-05
116 d 38 0.003940496551045003
116 f 27 0.0609257207514996
116 g 52 0.11586203918453952
116 h 14 0.08956924107837516
116 k 84 0.003537015709955571
116 n 66 0.2620232685316607
116 o 53 0.08989253551323073
116 q 106 0.0283727602469368
116 v 67 0.012617911978335061
116 x 114 0.04256771235191492
116 y 65 0.013152720644683646
116 z 11 0.011303310267129718
117 a 81 0.00851785144670425
117 b 18 0.011812388393497297
117 c 124 0.0003173094799802101
117 d 4 0.011912865717017218
117 e 35 0.17958847999755934
117 f 43 0.0760869355344902
117 g 10 0.00398785281117553
117 i 5 0.04115204421834984
117 j 118 0.0039056333572644597
117 k 41 0.02427014381122017
117 l 20 0.001920673332244216
117 o 16 0.1203222702836666
117 p 117 0.10048268841313068
117 q 77 0.019745181889174956
117 r 57 8.188688725430104e-05
117 s 121 0.04866691495959452
117 t 38 0.01900958253932583
117 u 30 0.09990898425859895
117 v 83 0.014105914984465895
117 x 6 0.05678013349685229
117 y 18 0.10509758290624804
117 z 44 0.023350020534171234
118 e 73 0.052622896821157394
118 f 81 0.027588418838159656
118 g 16 0.07004395150882459
118 h 72 0.06744678044860719
118 i 1 0.2562849273083252
118 j 96 0.08094596098193929
118 k 31 0.08128513177863705
118 l 77 0.05761654924656767
118 p 37 0.10484162135908415
118 u 91 0.04809394737932948
119 a 75 0.22692946959341231
119 b 59 0.17081145548261745
119 d 119 0.0105590560517973
119 e 105 0.057342992233622825
119 g 110 0.057868121844414366
119 l 107 0.1361038205398074
119 q 43 0.06399714142274049
119 s 104 0.024680875719242268
119 v 124 0.03259823290108943
119 w 36 0.04221777725742448
119 y 93 0.05002030720877837
119 z 45 0.0419047853156338
120 c 29 0.010609032726794587
120 e 67 0.00841657693465303
120 f 79 0.0030395299194654335
120 g 88 0.00995763418693174
120 i 16 0.21971717440106975
120 j 2 0.009241633931023396
120 l 64 0.03934577674222128
120 m 104 0.04631238978257102
120 o 87 0.06967582273461304
120 p 6 0.045431038335790985
120 r 38 0.12746594061748706
120 s 40 0.006772300239512141
120 t 76 0.26202148643233214
120 w 29 0.008365368460307221
120 y 35 0.00139729837284841
120 z 116 0.01818125570279905
121 a 81 0.06918729594958417
121 b 55 0.02961082777037949
121 c 106 0.053817025904505766
121 e 0 0.05351097316523035
121 f 65 0.07321908884603956
121 g 36 0.2231100617262396
121 h 77 0.10511280052478567
121 i 7 0.09920958250611622
121 j 75 0.007700963659488247
121 l 4 0.012667986382712826
121 m 28 0.08880371886115745
121 n 71 0.04308193523091686
121 o 22 0.005022703445691112
121 q 3 0.032031697165266104
121 r 11 0.016703171642568626
121 u 25 0.00918034073013152
121 w 31 0.0105657237979071
121 y 110 0.006543618996431189
121 z 105 0.04304626908891451
122 a 80 0.08838653584835932
122 b 86 0.023487255614430325
122 e 53 0.05860992723240299
122 g 104 0.11485756977619299
122 h 99 0.03687274882131453
122 i 106 0.06250849127435454
122 j 91 0.09509775612290083
122 n 25 0.09153812733263378
122 o 74 0.0067312359500592
122 q 106 0.1039317560878763
122 r 72 0.15349450312824175
122 s 91 0.00835636872631984
122 y 122 0.08731624190258791
122 z 12 0.06035825292781005
123 a 109 0.08627335106889533
123 b 95 0.23815662969530016
123 c 15 0.08762766270032318
123 g 69 0.07242281047511312
123 j 36 0.014198542766155398
123 k 19 0.009174319423646327
123 l 94 0.002853063556623958
123 o 82 0.006875659925255517
123 p 26 0.24082187001009336
123 t 95 0.012356184373253365
123 w 103 0.09006354525492255
123 y 102 0.055268112865949015
123 z 100 0.03856259258381256
124 a 73 0.12113908078309821
124 c 18 0.029576630282485694
124 d 38 0.051186629656354676
124 e 20 0.0739317450811755
124 f 76 0.044280620683020744
124 g 107 0.03851728457077508
124 i 30 0.07817283628735627
124 k 103 0.0079748100885082
124 l 70 0.07872661920969926
124 n 111 0.055983808566622884
124 o 63 0.09105910216239832
124 p 37 0.0098326359766574
124 q 106 0.05167302286669451
124 r 111 0.12666315205708278
124 s 111 0.02418951296804206
124 u 61 0.017748216399717354
124 v 51 0.006797267628877335
124 x 10 0.00022496243623637557
124 y 76 0.022028434377132866
124 z 6 0.016056682758610052
125 a 120 0.08319209130094496
125 b 101 0.07030573145390118
125 c 56 0.08602568018024292
125 e 7 0.04628317561739048
125 g 45 0.10979209656400402
125 h 111 0.017724745323328905
125 j 84 0.025176753885546743
125 n 14 0.007650615475227829
125 o 63 0.06422854821034851
125 p 51 0.05259257519455007
125 q 66 0.024269403089472563
125 s 120 0.03325179056214034
125 t 8 0.09961328949383963
125 u 92 0.015219792599139859
125 v 29 0.013530789128012533
125 x 49 0.04921708670207103
125 y 22 0.1812428102282675
126 a 73 0.02909603538374661
126 b 50 0.09334414261088742
126 c 125 0.07903196098112919
126 d 68 0.06237489706417465
126 e 38 0.13334525419013743
126 f 98 0.0065491235091749145
126 g 10 0.031178615220578854
126 h 31 0.019377297666458015
126 i 44 0.016218690344841913
126 j 50 0.020913572351151877
126 k 104 0.005539726168171777
126 l 98 0.006576153017839981
126 m 43 0.04719422133338147
126 n 125 0.025985301718308595
126 o 79 0.07245269391734899
126 p 124 0.012654139817828813
126 q 52 0.019681644740781934
126 r 73 0.0064504968072207625
126 s 110 0.0016377331517473115
126 t 105 0.048919909831518615
126 u 72 0.11609868555477376
126 v 72 0.006455547088248803
126 w 0 0.05060328707489725
126 x 72 0.008462957393636783
126 y 35 0.04079731689946098
126 z 107 0.03273774824109754
