175 26 2165
0 0.006708200870054637
0 0.17471193202462987
0 0.052838097909904125
0 0.46715932714884323
0 0.019597274878670468
0 0.04440390942521211
0 0.028772876239670064
0 0.0014105715173399203
0 0.0600633799540744
0 0.056300429417958764
0 0.15943394696140156
0 0.10618926318744681
0 0.5111008915537784
0 0.13462835201844492
0 0.01586191295431394
0 0.18187970494530625
0 0.015101022543055675
0 0.05534443459790239
0 0.044902239864082816
0 0.0628691382144454
0 0.35246747285522284
0 0.2031352756837863
0 0.07254939373799763
0 0.06990941410607676
0 0.08637768889178266
0 0.03928903966162767
0 0.10896846506698865
0 0.36694912136978897
0 0.5058418880607997
0 0.03135747158515334
0 0.004214542287223733
0 0.0347534297541362
0 0.017736598071294685
0 0.16411846257694096
0 0.019473200141303937
0 0.02592439354147613
0 0.06383177731952527
0 0.13828267055910315
0 0.02249359186552602
0 0.001781448983997791
0 0.07865350347817313
0 0.04396656148495781
0 0.026903886202984895
0 1.0
0 0.02698537576040083
0 0.22159837834153795
0 0.03817090974984916
0 0.05394483593174926
0 0.11209392228652981
0 0.02356788943400423
0 0.05356821796093891
0 0.009690036159546223
0 0.002928424904409921
0 1.0
0 0.013929159620515885
0 0.006670558104561852
0 0.029983953956490228
0 0.055078671520936595
0 0.1961954536393341
0 0.21593217049192726
0 0.015347302673418217
0 0.013169202808641534
0 0.06540705083379217
0 0.529293004687499
0 0.050106621651893946
0 1.0
1 0.03185046399986724
0 0.020761370857434458
0 0.001654735305510413
0 0.15533992333956492
0 0.0809321283819665
0 0.07960155008640546
0 0.0972742387672405
0 0.0034011799956820132
0 0.20395927907767386
0 0.00204844438419971
0 0.005605336468059052
0 0.015980199517886207
0 0.043079141270543686
0 0.2338524162089871
0 0.05533012424348438
0 0.10336494220106063
0 0.12005694491594388
0 0.04446320082805355
0 0.2775260318982856
0 0.06571659565899834
0 0.2455644670909185
0 0.9404110420851252
0 0.012013836329838212
0 0.010717903144732865
0 0.08290714326832527
0 0.024958606236475167
0 0.07862225027143777
0 0.12923577691564858
0 0.4714973004788794
0 0.12099011790730463
0 0.0032768727843773826
0 0.08209139107546148
0 0.08781320501740975
0 0.1395805451980292
0 0.002503381246817704
0 0.0612567513025869
0 0.0065979105805920035
0 0.009817263068478188
0 0.059458352406316806
0 0.009938359758044357
0 0.021913613348149452
0 0.11878249637791427
0 0.21909857821870748
0 0.026290456558647257
0 0.01454035763682926
0 1.0
0 0.04669172174994618
0 0.09981152190659959
0 0.06622866560102358
0 0.08168702507904113
0 0.3943527470329856
0 0.17758842568497712
0 0.09585051344747464
0 0.048937952927153416
0 0.3960693365303307
0 0.6523546835052288
0 0.30458081824276717
0 0.692108266316011
0 0.10636969368734595
0 0.016277827035839687
0 0.04266726777710861
0 0.12533376504947902
0 0.041534317852584546
0 0.02069982554095051
0 0.020631530825584665
0 0.29031258866561505
0 0.002609547547308466
0 0.10826699208203461
0 0.41283741186030876
0 0.5266268598023748
0 0.09411346588862335
0 0.39130302575522224
0 0.001521105332484951
0 0.14179140027162485
0 0.08500735972670159
0 0.01189289360378698
0 0.2635430661733932
0 0.10013584555994215
0 0.0672893638969222
0 0.020577829859416585
0 0.022721257494397906
0 0.02473118447003131
0 0.03122330073490609
0 0.1640486253937533
0 0.02318996901887016
0 0.23027353060512767
0 0.11099889697518417
0 0.04065059489463352
0 0.024202484744054953
0 0.18082384410411934
0 0.03779699531212166
0 0.05626846978366962
0 0.03673361849506196
0 0.04482891399853861
0 0.0007767987316942282
0 0.029660151999712836
0 0.06251608957649968
0 0.033117370366416155
0 0.20040166824524808
0 0.0427105096480751
0 0.1459958864869999
0 0.01272623466753986
0 0.02499936488643284
0 0.06320297931154262
0 0.05449044267342529
0 0.013596121167167019
0 0.0076729922143362606
0 0.015241188972504927
0 0.1890698870257126
0 a 48 0.006939538185219418
0 b 34 0.09943996535031685
0 c 119 0.12544842655662392
0 d 146 0.046357675052762226
0 e 94 0.07776649639280497
0 f 25 0.13251114951735565
0 g 46 0.04904405555823299
0 h 39 0.019146726318009955
0 i 8 0.011738632209903788
0 j 150 0.004088823400715813
0 k 26 0.003489631248477121
0 l 135 0.044819521595451994
0 m 23 0.018995029895614968
0 n 61 0.034892563847426006
0 o 96 0.02437607639499284
0 p 121 0.015178754015554352
0 q 106 0.06647707425835936
0 r 76 0.022694735545060962
0 s 28 0.008316924730775499
0 t 136 0.033880563751486514
0 u 72 0.017716502391433964
0 v 24 0.02913610831043667
0 x 150 0.05874832592519175
0 y 36 0.019509306568432305
0 z 140 0.02257919210930548
1 i 111 0.05467327758732099
1 n 57 0.0790405378523138
1 s 86 0.0454161885054859
1 t 51 0.2705405508680293
1 x 139 0.03393874454440182
1 y 68 0.3416787686178183
2 a 117 0.015896059445359878
2 b 138 0.06874395794516297
2 c 10 0.007073758883104131
2 d 158 0.005075467806411105
2 e 161 0.019516660152479437
2 f 58 0.12161975931840552
2 g 167 0.014835341584678585
2 h 87 0.013195841359186944
2 i 159 0.020913558034276525
2 j 96 0.01826377803033108
2 k 140 0.07497297637407496
2 l 91 0.006478231284580249
2 m 56 0.027891712396463708
2 n 173 0.04989517678106958
2 o 80 0.0017123232899942664
2 p 3 0.051926119511241486
2 q 147 0.00425294371564322
2 r 172 0.05495363207952264
2 s 48 0.01962988096410434
2 t 15 0.007889292031149298
2 u 145 0.12482474163186019
2 v 81 0.027522247708382408
2 w 122 0.016398310096484292
2 x 27 0.02411274855443124
2 y 59 0.14045702234038626
2 z 77 0.009110360771311554
3 b 10 0.4612498079520859
3 l 70 0.07159086489907085
4 b 160 0.07568044587190914
4 f 78 0.24756084618310403
4 k 102 0.6571614330663164
5 a 109 0.15524611032552083
5 i 28 0.04142475850922567
5 p 134 0.2848073426240274
5 r 106 0.03485850901686205
5 u 148 0.43925937009915195
6 b 29 0.015644576718653047
6 e 148 0.004602886239012172
6 f 72 0.049387068661802425
6 g 62 0.07061350815219691
6 i 59 0.05689958350720592
6 m 135 0.10041083262794337
6 n 149 0.010414077212401174
6 o 1 0.03036133722890466
6 p 168 0.023674878563713864
6 q 3 0.0163653312712978
6 s 0 0.1407509131443383
6 u 112 0.0737731419809573
6 v 155 0.04377694186605996
6 w 74 0.11509931741025625
6 x 76 0.1839805058620264
6 y 67 0.03547222331356037
7 a 25 0.03905802641555234
7 b 10 0.0596895704717999
7 c 124 0.011606998966671611
7 d 30 0.06145236610960436
7 e 39 0.03790112380418553
7 f 118 0.061023623260106685
7 g 82 0.046020394796834174
7 h 54 0.060798688911074095
7 i 23 0.013531444434341178
7 j 85 0.020321717870285694
7 k 62 0.009763743915551792
7 l 89 0.03663771730248777
7 m 95 0.04722514765857766
7 n 36 0.038177400107915704
7 o 40 0.06733521956898125
7 p 29 0.0011356652669971545
7 q 99 0.10188247171433573
7 r 173 0.033999139672523326
7 s 168 0.01048926800584582
7 t 110 0.01152537083815397
7 u 65 0.06490412423505865
7 v 81 0.07554875370384784
7 w 162 0.0350324640683235
7 x 97 0.010530467810555666
7 z 127 0.04299851957304868
8 a 88 0.24740166431004873
8 e 150 0.07393242104550779
8 h 126 0.17923120577982343
8 m 36 0.06711831909100718
8 p 162 0.33593578623350906
8 s 62 0.018801766514220053
8 z 68 0.01751545707180935
9 a 130 0.045640875629318844
9 b 19 0.003514184943415155
9 c 96 0.041039654590623975
9 d 67 0.08219532676233254
9 e 114 0.11377389071762345
9 f 121 0.022325643878405188
9 g 19 0.10024700812683096
9 h 140 0.007566823220555463
9 i 104 0.008367823678767206
9 j 63 0.06459259320120936
9 k 12 0.024457491917383
9 l 67 0.01011978856648088
9 m 21 0.016838556319055842
9 n 132 0.0029988968448346753
9 o 164 0.07166424692050832
9 p 135 0.01419597357033242
9 q 153 0.061413279359912365
9 r 144 0.021249604357243546
9 s 104 0.05470161189272282
9 t 141 0.0026810981967578806
9 v 28 0.05585864286448572
9 w 69 0.050597741020001585
9 x 50 0.009313935144680818
9 y 132 0.005010239408497763
9 z 36 0.05333463945006145
10 b 106 0.1423972875968479
10 g 17 0.2002660085558704
10 j 60 0.2516354498782455
10 o 49 0.08619152421294907
10 p 17 0.061097050421081156
10 s 101 0.07045460750708488
10 t 80 0.028524124866519562
11 a 31 0.002369164309785843
11 b 74 0.10169357370738574
11 c 125 0.16379533766473642
11 d 77 0.020497974110224804
11 f 171 0.01928285713783895
11 g 82 0.1998556279019159
11 h 144 0.03640215230236532
11 j 46 0.011820899309917476
11 k 75 0.07507142550833801
11 r 116 0.022624706542028417
11 u 41 0.009605679052542393
11 y 101 0.2307913392654739
12 f 92 0.48889910844622164
13 a 130 0.022455871211273126
13 b 6 0.006429522415283828
13 d 87 0.015436372183085023
13 e 36 0.1924886273318841
13 h 83 0.022624162390007085
13 j 84 0.005991820126387659
13 l 163 0.19224240866995812
13 m 32 0.11963870759782491
13 s 117 0.14749433274075852
13 t 39 0.1405698233150927
14 a 14 0.08359898855572923
14 b 93 0.0058029416293005065
14 c 87 0.011738961368656264
14 d 144 0.0035008266826429546
14 e 144 0.017651475133768746
14 f 60 0.07922036228175389
14 g 141 0.00833484017142505
14 h 162 0.002039121699748181
14 i 80 0.006548192313147516
14 j 47 0.00921156812660573
14 k 6 0.01062665916361516
14 l 127 0.005607410254899414
14 m 137 0.09324458010645664
14 n 135 0.1295832737746483
14 o 144 0.005795608860190038
14 p 146 0.01441012033785627
14 q 165 0.009171777431888795
14 r 11 0.06740836639973058
14 s 71 0.16859182237984627
14 t 111 0.04003702728267977
14 u 159 0.0671462948608712
14 v 125 0.00936602147133514
14 w 13 0.010187236442194325
14 x 140 0.0972893046692388
14 z 85 0.02802530564745731
15 b 39 0.03587028301780415
15 g 68 0.1388461359610912
15 i 155 0.18200654715541376
15 l 67 0.28507402218960687
15 n 54 0.026166314651206113
15 r 15 0.005201864147098667
15 t 119 0.027902436945981268
15 y 153 0.11705269098649174
16 a 144 0.021008988875304002
16 b 147 0.1113907614867562
16 e 71 0.020700359771791854
16 g 84 0.09272177905607004
16 h 171 0.021496009504563207
16 j 80 0.0623483078418845
16 l 80 0.3898620049018201
16 n 84 0.09604710805965355
16 o 35 0.0034662431884264766
16 q 124 0.016924488926845505
16 v 100 0.026648286060755977
16 w 26 0.037369748250483004
16 x 58 0.029228579925519305
16 z 5 0.055686311607070604
17 h 65 0.774399903094577
17 n 126 0.07768592330842228
17 u 98 0.09256973899909837
18 a 99 0.0112413004251668
18 b 10 0.12843689328890906
18 c 160 0.03356764395028711
18 d 117 0.01628679922289944
18 f 36 0.04442232954313463
18 g 11 0.03923014663966029
18 h 31 0.02701814017194637
18 i 5 0.14168614221823495
18 k 121 0.021488114821797577
18 n 57 0.04222104450161568
18 o 164 0.03377331708319775
18 p 83 0.08332278156763895
18 q 51 0.005508230120953361
18 r 12 0.022585757784602256
18 s 55 0.029998482193904663
18 t 150 0.005869924690124484
18 u 32 0.023881103070441112
18 v 111 0.016590939004498262
18 x 1 0.08705490551146444
18 y 18 0.062201109135183286
18 z 68 0.07871265519025672
19 a 142 0.015176498881839917
19 c 153 0.03222429049591746
19 d 117 0.07146628928804855
19 f 121 0.03789398298620672
19 g 143 0.053695819946245726
19 i 142 0.12693065708962692
19 j 92 0.06398213954333731
19 k 54 0.011537554411642836
19 m 173 0.025375320023347747
19 n 93 0.04004014374275022
19 o 174 0.017499389090507966
19 r 162 0.07750018490479427
19 s 116 0.10698106085172365
19 t 62 0.017238357887848443
19 v 117 0.03445205188024991
19 x 19 0.09146301651530153
19 y 163 0.016970137525954554
19 z 96 0.09670396672021087
20 w 61 0.6475325271447772
21 b 118 0.770873368932934
21 d 57 0.02599135538327968
22 a 145 0.25777329626063306
22 c 60 0.05975465596928675
22 i 126 0.12336697983481815
22 k 37 0.030460805484477382
22 n 96 0.15129066812764302
22 o 75 0.126179690654727
22 s 64 0.06595020132466523
22 t 87 0.0034638401831451615
22 x 162 0.048939210421331425
22 y 98 0.002924983595431696
22 z 5 0.0573462744058435
23 b 146 0.058201536740275506
23 g 93 0.06253546003756161
23 h 47 0.21256992846665057
23 i 174 0.05789809549560565
23 j 66 0.03317727516338953
23 m 76 0.054096649925073126
23 s 7 0.033369251072136175
23 u 103 0.005405331230835642
23 v 126 0.0863363250689918
23 w 147 0.1181177444656265
23 x 37 0.028463200068807537
23 y 48 0.038945776779930164
23 z 32 0.14097401137903942
24 b 122 0.04395100319233691
24 d 128 0.1429537027421861
24 e 110 0.12018855116613647
24 g 144 0.04001957103276177
24 k 53 0.08803415480052168
24 l 29 0.021647026321498064
24 n 96 0.023332801017674765
24 q 141 0.17094007444978454
24 r 116 0.11240248770851058
24 s 155 0.029935255294059493
24 v 34 0.006758499235964166
24 w 29 0.1134591841467828
25 e 75 0.07475799732845334
25 f 88 0.02283967357080774
25 n 142 0.24978555406172942
25 q 142 0.085751515601729
25 s 88 0.02550800644460216
25 v 162 0.09251880406631408
25 x 142 0.006180066746538704
25 y 20 0.4033693425181979
26 b 28 0.151435195720102
26 d 27 0.0334284946848078
26 e 27 0.12824533895281853
26 i 149 0.04035165045062139
26 l 62 0.25124913301596175
26 o 39 0.24232492713062048
26 x 50 0.0439967949780794
27 c 22 0.4706236193070785
27 i 31 0.11303281488588368
27 r 134 0.04939444443724883
28 i 54 0.4932653738409243
28 u 34 0.000892738098276058
29 a 64 0.03465588420659993
29 c 58 0.023633391697069572
29 e 114 0.0918085741327247
29 g 10 0.038004869732904845
29 h 3 2.0167035828522195e-05
29 j 152 0.07678338606040047
29 l 139 0.050413035915922944
29 m 96 0.022353777626837767
29 n 32 0.042353083737157515
29 p 145 0.05498944814407547
29 q 55 0.021203631232973752
29 r 0 0.007979129386878392
29 s 153 0.019373882936670306
29 t 27 0.0567065354078643
29 u 46 0.03073616077934238
29 v 16 0.12193252649647501
29 w 145 0.057200578090196075
29 x 42 0.05765759814070748
29 z 47 0.16083686765421723
30 a 153 0.018631340457174184
30 b 6 0.0398839283206156
30 d 43 0.008590455807813702
30 e 151 0.08773150265447927
30 f 145 0.09842125333281282
30 g 140 0.035928825502468675
30 h 140 0.1854612383443499
30 i 169 0.10024285334564709
30 k 64 0.07526748816307105
30 p 49 0.055784533945271164
30 q 95 0.006912490137449434
30 r 118 0.07140843484046522
30 t 86 0.0061077811373920765
30 u 70 0.12878019480494474
30 v 48 0.010550718853017504
30 x 59 0.01735560601729247
30 y 132 0.004276585958792434
30 z 137 0.044450226089718936
31 a 65 0.03652573409758886
31 b 40 0.0272641415309387
31 c 2 0.012756518031173614
31 d 14 0.054705529967234434
31 e 95 0.05798594830133785
31 f 24 0.11134207327668921
31 g 18 0.0014685029091093815
31 h 49 0.013019194424877867
31 i 160 0.017587598835301366
31 j 170 0.04044999706350361
31 k 120 0.003547918350321866
31 l 154 0.04034362030479566
31 m 55 0.0070096038562168506
31 n 159 0.0048067293325618765
31 o 119 0.012391479690438967
31 p 140 0.005114216804652405
31 q 159 0.09261514634212975
31 r 146 0.08752599120992832
31 s 2 0.02475225006032844
31 t 174 0.014558292831213682
31 u 159 0.09668851052530458
31 v 89 0.01748159081099776
31 w 84 0.04530853542293911
31 x 63 0.02071603070507877
31 y 118 0.053579916908308434
31 z 98 0.06570149865289243
32 a 113 0.012880676676839453
32 b 9 0.005654682551181289
32 c 36 0.09581923209519483
32 d 69 0.029066192157346404
32 e 48 0.00014410343425841354
32 f 107 0.0031565763401374403
32 g 37 0.05607681298011691
32 h 35 0.04852025878516497
32 i 12 0.014404216627040278
32 j 171 0.038581253413507266
32 k 85 0.009554427526022757
32 m 66 0.04064240554012244
32 n 144 0.08524168295124057
32 o 19 0.019933004373164698
32 p 79 0.009540887762694461
32 q 9 0.038705787502555045
32 t 48 0.0514420105936686
32 u 54 0.07375641680097711
32 v 65 0.013006725153393295
32 w 169 0.06269590049982032
32 x 143 0.10659767185762681
32 y 39 0.1045249369093526
32 z 163 0.06231753939727935
33 c 116 0.011113423015954305
33 e 28 0.19500524557465726
33 f 136 0.049581651956668304
33 k 172 0.043642497431485516
33 l 116 0.4705429072921794
33 r 32 0.012915319894786004
33 v 165 0.05308049225732825
34 c 66 0.10106127415260102
34 f 68 0.06054084347059108
34 g 92 0.13975891900514992
34 h 145 0.15004467138933775
34 i 33 0.023363200128065698
34 k 14 0.10494527535340492
34 n 87 0.17007128841413077
34 x 125 0.2307413279454149
35 c 108 0.0517219564642476
35 d 153 0.008238512520258423
35 e 11 0.07761609831759309
35 f 112 0.01885979667689741
35 h 78 0.23808072827681726
35 j 75 0.07479846080767194
35 m 145 0.09095244536931557
35 p 167 0.04282199421683508
35 q 150 0.017742584099210812
35 r 167 0.04342933169416574
35 s 111 0.07798409332824419
35 t 7 0.015488874676426234
35 w 68 0.0007269155439324493
35 x 141 0.16418373488580362
35 y 84 0.05143007958110446
36 b 167 0.025286378994721637
36 c 135 0.07842321069552183
36 d 157 0.01409540397462461
36 e 166 0.050593292804417156
36 f 170 0.21604858965660312
36 g 135 0.08271570964656683
36 h 7 0.010269262822478531
36 i 46 0.09078820631543927
36 k 8 0.04618460700719795
36 l 25 0.04086160816243711
36 m 13 0.00264238348478385
36 n 54 0.05797921284936913
36 p 63 0.03914287398892069
36 q 96 0.06477300478795012
36 s 101 0.03631839096965506
36 u 73 0.07606848809945843
36 w 131 0.003977598420329409
37 a 14 0.028576251130959074
37 b 78 0.02803773256413622
37 c 4 0.019460631914353432
37 d 11 0.002963393889850674
37 e 57 0.015419384136237446
37 f 50 0.010138218799924492
37 g 140 0.001357916202409104
37 h 157 0.26474440434055635
37 i 88 0.0038068210124899693
37 j 115 0.008325348288700463
37 k 87 0.008678632000831299
37 l 40 0.04791622371679005
37 m 6 0.015742625683533018
37 n 140 0.011492837376750775
37 o 108 0.011196745942299247
37 p 143 0.004938668711507388
37 q 129 0.07455365562739025
37 r 148 0.034557157764455115
37 s 27 0.026007159748704378
37 t 95 0.041012954076743546
37 u 110 0.017468318372031333
37 v 142 0.01949777594048252
37 w 72 0.007017218076358134
37 x 129 0.03596331516265816
37 y 123 0.05918189835945176
37 z 124 0.06366204060129266
38 c 68 0.3134827814115164
38 d 92 0.1721174376170077
38 e 162 0.05080448525994952
38 j 53 0.014761597113701952
38 k 21 0.1243637935027534
38 o 137 0.07612894073795606
38 q 19 0.007896386775373965
38 w 15 0.20904253996041444
38 x 107 0.00890844575580052
39 a 52 0.1522479122220638
39 b 86 0.06780814096009513
39 j 85 0.04359555734286269
39 k 27 0.06390723068725579
39 l 167 0.10611649111225219
39 x 123 0.39031886010522066
39 y 171 0.17422435858625196
40 c 116 0.0632778174093952
40 d 130 0.08112025917554067
40 e 128 0.03625711842566193
40 h 75 0.03320915410772085
40 k 102 0.009720208250122653
40 m 65 0.03131868643153535
40 q 11 0.017443356470701388
40 s 143 0.0005218059066720571
40 u 28 0.18026924178980042
40 v 141 0.001631063552338774
40 w 165 0.2860154937483428
40 y 60 0.13699036723871738
40 z 34 0.04357192401527743
41 a 70 0.001955112326189057
41 b 65 0.018492406217269663
41 c 136 0.0057984292743601396
41 e 129 0.08547092536748901
41 f 100 0.0019164482669528082
41 g 89 0.0025666253127751837
41 h 10 0.04974396174600704
41 i 161 0.08579440888882395
41 j 19 0.017414574920300185
41 l 23 0.0011385852650327433
41 m 164 0.046859307054596844
41 n 50 0.05162183657092223
41 o 110 0.0016310227840901081
41 r 21 0.045216747977297245
41 s 120 0.24330584579159487
41 t 27 0.008198363165834333
41 u 55 0.04288070224981677
41 v 145 0.032980611266934745
41 w 76 0.08410105621400177
41 x 168 0.038870648776144656
41 y 77 0.09007581907860884
42 c 76 0.5116808316448578
42 e 42 0.06333759602036959
42 g 167 0.03731824225528069
42 k 158 0.17563696774005244
42 p 135 0.07151778794377506
42 y 86 0.10115399154361804
42 z 57 0.01245069664906151
44 n 33 0.9730146242395992
45 n 154 0.3923026038089038
45 o 150 0.10654674545793907
45 v 159 0.20289386525813458
45 w 25 0.0766584071334846
46 a 101 0.01582202254266485
46 b 97 0.016140986452920836
46 c 79 0.016917203859713847
46 e 43 0.02481229788689543
46 g 110 0.019191641904590884
46 h 41 0.015151260475098627
46 i 154 0.029920106135584268
46 j 32 0.027080454152115685
46 l 138 0.018639596568656436
46 m 137 0.03937416420673434
46 n 82 0.020735598718656045
46 o 97 0.11341740021015334
46 p 148 0.026903380519843645
46 q 93 0.029513018440081917
46 r 81 0.0683208134710076
46 s 66 0.10823764672729974
46 t 89 0.03680061443767968
46 u 103 0.12961283598761697
46 v 110 0.06491459803872923
46 w 111 0.014701987602974476
46 x 75 0.01115084686050516
46 y 38 0.11447061505062783
47 a 172 0.0380385044436059
47 c 110 0.3513774764437315
47 g 82 0.026460090910823464
47 i 64 0.005339267325258912
47 j 69 0.23313988889208725
47 k 73 0.00401477431908337
47 n 80 0.006786773688426284
47 o 117 0.045914270039174254
47 p 92 0.012560163519823808
47 r 43 0.03695209562383317
47 u 59 0.1854718588624028
48 a 74 0.04350439380239046
48 h 18 0.16419040014798025
48 l 50 0.1876233823844895
48 o 25 0.3676568015691818
48 w 106 0.12493109980942818
49 b 117 0.08461210637597105
49 d 94 0.13919213497318794
49 e 96 0.05902917453767187
49 g 150 0.026554909386633074
49 h 164 0.021446757911090963
49 k 67 0.07824005075728468
49 p 83 0.11787637488823255
49 s 67 0.24876560025858274
49 u 38 0.02898572939934163
49 y 150 0.17172927207799926
50 a 74 0.0051195473949563475
50 b 111 0.0005373407058195667
50 d 132 0.005774676922697619
50 e 36 0.05614783365532883
50 g 0 0.021064995577994905
50 h 25 0.041271073672797254
50 j 160 0.14959571602965016
50 k 50 0.21149048173167795
50 o 143 0.08911599757834843
50 q 93 0.16676115647755374
50 r 30 0.09228912236930131
50 u 116 0.017393011981795325
50 v 52 0.025846532968077707
50 x 102 0.023354271073033006
50 y 125 0.04067002390002894
51 b 96 0.18976574141888347
51 o 82 0.2827213540684421
51 q 143 0.5178228683531282
52 a 70 0.36994516693684965
52 b 146 0.07424760371486028
52 j 16 0.25862880900838037
52 q 171 0.006324603174770904
52 r 42 0.1802365396876766
52 u 83 0.01183130616031236
52 v 31 0.02712912184813432
52 y 126 0.0687284245646056
54 a 98 0.015169639289305592
54 c 136 0.07471062213663981
54 d 117 0.031526912381594
54 e 149 0.0006314129033268001
54 f 49 0.07244843871705542
54 g 106 0.023471155541417654
54 h 139 0.05515564874358303
54 j 45 0.12239456809909921
54 l 110 0.006110855627381784
54 m 130 0.08117406764188517
54 n 161 0.02878204502449233
54 o 173 0.08766822491668003
54 p 149 0.08584487781915018
54 r 54 0.001020560801173187
54 s 71 0.026470810048968896
54 t 1 0.03635172011541454
54 u 104 0.014393526841451232
54 v 98 0.022967145189129345
54 w 40 0.0031924170350764447
54 x 146 0.07010981800173544
54 y 126 0.03600064131287595
54 z 170 0.09047573219204808
55 a 172 0.014513372125833035
55 c 167 0.054785425717335356
55 d 38 0.03321193926981758
55 g 119 0.03679596726249623
55 j 164 0.0025212341931907245
55 l 64 0.17448201398135155
55 m 127 0.01630623144679455
55 o 100 0.12163985806197675
55 r 149 0.0021181567731698436
55 t 69 0.1630450438694283
55 u 83 0.1875869390067859
55 v 65 0.027235243564110334
55 w 151 0.03893899467092343
55 z 131 0.12014902195222454
56 a 78 0.08664658557720706
56 b 166 0.007782305051979521
56 d 58 0.03798308455203847
56 e 84 0.09395159168512823
56 f 171 0.00961485298727438
56 g 164 0.02214664942602418
56 h 142 0.021082936081004644
56 i 78 0.02615340015160217
56 j 44 0.0251372695788189
56 k 30 0.012056673966755693
56 l 25 0.012237132756471758
56 m 89 0.011318488209552613
56 n 37 0.0033035683617456124
56 o 74 0.08582305338246943
56 p 102 0.04205014324391265
56 q 91 0.014245821530221692
56 s 17 0.013209902631657666
56 t 112 0.004071906270622261
56 u 59 0.01629401610668857
56 v 54 0.26361486138976475
56 w 3 0.0132382884546699
56 y 154 0.01892744173944394
56 z 167 0.12912607290845568
57 b 169 0.006637204230564908
57 c 82 0.10152893446574984
57 g 45 0.001641496946375498
57 h 131 0.16432879961342206
57 i 31 0.0059738323727766
57 j 161 0.1734188573027471
57 v 46 0.011352486658242955
57 x 19 0.14222797967705125
57 y 71 0.06075428959328388
57 z 168 0.2770574476188493
58 a 81 0.016267710324322504
58 h 87 4.1116821472897414e-05
58 k 15 0.005710222129432396
58 m 95 0.3652337644010051
58 p 52 0.20229428504400726
58 r 104 0.048031882110233015
58 t 153 0.16622556553019274
59 i 49 0.37326723741259904
59 m 8 0.26233345255931384
59 y 71 0.14846713953615986
60 a 45 0.09657356359902669
60 b 44 0.004441128816478068
60 c 135 0.03768072743150541
60 d 136 0.0038129207369886897
60 e 70 0.015873869495567128
60 f 136 0.03019785810327491
60 i 71 0.07005394118589225
60 j 146 0.052493756668542724
60 k 108 0.00591962674600377
60 l 167 0.02152884370308028
60 m 127 0.005952815460522842
60 o 13 0.001567995468257477
60 p 138 0.16983655354298566
60 r 157 0.12205714612964857
60 u 119 0.11319274204273055
60 v 28 0.0011072916558888535
60 x 114 0.17841865629496723
60 y 122 0.029362436754331367
60 z 31 0.024580823490889303
61 a 109 0.016075915300159727
61 b 116 0.044300478774835894
61 c 113 0.045997430730975064
61 d 59 0.0055037697008829545
61 e 136 0.006282704200105016
61 f 78 0.08979351622708687
61 g 83 0.013589369655613304
61 i 37 0.01411351358223123
61 j 118 0.025043721557073795
61 l 52 0.04048793932965833
61 n 162 0.011272201771337031
61 o 94 0.013150708373276698
61 p 132 0.07918061925989539
61 q 137 0.21880233816370742
61 r 79 0.12892837020607983
61 t 95 0.004909163411267015
61 u 95 0.0015790744162761383
61 v 46 0.12583709494027828
61 w 44 0.015225408496208903
61 x 139 0.003532674239272504
61 y 104 0.08322478485513707
62 c 43 0.07391734052213617
62 d 73 0.3066209699935766
62 w 104 0.2730624482860786
62 y 52 0.28099219036441647
63 m 109 0.47070699531250104
64 a 72 0.01584935293576395
64 b 87 0.05865166195751648
64 f 122 0.41650783403491776
64 q 123 0.08407671426906826
64 r 100 0.05428891696359994
64 s 55 0.013149100188505125
64 x 80 0.25628967273904624
64 y 51 0.0510801252596883
66 c 103 0.017414437010956907
66 d 8 0.20333859128318255
66 e 80 0.08262708247529527
66 f 114 0.02831479476447296
66 g 121 0.024674374450654235
66 h 26 0.00919155735507815
66 j 171 0.0005583468695931071
66 k 133 0.0169974194487178
66 m 128 0.04073943286226167
66 n 55 0.004483886962775019
66 p 61 0.09755522401041761
66 q 149 0.028784152260112217
66 r 120 0.06087127112071322
66 s 86 0.03822113635912039
66 t 31 0.05549915455766552
66 u 70 0.07245107790829453
66 v 41 0.014366539014550539
66 w 71 0.11227026886936398
66 x 23 0.017383702455704753
66 z 85 0.04240708596120235
67 c 135 0.1393787597369659
67 e 6 0.07657986342547063
67 k 119 0.08006758130964897
67 n 103 0.012879434931042155
67 o 137 0.19476917908604574
67 p 88 0.06818796320517828
67 q 61 0.07006299013896922
67 r 47 0.08938217780531799
67 t 67 0.015524861363487297
67 u 101 0.22273732876586338
67 y 50 0.009668489374575984
68 a 52 0.05753520016110936
68 b 157 0.009628007316815457
68 c 102 0.030618881806802944
68 d 154 0.046679294829304
68 e 61 0.03313577535240475
68 f 26 0.02936843307698922
68 g 103 0.0690844688323139
68 h 33 0.020299474007044904
68 i 165 0.029619191655738453
68 j 144 0.042040619583032623
68 k 93 0.08771193660318921
68 l 95 0.07380065998598284
68 m 9 0.014910706642682126
68 n 80 0.0048514977079358035
68 o 152 0.013293162741339182
68 p 86 0.012413514778442214
68 q 73 0.0647930214260819
68 r 8 0.04101246223789068
68 s 122 0.011232155059321847
68 t 147 0.009325035115675062
68 u 33 0.024978390220298907
68 v 39 0.008862605730544204
68 w 143 0.013694827263307063
68 x 2 0.21358173456059393
68 y 27 0.010387106771646337
68 z 12 0.025487101228002684
69 e 13 0.08305637948427047
69 g 25 0.04542824589657246
69 j 162 0.030998147736828408
69 l 84 0.18306245447998548
69 o 96 0.006732407461015111
69 p 148 0.12337000402804665
69 q 10 0.003620402413635815
69 u 89 0.308124195377633
69 w 42 0.06026783978244765
70 a 147 0.0705270840549731
70 b 106 0.010642688564265201
70 c 100 0.152666918370292
70 d 36 0.0010094994889711106
70 e 31 0.006944702943814329
70 f 51 0.009309910495581719
70 g 52 0.08838545381980112
70 h 88 0.030033778176867698
70 i 59 0.004074223694556789
70 j 59 0.015585609759811936
70 k 27 0.030257986874772103
70 l 128 0.006149487001568588
70 m 6 0.017985712083438354
70 n 11 0.1444461692755501
70 o 71 0.021937912252274372
70 p 31 0.001003637657118861
70 r 70 0.03727250203777066
70 s 90 0.021966027443911074
70 t 115 0.018047963648236576
70 u 140 0.003487944765127926
70 v 136 0.015912137538032556
70 w 111 0.05132580623523553
70 x 89 0.12035819168532536
70 y 77 0.010214729048263815
70 z 1 0.029521794702472626
71 f 37 0.1902571361214539
71 h 25 0.21843203509870346
71 l 49 0.44623255548070895
71 n 46 0.06547672321272824
72 f 16 0.41669028609023984
72 j 6 0.46023315911479246
72 m 56 0.0258023160277272
73 a 113 0.01890912181860227
73 b 109 0.01915958524181094
73 c 148 0.07631949841137575
73 d 138 0.005199263574702684
73 e 141 0.08903790216928198
73 g 171 0.04733394092859111
73 h 126 0.04515845590948686
73 j 113 0.1339308702312748
73 k 43 0.052645546300151835
73 l 45 0.06200421806981771
73 m 59 0.1544431996784449
73 n 91 0.005012214117067981
73 o 57 0.025641435935172985
73 p 119 0.0204511697003098
73 s 114 0.00865340888023891
73 t 119 0.0013068197047764185
73 u 60 0.009228368929284358
73 v 49 0.09881351049571452
73 w 15 0.04903276177367977
73 x 161 0.011321277606293645
73 z 80 0.06299625052823876
74 a 44 0.1773732876153179
74 b 79 0.0054952822111767885
74 c 86 0.054661709200841235
74 d 3 0.056574269928143406
74 e 49 0.08022948180687062
74 h 0 0.09261469047080462
74 t 42 0.21107002710378087
74 v 24 0.11802197258539071
75 a 107 0.048954139016149534
75 b 136 0.0129656407252553
75 i 3 0.03521382197696599
75 j 124 0.009037002279118966
75 k 62 0.14729892170265224
75 m 82 0.058381919135867544
75 n 156 0.09831749117798028
75 o 18 0.04780464095917125
75 p 97 0.22835936074759322
75 s 1 0.1345859270838753
75 t 59 0.008346424429588772
75 v 148 0.08417960211078623
75 w 119 0.06294455952312861
75 z 25 0.021562104747667066
76 a 68 0.009508901215693366
76 c 42 0.17607997418446097
76 e 10 0.03542521890564798
76 g 45 0.006169146508685053
76 h 12 0.013892813428837525
76 i 42 0.06785135514016749
76 k 34 0.000267795385236802
76 m 32 0.13386665176079038
76 o 48 0.04246721517588581
76 p 23 0.016831991804157953
76 q 61 0.1452564117517312
76 s 13 0.06598254816203475
76 t 128 0.036459821231129674
76 v 86 0.007080421350485366
76 w 7 0.07945260149335409
76 y 100 0.11321369312662943
76 z 119 0.044588102907013094
77 b 36 0.08797457341767079
77 c 92 0.0013354325986759674
77 d 99 0.002045894076275534
77 e 121 0.1445706255951974
77 f 137 0.023337887276379976
77 j 170 0.06273042127065787
77 k 136 0.09335566792020866
77 m 158 0.04604872842916541
77 n 32 0.04096867740381349
77 o 140 0.1527428439404519
77 p 84 0.09439746431939278
77 r 121 0.07287065591726982
77 u 154 0.04094229093148749
77 z 163 0.12069863738546671
78 f 31 0.12658881193137395
78 g 118 0.10202078525573621
78 m 164 0.04351924901326032
78 n 32 0.08283547026376747
78 q 161 0.08910477620457213
78 r 98 0.11101954478713127
78 s 58 0.022406307726204444
78 u 27 0.16677712220026764
78 y 70 0.10823770208417371
78 z 138 0.10441108926296916
79 a 154 0.06192228863336491
79 c 28 0.007056991899225484
79 e 163 0.015244237447734066
79 f 114 0.30558158376933053
79 g 136 0.005098053906856914
79 i 58 0.016793454594470014
79 k 99 0.043407913488415883
79 l 39 0.02215454401413819
79 n 67 0.019480577726148307
79 p 158 0.007216636161070045
79 q 38 0.037443354032722254
79 r 87 0.0059905138777121
79 s 137 0.15464577103114363
79 t 144 0.01911835443249854
79 y 71 0.04499330877618202
80 c 51 0.15640873556156865
80 d 79 0.1428970312300697
80 g 76 0.1849033787278893
80 k 63 0.03718919292674627
80 p 147 0.037685254591247164
80 t 85 0.036903889940477
80 x 117 0.32815165100544386
80 y 95 0.02053074177307368
81 c 94 0.0027470182200071136
81 f 41 0.006901422097791321
81 g 20 0.023384968542839557
81 h 150 0.0033979696922175062
81 i 65 0.010992377249097074
81 j 5 0.17288456383283457
81 m 109 0.006675215445871574
81 n 161 0.014170131026402744
81 q 1 0.02850281848174474
81 t 108 0.019688772990505643
81 u 24 0.12501339058152816
81 w 165 0.20480384897820714
81 y 100 0.2317319326089381
81 z 23 0.045740628050954135
82 c 108 0.5249658320591806
82 j 3 0.17183611263183562
82 n 51 0.02361004530672073
82 y 115 0.09875080605626485
82 z 67 0.06078025903005435
83 a 119 0.005494017169978105
83 b 76 0.005825174182947368
83 c 101 0.017390144692221665
83 d 142 0.0796925606927461
83 e 133 0.0061573431778559895
83 f 166 0.10168981144842337
83 g 97 0.03633220268604953
83 h 99 0.14143104931351347
83 i 53 0.015249859053445558
83 j 59 0.09216908183887018
83 k 88 0.005357643153001246
83 l 84 0.03737507358443315
83 m 28 0.01738576272963066
83 n 64 0.00640748550012471
83 o 46 0.016164173687770678
83 p 46 0.022192114005995522
83 q 90 0.006631098660964452
83 r 46 0.06054250594527655
83 s 131 0.049485350469238076
83 u 57 0.002243639477758186
83 v 151 0.024741858600699884
83 w 88 0.09483449885403095
83 x 173 0.027252198544464812
83 y 94 0.04027854156032573
83 z 107 0.0432136101421805
84 a 114 0.533674937623031
84 m 35 0.03543385958848666
84 x 137 0.15336517089019674
85 b 113 0.13465306918140452
85 g 173 0.008555493411487092
85 h 109 0.16573719794739894
85 k 40 0.2534580576862766
85 l 49 0.05304865543949544
85 o 132 0.019457415771583775
85 q 19 0.07248028417800756
85 s 62 0.10577956003755762
85 v 118 0.05938157983165793
85 w 18 0.06173209085613218
86 d 96 0.02161024286798685
86 e 113 0.08984327662260994
86 f 90 0.24876613166926165
86 m 8 0.12865972740727571
86 q 100 0.006941819056145659
86 r 41 0.2006850252615774
86 s 17 0.0579293100242243
87 u 44 0.05958895791487484
88 a 54 0.06788016028118493
88 c 107 0.03756589120931941
88 d 173 0.05224244986393267
88 e 111 0.06297172381258298
88 f 68 0.07838075459670557
88 g 29 0.16050184044213578
88 i 172 0.04383995789162953
88 k 48 0.059637903640723966
88 m 73 0.006838842572989057
88 p 120 0.022492160240803694
88 q 14 0.023224589534476148
88 r 104 0.004687378739307246
88 s 130 0.044232979552371376
88 t 39 0.001987464797116645
88 u 92 0.08521987108902374
88 v 99 0.18458762646841964
88 y 87 0.0516945689374394
89 a 51 0.0011622425370534373
89 c 80 0.2088258908552153
89 e 6 0.09161745029273671
89 h 89 0.14108327187742709
89 o 148 0.03712207558038394
89 p 14 0.03635087773502488
89 q 13 0.014504992382132875
89 r 28 0.07384583744975659
89 s 53 0.1210868299214134
89 t 74 0.07692757432800235
89 u 47 0.002653819135908453
89 x 91 0.15893367806473035
89 y 37 0.025167556695481763
90 b 60 0.00511666841984959
90 d 35 0.029593407327569543
90 l 38 0.019841395570129094
90 o 32 0.04702630467467128
90 q 161 0.10444146199101711
90 v 36 0.15942229408698383
90 w 98 0.14109888268642723
90 x 71 0.19090160154258884
90 y 111 0.2196508404324382
91 a 58 0.00769300025720554
91 b 80 0.0030143773385888917
91 c 69 0.1340305383598226
91 d 13 0.02652646934949554
91 e 139 0.05662319504339841
91 f 70 0.00450068925610847
91 g 151 0.09923695091199469
91 h 34 0.0682456269460896
91 i 138 0.014156360882320529
91 j 161 0.02674525360599178
91 k 70 0.031622031591846844
91 l 21 0.030496859275567112
91 m 154 0.0257869565698553
91 n 103 0.011032053498082894
91 o 161 0.1406355143615955
91 p 16 0.03161209450742841
91 q 132 0.00669605395376105
91 r 172 0.02147176096029446
91 s 42 0.09371140601235539
91 t 64 0.006302918531308932
91 u 149 0.06751761095262787
91 v 117 0.003381537280017999
91 w 15 0.012521633035712965
91 x 19 0.024772677678685517
91 y 106 0.019964299698106314
91 z 74 0.0067435239052622276
92 a 152 0.05151333884750042
92 b 169 0.001093443681770001
92 c 69 0.017852757090375926
92 d 14 0.016061914795231336
92 e 77 0.02885665925069958
92 f 6 0.12015505883578437
92 g 114 0.03129737148345746
92 h 152 0.042285279067411086
92 i 59 0.0675425406535104
92 j 128 0.08426477206876903
92 k 81 0.023474827642030793
92 l 61 0.04275507322674643
92 m 11 0.005839516624071228
92 o 36 0.01774536799403914
92 p 102 0.0034473324246526715
92 q 91 0.008855206618670786
92 r 128 0.03590845830528122
92 s 83 0.028354592012697855
92 t 131 0.014576803996516063
92 u 63 0.0537936244218401
92 v 41 0.06864807588056254
92 w 52 0.0425179976335045
92 x 31 0.03846087281633159
92 y 26 0.05516732122606616
92 z 65 0.02090954313104154
93 a 163 0.07577386133857589
93 b 142 0.1117242428903995
93 g 167 0.017336342963174545
93 j 139 0.12990322894185857
93 p 11 0.0081524420771657
93 q 37 0.13255972816411377
93 s 88 0.015744056736379686
93 v 149 0.24663268594117915
93 w 24 0.06631432081564514
93 y 18 0.01662929332663665
93 z 169 0.04999401988922281
94 c 7 0.5285026995211206
95 a 41 0.010988093527314446
95 d 173 0.061715649667418715
95 e 128 0.20907219842690927
95 f 86 0.008479513002741301
95 g 151 0.035887871329379206
95 i 9 0.007127865126890787
95 m 46 0.4644017858464168
95 o 96 0.08133690516562486
96 a 101 0.007641850390733729
96 b 66 0.1951679495208377
96 c 101 0.042968282604082475
96 d 13 0.03497108764837009
96 e 31 0.05508159773295185
96 f 110 0.0167645466477766
96 g 173 0.0889436088592317
96 h 125 0.04388164093863112
96 j 14 0.049527996455497214
96 k 0 0.008482895530811274
96 l 30 0.025604860394613183
96 m 105 0.11529114072392943
96 n 170 0.021013601908073887
96 p 1 0.05450282880887136
96 q 61 0.0006367671060433233
96 r 38 0.006935682271226429
96 s 151 0.03680124586606759
96 t 125 0.008203395147964754
96 u 1 0.01197377536416222
96 v 32 0.06106307708173908
96 w 66 0.006907975141424494
96 x 87 0.02054758475096452
96 y 135 0.0007487806718803336
96 z 32 0.08306095564973826
97 b 110 0.042639363014171816
97 c 125 0.13016933498639205
97 e 100 0.04063567730203288
97 f 77 0.033661123117063596
97 g 8 0.04626844196057733
97 k 121 0.03704614152879959
97 o 55 0.048116304900780116
97 p 111 0.11024175970705263
97 q 85 0.0675419079395434
97 s 120 0.016750642923202608
97 t 69 0.0772029573618811
97 w 172 0.2370623020437358
97 x 125 0.023868358004573986
97 z 58 0.006704294134731614
98 a 84 0.1828268475756899
98 b 167 0.0244464839787355
98 d 28 0.08492096177192532
98 e 5 0.002909513190645141
98 g 143 0.02767973737941598
98 i 34 0.015917038838261455
98 k 58 0.05491664101930094
98 l 97 0.09882076940180162
98 m 131 0.06367164694429595
98 n 116 0.01936796846836064
98 q 85 0.04621545847422048
98 r 43 0.15342020600192785
98 s 140 0.03647722877703219
98 v 129 0.026011894961480042
98 w 108 0.030565026299703923
98 z 73 0.044019371899793325
99 r 50 0.8604194548019708
100 b 67 0.022399544995991505
100 c 50 0.02940979446005132
100 d 114 0.06424133124770537
100 e 65 0.017588399422185264
100 g 111 0.15235062581835224
100 h 67 0.05190094414895363
100 k 28 0.009219761569487561
100 q 40 0.39513097606590863
100 t 75 0.09154978712774597
100 v 29 0.08267137303487393
100 z 53 0.08103408086192687
101 a 145 0.38153894775037034
101 c 172 0.1783286555090402
101 l 112 0.33208424392203084
101 o 39 0.04679140151597172
102 a 81 0.023576345088779926
102 b 115 0.09443087510859316
102 d 105 0.03179169751295052
102 e 94 0.04581706145325992
102 g 64 0.07755907079008562
102 h 81 0.08611009528935976
102 j 128 0.02369906658612264
102 k 114 0.025953980999147364
102 l 1 0.0021382640608823555
102 m 35 0.03804942265255362
102 n 59 0.05543946895633889
102 o 113 0.12143416043240818
102 p 63 0.025201456730722716
102 q 107 0.0348478134663911
102 r 125 0.01564582424873351
102 t 158 0.06920823728383019
102 v 33 0.03857963121757868
102 w 94 0.05720653053046543
102 y 109 0.12386794733135709
102 z 48 0.0028451396798473416
103 a 108 0.015532960018626474
103 b 79 0.02623629983119158
103 c 4 0.023441016564473283
103 d 136 0.01783594522921883
103 e 33 0.01621480340995851
103 f 106 0.019944391704471598
103 g 128 0.06303156605154148
103 h 137 0.03195150629186738
103 i 34 0.03387807632017048
103 j 125 0.01871338593424221
103 k 153 0.008156474009175074
103 l 112 0.03145852726168885
103 m 116 0.07914491583777317
103 n 73 0.03553246983701541
103 o 22 0.08904324259795715
103 p 93 0.10391187715403671
103 q 78 0.06160303111146748
103 r 36 0.007015977325008027
103 s 161 0.20820290939970598
103 u 105 0.016615824749705688
103 v 116 0.05411849114532141
103 w 92 0.001001217439551838
103 x 131 0.012703861350166101
103 y 4 0.0074497504829326155
103 z 11 0.007444215874254478
104 a 122 0.005628788795621342
104 d 86 0.21358897909882102
104 e 103 0.13048990364266233
104 g 79 0.1422344718979428
104 h 83 0.028474939886826922
104 i 34 0.08808237206784697
104 j 171 0.17201376821387415
104 l 97 0.03928594548269848
104 p 172 0.030095242858460103
104 q 81 0.04224371892054257
104 u 87 0.009837363263117682
104 w 88 0.005856623664451721
104 x 55 0.032709529800817094
105 c 162 0.02649484061119567
105 d 149 0.03263967252940725
105 e 116 0.1178365310317141
105 f 75 0.022229926650363385
105 i 87 0.23173149814130845
105 j 75 0.12145728720724047
105 k 77 0.040809772474440176
105 l 114 0.03319582714718339
105 m 159 0.023939349934050225
105 p 114 0.015046845323341662
105 q 54 0.0475105143105633
105 r 25 0.00884787872731374
105 x 158 0.188878735174841
105 y 115 0.07214366178931253
105 z 1 0.007299299189680308
106 a 131 0.10952326417285152
106 c 57 0.017411413223484495
106 d 79 0.003363990196899702
106 e 167 0.022195113492182172
106 g 23 0.03994407661032151
106 h 4 0.003078883011812361
106 i 36 0.03151904739727207
106 j 49 0.04806679709488415
106 l 16 0.0034229097337246106
106 m 20 0.13734227160686663
106 n 67 0.02257665727573177
106 p 91 0.023158547875670843
106 q 95 0.0074906808492799515
106 r 116 0.015902339712801195
106 s 171 0.07713686716217838
106 t 2 0.06337220160373958
106 u 129 0.008100168132146313
106 v 90 0.061785586326838615
106 w 171 0.010222983426780075
106 x 46 0.1440608383772446
106 y 144 0.07579712213112688
106 z 132 0.052614627238013134
107 b 135 0.046119181819984756
107 h 86 0.06164617845357767
107 o 152 0.5752019680317692
107 p 79 0.13301984268952505
107 u 168 0.0652303326272291
108 h 22 0.14540924879769368
108 r 99 0.19110393650409419
108 w 89 0.44438823647950465
109 a 69 0.009091619910046478
109 b 37 0.0004997430480218057
109 c 93 0.08999088285391732
109 d 140 0.014010474106188608
109 e 57 0.017513555912635925
109 g 11 0.0016171524347711186
109 h 158 0.02385773029706373
109 i 131 0.020722098958282142
109 j 27 0.012093429368971509
109 k 141 0.021728353406658574
109 l 104 0.2087354360053113
109 m 96 0.01895219441130891
109 n 137 0.048272695132431154
109 o 152 0.010912780660010113
109 p 7 0.16653848599913745
109 r 55 0.10373234801200937
109 t 54 0.012148619614564371
109 u 12 0.01630851493132801
109 w 118 0.0093185088100598
109 x 166 0.04771088593668138
109 y 64 0.05293672379246195
109 z 63 0.06701730983949172
110 a 73 0.050034772057194976
110 b 83 0.039945683950280864
110 d 11 0.0706350222384089
110 e 53 0.15710896391912088
110 h 53 0.006171114615703521
110 i 133 0.04280304173666494
110 j 147 0.012466176131557538
110 k 153 0.07294660380229012
110 m 73 0.012105173229678412
110 n 52 0.046295580551202975
110 p 6 0.01354826723129976
110 q 162 0.12550080258129437
110 s 99 0.03676719815102092
110 t 22 0.07309673299368502
110 u 91 0.013893828421144061
110 w 29 0.019567740666616373
110 x 96 0.15183758365025923
110 y 16 0.04073535643574788
112 a 67 0.04299681454241955
112 b 0 0.006552152013491241
112 c 114 0.01076531830799543
112 d 171 0.06065537295623358
112 e 54 0.052746017877515095
112 f 127 0.03839227738192652
112 g 89 0.11841721974519182
112 i 86 0.07655655895554103
112 k 8 0.04065681534905541
112 l 32 0.08043446762026651
112 m 87 0.11709993091114246
112 n 30 0.010862292803634266
112 o 135 0.05877662045422205
112 r 143 0.11473241416644953
112 t 72 0.0330088050586973
112 x 110 0.0018296205563913537
112 y 79 0.035886303980726786
112 z 163 0.0529392755691539
113 d 131 0.09345118568518351
113 e 173 0.16750293749809808
113 f 150 0.16062375720285982
113 i 45 0.014410501737654013
113 k 118 0.00835743079482898
113 l 131 0.01482326575902071
113 m 58 0.017379142881629117
113 o 97 0.08999534918039909
113 v 6 0.144298382888425
113 w 11 0.027381488945726895
113 x 59 0.0432509001206387
113 y 141 0.1187141353989365
114 a 36 0.04274430415095121
114 b 153 0.05971290619373826
114 c 125 0.013507173659689342
114 h 84 0.07089536135200492
114 k 146 0.10402090829852095
114 m 103 0.0016616744388475713
114 n 87 0.06885020688254895
114 o 42 0.13775445434141442
114 p 77 0.11586841745947407
114 q 169 0.06531922389193523
114 v 112 0.0026091806705487164
114 y 135 0.20513924743420753
114 z 155 0.045688275625095254
115 e 153 0.11984970871745615
115 g 85 0.12420508190456969
115 j 120 0.10880678427496104
115 m 125 0.07467268731422083
115 s 158 0.16351847804411612
115 t 40 0.03631390543835855
115 u 91 0.008666171700055791
115 w 52 0.2822801575272207
116 h 49 0.06852298191841355
116 q 29 0.389254324722751
116 r 168 0.1330313539128093
116 x 152 0.01483859241304053
117 a 24 0.018769558883104276
117 b 69 0.10451367012767832
117 i 27 0.174577542318883
117 k 166 0.06712295562088144
117 m 87 0.024244962301670947
117 o 126 0.021775520464556997
117 r 25 0.26291155071657
117 u 117 0.05587008719207487
117 y 56 0.05382440660594001
117 z 111 0.03880132008366299
118 d 137 0.0002504993248655385
118 e 39 0.15857108360498562
118 f 122 0.06352652339528297
118 k 92 0.10011862312340836
118 l 1 0.08027941651322834
118 o 31 0.13678122863130293
118 p 19 0.024847789466969306
118 q 76 0.027711194676311557
118 r 87 0.060241083822274
118 u 111 0.06502832382919455
118 y 56 0.17171642631148443
118 z 107 0.015077293853217766
119 a 168 0.008259050384248567
119 b 127 0.07980107424407623
119 c 148 0.06490490431902174
119 e 129 0.09132740618025692
119 f 140 0.05346178589258099
119 g 74 0.05421243256472319
119 i 62 0.0007692747922841692
119 j 156 0.01574230893638473
119 k 155 0.003433643544861309
119 l 62 0.06369175030931395
119 m 112 0.06322577733788537
119 n 41 0.08436394760975707
119 o 159 0.01708348576564478
119 r 100 0.026664009555829593
119 s 165 0.03701428414049368
119 u 111 0.20887725688734338
119 w 130 0.029600888516983392
119 z 102 0.048628766091157516
120 b 106 0.2188123830892098
120 t 67 0.15860828233405777
120 u 130 0.2265099980464017
121 k 105 0.34764531649477115
122 m 34 0.19345817194004256
122 u 1 0.2811961511926213
122 w 129 0.22076485862456896
123 s 144 0.30789173368398903
124 a 28 0.034686175093842864
124 b 82 0.020775428536666918
124 d 148 0.08895584330038209
124 e 134 0.017969290346264155
124 f 99 0.047859436035412095
124 g 67 0.015517333765416641
124 j 50 0.03907502195617285
124 n 70 0.022603118546398515
124 p 89 0.22539712658451938
124 v 141 0.06996466271711699
124 w 122 0.23021860671276617
124 y 144 0.08060826271769539
125 b 38 0.0016048625082071277
125 c 88 0.026452242526552983
125 d 22 0.0069941049496663465
125 e 39 0.035039016583201854
125 f 126 0.037035159575979804
125 g 46 0.06134088596780363
125 h 19 0.05423229961902909
125 i 54 0.01854036632600431
125 j 146 0.027988974246389686
125 k 170 0.0037145685829285124
125 m 24 0.052241510186335716
125 n 58 0.2299631932558176
125 o 30 0.004147461775764527
125 p 61 0.07898716918590076
125 r 117 0.005174281537725811
125 s 63 0.01098166008810364
125 t 107 0.037094869970317634
125 u 144 0.01159243907689722
125 v 37 0.016820118500111003
125 w 122 0.008385110878144753
125 y 70 0.19831303312757398
125 z 2 0.05707884449570433
126 b 78 0.6737616109761705
126 g 50 0.08817289390366234
126 j 31 0.009089682590269432
126 k 24 0.10638876040276934
126 o 55 0.05330254188448458
126 w 73 0.026181195170238647
126 z 146 0.00043604729529655994
127 b 44 0.13073688096348446
127 c 135 0.01681475078513961
127 e 129 0.08497533117159783
127 f 106 0.04208687613212514
127 g 132 0.008081588983539612
127 h 79 0.05234332661314933
127 i 116 0.011707380672198453
127 j 154 0.022213980043110926
127 l 18 0.17274731559994283
127 o 90 0.04148867868285677
127 q 26 0.026371085539155126
127 s 22 0.05597178147888604
127 t 57 0.009425041649997579
127 u 78 0.041852569991939204
127 v 139 0.006547659748364687
127 w 120 0.04628703882022267
127 x 118 0.044784483728021574
127 y 101 0.003753377301170868
127 z 97 0.05647708704561827
128 a 155 0.038536663183594944
128 b 67 0.02369544916924482
128 c 153 0.04591254812853063
128 f 147 0.00848229458812566
128 g 52 0.12962198655723944
128 h 166 0.03865402693749509
128 i 7 0.005097790468197028
128 j 56 0.02143329174861508
128 k 0 0.052950333049134546
128 l 33 0.033963932059273394
128 m 7 0.004282395030180242
128 o 87 0.05196023588476617
128 p 112 0.08926903190512159
128 q 139 0.052107658607010165
128 s 133 0.09205247706618858
128 t 22 0.026164203144044662
128 u 124 0.1033133990263787
128 v 95 0.007347683738215038
128 w 138 0.05821538302112328
128 x 129 0.06959462163703167
128 z 59 0.005810277197904723
129 a 107 0.005108158715956379
129 b 121 0.003291754694721427
129 c 59 0.06360845785317504
129 d 64 0.048497512328808945
129 e 134 0.014284532083621015
129 f 50 0.049968233256870165
129 g 109 0.09335227476799213
129 h 68 0.012462928210053459
129 i 157 0.14860190637112258
129 j 111 0.04726484217624638
129 k 99 0.01843341603080262
129 l 0 0.08552244678313459
129 n 85 0.01765040129230455
129 o 1 0.005873445755192552
129 p 48 0.029731400830711796
129 q 146 0.06435855434138327
129 r 173 0.0029916447333562246
129 s 65 0.02402442002042282
129 t 170 0.015112344588251059
129 u 44 0.029160798732085658
129 v 52 0.029718532164134337
129 w 132 0.04098627601059879
129 x 101 0.07451439520480274
129 y 28 0.04511156060014698
129 z 103 0.009669936913153987
130 a 118 0.05872641416639057
130 b 43 0.02266162748946421
130 c 100 0.0008837197188735768
130 d 172 0.013796685246282081
130 e 147 0.04330179868052486
130 f 115 0.02626701559885325
130 g 138 0.055260238149169694
130 h 130 0.039386083564954544
130 i 79 0.06324240604411702
130 j 90 0.03017573910941196
130 k 174 0.008095953760033359
130 l 63 0.03884632319792558
130 m 20 0.06270031885160154
130 n 9 0.03751060331311651
130 o 117 0.019715769937900918
130 p 25 0.039603927865084376
130 q 45 0.05255810057777954
130 r 93 0.004945922246290868
130 s 43 0.006751638411642058
130 t 63 0.0063032807546610226
130 u 63 0.014832088633618734
130 v 58 0.04643699466874551
130 w 99 0.0015443917112878403
130 x 114 0.07737684934968014
130 y 75 0.16138664015802173
130 z 58 0.04705793796898383
131 e 100 0.2633336639595075
131 l 3 0.23484433081264777
131 z 18 0.21150941656222966
132 a 119 0.12235873800779062
132 b 16 0.07383528036683729
132 d 112 0.06175384106932491
132 f 139 0.029638503350681633
132 g 103 0.2741734177785822
132 h 32 0.04255533724059113
132 k 85 0.18730412378273487
132 q 124 0.07080999244104214
132 s 50 0.07626720258043707
132 t 9 0.015463156679817125
132 u 28 0.03914577637561101
132 x 161 0.004085082779241578
133 e 167 0.09667152298076942
133 g 155 0.06810273215858997
133 h 18 0.033942521324476616
133 l 145 0.04046218096133569
133 m 8 0.06327225387097524
133 p 20 0.0047227596586886245
133 r 143 0.036148850161369706
133 t 140 0.025453725215701772
133 u 14 0.212477802068604
133 v 169 0.15028767758630246
133 w 15 0.0013979821517926538
133 x 72 0.15879299977935923
134 v 99 0.06979160120378436
134 w 96 0.37373330743480404
134 z 122 0.14363767950110284
135 o 154 0.4733731401976252
136 c 125 0.17809680378270298
136 d 166 0.11033571282271315
136 f 96 0.33993775470807086
136 g 57 0.14824171509005357
136 h 22 0.006690785361916474
136 l 149 0.12258376234591961
137 c 103 0.4015119345797571
137 x 136 0.20718503966502066
138 b 107 0.08461374186383219
138 d 0 0.04770635018766578
138 e 165 0.034260333812502375
138 g 79 0.033088473556125764
138 h 37 0.002145195113372078
138 i 20 0.07427070685909876
138 j 24 0.11144262139381533
138 k 8 0.08975494581070331
138 l 168 0.012100954545853138
138 m 22 0.004694645404640374
138 o 139 0.07229283669653441
138 p 113 0.02610080680909188
138 q 90 0.11354634884520243
138 s 87 0.16188719886770664
138 u 105 0.011348888274689606
138 w 65 0.10153584074920274
138 x 39 0.01060305179272436
138 y 126 0.007085954084753876
139 a 76 0.07747045526070884
139 b 90 0.23941071880959974
139 c 143 0.06807603088635905
139 d 104 0.019528240257223994
139 e 47 0.04138874102537715
139 g 25 0.02652366330004996
139 h 17 0.09883551808437108
139 i 24 0.03863745430482646
139 l 172 0.0895994509637199
139 n 48 0.025437642385855885
139 p 87 0.054078800189023
139 q 75 0.004591828292239586
139 r 168 0.002479752433908633
139 t 79 0.0019578129430890545
139 u 70 0.022394095088762334
139 w 60 0.015320058334818198
139 z 14 0.032478337168442284
140 a 110 0.2890030104271363
140 j 163 0.051879773238075355
140 n 44 0.055411654428022206
140 o 125 0.03194633319934814
140 r 67 0.13733758919896477
140 t 112 0.2944133298677827
140 v 48 0.046289684414955734
140 x 5 0.008711265499013243
141 e 33 0.20208870769256448
141 f 159 0.030930163990582793
141 j 82 0.07661210959518716
141 k 3 0.04956561684427219
141 p 81 0.03587146177439804
141 r 24 0.038494662284842995
141 s 133 0.021993743325048776
141 t 3 0.09661417994240673
141 u 19 0.031903347291688866
141 v 80 0.0019019961768110827
141 w 128 0.38174025395204747
141 x 157 0.020390863526362435
142 a 84 0.0742471440897935
142 b 7 0.12749697139561045
142 c 22 0.03576389775037281
142 e 17 0.00414471034138908
142 f 9 0.027494143705196095
142 j 97 0.16874068239035933
142 l 48 0.0020832830326240614
142 o 48 0.06280691432930718
142 r 150 0.01982549344485829
142 s 170 0.023286644007348256
142 t 4 0.13265017203234442
142 u 96 0.0033476719422359524
142 v 137 0.037868347523870804
142 y 1 0.0167008578412966
143 b 44 0.024146496022813824
143 c 5 0.004526903354452938
143 d 5 0.10162957890463586
143 e 1 0.004739236743471986
143 h 129 0.017271041674205345
143 k 78 0.046899418310481056
143 l 29 0.042334730758599726
143 m 173 0.07977797669527309
143 p 3 0.094855095333646
143 q 62 0.046520428262226576
143 r 19 0.05307386035694239
143 v 146 0.05483981694032891
143 w 81 0.07872668201454547
143 x 132 0.2505228890684347
144 a 158 0.035300352497964704
144 b 154 0.0057068473984343004
144 c 126 0.03226044748516976
144 d 2 0.03587221545258035
144 e 78 0.020546888003490582
144 g 169 0.01885750966670985
144 i 83 0.14258843983835612
144 j 36 0.05998719721095225
144 m 72 0.012980313520190023
144 n 15 0.00487877505040768
144 o 120 0.03302338604415822
144 p 93 0.07249424635940527
144 q 28 0.09214179562097768
144 r 124 0.005980745151573541
144 s 1 0.025607720800925438
144 u 65 0.01813540657343715
144 v 174 0.19597534837922237
144 x 147 0.0842322798274836
144 y 4 0.0244753531950066
144 z 62 0.011665368026632317
145 a 77 0.01374225344809299
145 b 18 0.04216896217711963
145 c 2 0.02665115980752253
145 d 157 0.15734636721806783
145 f 124 0.06831922909997212
145 g 0 0.02325526783372578
145 j 150 0.14622889985204057
145 k 151 0.04269642219394176
145 l 66 0.05629451004109298
145 m 59 0.015965326257674994
145 n 117 0.06208847359493708
145 q 157 0.018978346285366987
145 r 119 0.014820535423624936
145 v 64 0.06776075388015546
145 w 108 0.0008358668302854699
145 x 161 0.015578094330004011
145 y 55 0.01538913638081607
145 z 9 0.19130256548614222
146 a 137 0.042215501050107074
146 b 131 0.02224682835252123
146 c 134 0.0025923157361961158
146 d 128 0.03491971659243809
146 e 18 0.00946418458563203
146 f 7 0.110839542416312
146 g 100 0.06429276205661216
146 h 30 0.09305359855233408
146 i 106 0.020297958586132814
146 k 1 0.0014468673965960521
146 l 30 0.014960409437634992
146 m 35 0.006145403295371166
146 n 113 0.04316074117831026
146 o 117 0.13032399493370606
146 p 141 0.08784763302260912
146 s 158 0.05389741164869666
146 u 81 0.0875053288644776
146 v 82 0.0017926050120170567
146 w 107 0.01787920373392038
146 x 82 0.013666514954333131
146 y 105 0.08447714982825227
146 z 125 0.034253071271391766
147 b 148 0.0702170566795195
147 d 174 0.025005776894277743
147 h 107 0.02773630456423437
147 k 66 0.13829601054222396
147 l 165 0.0209545628371125
147 n 8 0.21217893603794213
147 o 27 0.09671087397098765
147 q 46 0.09468199220757834
147 t 96 0.031068656857285104
147 x 115 0.04002519765980084
147 y 3 0.21839344727900656
148 a 159 0.011039301285943437
148 b 149 0.09152807998330348
148 c 140 0.0512646649239753
148 d 35 0.046478016208068906
148 e 106 0.011461812865212528
148 f 57 0.007768730365431686
148 g 67 0.024891643641973493
148 i 2 0.04079500908598277
148 j 122 0.0649574474588992
148 k 53 0.018817128151671803
148 l 161 0.01100886023128933
148 m 45 0.03598300786393405
148 n 154 0.002435667252566054
148 o 16 0.05251138470097616
148 p 156 0.017570031240410233
148 q 130 0.03138778206288162
148 r 51 0.03338240091570854
148 s 55 0.08693013837006047
148 t 104 0.017721570576820556
148 u 17 0.0157603679301227
148 v 20 0.11795049402706215
148 w 60 0.0012928488203578503
148 x 129 0.09756338899911143
148 y 80 0.07827692230333017
149 w 142 0.8359513746062467
150 a 38 0.008966181490311587
150 c 111 0.13877562542213184
150 h 83 0.1404282994743078
150 k 61 0.2787164091806499
150 m 138 0.027363574307469496
150 o 3 0.17168035985539598
150 r 35 0.032471192128175064
150 s 16 0.04222477283450288
150 u 88 0.025244701725292584
150 w 15 0.11093891456289273
151 d 155 0.19792891775692356
151 k 2 0.11945465354319229
151 o 57 0.3331512281981376
151 z 63 0.11919166989661889
152 e 40 0.04414387158633559
152 g 23 0.002511898958943326
152 j 77 0.08403231288792035
152 k 20 0.10672825499579142
152 n 46 0.1257160355098641
152 q 76 0.12838836409531307
152 r 150 0.033644329455864264
152 t 143 0.10650394886250159
152 v 68 0.25733208667228213
153 a 2 0.11427592086884308
153 d 76 0.08259208211007485
153 f 111 0.014849992408790258
153 g 139 0.03726065737568429
153 i 94 0.03661923567692815
153 k 0 0.0745084884212337
153 l 169 0.006100605690271488
153 m 147 0.0008172809900993672
153 n 113 0.010049519108172755
153 p 15 0.05089187123344585
153 r 169 0.12068753437316626
153 u 14 0.004005313860169224
153 v 26 0.07414778809919131
153 w 58 0.10207216488395177
153 x 174 0.009904481940160359
153 y 98 0.15225149631397528
153 z 36 0.06831497175120849
154 a 145 0.07523766968373946
154 b 153 0.01932655953860607
154 c 79 0.10808560822410007
154 d 96 0.06134917451268085
154 e 82 0.005521041782178493
154 h 86 0.09283258343552103
154 j 149 0.0006245123467231162
154 l 102 0.13216575957030086
154 n 11 0.13018819070143106
154 o 119 0.030204983398811946
154 p 54 0.08173404569711584
154 q 37 0.015415183908510377
154 r 110 0.019274812557404264
154 s 74 0.019404918347926015
154 t 32 0.0050151806196575555
154 u 2 0.047592769309526495
154 w 30 0.06028329295123214
154 x 91 0.04048403296967906
154 y 45 0.010914478171552
154 z 65 0.020142717529248344
155 g 21 0.08398544469818292
155 k 131 0.008461168905970595
155 n 146 0.2500108645061293
155 o 140 0.17662676397087107
155 p 4 0.17329527555695967
155 u 32 0.02043724184097806
155 x 135 0.059887676331907946
155 z 74 0.046471720084881096
156 c 80 0.026563422845193307
156 e 10 0.011470859031286751
156 h 0 0.25763268575072207
156 i 39 0.023910228668734046
156 j 32 0.010564407797527653
156 k 1 0.00906385389629083
156 m 137 0.005108546505809275
156 n 9 0.06701797662065279
156 p 144 0.018399902729223205
156 q 122 0.12156066352282768
156 r 141 0.060464444124598615
156 s 18 0.18507873284843446
156 t 11 0.02697709929783032
156 v 158 0.008577415381961107
156 w 161 0.04003769482682096
156 z 123 0.08977507083996528
157 a 93 0.0015092872722559658
157 b 134 0.020502753692353215
157 c 67 0.07994744267839982
157 d 159 0.06481473010038297
157 e 115 0.04801650536738589
157 f 106 0.054079736506876586
157 g 33 0.014362872419752093
157 h 127 0.018777480745432285
157 i 104 0.01040500239526343
157 j 30 0.023844125220608636
157 k 60 0.02024555375047976
157 l 174 0.016522400835051965
157 m 79 0.0016753650266020381
157 n 51 0.015590141999394569
157 o 142 0.07760326213340785
157 p 165 0.03566445395118323
157 q 89 0.023555262204712712
157 r 124 0.08251017746076905
157 s 160 0.03590320259823898
157 t 35 0.0510932071019663
157 u 54 0.02149680658747366
157 v 77 0.03876498012701268
157 w 5 0.045272219647230716
157 x 132 0.06517100592050729
157 y 1 0.03240732901684895
157 z 109 0.04399622545673976
158 j 121 0.04834553806099362
158 l 116 0.6388187101265913
158 p 108 0.14891477367455896
158 z 138 0.12718735964279415
159 d 168 0.07203077852529804
159 o 118 0.29889053233511287
159 v 161 0.3170047589766297
159 y 123 0.26724501616442076
160 a 32 0.009998480399951104
160 b 72 0.02567709033353527
160 c 125 0.10185871051389073
160 d 61 0.05493905202789817
160 e 121 0.009728257852910094
160 f 92 0.02141026244428279
160 g 31 0.005003149076307278
160 h 10 0.0025433286449887405
160 i 62 0.03630714604616425
160 j 74 0.024615741995706375
160 k 71 0.1325279473231986
160 l 85 4.005145364982532e-05
160 n 47 0.06477434326076348
160 o 13 0.009796117628026901
160 p 162 0.05528071206762741
160 q 52 0.04477316535187992
160 r 67 0.11158055875075867
160 s 107 0.010991429617207338
160 t 15 0.00013260790773816922
160 u 63 0.01834448681635148
160 v 70 0.08875429325412432
160 w 91 0.11252843116286848
160 x 81 0.030433582602525933
160 y 120 0.016883419692183876
160 z 34 0.010300835043766554
161 f 115 0.10594242651222274
161 g 14 0.020229752470624196
161 i 71 0.0005728427628839405
161 l 154 0.05035156326928636
161 n 31 0.022116140389320638
161 o 38 0.2100176759841229
161 r 32 0.0064452361962671345
161 s 111 0.2659958425541288
161 x 153 0.1862568279388025
161 z 77 0.10241153992262797
162 a 112 0.025822701754351196
162 b 128 0.04878012935181375
162 c 156 0.12154279740825458
162 f 79 0.06184672923047607
162 g 104 0.05237901159934921
162 h 128 0.05250923934926943
162 i 156 0.07189810873147606
162 k 20 0.046248092074698266
162 l 30 0.0699450979054721
162 m 68 0.0064284976578192765
162 n 32 0.00022471921476197032
162 r 50 0.09536304319304512
162 v 106 0.028775581656210414
162 y 70 0.17211978183040455
162 z 112 0.08360037946609833
163 a 9 0.07279247671776012
163 b 14 0.13361420994091955
163 d 110 0.02780194072908071
163 f 126 0.04793722031223391
163 g 159 0.11689561347314092
163 h 165 0.056108646332770684
163 j 164 0.039896255786035284
163 k 32 0.018259834166153954
163 l 45 0.011914296638587119
163 n 11 0.1859466982288347
163 p 132 0.03760060613261995
163 q 48 0.1370097733518436
163 t 19 0.015536158936132916
163 u 55 0.027337857976097557
163 y 67 0.03823104091137286
164 a 151 0.12496187527295832
164 q 68 0.020923225069081952
164 w 143 0.24817089554485394
164 z 23 0.4055423358678577
165 a 28 0.12969672828973589
165 b 55 0.0676440086481166
165 e 107 0.061048755106937524
165 j 85 0.16359672896084831
165 k 94 0.16297005341794624
165 l 48 0.027754652715873962
165 m 69 0.016775714357881832
165 o 47 0.00853353590241257
165 p 166 0.14124549428215694
165 q 7 0.03996359439495256
165 r 16 0.0625076520122928
165 s 31 0.03038499781697157
165 t 14 0.0007957658817234758
165 x 83 0.04437180856407463
166 a 103 0.015789671431991947
166 b 163 0.21403962378271146
166 e 51 0.08093313340468788
166 f 113 0.0026533672972747224
166 g 12 0.22513447552702504
166 h 70 0.0005300374444747735
166 o 46 0.0928148097154442
166 p 98 0.005704682586632592
166 q 64 0.014237950872778349
166 u 6 0.15332935326970654
166 v 71 0.04239417736159501
166 z 85 0.006442830818677581
167 a 25 0.004795068910916411
167 b 66 0.021905749611491054
167 c 14 0.13526437541206926
167 e 107 0.10350440723238263
167 f 79 0.02317644330581803
167 h 50 0.0022732641570061274
167 i 116 0.24543274076582422
167 j 98 0.1382965525962867
167 k 137 0.1345554962369202
167 n 38 0.008192934359844473
167 o 161 0.04912236432076955
167 q 20 0.003255936012947047
167 r 36 0.004145360417807109
167 s 43 0.05018860188537044
167 t 120 0.004406512685122821
167 w 70 0.05088680066743534
167 x 16 0.007871156754448716
168 a 57 0.026665958319849636
168 b 77 0.008708980680270706
168 c 46 0.06750274138753709
168 d 24 0.07656433591720035
168 e 110 0.07571422399118
168 f 10 0.008773690733386408
168 g 6 0.0033297313667065565
168 h 5 0.06140170766910247
168 i 109 0.02546214706460015
168 j 97 0.03049301212960509
168 k 49 0.017987333924019078
168 l 130 0.02738271903061662
168 m 6 0.09149428695791473
168 n 152 0.0050260293139769985
168 o 81 1.4214270777079818e-05
168 p 48 0.12776410821925321
168 r 69 0.01580634877362319
168 s 139 0.011022227260083062
168 t 152 0.04123034177201368
168 u 22 0.013379329945178764
168 v 74 0.1054829841447692
168 w 97 0.060115278285493456
168 x 21 0.06573070647891366
168 y 139 0.0022623492866720163
168 z 165 0.005685848190823961
169 a 72 0.03143982049680516
169 b 71 0.02592550108245062
169 c 71 0.031317988744059666
169 d 73 0.09380611865362787
169 e 155 0.015803748944592022
169 f 9 0.02348413052353404
169 g 87 0.005029705203312251
169 h 3 0.16164184502935264
169 j 13 0.02733478677419987
169 k 2 0.006425412047910917
169 l 3 0.013484805548861556
169 m 120 0.005096780651967725
169 o 130 0.015659911275671456
169 p 12 0.14543469919293295
169 r 97 0.04971025069066137
169 s 56 0.05545035438888957
169 t 22 0.04575085047908012
169 u 111 0.04191167728113854
169 v 58 0.06003270325567456
169 w 72 0.013648293827880353
169 x 2 0.03856641580973841
169 y 85 0.01766472991064727
169 z 170 0.01217649087546846
170 a 36 0.026604687672701077
170 b 102 0.01658892870845119
170 c 42 0.08593559203573597
170 d 42 0.03149456070025736
170 e 80 0.19128920428418794
170 f 97 0.06296566412606441
170 g 57 0.009602897772076457
170 h 6 0.000916268681930732
170 i 97 0.0691772404304194
170 j 164 0.011582757552082046
170 m 167 0.11167222001582355
170 n 81 0.0056059573417156505
170 p 69 0.005782077610328784
170 q 48 0.06371604199527936
170 r 68 0.010794739859679936
170 s 1 0.037173478839074736
170 t 4 0.06263740577420862
170 u 90 0.02393177984868089
170 v 25 0.0578935395010981
170 w 9 0.051935788543732486
170 x 142 0.0003731867089006302
170 y 100 0.00783553932414538
171 a 147 0.06487588132534738
171 b 146 0.1126807578943757
171 d 61 0.04216569570121831
171 e 133 0.05434734866179369
171 f 5 0.09359484358180681
171 g 124 0.006583655073086669
171 h 52 0.04415871906866364
171 j 111 0.12174629922162505
171 k 115 0.03500320027057002
171 l 130 0.05603247686989954
171 m 146 0.04145340741360981
171 n 173 0.003598490829774814
171 o 66 0.01298534711399535
171 p 90 0.10419607617775184
171 q 71 0.005955727052371906
171 r 101 0.03864846789831722
171 s 119 0.010368220200793643
171 v 121 0.04379412733475385
171 w 110 0.03089645182685341
171 x 88 0.01768516362167305
171 y 165 0.04542396255074299
171 z 23 0.0002095591438082689
172 a 35 0.005895815508913049
172 b 5 0.06185847533104538
172 c 52 0.01834637763505642
172 d 63 0.0034427161670892437
172 e 148 0.0018988838637226113
172 f 37 0.08263529488034571
172 g 112 0.045791753566231774
172 i 173 0.07016757704208088
172 j 155 0.024562423743303974
172 k 26 0.11123318902685697
172 l 31 0.004663835858059406
172 m 59 0.019013350094449155
172 n 148 0.12159117640338701
172 o 119 0.06178263902043413
172 p 23 0.11359588637063645
172 q 138 0.06890669279539607
172 r 50 0.03756934552417068
172 s 65 0.038093989529846106
172 t 151 0.004173083132987476
172 u 33 0.015126237467269266
172 v 29 0.00639077456578685
172 w 165 0.0026821953097646567
172 x 81 0.0015494714712851465
172 y 137 0.04047858685078676
172 z 157 0.030877236626758564
173 a 146 0.1378408344666634
173 c 48 0.22558806376314433
173 f 163 0.009145666384517859
173 k 163 0.018606363613020815
173 n 158 0.39714171381843455
173 o 93 0.010032552673671424
173 t 131 0.17759046983557547
173 z 93 0.008813146472467226
174 a 70 0.12943587464202433
174 c 32 0.040075025974605105
174 d 52 0.0871754595513452
174 e 69 0.1069514346701087
174 f 105 0.014335620952296568
174 g 147 0.0071568120508389566
174 h 46 0.020593548397379036
174 i 18 0.00515929078123567
174 m 9 0.037095646108816105
174 n 56 0.013169803889604093
174 o 74 0.042949913701089804
174 p 97 0.04778864796507598
174 q 72 0.003935732108283019
174 s 37 0.09655480137566341
174 t 156 0.01320897844437896
174 u 50 0.036009321336676337
174 v 44 0.05474797758261574
174 x 106 0.0523818358242486
174 y 75 0.0022043876180017907
