24 26 297
0 0.031566105439501
0 0.038789059896355504
0 0.051784696114276496
0 0.13688085294081098
0 0.8276369590039883
0 0.33396604308372535
0 0.3650549124578961
0 0.007031822502838736
0 0.033737801487821795
0 0.06343671579620225
0 0.015354585521396014
0 0.12718863082385012
0 1.0
1 0.07685294830785383
0 0.04037044658746958
0 0.05131231998835328
0 0.009534546221104612
0 1.0
0 0.0005296343070977372
0 0.19170142029729975
0 0.028238393408771323
0 0.07047566243438397
0 0.029657425811948412
0 0.0002466556489377769
0 e 3 0.02824502002729601
0 g 12 0.0642730118734417
0 h 5 0.08501874821244093
0 j 9 0.026548784662624003
0 m 14 0.47546485489837575
0 o 4 0.1137932584785677
0 p 19 0.052290075805011105
0 s 21 0.05838287291724287
0 x 14 0.06441726768549894
1 g 11 0.15594616741158507
1 h 6 0.04018699522021496
1 k 3 0.012183228086370512
1 n 7 0.07032922337581582
1 q 15 0.19570552000336305
1 s 8 0.04581742385453902
1 w 5 0.09980649300444244
1 y 1 0.3412358891473136
2 a 12 0.007167917166460591
2 b 2 0.009853330624057688
2 d 0 0.08263614854715318
2 e 19 0.01748825273281096
2 f 0 0.041492138754761654
2 g 0 0.023251859244548756
2 h 19 0.08947695063985628
2 i 0 0.108823011865948
2 j 3 0.029384299202428354
2 k 17 0.00688775773991801
2 l 0 0.06736079686041718
2 m 2 0.01754217810196801
2 n 8 0.18462584315037012
2 o 2 0.008040008456591141
2 q 22 0.038564891706665216
2 s 20 0.022794931670840013
2 t 2 0.015669702421993947
2 u 3 0.0900726306450016
2 x 23 0.011110025030528381
2 y 20 0.0032972978638887707
2 z 9 0.07267533145951566
3 e 17 0.16716322205983325
3 f 0 0.0437193984867148
3 g 1 0.03584324722700305
3 h 3 0.06178714316979805
3 i 17 0.05514286718658501
3 n 23 0.09029116351084032
3 r 17 0.00021031049996078632
3 s 1 0.18320634883305054
3 v 12 0.165049499408515
3 w 16 0.052395615999050404
3 z 10 0.008310330677837818
4 s 6 0.17236304099601174
5 a 10 0.03360223637476023
5 b 9 0.04345257774619171
5 h 19 0.0015110694366886612
5 i 13 0.023116465048489854
5 m 10 0.1538170958854378
5 n 5 0.04612432067054917
5 q 5 0.11045983932492931
5 r 0 0.004724663294499165
5 s 3 0.03398896011461683
5 u 13 0.11318272905105575
5 y 17 0.10205399996905617
6 m 12 0.16463387926151818
6 q 1 0.30413441506728855
6 u 0 0.028604469394278298
6 v 21 0.13757232381901885
7 b 9 0.024720000352424498
7 c 23 0.12765364495772857
7 d 5 0.002039775040835634
7 e 10 0.014504966380908035
7 g 13 0.14373767369371615
7 i 19 0.0014391794952847148
7 j 13 0.07034683685422827
7 k 3 0.028057522249972267
7 l 23 0.040424290583291556
7 m 11 0.020305218987059392
7 n 19 0.19810063055685867
7 o 20 0.08003875460083776
7 q 19 0.05841152112012171
7 u 11 0.002286094829831886
7 v 9 0.09431819578179623
7 w 2 0.08658387201226592
8 a 8 0.031287710183016015
8 c 12 0.1663364248426059
8 d 20 0.063313814149774
8 h 20 0.04315253110324013
8 i 21 0.0417383305940614
8 j 14 0.010659747341077441
8 k 19 0.09391888264455217
8 m 5 0.01609130703370909
8 n 11 0.022566969220211952
8 o 3 0.03127823419932663
8 p 8 0.06247472401173215
8 q 0 0.04818424307585489
8 r 22 0.013067146625601822
8 s 14 0.022569955363685335
8 v 10 0.016452323557537785
8 w 9 0.0013635685451838242
8 x 18 0.10975446989896098
8 z 23 0.17205181612204667
9 a 6 0.012907932893866936
9 b 17 0.07619049761963947
9 c 7 0.11079064625561774
9 e 15 0.009838464680856918
9 f 7 0.0575831111177465
9 g 13 0.017462223026879387
9 h 0 0.1651750467127513
9 i 4 0.003621422987955758
9 j 17 0.003619161257079506
9 k 11 0.00021299810546293596
9 l 8 0.036606733521152846
9 m 22 0.1587318434231516
9 n 14 0.010746981846910142
9 o 13 0.0029075921728787257
9 q 7 0.0077822264729096036
9 s 14 0.01863393823666737
9 t 6 0.0021093716963694886
9 u 22 0.04058040439769073
9 v 1 0.02215273852876032
9 x 0 0.013215479616897619
9 y 0 0.11356921583071977
9 z 23 0.05212525380183308
10 a 7 0.016528869930851897
10 b 9 0.021074743203748025
10 c 23 0.0029588429722193776
10 d 2 0.018464092061444726
10 e 2 0.0028989989382550707
10 f 13 0.02709453403186779
10 g 19 0.009821092486259064
10 h 2 0.008259469522547414
10 i 23 0.004220199002096692
10 j 18 0.07917704126160074
10 k 6 0.0008203687888413969
10 l 17 0.041531581448217225
10 m 20 0.022944925142030392
10 n 10 0.20100643381386896
10 o 18 0.1273609743908547
10 p 9 0.031207898914959564
10 q 9 0.02324029359592128
10 r 8 0.16643969496212974
10 s 20 0.04558259021209887
10 t 16 0.07564776495090919
10 u 17 0.023454170849486977
10 v 13 0.0002758632016102158
10 w 0 0.013487031655813775
10 x 19 0.0017755195746969044
10 y 12 0.004836373667999716
10 z 23 0.014536045898274286
11 a 22 0.08330683710694897
11 b 15 0.030515299804760643
11 c 17 0.00903993761612909
11 d 11 0.013734657831819708
11 e 14 0.008202277980672523
11 f 19 0.039361665196031126
11 g 0 0.023918755667815095
11 h 4 0.05844424567925344
11 i 3 0.022782741650313798
11 j 3 0.027561529765063764
11 k 23 0.0006635627016281509
11 l 4 0.006273090633273304
11 m 21 0.0011664776866752158
11 n 20 0.02450450785548297
11 o 13 3.807535060273981e-05
11 p 21 0.05289644451465081
11 q 10 0.1532891516380388
11 r 23 0.0006855422497075159
11 s 5 0.03494071903548712
11 t 7 0.017172455929148622
11 u 1 0.01668522639465453
11 v 0 0.04614350598913863
11 w 0 0.15343965361050327
11 x 22 0.021470979576383442
11 y 13 0.02190282824493306
11 z 15 0.004671199467033538
13 c 12 0.1484402768965981
13 f 4 0.06409047378562749
13 h 20 0.12730091489500328
13 p 12 0.2011577197910246
13 q 14 0.17059024086581154
13 s 2 0.07818583237439658
13 y 21 0.08898345797080465
13 z 12 0.04439813511287993
14 a 6 0.022606828040019344
14 b 13 0.10428558372417929
14 c 6 0.025606087862643956
14 d 4 0.04431277543182166
14 e 5 0.004358641397859908
14 f 16 0.1187748210661489
14 g 3 0.05446090019192673
14 h 16 0.06562667369475117
14 i 16 0.03079044992010249
14 j 18 0.0004753811536057917
14 k 20 0.008694516637856808
14 l 6 0.03534593234212735
14 m 0 0.027878565143672374
14 n 9 0.09550366982880898
14 o 23 0.0026220054210845944
14 p 20 0.04905071248477555
14 q 17 0.023961388409839746
14 r 14 0.011099584948144003
14 s 22 0.0169756085909607
14 t 11 0.023667626932295516
14 u 5 0.02629994468122221
14 v 11 0.06361841773903887
14 w 1 0.013707017880730477
14 x 1 0.006737786204244034
14 y 9 0.0313275482272759
14 z 12 0.051841085457394076
15 a 8 0.07503242609180072
15 c 22 0.006432163603782182
15 d 22 0.1379679044599793
15 e 23 0.13844488480623496
15 f 5 0.07900042475912938
15 g 7 0.017580813061423894
15 h 12 0.03796973395395431
15 i 0 0.02976204322854048
15 m 1 0.07678309324049437
15 n 3 0.03944903646654019
15 p 12 0.0222872792946196
15 q 23 0.020430509392934337
15 r 4 0.04815745384843284
15 s 9 0.00022369976477132347
15 u 21 0.03013304902273284
15 v 12 0.17871896371640816
15 z 3 0.01031420129986782
16 c 10 0.11727274461522397
16 d 8 0.009682391138937319
16 l 16 0.5363133464446864
16 n 3 0.009459692694452904
16 q 7 0.02963141538883529
16 v 20 0.27262192151893516
16 w 7 0.015483941977824323
18 a 15 0.006005604994679947
18 b 9 0.0032584175575606222
18 c 23 0.07235054509121508
18 d 2 0.045843403371912506
18 e 1 0.054194209268453086
18 f 8 0.0936466862959785
18 g 13 0.005694547985022336
18 h 6 0.028129474790657194
18 i 11 0.0010659890497117797
18 j 5 0.026310632392647082
18 k 19 0.17994589454555732
18 l 15 0.01924126097100265
18 m 23 0.0773507559866361
18 n 22 0.09301630815972106
18 o 2 0.01614468969109384
18 q 19 0.02372679786757903
18 s 1 0.03887995957037005
18 t 3 0.014143895631742343
18 w 13 0.024746392429268016
18 x 0 0.015503226213561705
18 y 21 0.01051695900832006
18 z 8 0.14975471482021196
19 b 3 0.029034252526840332
19 c 13 0.22868745958731596
19 d 17 0.0009979631358451035
19 f 5 0.22293342332369182
19 g 11 0.1497920756733554
19 i 17 0.12787121842493554
19 s 3 0.0020214608925014366
19 y 15 0.04696072613821467
20 a 11 0.21665721783360803
20 c 18 0.002529075390413249
20 e 20 0.06438916576499043
20 g 0 0.10445873870043387
20 i 23 0.13809389520519655
20 k 18 0.1269244979270886
20 n 1 0.014959701340923504
20 v 23 0.22458012735694666
20 y 15 0.07916918707162779
21 b 15 0.06220461257653087
21 e 10 0.01263477891389575
21 f 21 0.1248223079045977
21 g 15 0.020054464221298862
21 h 10 0.08881009250174043
21 j 17 0.24718663467573898
21 m 16 0.012074096855426597
21 n 18 0.04956742397002678
21 q 0 0.0011769775731249599
21 s 11 0.097557325178101
21 t 23 0.0861225099923022
21 u 21 0.003164894161479137
21 x 3 0.04224460875703728
21 y 18 0.08190361028431548
22 a 11 0.10698954127880445
22 d 17 0.025179896678636404
22 e 21 0.07924093861118964
22 h 7 0.018674961937951262
22 i 6 0.011728279891543791
22 q 23 0.6902577121801247
22 w 1 0.038271243609801386
23 h 19 0.2352213412029872
23 j 4 0.4695417455213081
23 l 16 0.03790714197451173
23 o 14 0.04804956039208619
23 t 17 0.1733917294056032
23 v 2 0.03564182585456577
