100 26 1284
0 0.16019955781709982
0 0.016734907625981954
0 0.0612302505178437
0 0.007668959504761097
0 0.08751724632928981
0 0.02368822184164876
0 0.012598585127022832
0 0.039102125733490034
0 0.04518621385668331
0 0.06557939222297726
0 0.07781473479977108
0 0.0378700709054286
0 0.10205514872382293
0 0.006097337939838687
0 0.0433573805285683
0 0.07624001434544148
0 0.09825858410677424
0 0.014151436014693264
0 0.01935534513197268
0 0.06576064711499141
0 0.12208652447314972
0 0.029718692186124107
0 0.08763195294243098
0 0.02137448133978259
0 0.09258250652811872
0 0.04460812104855394
0 0.030114594733693267
0 0.9396922968098059
0 0.15977030060878972
0 0.045723661533462856
0 0.00951221653263945
0 0.010393504962828204
0 0.030231229096151835
0 0.10559462455313429
0 0.047911590694826756
0 0.009558751527551812
0 0.02276021351006352
0 0.0773088856167603
0 0.03384351805029151
0 0.24056484172329584
0 0.04189269774512594
0 0.18836987147362827
0 0.05471581295507799
0 0.3397710594606477
0 0.5478985500260861
0 0.05656656996086196
0 0.006904440857571359
0 0.15366186244566216
0 1.0
0 0.001759609222498515
0 0.0013929128275369518
0 0.042733901849373646
0 0.3304403549862257
0 0.04381876167233156
0 0.04749382346490694
0 0.031022350657774922
0 0.041319394546735166
0 0.00497992097330624
1 0.012519282879827065
0 0.06032109487325232
0 0.30909053631979344
0 0.01150514861332097
0 0.08296110985615879
0 0.012548324994514304
0 0.09078200870380515
0 0.009269199377264892
0 0.11540949039298176
0 0.1566606915564971
0 0.040583974032888714
0 0.04839197256972316
0 0.012674314795386166
0 0.18715377475137807
0 0.0382602143175661
0 0.1685835271536673
0 0.009296158483152794
0 0.026550172546037087
0 0.209097015823958
0 0.08090808136591054
0 0.05166303108488024
0 0.006634380595178735
0 0.033349672838212774
0 0.020719004029800203
0 0.03453614557462492
0 0.006593982857918901
0 0.024833594317445473
0 0.24766896196999144
0 0.016301599489518592
0 0.056315618355129216
0 1.0
0 0.011375074297874876
0 0.07516001425982766
0 0.08017657735783645
0 0.0009403608704869892
0 0.08052016418970209
0 0.008694568422503712
0 0.3886174407384244
0 0.09809401995251332
0 0.08143755628894211
0 0.19878681759472794
0 0.014613074565275497
0 a 58 0.03977650509932629
0 b 13 0.02774458228798382
0 e 79 0.03918387656899569
0 i 72 0.008583771589628308
0 k 20 0.10513866282121664
0 l 66 0.0009884960249498809
0 o 69 0.07651458553079349
0 r 81 0.025683692550696247
0 s 98 0.259009953238053
0 v 23 0.015913824048781722
0 w 36 0.15157702557777342
0 x 42 0.08968546684470169
1 a 96 0.059040826583361405
1 b 59 0.03330639882144848
1 c 79 0.011632471054639382
1 d 2 0.032129993065531104
1 e 14 0.02305924015301175
1 f 18 0.010154367704256373
1 g 17 0.050588964429937655
1 j 8 0.07085061793241021
1 k 37 0.04412958352817631
1 n 51 0.17687252524201336
1 p 99 0.11894613717343372
1 r 75 0.062418089643496155
1 s 96 0.02709512999289898
1 u 85 0.026288626455012176
1 x 70 0.12945875251664052
1 y 93 0.02379224362010368
1 z 57 0.08350112445764679
2 b 93 0.08147301159511333
2 c 16 0.030607080871469905
2 f 47 0.17299050936031524
2 g 27 0.07100940124978394
2 h 58 0.13133318841561026
2 j 1 0.2380237927640234
2 k 70 0.056528772227449675
2 l 9 0.06157460900139078
2 s 2 0.011423487248678255
2 t 53 0.0838058967483215
3 a 3 0.01797427307760069
3 b 71 0.017734801715320825
3 d 67 0.02777115754860382
3 e 49 0.018404929460950403
3 f 9 0.06946125461218944
3 g 73 0.02884750668879632
3 h 19 0.017626335098629653
3 i 1 0.11476090836556907
3 j 69 0.027513728844892005
3 k 1 0.008478072389543456
3 l 73 0.07884126119267743
3 m 52 0.017523537502914244
3 n 61 0.03457644097731827
3 o 50 0.08020132216504383
3 p 3 0.07952993523346497
3 q 78 0.08376620633386711
3 s 85 0.012921361901417572
3 t 13 0.059722079769626624
3 u 26 0.03869634642904485
3 v 58 0.020095549077546737
3 w 84 0.08464639156814324
3 x 11 0.0068494484379038045
3 z 14 0.04638819210417455
4 a 28 0.13260352198990033
4 d 68 0.049476147549827654
4 e 99 0.038505526281973124
4 f 29 0.013571696737664118
4 h 69 0.021677691947323163
4 i 14 0.004739560573742585
4 j 47 0.04624729723164911
4 k 67 0.15924656133317094
4 m 67 0.011932016636739151
4 n 78 0.034893746852519225
4 o 6 0.030672804875103044
4 p 0 0.01302079712787485
4 s 86 0.05353863764922073
4 t 90 0.023567822759960277
4 u 44 0.051901085214760445
4 v 87 0.018847576893732176
4 w 46 0.030020155185456976
4 x 24 0.12769508048828881
4 z 39 0.05032502634180347
5 a 69 0.0357474472306224
5 b 79 0.0706111069056975
5 c 0 0.022377157710979145
5 d 28 0.009595857125017093
5 e 34 0.1332283041690766
5 f 75 0.055417961511874614
5 h 11 0.03546809275656415
5 i 27 0.0007200345665302477
5 l 19 0.022391066965814277
5 n 9 0.04435792947418804
5 o 71 0.008934172097861404
5 p 8 0.06290777316495533
5 q 98 0.012373754926897296
5 s 44 0.02521086675921569
5 t 15 0.03686714076010578
5 u 74 0.029579715593306966
5 v 39 0.11080754221059241
5 w 18 0.04646019731818918
5 x 87 0.19981533132504548
5 y 26 0.006691113381868785
5 z 69 0.006749212203948862
6 d 90 0.12040433774332993
6 e 61 0.008864636337760579
6 f 20 0.01587426626619981
6 g 55 0.004399391074849213
6 h 58 0.020532564566290934
6 i 76 0.09562231887896255
6 j 20 0.030235916987705225
6 k 82 0.17636447755649987
6 l 81 0.046664656558536244
6 m 30 0.0035090246246626267
6 o 31 0.004454846426877768
6 p 80 0.08134322393603954
6 q 14 0.10103033234217451
6 r 14 0.005782865645400315
6 t 55 0.0012233693833103576
6 v 9 0.06547290559876029
6 x 27 0.1817462001713709
6 y 25 0.021656260699873586
6 z 3 0.0022198200743729357
7 d 19 0.28558124687414754
7 g 62 0.04303256959908086
7 h 78 0.07653293816633522
7 j 25 0.05223713363972737
7 k 77 0.04623568044639348
7 o 55 0.2063616716164226
7 q 1 0.010067095769860313
7 t 81 0.0060579977371511
7 u 72 0.022858710111187563
7 w 40 0.11877337918181041
7 x 20 0.0931594511243935
8 a 18 0.05291210681287151
8 b 60 0.007110826570777551
8 c 60 0.03497982451275483
8 d 18 0.022613903675133495
8 e 85 0.10569302954219839
8 f 31 0.0023708141168684582
8 g 81 0.03034853018818018
8 h 34 0.015682574211893896
8 i 80 0.0012208952695385022
8 j 48 0.027710884138215652
8 k 77 0.028062621305636193
8 l 1 0.02981361166410723
8 m 94 0.008478267632106018
8 n 64 0.06974096945915287
8 o 92 0.11047837768219437
8 p 36 0.1177769129209274
8 q 9 0.004634774745380765
8 r 34 0.0005615913109958681
8 s 57 0.07656728242740596
8 t 84 0.007055944871628417
8 u 83 0.050413506965350185
8 v 14 0.03696672147736435
8 w 35 0.01011550245091486
8 x 79 0.033775881570153765
8 y 82 0.01297458454513234
8 z 74 0.056753846076433634
9 a 83 0.011819439705310408
9 b 77 0.006807245615468083
9 c 90 0.029631997933365795
9 d 61 0.010496453735858391
9 e 61 0.029499120308795312
9 f 63 0.001362708448501282
9 g 34 0.01969417336399326
9 h 44 0.02234672336137733
9 i 44 0.009434359885388433
9 j 9 0.038859324576153154
9 k 86 0.07288838360837402
9 l 91 0.1340070007808749
9 m 60 0.004437379042104395
9 n 19 0.08602489206618924
9 o 59 0.01312342562936275
9 p 19 0.06359271285494894
9 q 43 0.06454334040971543
9 r 83 0.037154097635023864
9 s 62 0.022627597362747554
9 t 72 0.014887323306917888
9 u 69 0.0756064807812844
9 v 0 0.00608602962086191
9 w 42 0.016769521569140022
9 x 49 0.08706171305677513
9 y 36 0.04544176280722345
9 z 53 0.010217400311267388
10 b 65 0.05821642631245039
10 d 44 0.18306965113569795
10 g 3 0.09426837167883739
10 l 47 0.11593445716487016
10 z 17 0.470696358908373
11 a 87 0.05505789193181099
11 f 74 0.11283335889652624
11 m 23 0.008097153202383134
11 p 53 0.051831558811873624
11 r 34 0.1337669750866941
11 s 30 0.09557992338373311
11 u 8 0.00817859570390489
11 v 93 0.10752655560790103
11 w 32 0.12221322051922079
11 x 22 0.02417295659328189
11 y 17 0.017424168125733885
11 z 22 0.22544757123150772
12 b 3 0.11581717912126266
12 c 55 0.019347197423633
12 d 1 0.08431315705390163
12 g 9 0.06533084863221694
12 h 10 0.01855565570390927
12 i 34 0.10353700930334653
12 j 40 0.039904461068346775
12 k 10 0.002820793686298617
12 l 30 0.05807068013219263
12 n 58 0.0034415904149251997
12 o 52 0.09996630454142474
12 q 80 0.0697796857826769
12 s 13 0.01795634225715581
12 t 31 0.12297566097945078
12 u 85 0.06851743914160136
12 v 50 0.0006987420044810566
12 x 71 0.006912104029353161
13 c 88 0.030680131161168744
13 d 52 0.041281574925983944
13 e 80 0.03318608942365586
13 f 42 0.019286667729634388
13 k 32 0.024000024815963417
13 m 14 0.012772950804262662
13 n 47 0.09775166815035641
13 o 58 0.03527994565045922
13 p 92 0.1353320659631363
13 q 10 0.2939370105154623
13 r 22 0.0401880818933672
13 s 69 0.019931475670958876
13 t 10 0.01878707489218223
13 w 26 0.034321050932722086
13 x 34 0.09702700403321562
13 y 79 0.06013984549763207
14 a 29 0.06304342048088363
14 b 66 0.007514553373763944
14 c 90 0.07048094064619514
14 d 79 0.012977306394253985
14 e 20 0.006833522985956408
14 f 20 0.06999839026951737
14 g 42 0.02636959854330201
14 h 1 0.001100567619295556
14 i 7 0.00694303299247967
14 j 43 0.02179966700241731
14 k 95 0.06648840584914029
14 l 17 0.013599929947194611
14 m 7 0.014944890226316732
14 n 49 0.08165087619435873
14 o 9 0.04374191193749255
14 p 20 0.02296738488931216
14 q 43 0.010384942549092169
14 r 0 0.021874369161847707
14 t 75 0.11564501062106924
14 u 83 0.03710303006904381
14 v 6 0.04978694089893487
14 w 88 0.09359708857466642
14 x 15 0.014286926314420079
14 y 72 0.024927418633140075
14 z 46 0.058582493297337224
15 r 25 0.8830955917154458
15 v 97 0.0406643939391127
16 a 45 0.005436719949331592
16 c 99 0.012656086385774978
16 f 44 0.020236235047765838
16 g 21 0.030478986168184896
16 i 25 0.38321613147943545
16 j 11 0.04335144695552806
16 l 90 0.1108796616256793
16 m 37 0.029326109761875996
16 n 41 0.041325283174741045
16 o 82 0.04339486772274048
16 p 16 0.0071310325601571245
16 s 40 0.04172118941357705
16 u 20 0.07043023836062023
16 z 54 0.062157427287813705
17 a 54 0.05093133959837737
17 b 5 0.0383062919935665
17 c 85 0.011548497846715855
17 d 88 0.012517007262609403
17 e 29 0.04879672857691264
17 f 77 0.048158569624344394
17 g 46 0.10971653386910629
17 h 76 0.0005695455010338302
17 i 75 0.07723089817527029
17 j 79 0.024891722049179776
17 k 89 0.02315857152940759
17 l 36 0.007526728232106872
17 m 3 0.03567022116797813
17 n 96 0.01231682587092231
17 o 96 0.034970179862252926
17 p 62 0.019580895394548437
17 q 64 0.05466167037856606
17 r 34 0.015093133124359004
17 s 72 0.04549995930373796
17 t 83 0.01369782557292798
17 u 37 0.0004885423951652701
17 v 68 0.0014213506764791939
17 w 43 0.03352057591966584
17 x 61 0.024244124381127996
17 y 49 0.18816724866071133
17 z 12 0.05316357701823349
18 a 6 0.05760927197799981
18 b 19 0.00037696235032302905
18 c 15 0.04518887754415002
18 d 97 0.07794660918990437
18 e 16 0.13642498142744053
18 f 96 0.017789359986504105
18 h 68 0.011722787932745948
18 i 88 0.028735646060297215
18 j 91 0.07143257326488373
18 l 51 0.016863299766545325
18 n 44 0.016306985309051947
18 o 97 0.036779127776501386
18 p 71 0.018626301915129928
18 q 93 0.0637628112333688
18 r 12 0.01723441404366266
18 s 9 0.07327996992318331
18 t 10 0.02392223252132475
18 v 83 0.06498808755830676
18 w 20 0.0994701689470403
18 x 70 0.10164337964615977
18 z 27 0.0005408064935036316
19 f 40 0.19583132412790816
19 i 35 0.17759481004682842
19 k 93 0.1673791834538828
19 o 43 0.1952676232003867
19 r 14 0.164769643021061
19 v 42 0.01806346352958066
19 x 69 0.015333305505360828
20 a 16 0.08288362115472625
20 d 0 0.05527156159116797
20 g 58 0.011354425668943513
20 h 12 0.06706192612227124
20 j 78 0.03346724315924576
20 k 97 0.03485971118664899
20 l 5 0.005813046460272364
20 n 94 0.16342361675442596
20 o 95 0.004362298625536165
20 q 94 0.04910347809932758
20 r 70 0.04892358154868215
20 t 81 0.016615903900752738
20 v 88 0.029771452630840578
20 w 35 0.09817878228892929
20 x 74 0.1151419449043869
20 y 40 0.059912767443479176
20 z 83 0.0017681139872136598
21 a 50 0.04897039843740936
21 b 53 0.13402855643247646
21 c 92 0.049253485436426825
21 d 44 0.006719823871258801
21 e 69 0.11972899455057961
21 f 60 0.07182901044143508
21 h 84 0.031169683906261292
21 i 3 0.02854504407771219
21 j 80 0.01814884229579472
21 k 35 0.03018806154791087
21 l 54 0.005110506920113278
21 m 88 0.12110152846114053
21 o 57 0.02945411124326891
21 p 79 0.03838548588662494
21 r 58 0.0010251975818481585
21 s 68 0.00731237616541125
21 t 33 0.11361828621863668
21 u 91 0.0009733532038838089
21 w 21 0.009880192303451829
21 x 15 0.06870760728016478
21 y 57 0.0064088502533619085
21 z 93 0.029721911298704606
22 a 50 0.05012546842390864
22 b 95 0.10073518627347644
22 d 11 0.057468400033136025
22 e 77 0.011834787176421502
22 f 68 0.04719391850887311
22 g 91 0.019530791894009414
22 h 20 0.006238468599098379
22 j 24 0.07617864268662311
22 l 20 0.05576793049142548
22 o 55 0.031051299686975398
22 p 92 0.05982565753485114
22 q 65 0.07847854093313134
22 s 59 0.028439292877315614
22 t 52 0.033552502975580656
22 u 50 0.13299444289316475
22 w 95 0.03399839286251605
22 x 91 0.0004222522392279826
22 z 97 0.088532070967834
23 a 36 0.04622700570093308
23 b 75 0.1306600586972707
23 e 8 0.04925123550824295
23 g 36 0.005437766670687849
23 k 94 0.05646929600269479
23 m 71 0.10390217766360299
23 p 8 0.2784544240655744
23 q 80 0.07082496639987435
23 s 57 0.0262715331490464
23 t 1 0.010712846918904506
23 u 45 0.026144801371911552
23 w 85 0.022044203883659796
23 z 25 0.15222520262781403
24 b 84 0.30375107054243433
24 c 28 0.05625123164685242
24 j 17 0.16964727692224257
24 v 49 0.37776791436035195
25 a 91 0.21942485718393323
25 e 73 0.03641798065597612
25 h 90 0.03299066537832673
25 k 44 0.06747587445112146
25 n 21 0.03677892293435159
25 s 58 0.21385998931970707
25 t 80 0.17145904141065338
25 w 72 0.17698454761737648
26 a 69 0.1807940059356139
26 f 62 0.018364533245289527
26 h 86 0.10556648473039465
26 k 26 0.045406151156403785
26 l 75 0.2527517419854629
26 p 54 0.3176164785145854
26 q 67 0.03139614091140186
26 y 26 0.005296829797347136
26 z 12 0.012693038989807559
27 v 0 0.06030770319019407
28 b 78 0.03023685352337091
28 c 96 0.012800483238540106
28 d 68 0.23452355492036925
28 g 56 0.03457262939819061
28 i 82 0.11136640912461704
28 l 2 0.0022197130402487053
28 m 25 0.023145122509883542
28 n 16 0.0921826388018161
28 o 0 0.03534769599492671
28 p 71 0.019326500920029854
28 s 2 0.027570249755893395
28 t 22 0.12578175375890055
28 u 60 0.0031808034256584072
28 v 88 0.02249834346708257
28 z 52 0.06547694751168254
29 a 26 0.001793467856342934
29 b 64 0.06097729009779773
29 c 51 0.0238068963046405
29 e 53 0.04965128556710752
29 h 46 0.051128784905476676
29 i 0 0.1327562618324598
29 j 38 0.059491813608153254
29 k 57 0.03637088565108315
29 l 63 0.04770501826421081
29 m 13 0.058167259186535425
29 p 66 0.035422270351126106
29 q 5 0.04814010646305478
29 r 91 0.02337880404824011
29 s 16 0.015956635354477222
29 u 20 0.0071655666306709165
29 v 93 0.08377567284499632
29 w 61 0.06416810968709652
29 y 32 0.10850872197597938
29 z 37 0.04591148783708798
30 b 69 0.0546325187151564
30 c 70 0.02272197731611003
30 e 42 0.01332796777577816
30 g 50 0.011924359397337825
30 h 41 0.1354544665672387
30 i 94 0.01585030424096212
30 j 65 0.06663348466763475
30 l 40 0.11676670602419825
30 n 87 0.16589355289135166
30 o 14 0.12944022954165968
30 r 33 0.13598914697185882
30 s 85 0.06323335106715489
30 u 73 0.02519670932350604
30 w 71 0.03342300896741324
31 b 56 0.006272256568330525
31 c 31 0.07602835034044031
31 d 58 0.07231139017174315
31 e 16 0.057381444783685454
31 h 93 0.021674662761371533
31 k 75 0.03382772186853522
31 m 45 0.013610301536380431
31 n 41 0.011811993526669062
31 o 80 0.07905403227116903
31 p 72 0.35919392126233984
31 q 27 0.009225568459856337
31 s 14 0.07500121055310383
31 u 13 0.08293203614794686
31 w 35 0.02137930480109307
31 x 65 0.032825190039245555
31 y 94 0.03707710994526159
32 a 95 0.07014479701767817
32 c 62 0.12072474603127292
32 e 72 0.04463552905546997
32 h 93 0.19110445637842044
32 i 39 0.012250121317597507
32 m 50 0.019656626121232312
32 r 79 0.2600694365138593
32 t 58 0.25118305846831757
33 a 92 0.1361645903082931
33 d 75 0.2015151932040632
33 i 25 0.20027078219001782
33 j 27 0.18689306147052887
33 k 54 0.16956174827396275
34 b 31 0.21734035293981824
34 h 64 0.13878578222505467
34 r 2 0.5489206713203761
34 y 35 0.0470416028199242
35 b 79 0.009579689459525809
35 h 16 0.11841433566905335
35 i 15 0.21689163963306068
35 j 51 0.07972540460227973
35 p 94 0.13478139202345818
35 q 49 0.42138642982605123
35 v 91 0.009662357259019205
36 a 2 0.009428274403927128
36 b 73 0.03339546978998886
36 f 78 0.01659549610123745
36 g 7 0.10323801570773294
36 h 94 0.08481476602170901
36 i 94 0.012153789138661053
36 j 70 0.04859967870212467
36 k 90 0.0019314641147406553
36 m 46 0.023672053609553045
36 n 60 0.005795279299843692
36 o 34 0.1292126910252388
36 p 77 0.02968302710671411
36 q 55 0.06934340580827802
36 r 40 0.019696623383528067
36 s 95 0.05029863220452768
36 t 73 0.10762062378074
36 u 29 0.01764607734829493
36 v 63 0.03505058822844476
36 w 84 0.0038246663496575017
36 x 37 0.023428744482398067
36 y 28 0.02555464127744922
36 z 68 0.1262557786051468
37 g 69 0.048707051678750446
37 h 83 0.05114224379580723
37 i 56 0.07987254953187839
37 k 13 0.28046741787589546
37 n 94 0.0004786713695589251
37 o 19 0.013906703234140783
37 q 68 0.07032214579054263
37 s 49 0.02280319831705291
37 v 2 0.11297795224727814
37 w 35 0.10870679592060617
37 x 14 0.1333063846217286
38 b 26 0.06694384027561195
38 j 48 0.5324132243300416
38 m 82 0.11819138588219102
38 o 33 0.1710640032715145
38 y 50 0.07754402819034945
39 j 9 0.7594351582767042
40 a 52 0.06245768897752968
40 c 31 0.24792917918221669
40 e 26 0.10695808224524295
40 f 40 0.01566488365935037
40 g 19 0.011901997125481789
40 j 46 0.039998970830209535
40 k 37 0.057445248715984554
40 m 72 0.006409335539435013
40 o 7 0.04478951206402071
40 q 34 0.03170007897688176
40 s 96 0.13241476518798345
40 t 47 0.06434703971629219
40 u 64 0.018376187295276014
40 v 66 0.07922894858235274
40 w 46 0.01265673940878731
40 z 28 0.02582864474782931
41 f 4 0.08373179249581153
41 g 19 0.0652285744591663
41 l 20 0.1669939715331049
41 o 73 0.025563279700541952
41 r 63 0.07446458314704085
41 u 51 0.06541408529839976
41 v 33 0.056368618625508904
41 w 35 0.1350868338875092
41 x 77 0.11251233339935884
41 y 53 0.02626605597992948
42 b 10 0.02659215813233684
42 c 40 0.0852116579634673
42 d 20 0.10159975850603009
42 f 46 0.0661533041053084
42 g 97 0.0036900114289487584
42 i 41 0.0006994498857374465
42 j 92 0.03452567990252764
42 k 68 0.05014467021218416
42 m 96 0.008134753518134419
42 n 43 0.17343486884777082
42 o 66 0.007538056631590684
42 p 64 0.020175683609196637
42 q 59 0.002488769476899799
42 r 79 0.08135078285579234
42 s 42 0.0451915210989583
42 t 68 0.006549930736581722
42 u 76 0.007641155042238168
42 v 52 0.0409479572890441
42 w 67 0.11392786238426578
42 x 45 0.03468399151058932
42 y 73 0.03220105209709978
42 z 5 0.002401111810219514
43 c 45 0.013412422576353222
43 d 32 0.009599721885102608
43 k 12 0.04354698333354423
43 m 84 0.020973972475518576
43 n 74 0.22614552598341953
43 r 46 0.3146070735335118
43 s 69 0.03194324075190236
44 i 19 0.04825860995372366
44 j 91 0.2757451228037914
44 n 69 0.05795053442877762
44 q 75 0.07014718278762122
45 b 69 0.06037977167342934
45 j 91 0.2141361538642652
45 k 46 0.010067596149861968
45 o 44 0.3375443414395064
45 v 64 0.03182714788695795
45 x 84 0.2894784190251172
46 a 60 0.017953269963985607
46 b 17 0.017091351109658537
46 c 80 0.0076005543418582455
46 d 66 0.012850190232558623
46 e 64 0.008589864519623513
46 f 91 0.0395474814752832
46 g 9 0.03198541015652434
46 h 16 0.010753595775110703
46 i 12 0.1525098689594777
46 j 86 0.028560825209734464
46 k 40 0.023892676309495653
46 l 92 0.08000845314707361
46 m 28 0.020323735245136976
46 n 19 0.1865454199745753
46 o 39 0.03937768356616145
46 p 88 0.045002266146678016
46 q 59 0.0011964453167168099
46 r 9 0.015894880705892733
46 s 65 0.007136509751595299
46 t 51 0.020134739762476817
46 u 64 0.041658368369480114
46 v 64 0.04574077206600424
46 w 96 0.009202343470108842
46 x 73 0.018922309607140586
46 y 19 0.03276771283798707
46 z 86 0.07784883112209018
47 b 22 0.12524879593893612
47 l 99 0.06538719016519179
47 q 41 0.19901051534887249
47 t 3 0.22860527750888038
47 u 63 0.024325253375954814
47 x 58 0.20376110521650226
49 c 59 0.05489796117921508
49 d 21 0.09338147320027257
49 e 41 0.21137246324161307
49 f 24 0.020244682869186348
49 g 59 0.018875838636662423
49 h 33 0.12707531726811305
49 j 76 0.00790335067839465
49 k 35 0.010818415913433022
49 n 25 0.02441817978163008
49 o 74 0.023393924976713776
49 r 68 0.18667433182703663
49 s 29 0.11406310313373957
49 t 64 0.004080481631968835
49 v 30 0.01631570888896061
49 x 57 0.08227455632796687
49 y 4 0.0009918335741236906
49 z 9 0.0014587676484711931
50 d 68 0.010650241181860531
50 g 95 0.16897876945464751
50 q 52 0.04889757964542618
50 t 75 0.4756546155353536
50 w 69 0.2944258813551752
51 c 20 0.00798729799056963
51 e 41 0.7305863626747012
51 i 12 0.13475354200100853
51 j 82 0.08393889548434696
52 h 92 0.08872416331750865
52 j 18 0.0059358253551612394
52 m 90 0.32934302361257284
52 n 37 0.0077834037511193
52 t 1 0.028981387728064245
52 w 9 0.09591934526622237
52 y 83 0.11287249598312565
53 d 73 0.09548577102538347
53 f 81 0.12902589309341617
53 g 16 0.08418153160496389
53 i 20 0.054364896285045816
53 j 54 0.022500246031339377
53 k 17 0.04188460159696883
53 m 52 0.002885059049944849
53 n 45 0.16905173599789902
53 r 62 0.014849386243990681
53 s 39 0.015439862229069456
53 u 62 0.030107912876340848
53 v 79 0.06140610925712353
53 w 39 0.14253902211339442
53 z 26 0.09245921092278808
54 a 9 0.07853588751690321
54 b 10 0.033204059513633144
54 c 39 0.11320010805896508
54 j 4 0.203712484951731
54 l 35 0.08384543006297751
54 p 53 0.08111881905681606
54 s 5 0.2688090050246762
54 v 58 0.0005931165279047246
54 w 55 0.02466063544399577
54 z 17 0.06482663037749037
55 b 9 0.11398496212269227
55 g 7 0.01832538569199238
55 h 31 0.1341686520825155
55 k 67 0.11085161630494444
55 t 16 0.5916470331400805
56 b 73 0.04217015726244577
56 c 31 0.012228249037241512
56 d 71 0.008547099001756875
56 e 97 0.04012922485798576
56 f 90 0.2622366316494361
56 g 27 0.0006091317137111307
56 h 19 0.06268428090625211
56 i 92 0.005731839585505716
56 j 33 0.022102745457338036
56 l 8 0.0074611641410771146
56 m 50 0.06278218434767247
56 o 25 0.014520350380836433
56 q 15 0.08140449115902648
56 r 59 0.054336940363076125
56 t 45 0.00366418553147152
56 u 86 0.014919707226023982
56 v 90 0.018697718145377795
56 w 79 0.0795193063875611
56 x 76 0.0995516635092758
56 y 55 0.047617111599966955
56 z 67 0.017766423190226033
57 a 59 0.05648308783088429
57 b 50 0.01736001199996362
57 c 35 0.013821249518296996
57 d 7 0.03240781797825021
57 e 74 0.0006256677222448159
57 f 48 0.05158955315364078
57 g 95 0.03339765304278297
57 h 93 0.06090317092427899
57 i 44 0.0023355445214680026
57 j 81 0.014575935760165692
57 k 32 0.056323992807882584
57 l 11 0.11365334452327236
57 m 41 0.06499018134112478
57 n 24 0.05779060287567939
57 o 57 0.06861056816446676
57 p 19 0.03359321803072013
57 q 21 0.013145511593753212
57 r 84 0.048535550855356546
57 s 84 0.01796664132968573
57 t 57 0.049826133209543655
57 u 74 0.01841044504620104
57 v 11 0.03106656834809296
57 w 1 0.0447282714674494
57 x 91 0.006158128785531791
57 y 11 0.0722036628853806
57 z 48 0.014517565310576463
58 b 10 0.010628815130398483
58 d 64 0.04944166471913103
58 e 55 0.095814708681082
58 f 46 0.058810446257868354
58 g 52 0.03684676806572851
58 h 34 0.022249233911062927
58 i 73 0.017577934135173057
58 j 14 0.04698868834250525
58 k 36 0.03162764760683612
58 m 21 0.06115518364138128
58 n 72 0.007486049891340607
58 o 12 0.05465514077525646
58 p 75 0.005022970315301745
58 q 15 0.18424247110592396
58 r 93 0.09153297312095632
58 s 81 0.014970375228706034
58 u 38 0.051047632308362734
58 v 5 0.0119154930297809
58 w 17 0.04584544391083056
58 x 69 0.007854516124189637
58 y 59 0.0783244789723414
58 z 66 0.0034420818460155767
59 e 62 0.2629059445654792
59 g 49 0.02029048879254003
59 j 66 0.04727827259816897
59 k 20 0.1693343713385702
59 o 46 0.08050212616248908
59 q 44 0.2113641644455191
59 v 6 0.06895912408683147
59 y 39 0.0790444131371496
60 a 25 0.18532965211843122
60 i 95 0.23178865894955436
60 j 49 0.04886759616286973
60 m 14 0.1003658490115783
60 q 7 0.024482398722135867
60 s 5 0.0030869361545767804
60 t 45 0.0969883725610603
61 b 31 0.006526693233126157
61 d 88 0.06285919174860544
61 e 98 0.081546967969237
61 f 25 0.08102102922991505
61 i 43 0.10791712928108577
61 l 15 0.0338131589810865
61 m 67 0.028110664029512566
61 n 22 0.13362073429574572
61 o 19 0.0010631603350983454
61 p 28 0.01849777224734217
61 q 83 0.020463998151046492
61 r 46 0.0648124350170326
61 t 9 0.07885185391035576
61 u 50 0.06981569473872717
61 x 15 0.01915489807554982
61 y 92 0.17526803202148544
61 z 78 0.0051514381217270255
62 a 94 0.031833550359349205
62 b 45 0.1533432049272777
62 e 35 0.0032279089355483626
62 g 58 0.07167681771978807
62 k 26 0.16054142605948674
62 m 20 0.1965998156128198
62 o 2 0.03417541203333996
62 p 15 0.029816386016203067
62 q 8 0.027999966330269244
62 u 61 0.09722569159763494
62 v 32 0.016376588693285177
62 y 25 0.006282642252216419
62 z 72 0.08793947960662252
63 a 15 0.13251474582114542
63 f 87 0.07512510839866071
63 j 92 0.22136637338748655
63 l 90 0.01627246405465843
63 n 46 0.09505738687169163
63 o 37 0.02180947472605943
63 r 49 0.04351640775424548
63 t 53 0.03967395373769966
63 u 16 0.09449816940144251
63 x 63 0.24761759085239587
64 a 48 0.03566815589024752
64 b 74 0.07806054475892288
64 c 52 0.05144285751575017
64 d 13 0.007082017149463771
64 e 62 0.011307872873193459
64 f 16 0.05896018157788685
64 g 99 0.03350418086492879
64 i 65 0.01069085859592167
64 j 82 0.026649125577449695
64 k 12 0.21220568122796568
64 m 3 0.009909511590932896
64 n 8 0.016542958115159268
64 p 98 0.03487274204310542
64 q 92 0.04294008175258146
64 s 56 0.03295965817322388
64 t 2 0.062338263147855066
64 u 10 0.022495461893215607
64 v 38 0.06375518378797007
64 w 86 0.02543770178949112
64 x 28 0.022321946873874787
64 y 49 0.015882952965202257
64 z 94 0.03419005313185253
65 d 37 0.9907308006227351
66 a 63 0.16937837316867554
66 e 49 0.1109566390053569
66 i 7 0.04052743877620679
66 k 55 0.009078114527998449
66 m 63 0.059766527543226755
66 n 54 0.25045750193525773
66 u 17 0.07890812769894273
66 v 67 0.16551778695135333
67 a 53 0.01646952710830263
67 b 45 0.0146141572726457
67 d 99 0.035428123725478766
67 e 82 0.051985420994362985
67 f 58 0.00451247499875862
67 g 94 0.021023002945629643
67 h 50 0.02785956079072771
67 i 67 0.08240063402917985
67 k 75 0.0019439626984434355
67 l 27 0.07985683832051238
67 m 96 0.04298771626489717
67 n 50 0.019944294989617584
67 o 60 0.13938245654370207
67 q 98 0.017513132311472557
67 r 44 0.07681191718622205
67 s 85 0.04062947425208541
67 t 22 0.017432512264384248
67 u 82 0.024498841458800213
67 v 40 0.1161939886045722
67 w 23 0.011851271683707698
68 b 98 0.012524785305910946
68 c 41 0.04687099111653459
68 e 25 0.05395505006822743
68 f 0 0.053518741872217834
68 g 74 0.02038187854694784
68 h 33 0.08456242208092934
68 i 67 0.07948878820434457
68 j 87 0.01442206607679064
68 l 83 0.049088283080584216
68 p 60 0.05624300364930168
68 q 85 0.09472877022569814
68 v 6 0.00014736862571906872
68 w 68 0.21234887224274757
68 x 96 0.08103608810907248
68 y 72 0.10009891676208493
69 a 54 0.04990585514078971
69 b 63 0.0018316036841967698
69 c 43 0.058180176334184486
69 d 6 0.05872214861415026
69 e 79 0.014765377109195232
69 f 97 0.13045048356318478
69 g 54 0.05621865388545011
69 h 58 0.009825798451893242
69 i 8 0.0026122489612591115
69 k 22 0.007021585906203942
69 l 52 0.045291397218630736
69 m 54 0.01712437953999657
69 n 67 0.03757276139062671
69 o 94 0.024927990811007716
69 p 9 0.051706239607479665
69 r 7 0.07197336005965427
69 s 77 0.05558634030055698
69 t 8 0.09766727870021596
69 u 18 0.05395244630553209
69 v 47 0.01360502306241207
69 w 72 0.0003736680650723301
69 x 45 0.07757820232068047
69 z 24 0.014715008397903628
70 d 5 0.10392140892752799
70 e 15 0.02341936672242173
70 f 91 0.16851249357183573
70 i 72 0.030785332280072852
70 j 0 0.00302432934997221
70 l 71 0.24109789245807955
70 n 53 0.0032357079700332525
70 o 74 0.01973574449132165
70 t 55 0.0056715960905519
70 v 25 0.010149598260891457
70 y 74 0.1978975404693688
70 z 81 0.1798746746125367
71 c 42 0.07560836020916029
71 e 14 0.24108813980166266
71 f 18 0.03121100177399172
71 g 45 0.022014321956736693
71 i 19 0.05358827549579137
71 j 46 0.11587278266418677
71 n 57 0.011915809057280069
71 q 92 0.11775046008407541
71 r 33 0.008937941339766886
71 s 34 0.023589898909749607
71 t 9 0.03761592056922902
71 u 80 0.006168770155969283
71 v 21 0.012682341406109576
71 x 30 0.006853600973015905
71 y 80 0.04794860085189667
72 a 76 0.02530518737707088
72 d 96 0.04834479303959849
72 f 90 0.13137691251574124
72 j 67 0.0027112511027215236
72 l 48 0.0004436917102909055
72 n 72 0.030734953820684585
72 o 81 0.08976800854035061
72 p 6 0.08582883985136114
72 q 8 0.0054831450428382
72 r 31 0.0007604792392666981
72 s 39 0.08024952788776685
72 t 96 0.0656263104217214
72 u 73 0.1757371137580075
72 v 32 0.0649383112134374
72 x 93 0.08667685862527108
72 y 91 0.06775440153630541
73 k 7 0.34702571185748854
73 n 22 0.48439076098884415
74 c 29 0.1547529887611474
74 d 50 0.37417927582155774
74 l 11 0.14639355063670245
74 m 35 0.0395835501718369
74 o 84 0.03142607631022143
74 u 8 0.24436839981538128
75 a 8 0.049656561771204366
75 b 17 0.10376986205935523
75 c 99 0.06354686817866184
75 d 34 0.014300696266030699
75 f 27 0.011567526561929609
75 m 4 0.006982817113220796
75 o 65 0.019073966456680358
75 p 57 0.1531368377871093
75 q 59 0.2580503707100229
75 r 8 0.17122149190122105
75 z 9 0.12214282864852677
76 g 76 0.07340298612209162
76 k 43 0.04412067292456345
76 m 3 0.15536528525670135
76 u 21 0.14285204476931823
76 z 20 0.37516199510336734
77 a 14 0.025581695828180928
77 c 54 0.09857937764352454
77 d 22 0.022717068754485648
77 e 70 0.007618621485233734
77 g 11 0.004366417773113196
77 h 21 0.02453712785789386
77 i 34 0.06199756486497032
77 j 42 0.04381328102154891
77 k 47 0.09119559568844104
77 l 46 0.021608401876916705
77 n 10 0.029142042421287817
77 o 53 0.08188780160357301
77 p 64 0.14802733219617537
77 q 70 0.011555260212467
77 s 49 0.08799954909907826
77 t 23 0.024814698311936834
77 x 48 0.10254003652930166
77 y 43 0.015471355810336096
77 z 55 0.015638689655624538
78 a 79 0.020377687050499138
78 b 70 0.05108299017028051
78 c 56 0.28746494699194935
78 d 3 0.09205968888701777
78 e 91 0.10758771007192613
78 g 72 0.01968812416787591
78 h 36 0.06430356689316075
78 j 92 0.07040904749261911
78 k 34 0.011456912189302448
78 n 83 0.00950780751911029
78 o 78 0.14783928128105717
78 q 57 0.006784024191926363
78 r 33 0.007405768120723022
78 v 44 0.010402078302478857
78 w 30 0.03563128222272427
78 x 28 0.006103763279160068
78 z 4 0.00023229008330860612
79 d 51 0.09410990114958073
79 e 30 0.11565757752484629
79 f 66 0.014287079881006526
79 g 74 0.02029580824709265
79 j 93 0.20665350117713654
79 m 28 0.005602002332890099
79 n 70 0.004853189063878882
79 p 1 0.06327354084837367
79 q 47 0.009691681171121846
79 u 30 0.18804135238714415
79 v 27 0.0936897058935684
79 w 70 0.004965958414965943
79 x 78 0.17224432131321554
80 c 60 0.013626683235499093
80 d 41 0.291035888169199
80 g 66 0.024844188499201003
80 j 12 0.1206415593538509
80 k 51 0.02753507112683684
80 m 72 0.28757847009868986
80 o 47 0.02296572426048371
80 v 54 0.078708371442344
80 z 59 0.09971437097568281
81 a 47 0.08689746616186034
81 b 35 0.00935281415070055
81 d 29 0.02859646404745586
81 e 44 0.037915359258234416
81 g 91 0.05629629946045811
81 h 78 0.0021588702679946614
81 i 59 0.018458056233824793
81 j 9 0.058592312896011634
81 l 89 0.13925282888490664
81 m 33 0.21095106477968406
81 n 5 0.05997932741218637
81 o 44 0.0627863380174315
81 p 18 0.04285275839211633
81 q 8 0.02470361397700216
81 s 42 0.016834213531044306
81 t 15 0.012378305286938285
81 u 97 0.026931695775018527
81 v 26 0.0474780609487514
81 w 85 0.0024891734424327128
81 x 38 0.027413133510731935
81 z 46 0.006962839535415211
82 a 36 0.006984104057103702
82 b 78 0.038221178310486215
82 c 95 0.020908411763459922
82 d 14 0.04299235530430778
82 e 22 0.06007539143862728
82 f 63 0.01893751275902522
82 g 92 0.05434884581129895
82 h 51 0.00963282758472317
82 i 93 0.004549418375161984
82 j 16 0.02204080996616642
82 k 29 0.007521288332292486
82 m 11 0.07153581833912581
82 n 84 0.0002935035130253727
82 p 35 0.19003221445657337
82 q 16 0.00817896424735609
82 r 47 0.0978885499856762
82 s 64 0.028109964031166834
82 t 9 0.04459397151088773
82 u 43 0.011969237794893672
82 v 75 0.11559377925719094
82 x 33 0.057276377336239914
82 y 76 0.031977065685402706
82 z 41 0.021802264565183305
83 b 95 0.01929945410551559
83 e 57 0.06161944304944866
83 f 58 0.04161705849998443
83 g 29 0.010180078914982738
83 i 16 0.019641169427116467
83 n 81 0.04927084744632715
83 o 6 0.02169224982179241
83 r 85 0.04282515667904119
83 t 79 0.04357433121200671
83 v 2 0.16674098055351427
83 w 7 0.2993165906976122
83 y 10 0.2176286567347393
84 d 32 0.16007971147661115
84 q 51 0.8150866942059434
85 f 17 0.11305415451767165
85 g 63 0.026629548220902022
85 j 62 0.030721629539113393
85 o 66 0.1796785935258205
85 p 89 0.15335880546195324
85 x 32 0.2065713875053229
85 z 65 0.04231691925922487
86 a 51 0.012762620733951069
86 b 10 0.02686626987933083
86 c 12 0.014158230889599888
86 d 60 0.051871279984179175
86 e 29 0.11138900405637542
86 f 82 0.025141765740439914
86 h 88 0.05905092429514658
86 i 92 0.028946509933618247
86 j 79 0.06908242129651432
86 k 97 0.08164711706760608
86 m 8 0.030265624072932984
86 n 55 0.024764850240638014
86 o 79 0.05826248654441257
86 p 26 0.021405247937273164
86 q 82 0.0028822764125129297
86 r 17 0.10064109361671414
86 s 98 0.03501632966918067
86 t 76 0.018783291881221298
86 u 41 0.01880163654346423
86 v 40 0.05114314441537626
86 w 98 0.023677601278491167
86 x 96 0.07402468459675515
86 y 41 0.03401084507995189
86 z 20 0.009103144344795422
87 c 87 0.005954466829670491
87 d 59 0.046450544135008265
87 i 47 0.4160804178568773
87 o 25 0.09351198464320165
87 u 21 0.0003261589937678666
87 v 63 0.3813608091863452
89 a 25 0.08730206002770924
89 b 1 0.02415787873060915
89 f 20 0.03301233422207894
89 g 10 0.08912854827105532
89 i 7 0.048577649787738264
89 k 41 0.08149788371456801
89 m 53 0.02510456352565371
89 n 86 0.03257036126037505
89 o 48 0.07370813496823514
89 p 66 0.19263009381605523
89 q 24 0.022653444363283648
89 s 85 0.04910193843729593
89 t 89 0.010609610952589499
89 w 30 0.1794515521924529
89 x 92 0.001734778639634671
89 z 56 0.037384092792790424
90 b 79 0.1904673026834972
90 c 18 0.04447437155153211
90 h 16 0.07602103350780398
90 k 89 0.019217055615985523
90 t 54 0.49204927617461425
90 x 28 0.10261094620673927
91 a 19 0.06627022304261054
91 b 46 0.0034956190576697077
91 c 60 0.09311868320064454
91 d 58 0.0035012426339261493
91 e 92 0.02530762472613568
91 g 37 0.0123259772307035
91 h 48 0.06788819453936212
91 i 49 0.06693197793434658
91 j 83 0.05659781184713797
91 k 39 0.10188154390783233
91 l 13 0.004241788401770807
91 m 70 0.03674537058589178
91 n 84 0.0890429042556351
91 o 71 0.02235579866787818
91 p 80 0.033024306808140946
91 q 23 0.014807726246650832
91 r 73 0.0012041990254511026
91 s 24 0.006342915818796979
91 t 37 0.05310673737893712
91 u 94 0.03312675581708535
91 v 9 0.006180410731178698
91 w 23 0.0527484072947092
91 y 23 0.05877046544629305
91 z 15 0.010806738043375286
92 a 42 0.03436609183415529
92 b 94 0.04121072402822046
92 c 3 0.02864285579782122
92 d 16 0.0019134867730480343
92 f 59 0.13535421061871844
92 g 21 0.02248540623553119
92 j 14 0.02850674102053019
92 k 97 0.012345547946264745
92 l 59 0.030664326428972433
92 m 92 0.1806378296980078
92 n 53 0.02744793891927544
92 o 34 0.02729629661223021
92 p 79 0.022281342661787606
92 r 62 0.006261519658706138
92 s 53 0.0886882900600724
92 t 24 0.045194520223077794
92 u 83 0.041956060997696776
92 v 90 0.06668225145808071
92 w 89 0.11529628881183618
92 x 25 0.00891092715429076
92 y 6 0.020428036503879587
92 z 49 0.012488945687309627
93 c 53 0.09920257329725923
93 e 61 0.03656109481664338
93 f 36 0.1963587900899577
93 i 46 0.20455258625479833
93 j 9 0.04005625616635666
93 m 1 0.0285070312185286
93 n 67 0.00308499616318636
93 r 76 0.05759778015373451
93 s 12 0.05139935413862551
93 z 78 0.2021593735112076
94 a 68 0.0302281908755464
94 b 21 0.04871897567657124
94 c 92 0.07406567289147337
94 d 31 0.011688502814172663
94 e 99 0.31165438923251676
94 f 54 0.11683727066692007
94 g 33 0.020112745443420454
94 h 10 0.040690070999299444
94 i 39 0.007330097278274494
94 j 53 0.029355042581941104
94 k 74 0.005807168526723694
94 l 25 0.10891353947766624
94 m 17 0.008209667183251779
94 n 97 0.002385987456256289
94 o 29 0.045714077493998695
94 p 50 0.029804368371264323
94 s 6 0.028161463209436466
94 t 25 0.008547788747492513
94 u 0 0.028238372751613117
94 x 61 0.008251842709633528
94 y 96 0.001984423837110394
94 z 8 0.02460577335291325
95 g 30 0.6113825592615756
96 a 48 0.07704571326346654
96 b 84 0.03988395230701769
96 e 43 0.07612854602458619
96 h 64 0.10721940340979652
96 i 48 0.06107635265886735
96 k 97 0.005827655646910457
96 l 91 0.014281513936516554
96 m 95 0.014396278965282172
96 n 15 0.08768985318903089
96 o 76 0.0053110580065851565
96 p 60 0.025667681121574804
96 s 92 0.03824749027403851
96 u 32 0.1392142572172932
96 x 43 0.04795879558930849
96 y 77 0.03580801677630063
96 z 69 0.12614941166091154
97 a 34 0.05046789818052477
97 c 17 0.002190154558545654
97 f 38 0.050570787944957174
97 g 15 0.10247305108456672
97 h 37 0.24791854183330886
97 n 3 0.12003579872764569
97 p 43 0.052072433367671866
97 r 27 0.008381665506521085
97 s 69 0.03419151335390225
97 t 84 0.0256907025662082
97 v 29 0.12469558954565785
97 w 80 0.07650902764518952
97 z 9 0.02336527939635824
98 a 29 0.6328953218563693
98 j 62 0.04863728822737179
98 q 56 0.08328090109280373
98 y 39 0.036399671228727226
99 c 90 0.11893866631204408
99 f 57 0.12670568306619023
99 g 2 0.010353284175512067
99 h 61 0.22078341383109756
99 l 39 0.0051684388180848195
99 n 24 0.21307520691957027
99 r 7 0.08560273007537222
99 v 39 0.007420124271790174
99 w 42 0.012524455975193027
99 x 30 0.18481492198987004
