15 26 237
0 0.014859640377401728
1 0.0078280104048567
0 0.022410826983024768
0 0.0947223722698044
0 0.01898821109669957
0 0.22030472200390405
0 0.02878163037877335
0 0.006918051209979015
0 0.0424509454103289
0 0.05962774686883665
0 0.025963276003428404
0 0.015534721374187432
0 0.055855971290256656
0 0.03514790636084775
0 0.00989772616393425
0 c 2 0.184879107803409
0 f 11 0.14016543751049382
0 g 14 0.05698214457847928
0 i 2 0.14249809855213036
0 p 13 0.10993197061943538
0 y 7 0.35068360055865044
1 a 11 0.004020456902075642
1 b 3 0.016795224123289265
1 c 8 0.09645624824593257
1 d 10 0.029496345405596425
1 e 4 0.028837072744265058
1 f 11 0.010296438937398289
1 g 5 0.03370325354678916
1 h 13 0.023154957745001314
1 i 12 0.095737580432677
1 j 13 0.009588020986059154
1 k 5 0.14180681428108177
1 m 3 0.006943486529973786
1 n 11 0.12269375131860139
1 o 6 0.12794009862368383
1 p 11 0.04884528580141023
1 r 11 0.033691557181957044
1 t 0 0.10421016941450778
1 u 6 0.012498733011931606
1 v 5 0.0011016279505109416
1 w 5 0.0006191147546824594
1 y 4 0.035193675680572634
1 z 6 0.008542075977145958
2 a 12 0.03395305832894613
2 b 8 0.07403771751173627
2 d 0 0.020898618424995852
2 g 2 0.11882436147160369
2 l 0 0.17600197094588632
2 m 5 0.0037829239483267996
2 o 2 0.003596036568124239
2 q 8 0.17357880147121407
2 r 0 0.023523147752017692
2 s 5 0.29956329006821647
2 v 2 0.028487841391924063
2 x 13 0.021341405133983637
3 d 3 0.050829524922760605
3 f 5 0.0899817331892232
3 g 10 0.04310238794645127
3 h 6 0.04698548351397214
3 l 0 0.11180996783638408
3 o 9 0.15252545933945616
3 q 8 0.16984392715741203
3 r 11 0.0011244594143003939
3 s 11 0.04939990084287327
3 t 11 0.10429242093122904
3 v 4 0.03158056961186395
3 w 9 0.021153818641748923
3 x 14 0.03264797438252054
4 a 2 0.01162665688234743
4 b 1 0.08487028587117251
4 c 3 0.06254608746657853
4 d 11 0.021114025875994757
4 e 2 0.028589866678197517
4 f 13 0.02293127140078899
4 g 2 0.04599978774056668
4 h 11 0.021327017959855032
4 i 0 0.002267553248486487
4 j 14 0.014586592475485771
4 k 2 0.10601474887228313
4 l 9 0.03352124890135677
4 m 13 0.027217124742393795
4 n 3 0.010202990473234474
4 o 6 0.0013090370790037609
4 p 8 0.014865026588160357
4 q 8 0.033414504443359805
4 r 11 0.007724069705306147
4 s 6 0.004693894575119595
4 t 0 0.030316282701867814
4 u 5 0.1390800107771608
4 v 3 0.11727223342869864
4 w 13 0.04391520962970408
4 x 3 0.010860387444279196
4 y 0 0.06500738105471016
4 z 10 0.019738492887188208
5 b 14 0.28242257755795486
5 l 3 0.2352828958918346
5 m 2 0.2415423508060741
5 p 13 0.02044745374023238
6 a 4 0.008433596048356806
6 b 14 0.09348564298153272
6 d 2 0.006395115943069518
6 e 2 0.10122054364401734
6 f 3 0.07714581613123073
6 j 12 0.061132211381889845
6 l 4 0.007349560138200206
6 m 10 0.07692328165610118
6 o 10 0.034399322574753644
6 p 7 0.1014451732580921
6 q 7 0.11412848313195667
6 r 2 0.002573640795091703
6 t 8 0.06393435859243146
6 w 5 0.12673344132567532
6 x 13 0.05378011180341091
6 y 3 0.04213807021541649
7 j 2 0.5021120116394522
7 n 1 0.036860485575045066
7 v 1 0.20211447235528002
7 w 11 0.1826349187048295
7 x 12 0.06936006051541421
8 c 14 0.07685376145909684
8 e 8 0.07514494264835803
8 h 7 0.0738394681835054
8 s 8 0.18616012268015592
8 t 2 0.14617873960117322
8 v 8 0.0089252855548414
8 w 8 0.2319629473432422
8 x 11 0.15848378711929811
9 a 10 0.03630732443928564
9 b 9 0.021932350963641878
9 c 13 0.04917148193624854
9 d 10 0.013755330136682398
9 e 0 0.051594849669751364
9 f 9 0.07609301914808597
9 h 11 0.015453788749361763
9 i 12 0.02291301135194057
9 k 6 0.13448806524005075
9 m 5 0.08337970056117827
9 n 11 0.031946297493578024
9 p 11 0.010851759990578413
9 q 10 0.037963772402520024
9 r 13 0.016891577254890988
9 t 10 0.05285349733807532
9 u 3 0.25243173123786367
9 v 13 0.00656949840427179
9 y 0 0.025775196813157986
10 a 12 0.04324011352020107
10 b 12 0.007804323833004778
10 c 2 0.01244701887834021
10 d 1 0.016857210277899992
10 e 9 0.03562198348330481
10 f 1 0.017337622586690804
10 g 6 0.1319503702566237
10 h 0 0.09226452371333438
10 i 12 0.07215795146410242
10 j 14 0.010312995549380255
10 k 7 0.012321247587449236
10 l 12 0.03127013877290841
10 m 8 0.08977711616155115
10 n 0 0.091376927188214
10 o 2 0.04361180472252757
10 p 11 0.003009704214941733
10 q 8 0.036387529114764505
10 r 2 0.026515295622935642
10 s 4 0.005925919419550674
10 t 11 0.024887184446244492
10 u 10 0.02027414608411182
10 v 8 0.043272619056401784
10 w 13 0.00929738799013069
10 x 7 0.06315469974793564
10 y 6 0.024758577618319122
10 z 6 0.008202312685702706
11 a 7 0.019277429746250463
11 b 9 0.02668796463330625
11 c 9 0.04781497698449966
11 d 12 0.05218005125428127
11 e 10 0.10266104159788703
11 f 14 0.13364313577184717
11 g 8 0.030229072820531
11 i 2 0.004009844557752551
11 j 6 0.004826914403094795
11 k 1 0.036532336942566745
11 l 13 0.013733975060684522
11 m 0 0.02741361409204257
11 n 6 0.002211171185925065
11 o 8 0.13919694241267633
11 p 10 0.03106751530108598
11 t 7 0.09409971688659091
11 u 13 0.10155742132508538
11 v 11 0.11145806109353595
11 y 11 0.005864092556168932
12 a 0 0.006695653292312254
12 b 0 0.12478099998286718
12 c 7 0.07711542677811878
12 d 5 0.04360471856289394
12 e 11 0.008569989614250373
12 f 4 0.034323714689657114
12 g 1 0.007412136835866057
12 j 13 0.027475105073872297
12 l 5 0.11053668164211639
12 m 3 0.006402272332572734
12 n 14 0.027630762113775353
12 o 7 0.0546703715529846
12 s 9 0.069235932669514
12 v 8 0.10746148383918597
12 w 4 0.0022703191140092116
12 x 0 0.08141341570532179
12 y 8 0.005170712147600565
12 z 12 0.14937433276282475
13 b 6 0.1375504890857755
13 c 10 0.06653928122713937
13 d 11 0.026655188531379048
13 e 2 0.02166184784553371
13 g 4 0.000903728671959092
13 h 9 0.053473128999039665
13 k 6 0.02794082781937468
13 l 0 0.026606602423416503
13 m 13 0.0062421153136231755
13 n 10 0.053617966657448335
13 o 1 0.014113487823600779
13 p 1 0.12647544928685517
13 q 13 0.15679524125516497
13 r 12 0.06858341364324716
13 s 6 0.007862717809284159
13 t 4 0.017767621691083924
13 u 10 0.029936640550340954
13 v 5 0.0020122063376227795
13 w 14 0.05254541773234578
13 x 14 0.017757354929140545
13 y 14 0.020468605997056577
13 z 12 0.02934276000872038
14 a 14 0.021474167732998817
14 b 0 0.02586232611547601
14 c 2 0.06104628107258869
14 d 7 0.0335829464081806
14 e 11 0.01933731155140983
14 f 3 0.07844233247792276
14 g 6 0.02488911192484755
14 h 0 0.04154424473418905
14 i 9 0.019395574590160947
14 k 14 0.009010530565145669
14 l 0 0.009315223385276461
14 m 1 0.0803095112649006
14 p 1 0.017365023907748744
14 q 1 0.0914687531199635
14 r 8 0.10599472273028676
14 s 8 0.08125446756442634
14 u 11 0.08487719318651532
14 v 5 0.017331272386040597
14 w 11 0.03017662367765961
14 x 7 0.02228218165778062
14 y 4 0.012972084600526679
14 z 3 0.1021703891820206
