172 26 2191
0 0.03890308845724422
0 0.04427832622758787
0 0.005947269359233287
0 0.05893726262227217
0 0.012418905154947812
0 0.01121576326166207
0 0.050928427735378645
0 0.09533067432452103
0 0.2192585489370722
0 0.001989475864781265
0 0.02485272576710229
0 0.020278150958688568
0 0.21460154140081367
0 0.07269028138784339
0 0.002963815157541405
0 0.04449790466963566
0 0.04561080938280471
0 0.02692262248532218
0 1.0
0 0.10379545251601185
0 0.031523803375467785
0 0.0424305756991884
0 0.0038306930254329297
0 0.08563560031934658
0 0.08622555299799373
0 0.043069338728597084
0 0.0006179536874776348
0 0.05393193969336518
0 0.10623307322624287
0 0.08759727704702491
0 0.04428146414080103
0 0.18985605507601033
0 0.0003196703189730643
0 0.007257827962144359
0 0.27493052536382434
0 0.06070610738801796
0 0.0949605927768169
0 0.02171026369149065
0 0.04817132574293859
0 0.01110242370273451
0 0.04515744411369138
0 0.18110881795741096
0 0.04381482813696669
0 0.18619939801814833
0 0.03961690002280427
0 0.28871783680476126
0 0.043384369325366046
0 0.059053548505653475
0 0.6103463671751226
0 0.004821824541772157
0 0.009849704769451684
0 0.0022289193550822928
0 0.06706584895467227
0 0.04830269125176068
0 0.025902698850849504
0 0.0947379358057232
0 0.029622596967756376
0 0.24330381050779037
0 0.15750935816130762
0 0.12389598137064528
0 0.028995027419740027
0 0.41689668670951296
0 0.23176859549884066
0 1.0
0 0.49738868996156105
0 0.11512606960047811
0 0.11725146454963298
0 0.013217372589378495
0 0.660219364802282
0 1.0
0 0.00552310782715193
0 0.12088603124885744
0 0.0029249326704279266
0 0.06188493866395184
0 0.03551107267512066
0 0.04051526059504773
0 0.052648556421576065
0 0.08658873182251425
0 0.012102500833546803
0 0.027560653170579097
0 0.020716211928777595
0 0.03476200994945189
0 0.043870429093229246
0 0.012741465258919282
0 0.05247506714862782
0 0.0806264748150709
0 0.005667106047753445
0 0.0464988574499382
0 0.04466100489888569
0 0.014105466467086103
0 0.13134284578444766
0 0.13962437911926318
0 0.23029466559234113
0 0.053377497741348146
0 0.0440942305223343
0 0.08273193811104296
0 0.12925496565128936
0 0.07497526007259425
0 1.0
0 0.07850927089749504
0 0.05742859315505988
0 0.013166987555122911
0 0.8020911584945802
0 0.11699679980078592
0 0.16733328586744434
0 0.14445048566876317
0 0.14181892969808596
0 0.11065501656130405
0 0.4910868919056094
0 0.23170852527755437
0 0.7215746606378046
0 0.013610891529950098
0 0.032197083547815475
0 0.023536944811290317
0 0.006337802566981465
0 0.105029751197383
0 0.0340520009930837
0 0.031105984967812028
0 0.08748845352400048
0 0.3416298803909492
0 0.09975522554152905
0 0.010262457182188323
0 0.004530026164330625
0 0.07874967443536574
0 0.006687019239701941
0 0.007783667604147948
0 1.0
0 0.07847512483782726
0 0.1633212840716891
0 0.02673700579492322
0 0.14129727775008694
0 9.02547133991849e-05
0 0.08672322047230208
0 0.818235294357294
0 0.055045548061252836
0 0.2203232102084971
0 0.002797923786601708
0 0.024462098538324817
0 0.00878474787421557
0 0.4541870548545335
0 1.0
0 0.0016405143269545563
0 0.016701832268643635
0 1.0
0 0.03176935853280893
0 1.0
0 0.05338176831780894
0 0.025658767580497566
0 0.1820679363570724
0 0.29310687640011246
0 0.11882031017054895
0 0.10650170344276233
0 0.07551447334155881
0 0.1826126089418013
1 0.2198259581351466
0 1.0
0 0.17673000050031873
0 0.27782789958025633
0 0.5868616040475052
0 0.0023578962050179175
0 0.0010387088951616663
0 0.018742661689622575
0 0.1807043776837164
0 0.13289461695967708
0 0.010702120277302885
0 0.03711792084127319
0 0.0685706465816669
0 0.06450317744754885
0 0.024695228223182264
0 0.22411310209586444
0 0.024849762621378724
0 0.11420087600692119
0 a 32 0.11913168338766877
0 b 29 0.026795526427329408
0 h 131 0.10630526668360873
0 j 23 0.17417222709205227
0 k 139 0.002388192013974111
0 m 124 0.018288236069126773
0 n 86 0.026758184066669854
0 o 99 0.07337891168147304
0 q 11 0.1607416704654151
0 r 143 0.0017052562765583756
0 s 143 0.056834388074820996
0 u 105 0.09385194653415241
0 v 167 0.055537941910186905
0 w 164 0.04520748085971904
1 e 65 0.04195493273473716
1 i 116 0.21352307310251606
1 v 91 0.17325361864079747
1 y 96 0.5269900492943614
2 a 9 0.10860697434366007
2 d 62 0.007230710771582438
2 e 74 0.08670034747956767
2 f 47 0.08313825932361818
2 h 138 0.12097652876878418
2 j 151 0.07617578509995038
2 k 2 0.013192217914444693
2 l 37 0.051929425188338096
2 m 53 0.02907025416625364
2 n 49 0.011794278475981579
2 o 149 0.09282509158825858
2 p 100 0.1328163002198488
2 t 69 0.0022968564290335447
2 u 46 0.17729970087144487
3 a 48 0.04065580036142369
3 b 108 0.005542594113883803
3 d 150 0.00202852400473863
3 f 92 0.007202225845947874
3 g 45 0.07007238044692465
3 h 170 0.028500555970726205
3 i 49 0.031690652545249165
3 l 135 0.06137832832847889
3 m 162 0.05379704736531232
3 n 59 0.07144079354989485
3 o 81 0.01050273174643046
3 p 112 0.01945807925132348
3 q 122 0.12721551729558978
3 r 168 0.07426235833962047
3 s 37 0.053971852731663716
3 t 44 0.005130459153511846
3 u 116 0.06283717318457804
3 v 58 0.057009105896095646
3 w 70 0.03379120847835415
3 x 159 0.010070394323869691
3 y 69 0.019498264145985433
3 z 25 0.09500669029812503
4 a 124 0.047073964132877344
4 b 78 0.03975937628453241
4 c 113 0.021330057486635412
4 d 151 0.01739326330304536
4 e 104 0.06010506174135688
4 f 120 0.02899907529805812
4 g 55 0.014002119150729686
4 h 95 0.0319168599008689
4 i 54 0.007241154374133751
4 j 107 0.17451709498684076
4 k 105 0.025570442178375008
4 m 67 0.06112623813570506
4 n 75 0.0012510073956411016
4 o 65 0.012891514283398076
4 p 23 0.08782831689278114
4 q 153 0.07051322137134663
4 r 162 0.017548240828007544
4 s 36 0.01798760940736066
4 t 80 0.023196496059877836
4 u 1 0.0639252448790747
4 v 105 0.028714982086881946
4 w 16 0.10544197941464883
4 x 72 0.0010422053875929205
4 y 32 0.00585992730893492
4 z 65 0.02234564255634719
5 c 15 0.03827088789839361
5 e 45 0.01104594676836601
5 f 153 0.06582001996044207
5 g 158 0.1698516672940874
5 h 17 0.0816206952805949
5 i 37 0.03822070267544486
5 j 67 0.0980937816686398
5 l 26 0.07376823167752189
5 m 27 0.11895801755272717
5 n 148 0.08804496640608517
5 o 159 0.009533410242127172
5 r 1 0.09381061199627305
5 s 45 0.015367096914266631
5 u 152 0.05873255127968613
5 w 80 0.016707872894443754
5 x 161 0.008681559529683303
5 z 96 0.0022562166995550026
6 d 153 0.0746843216064319
6 i 142 0.12292097577330796
6 j 93 0.00915724008090324
6 k 66 0.4969042636603035
6 o 140 0.04206217831186887
6 p 148 0.043394097268432796
6 w 72 0.0905569291127244
6 x 102 0.0693915664506487
7 a 129 0.023906080743666847
7 b 162 0.01194404947449057
7 d 100 0.14332890299393486
7 e 104 0.05055724237950798
7 j 11 0.06807462156626154
7 k 117 0.007386049763832503
7 l 77 0.05753568372591755
7 n 112 0.06857677231476944
7 p 144 0.15075304314292937
7 r 16 0.21967945184483406
7 u 61 0.004763597063779268
7 w 16 0.057838042735427364
7 y 68 0.02247063309525854
7 z 91 0.01785515483086908
8 d 72 0.04086980943637608
8 j 154 0.29692660465299237
8 l 42 0.0033256989999661535
8 m 121 0.1806035450922724
8 n 138 0.05785855689841213
8 q 105 0.1836568138573984
8 u 117 0.017500422125510284
9 a 128 0.07005437737094311
9 b 0 0.03434578968856372
9 c 147 0.00687161502941902
9 d 60 0.0449908001060193
9 e 22 0.07728226070132993
9 f 49 0.0506248380403298
9 h 21 0.06097461207064725
9 i 37 0.041878353994312056
9 k 142 0.044405367248800176
9 l 89 0.12046194986591785
9 o 103 0.0013609931072225967
9 q 77 0.015957281134964085
9 t 146 0.044288916317361204
9 v 103 0.06278900388076725
9 w 79 0.15128558810630865
9 x 79 0.029657764099619066
9 y 62 0.00684903285995464
9 z 100 0.13393198051273902
10 a 151 0.026241507297698585
10 c 55 0.011566666214251176
10 d 106 0.036839410264624006
10 f 155 0.09040321747814317
10 g 133 0.0010109200191352752
10 h 146 0.09197130359053796
10 i 142 0.034383673108067
10 j 123 0.06215940911445461
10 k 1 0.03479992248467245
10 l 107 0.032811803596638156
10 m 28 0.017848424776407246
10 n 125 0.07665506071511674
10 o 38 0.01039047843396712
10 p 50 0.016193178957815357
10 q 68 0.004162064220223249
10 r 137 0.006076644133840237
10 s 72 0.05576098642432448
10 t 168 0.08825742412382953
10 u 16 0.12174987064157983
10 v 104 0.022802587827126963
10 w 52 0.12904765086642767
10 y 136 0.004015069944016902
11 a 111 0.08260180354744406
11 b 156 0.015672633155435767
11 c 67 0.02914299891680805
11 d 129 0.03039329352593223
11 f 71 0.009030794169126333
11 g 7 0.018352206820526296
11 h 9 0.009186261399366069
11 i 65 0.06589895177393712
11 k 123 0.03454734044278107
11 l 27 0.14426538163989255
11 m 121 0.0063545984263226885
11 n 68 0.032585716540029286
11 o 59 0.10208038721398827
11 p 94 0.011409371931673351
11 q 164 0.01661356054864893
11 r 129 0.03516666608197816
11 s 57 0.01868102863774801
11 t 117 0.060699479023407776
11 u 166 0.06602322541894878
11 v 0 0.02119681299399545
11 w 72 0.06324187106012569
11 x 167 0.014465388145290636
11 z 86 0.09211207762790485
12 b 93 0.07879833716090412
12 i 70 0.03794361663614643
12 j 41 0.3153939052104626
12 n 95 0.07574029789751102
12 p 74 0.029971773161730275
12 s 25 0.18767370199554756
12 v 52 0.006468801576126504
12 w 7 0.053408024960757805
13 a 60 0.02963858828978705
13 b 118 0.02650074819808068
13 c 167 0.10486002421412122
13 d 32 0.34259460175449996
13 f 123 0.017643136839521678
13 k 78 0.136099956511758
13 l 62 0.0012707706050191225
13 m 62 0.0006260072920424298
13 p 82 0.019173495285179643
13 q 68 0.03695377832491009
13 s 95 0.015785975984604628
13 v 98 0.009481698389967375
13 y 79 0.15193794896033042
13 z 15 0.034742987962334326
14 a 111 0.055656020204488565
14 e 19 0.054758001758737795
14 f 84 0.06067578882487168
14 u 32 0.4376740320037319
14 v 49 0.2930332278758365
14 x 88 0.09523911417479214
15 a 44 0.19469941383124523
15 b 68 8.060984507018976e-05
15 c 56 0.05270038876925076
15 d 132 0.04686335901301186
15 e 141 0.0343760367857322
15 f 101 0.08778356123855724
15 g 84 0.03723678893680438
15 h 0 0.029791069797365344
15 j 3 0.06017683670838947
15 k 150 0.0766998899886171
15 l 10 0.0009686163469803111
15 m 149 0.04474601613528428
15 n 152 0.021843965319454206
15 o 18 0.033074102044847176
15 p 61 0.008649353859891962
15 q 93 0.09458964675137749
15 r 120 0.03772125487347766
15 s 157 0.03623472092725066
15 t 79 0.00624381315545286
15 u 58 0.0031901860865364284
15 w 64 0.016118509433857398
15 x 158 0.029773970831116103
15 y 145 0.0019136554220219315
15 z 47 2.6329228772103974e-05
16 a 109 0.039283048346848815
16 f 150 0.4145418875070743
16 p 44 0.15999303184491054
16 r 130 0.3405712229183616
17 c 11 0.06285565357090606
17 d 153 0.04514383667420274
17 e 50 0.005696649994057279
17 f 138 0.018797934654037673
17 g 162 0.022282727381521816
17 i 48 0.08866743035795488
17 j 37 0.07014169062268216
17 k 53 0.04157514651047911
17 m 65 0.13878723800041493
17 n 129 0.01153041442736158
17 o 98 0.20705543558641837
17 p 10 0.014391452773657165
17 q 144 0.014609968910146542
17 r 52 0.024784355495284904
17 s 41 0.0829178999605259
17 u 29 0.009364791960298824
17 v 154 0.011232093146020916
17 w 145 0.03892799213230558
17 x 42 0.04906318089143025
17 y 61 0.015251484464971155
19 a 87 0.6647310744172558
19 k 0 0.004050000274144594
19 r 85 0.16225086087801666
19 s 78 0.06517261191457113
20 a 56 0.19376618711718896
20 b 109 0.003089915144807054
20 d 47 0.29066929125681085
20 f 91 0.07593001008751288
20 g 153 0.0666215603590129
20 i 142 0.003792559729747347
20 l 107 0.10360434460054846
20 m 149 0.016766590153832972
20 r 41 0.02825157061524275
20 s 85 0.13508147088814015
20 t 60 0.017130945486629634
20 u 155 0.03377175118505826
21 a 16 0.029347369851853933
21 b 86 0.058808287182485874
21 d 104 0.011736146963912009
21 e 70 0.1136052883703782
21 f 163 0.03484295142621452
21 g 24 0.01283237617269084
21 i 92 0.05494689833294586
21 j 125 0.02429722816811053
21 k 96 0.028338780877802283
21 l 119 0.0830540498358554
21 m 58 0.019070336349687356
21 n 77 0.034954853556493415
21 o 0 0.011827172256851926
21 p 20 0.04161578486049944
21 q 116 0.08964236586755969
21 t 42 0.015874351665231656
21 u 95 0.017528451956326907
21 w 12 0.06766888275869742
21 x 61 0.19179657611939116
21 y 148 0.015781271727823176
22 a 25 0.0548130525627063
22 b 109 0.03411158910690337
22 c 52 0.01167561354641744
22 d 24 0.06639247802312065
22 e 114 0.008583217642100793
22 f 155 0.05553160298163551
22 g 5 0.008687769393692202
22 h 127 0.17474154795280228
22 i 163 0.015479156756008416
22 j 48 0.029646442162130415
22 k 75 0.008374776301878328
22 l 12 0.012178155323255502
22 m 153 0.02471476552820484
22 n 89 0.07848524112765609
22 o 138 0.0006709098770552036
22 p 86 0.050678262818698916
22 q 65 0.025242960176835583
22 r 141 0.120489446613673
22 t 85 0.054893476502543614
22 u 84 0.02221968608135061
22 v 43 0.04203005755398459
22 w 47 0.002996013716368706
22 x 170 0.013587533541197128
22 z 63 0.07994555168434758
23 a 54 0.04578049145440566
23 b 171 0.06795481173750872
23 c 162 0.17376874806338893
23 d 99 0.11846514779136341
23 f 13 0.05212215509433871
23 g 130 0.005207517111328497
23 h 69 0.07765715042047971
23 i 133 0.009223717171959356
23 j 70 0.04975486835214449
23 l 78 0.05085103152410264
23 m 50 0.0065359574477756865
23 r 62 0.03733840349324957
23 t 67 0.020979003672882413
23 u 101 0.005518988012918058
23 w 44 0.10909366117771135
23 x 81 0.03577191141250469
23 y 99 0.048340835742591515
24 a 148 0.019850532136934884
24 b 79 0.04106065346299426
24 c 114 0.005628189863846944
24 d 31 0.02399366920031698
24 e 29 0.003173800501539259
24 f 15 0.004202137683260387
24 g 78 0.04768873581930455
24 h 162 0.044019637145157
24 i 14 0.059296336502984937
24 j 85 0.01559301833182114
24 k 21 0.07952671464703509
24 l 148 0.011570763704061737
24 m 51 0.014663727496487255
24 n 79 0.11977738465874
24 o 120 0.042851049362473526
24 p 61 0.008105327009150787
24 q 84 0.11677065699184319
24 r 2 0.035924775433240574
24 s 39 0.03832585516654641
24 t 25 0.011832512360187342
24 u 159 0.02555984028631808
24 v 32 0.013032946824816372
24 w 51 0.014602088613997699
24 x 58 0.03390506318994757
24 y 103 0.018844392622319073
24 z 5 0.06397463798668124
25 a 53 0.027368857449801776
25 c 80 0.07048470241443461
25 d 0 0.0382441690288059
25 e 70 0.007264401273795906
25 f 121 0.12591946990762082
25 g 87 0.006976173711750522
25 h 61 0.038671336472564155
25 i 36 0.0061101849362651395
25 j 57 0.02624963392143942
25 l 70 0.053570685362670845
25 m 118 0.058506109001883466
25 n 22 0.0030103411150489423
25 o 63 0.009528772306873101
25 p 66 0.08146795908991955
25 q 35 0.07648664423395835
25 r 118 0.011282857862947582
25 s 130 0.03875331843515639
25 t 47 0.07874370392934427
25 v 52 0.00962144776747309
25 w 112 0.08778516326340569
25 x 6 0.07319887865648866
25 z 86 0.027685851129754746
26 c 130 0.39665119203621313
26 e 70 0.04180567099665611
26 i 115 0.19045977290328742
26 n 1 0.047394113592478915
26 o 103 0.03399417495246104
26 r 108 0.06723962278766249
26 s 25 0.20251000221134796
26 y 60 0.019327496832415303
27 b 95 0.053725645965680746
27 c 79 0.019824874634457923
27 d 123 0.10424745475409669
27 e 8 0.04766760858148489
27 f 36 0.026756879093258745
27 k 114 0.014469963804199737
27 l 72 0.07238016112060053
27 m 90 0.05417999804053997
27 n 160 0.1328482797983096
27 o 135 0.0571763767344301
27 p 23 0.011504062776929613
27 q 90 0.022222816963719416
27 r 154 0.010394880978747079
27 s 127 0.08041543843151788
27 t 18 0.024757736966511623
27 u 68 0.037857126757801396
27 v 131 0.053610645626367526
27 w 20 0.06737148190286835
27 z 126 0.05465662737511301
28 a 117 0.05986798279655692
28 b 127 0.0034639350002325653
28 c 71 0.0022333628243962345
28 d 34 0.05244722075540975
28 e 100 0.02634108249411171
28 f 84 0.026611482440381806
28 g 25 0.016186417036788914
28 h 19 0.007622903994781383
28 i 119 0.0016365470779098334
28 j 22 0.06301222587783095
28 k 102 0.05294701236797361
28 l 8 0.041823871919626665
28 m 80 0.016469599052531425
28 n 43 0.015677203005018514
28 o 85 0.00035105449815864276
28 q 42 0.038130124369033846
28 r 94 0.07034171037063452
28 s 123 0.039699356379700124
28 t 75 0.13039130840776492
28 u 86 0.013780434504777728
28 v 72 0.014692975092026495
28 w 2 0.10698921316097043
28 x 68 0.030341521675453342
28 y 110 0.014376696496404384
28 z 149 0.04833168517528241
29 e 99 0.3253031976075831
29 g 127 0.2409955083777171
29 h 109 0.0024246609967921717
29 m 53 0.14508116236132806
29 o 147 0.10239193293543525
29 p 90 0.043647637317987154
29 y 1 0.05126230800944587
29 z 63 0.0012963153466863941
30 h 137 0.19957568255215896
30 n 59 0.023039927038318808
30 p 170 0.16582238421948836
30 q 97 0.0759359330712348
30 t 117 0.05891957433299766
30 w 149 0.16677099170094112
30 z 133 0.26565404294405925
31 a 51 0.23195795158274235
31 c 51 0.024657784660481963
31 i 0 0.00957977260605436
31 m 158 0.019926565207998514
31 n 81 0.09470317553307472
31 y 127 0.08011105625691572
31 z 152 0.34920763907672203
32 a 86 0.01177930433053398
32 b 48 0.12199661806990225
32 c 75 0.0935322934838333
32 d 8 0.14956856070227653
32 e 151 0.09261822228047256
32 f 40 0.005889532871368064
32 h 137 0.09727040760893357
32 i 46 0.12309122583086374
32 j 29 0.0029858949998868844
32 m 137 0.006651090488929867
32 p 6 0.2507636478795736
32 u 56 0.0008192301731015927
32 w 102 0.003792377326960583
32 y 96 0.007748549514588254
32 z 150 0.031173374119802144
33 c 73 0.2264472170179458
33 e 164 0.029834207813138502
33 f 35 0.10815656623340453
33 g 162 0.2735950433860612
33 h 85 0.023885861208724157
33 i 24 0.13886250619619833
33 j 72 0.04799878265412516
33 k 97 0.09310810706363448
33 m 36 0.017896547692073494
33 x 117 0.032957332772549974
34 i 155 0.7250694746361757
35 a 113 0.0643299873653993
35 b 2 0.10304250632312129
35 c 159 0.01185829991544396
35 d 84 0.058194084651843725
35 f 170 0.12423453602479673
35 g 28 0.10075728393270633
35 l 171 0.025193703341614415
35 n 137 0.032257474309360545
35 p 50 0.011058026107497176
35 q 27 0.006052269838777935
35 r 49 0.029142359731237688
35 s 69 0.290469067830473
35 v 20 0.05679192996415616
35 z 138 0.025912363275553796
36 d 117 0.0973047045639922
36 g 12 0.034634783515613554
36 i 126 0.1064509669021464
36 l 54 0.0854984296430461
36 t 60 0.5811505225983848
37 a 142 0.03293731837795699
37 b 2 0.0669824555332964
37 c 26 0.08504673494749104
37 e 5 0.008071614250769743
37 g 93 0.003860611654995405
37 h 51 0.02133390991612527
37 i 111 0.014441965188765504
37 j 39 0.032950472948420795
37 l 41 0.14833000834613397
37 n 130 0.03368634041801433
37 o 75 0.02291461300785913
37 q 123 0.1526843330627018
37 r 100 0.15466906981435746
37 s 46 0.00898054899096512
37 u 19 0.14427899239283482
37 y 141 0.02009488137992721
37 z 43 0.027025866077894367
38 a 121 0.031073742903959256
38 b 52 0.06672998070924674
38 d 93 0.05563454065308904
38 e 171 0.006430916451762969
38 f 53 0.09263822722065562
38 g 13 0.15580117997870913
38 h 57 0.010867581282822725
38 i 65 0.014994219272229103
38 j 19 0.03930188964958836
38 l 20 0.008096072065480686
38 m 18 0.0863361758198028
38 o 86 0.024155239384895055
38 p 20 0.0033684956969263213
38 q 140 0.10528346388910781
38 r 93 0.02850665644962791
38 s 132 0.018371062976822117
38 t 109 0.016666845501498218
38 u 57 0.07347735821517187
38 w 12 0.011709848652976307
38 x 87 0.02016419365103095
38 y 158 0.08222098383165843
39 a 144 0.03466948170688244
39 b 23 0.12540597477552384
39 d 141 0.026260528521325655
39 e 141 0.12683451803777146
39 f 110 0.006625431627313216
39 g 107 0.11215414163432502
39 i 92 0.023287176109789032
39 j 145 0.05035775849985846
39 l 37 0.0010493983822165154
39 m 61 0.09538461171980073
39 n 74 0.045979726245321206
39 p 43 0.010141179200243378
39 q 66 0.06042005331135425
39 r 62 0.032519604521585976
39 s 24 0.06215511755356162
39 t 168 0.029636696030853615
39 u 79 0.11270594815660773
39 w 58 0.003842642061062662
39 y 10 0.029467588201868677
40 a 85 0.057805087030040836
40 b 52 0.055327400858603215
40 c 54 0.028334381672413644
40 d 3 0.13368982618640413
40 e 141 0.04110612802644753
40 f 39 0.013068346553331889
40 g 164 0.001111076156662394
40 h 104 0.045785582380562406
40 i 34 0.05045188756347252
40 k 59 0.01690945896815277
40 l 91 0.05297872670455861
40 n 114 0.032525817724590844
40 o 131 0.02514136569551617
40 p 68 0.04009992845139876
40 q 137 0.03335805458563401
40 r 150 0.1274754293535979
40 s 113 0.009749849676949696
40 t 161 0.005453433786009709
40 u 170 0.05665200768644707
40 x 144 0.11849951973119377
40 y 31 0.009307336024938495
40 z 100 1.1911069382253281e-05
41 a 96 0.006708548773682321
41 c 108 0.05769193447872967
41 e 113 0.050742985631152204
41 i 130 0.07592175457523898
41 k 119 0.0008116165829784583
41 r 118 0.029459220202304404
41 y 150 0.597555121798503
42 b 64 0.2002435611029172
42 c 97 0.09056137840773582
42 d 19 0.1727352880745482
42 e 159 0.018945478822270267
42 k 101 0.13420683439044112
42 l 81 0.015164247904366768
42 r 4 0.03943858313581805
42 u 98 0.08255918164448517
42 w 45 0.12337622698139006
42 x 68 0.07895439139906069
43 a 113 0.03083927349158999
43 b 107 0.007447147880199734
43 c 81 0.023641608114345347
43 d 107 0.07522979100161864
43 e 82 0.05071539011772119
43 g 16 0.01055014193354653
43 h 128 0.08515144025439125
43 i 29 0.0005815599089871171
43 j 56 0.010983148429472678
43 k 106 0.02164916986594201
43 l 170 0.014657217275708012
43 m 28 0.0016754755392465182
43 n 3 0.0028495822157769135
43 o 91 0.024910920865022
43 p 85 0.04902130400759441
43 q 98 0.03628536023823936
43 r 105 0.008592859304514033
43 s 116 0.06418314140878378
43 t 9 0.024254739587289742
43 u 58 0.04766670507445969
43 v 120 0.007776632467656142
43 w 14 0.04465329783181071
43 x 87 0.08675124009402801
43 y 104 0.02266810663032892
43 z 82 0.061065348443578915
44 c 166 0.003679172793520924
44 f 122 0.08235870262738554
44 g 33 0.0662474588196077
44 h 134 0.10729727463907035
44 k 75 0.2782553339413847
44 m 100 0.0037153120765165415
44 q 160 0.010776003184506777
44 s 129 0.060174208945920515
44 t 44 0.130426514602632
44 u 98 0.09474277247155727
44 x 21 0.04555637581053695
44 z 139 0.07715397006455649
45 b 107 0.06403416981133536
45 c 36 0.003479212950064703
45 f 145 0.13033089761791994
45 n 162 0.05464968405306381
45 o 102 0.011971327731847281
45 p 161 0.03734619618492019
45 q 132 0.2922996342716919
45 r 130 0.010082055495372222
45 u 4 0.08229077121854578
45 v 70 0.013721550713028718
45 w 36 0.0012135573101448305
45 x 53 0.009863105837303987
46 k 89 0.12235307110077387
46 p 29 0.09085954077798064
46 r 136 0.182043519939751
46 t 19 0.40597583060246334
46 x 113 0.15538366825366512
47 g 170 0.9409464514943465
48 d 123 0.3896536328248774
49 a 75 0.17406639431266224
49 j 51 0.13436518913191464
49 m 12 0.07344269728699793
49 p 86 0.19056517396438555
49 r 76 0.11349221330038939
49 s 78 0.06914364927824834
49 t 119 0.008448001890643875
49 w 59 0.01625256301246214
49 x 55 0.11958448110636788
49 y 70 0.04555377220547352
49 z 103 0.05026403996868234
50 a 77 0.05218434890807033
50 c 69 0.001310722597393954
50 d 85 0.006963823724324358
50 e 38 0.08110726732121298
50 f 149 0.10142326852012196
50 g 80 0.04676895746492826
50 h 14 0.00728621124714568
50 j 4 0.01863933471404633
50 k 116 0.08231852575969978
50 l 105 0.028136373561285732
50 m 78 0.03380643409817896
50 n 38 0.0737673884583937
50 p 128 0.04236837718354658
50 r 40 0.18229031147672103
50 s 119 0.035931486152414926
50 t 51 0.004496360490405471
50 v 55 0.028761672919833003
50 y 36 0.16258943063282527
51 a 56 0.009891719110876829
51 c 26 0.043863265028541654
51 e 46 0.05639291841683258
51 g 111 0.09876667564451869
51 h 117 0.03247606956103155
51 m 109 0.03158692364368698
51 o 141 0.20628094042703937
51 q 118 0.10325333910775769
51 r 97 0.19804732227101207
51 t 15 0.10573570309072877
51 v 169 0.0009763426740617698
51 w 168 0.00216455902131929
51 z 154 0.10833530264751046
52 h 9 0.17219868510591363
52 j 127 0.554423641167721
52 q 68 0.01791739423164207
52 t 83 0.188394430540051
53 a 112 0.04740727930161581
53 b 40 0.0028267260282243134
53 c 99 0.03452708467005172
53 d 63 0.02375056944762166
53 e 115 0.037303660126368654
53 g 145 0.07870712277781855
53 h 24 0.022182607255034625
53 i 17 0.022660224873615742
53 j 10 0.043365521461444456
53 k 76 0.01798344207911895
53 l 104 0.024001390055966576
53 m 2 0.009195195645472665
53 n 92 0.023250943891311326
53 o 122 0.0174183373199579
53 p 0 0.07523176710700563
53 q 8 0.00883962023316942
53 r 67 0.030849574902169996
53 s 106 0.04932220575327617
53 t 29 0.012259323092627672
53 u 67 0.12232222053436737
53 v 36 0.08768088733707935
53 w 127 0.024766545358851588
53 x 124 0.11173288288321415
53 y 47 0.023944880628197107
53 z 132 0.0001672959846579225
54 b 38 0.31325910721190253
54 e 117 0.15660702046735797
54 i 73 0.26046887341558567
54 j 149 0.051086996298254306
54 m 82 0.10505521508786053
54 o 60 0.026740024121065575
54 p 17 0.006881761194767688
54 s 17 0.007374721689473063
54 t 153 0.035839072117390125
54 y 127 0.010784509545493037
55 a 22 0.014589038238420504
55 b 154 0.08264008108680176
55 c 1 0.06773184599813686
55 f 5 0.02249952918901421
55 g 115 0.1457518204716859
55 j 11 0.03629096845262769
55 l 81 0.049185237061771026
55 m 7 0.017658418844953894
55 p 75 0.10030008794778378
55 q 83 0.05955767720233163
55 t 130 0.05033748556322215
55 v 121 0.2587198741375274
56 b 136 0.018957719704528975
56 c 124 0.019756725700847966
56 d 160 0.03659323590504293
56 e 119 0.04926902424212831
56 f 24 0.12350928002184325
56 g 78 0.022887064801309975
56 h 86 0.04215582242085447
56 i 10 0.003034954040990523
56 k 21 0.01079380233496885
56 l 122 0.0026918449451075466
56 m 171 0.05850068297032829
56 n 68 0.027250982929977963
56 o 12 0.12205663910717957
56 p 88 0.011873070156212306
56 q 72 0.021425295890791562
56 s 118 0.08781925164244964
56 t 42 0.04724340392304471
56 u 98 0.03661233513482831
56 v 15 0.030690193922928488
56 w 98 0.0020578063186310613
56 x 23 0.004397261422901311
56 y 27 0.1645520519041418
56 z 4 0.026248953591205826
57 d 47 0.021101979242152624
57 f 116 0.0010056321765672394
57 g 88 0.04399216606690548
57 h 15 0.038737227581786327
57 l 45 0.05600227385596579
57 o 59 0.05642784675830792
57 p 30 0.013075820930942728
57 r 118 0.08215204743217475
57 t 68 0.06677123063757406
57 u 19 0.10404588956268734
57 y 117 0.22217106748246096
57 z 120 0.051213007764684404
58 b 102 0.051437200816635054
58 c 127 0.002398177793366707
58 d 119 0.19053688259592494
58 e 85 0.07993670566138078
58 f 124 0.06450490950626664
58 h 17 0.1025688927239321
58 k 2 0.021845515859432396
58 l 56 0.011171390602499831
58 m 148 0.09849179503304595
58 q 129 0.01469148432317724
58 r 127 0.0862971148476781
58 s 166 0.03434279896735837
58 u 58 0.018066034730314207
58 v 38 0.011789691829229842
58 x 144 0.025981915678166434
58 z 165 0.028430130870283787
59 a 105 0.1004139693407391
59 b 144 0.038169390200835984
59 c 9 0.021498954111454194
59 d 139 0.009692862362007282
59 e 63 0.040382542440483005
59 f 25 0.011585427558626127
59 g 115 0.00011664433742719638
59 h 76 0.027756396139834383
59 i 61 0.07177600111016547
59 j 22 0.020550274095475163
59 k 94 0.016703614110608944
59 l 30 0.008843994747118056
59 m 119 0.028270769907476123
59 n 55 0.002537673940470886
59 o 88 0.0189103269817279
59 p 168 0.0491684551381969
59 q 3 0.01584910168418696
59 r 69 0.023225866404281592
59 s 40 0.10722200358179823
59 t 109 0.01639487896037961
59 u 76 0.059395454889580646
59 v 14 0.061651924028131466
59 w 150 0.011262614456139186
59 x 57 0.08643030302243371
59 y 93 0.005551804047049469
59 z 73 0.02274277103272715
60 a 163 0.030913643617593967
60 b 52 0.059061043923193335
60 c 124 0.028335518715217
60 d 61 0.025048873423674678
60 e 15 0.027545087053483353
60 f 162 0.05261292611578616
60 g 108 0.0022672769994117603
60 h 123 0.1301700660963987
60 i 108 0.09779835155137007
60 j 80 0.011631900205423928
60 k 36 0.010223625873473918
60 l 5 0.0528246422986941
60 m 144 0.0943165377591696
60 n 14 0.044434688542572376
60 o 0 0.02443407870260239
60 p 71 0.010999013129218915
60 q 171 0.06661133780786643
60 r 18 0.004583791592364772
60 s 98 0.003921403187448602
60 t 66 0.010389294986468345
60 u 140 0.02241107509342577
60 v 164 0.00039251351416924596
60 w 97 0.017996109809629512
60 x 88 0.08283644284844072
60 y 28 0.039847827281457415
60 z 58 0.019397902451704918
61 f 5 0.31536319406393276
61 j 139 0.06467108566067492
61 s 135 0.20306903356587935
62 n 156 0.022763527142502293
62 p 13 0.6716013489892089
62 z 124 0.07386652836944818
64 r 105 0.022276970748491887
64 t 148 0.48033433928994707
65 d 128 0.08131547494942393
65 f 64 0.15409842189204825
65 o 162 0.2203192319129631
65 q 50 0.02247844628219242
65 r 21 0.19324779672327141
65 v 91 0.21341455863962278
66 b 122 0.02828854647227741
66 c 149 0.01003936095577962
66 d 139 0.013772551124747068
66 e 20 0.02748808596098329
66 f 118 0.16765266971339932
66 g 2 0.02125272586508664
66 h 82 0.09848942660810533
66 j 38 0.23971679048287653
66 l 68 0.03225866148649381
66 m 154 0.012639583739993965
66 o 128 0.008615734367173888
66 p 97 0.028772614057107626
66 q 152 0.009878702505584092
66 r 6 0.027120369525568733
66 s 162 0.03476872454657931
66 t 56 0.05177002111447804
66 u 48 0.0005953959196965952
66 v 169 0.008006918776387706
66 y 38 0.06162165222804805
67 a 91 0.01312813566332749
67 b 97 0.0018324077469455968
67 c 43 0.0008508234676742887
67 d 159 0.029498153114258963
67 e 150 0.012134552193877712
67 f 103 0.0020682698588444515
67 g 10 0.03947016369359102
67 h 43 0.054709339194524365
67 i 78 0.08539783748608754
67 j 136 0.04103092590750601
67 k 127 0.05197462643100659
67 l 28 0.007447165881503071
67 m 97 0.05839649320733875
67 n 16 0.023587187483540273
67 o 1 0.03820206777245716
67 p 2 0.09273825033782546
67 q 26 0.020827583231831426
67 r 87 0.010349667616738945
67 s 156 0.06476398267321481
67 t 106 0.10154939750667125
67 u 160 0.0675811208394248
67 v 95 0.002466457787304699
67 w 151 0.04284911809066472
67 x 42 0.06167473448089944
67 y 62 0.04254952883160812
67 z 115 0.019704636911954565
68 t 71 0.33978063519771795
70 a 63 0.14100834136758245
70 c 109 0.042275297132077005
70 e 135 0.10669997676911058
70 f 125 0.05860122604837337
70 g 41 0.027937704078321857
70 i 16 0.001410522929984226
70 j 103 0.018167662547318608
70 k 63 0.006107786723504094
70 n 140 0.05553315810340487
70 p 134 0.1114031469160226
70 q 68 0.01821087078327699
70 r 134 0.09267296015946347
70 s 99 0.026159792738729593
70 t 81 0.07343157438514258
70 u 30 0.055397631033674566
70 v 71 0.02658866687343786
70 w 122 0.06785946577032109
70 x 118 0.05677624712366747
70 y 98 0.008234860689434798
71 b 45 0.009046132004200902
71 c 107 0.2602448955564509
71 f 39 0.049807180262431916
71 g 139 0.018071926744175792
71 h 1 0.010454842306719114
71 i 68 0.07338075748100159
71 l 89 0.06616393962386313
71 m 133 0.01648910171937601
71 n 9 0.07608559745960375
71 o 98 0.024608379673397685
71 p 33 0.014228741714792936
71 s 67 0.13125113987021553
71 t 67 0.027204584780160856
71 w 117 0.0627262349693557
71 x 12 0.009217109082830133
71 y 162 0.0301334055025666
72 b 89 0.1374295881834786
72 g 145 0.006668189643383338
72 w 171 0.26864269329823676
72 y 159 0.3099168250708073
72 z 142 0.27441777113366606
73 c 144 0.10958309459309179
73 d 153 0.11386856817876068
73 f 158 0.18070466806613872
73 h 46 0.1066526485514413
73 i 113 0.02470376246436512
73 j 36 0.06260053915949493
73 k 112 0.03070405461702186
73 l 65 0.1233384745228584
73 m 120 0.025297528556243454
73 u 99 0.02921963202798661
73 v 45 0.1314420905986453
74 c 2 0.1533243465043861
74 i 44 0.1347387242941135
74 j 164 0.27174460467077943
74 q 54 0.02898965918661034
74 r 29 0.08567948101847311
74 v 81 0.14414565900043064
74 z 53 0.14586645265008624
75 e 57 0.027116627305368124
75 g 72 0.03374597018105263
75 h 50 0.012894104321274469
75 i 146 0.1725732031616909
75 k 25 0.2554356762778457
75 l 77 0.053070350670454514
75 m 59 0.08171534406003667
75 s 116 0.18588946672095852
75 u 26 0.0407039634759111
75 v 135 0.09634003323035967
76 b 63 0.030488284237979668
76 d 128 0.010494460080513579
76 e 4 0.01042771849552282
76 f 99 0.0008572696941654412
76 g 146 0.008153185578849809
76 h 40 0.0013755685647585114
76 i 117 0.022428829633919678
76 j 124 0.00647133718315962
76 k 141 0.042742040696086
76 l 128 0.08413298995384433
76 m 36 0.05543933436295412
76 n 52 0.0404797371245047
76 o 135 0.030787824186029433
76 q 129 0.005081512196322691
76 r 11 0.09641803874531152
76 s 10 0.026992793211953914
76 t 0 0.006045507603954392
76 u 96 0.0727690726821354
76 v 117 0.026831776498326687
76 w 107 0.05749116020750833
76 x 9 0.24059309613287772
76 z 90 0.07084990650774559
77 a 17 0.16913145805910534
77 l 150 0.18820506222058142
77 n 118 0.04850366179021648
77 p 32 0.10985592128910604
77 x 93 0.39771516481847646
78 c 135 0.07279540270977669
78 h 126 0.22421455100821097
78 n 36 0.046869514171630766
78 o 160 0.1970127150777672
78 p 89 0.011941556603038528
78 r 54 0.0783050112167617
78 u 111 0.049247498594037875
78 v 160 0.0681325909977547
78 x 168 0.05033744894156267
78 z 39 0.1890412098459121
79 c 19 0.10030523397173419
79 d 15 0.016125089175261564
79 e 92 0.0724628547693249
79 f 156 0.11741336638116984
79 g 146 0.038311235594740145
79 h 53 0.09691323829618725
79 i 152 0.0372530882656813
79 l 147 0.012356465227602698
79 n 60 0.06303899378950639
79 o 159 0.008254188533270757
79 p 86 0.023778359320731357
79 q 57 0.13215544489639397
79 r 103 0.16372828893203906
79 t 166 0.0688841942642121
79 v 167 0.006973485873728702
79 y 137 0.014485819537836675
80 h 83 0.12809496611540627
80 m 44 0.02300127920178474
80 q 83 0.27584070693473317
80 r 65 0.5523468358192982
81 q 143 0.6540682484499828
81 s 64 0.3111697416005653
82 a 169 0.05524135933971619
82 b 112 0.11026487477066171
82 c 170 0.0193241376820793
82 d 17 0.05265028182266751
82 e 81 0.07489660897278705
82 g 34 0.012587280799933431
82 h 132 0.05132284128435516
82 j 160 0.029545053825873024
82 k 81 0.012174400160742116
82 l 18 0.037739157854883576
82 m 156 0.03428705704646806
82 n 95 0.008450823069488522
82 o 85 0.0007587706770657565
82 p 147 0.026014099026201665
82 q 142 0.057028871694531746
82 r 168 0.10364738734654688
82 s 94 0.0044447624135522945
82 t 157 0.04703896840525301
82 u 60 0.004397653730347173
82 v 52 0.1777801141414721
82 w 47 0.020770945710457123
82 x 52 0.007116510787625874
82 y 32 0.0016513501821623366
82 z 163 0.006996260161899137
83 a 84 0.009891494532278777
83 b 94 0.08397657094834077
83 c 110 0.04069507444451004
83 d 97 0.0148269642991673
83 e 134 0.07652358794203762
83 f 55 0.01156388161689259
83 g 136 0.010091116289148938
83 h 25 0.037280087741015766
83 i 83 0.08752201865617137
83 j 18 0.09386989167119009
83 k 150 0.008519167763213487
83 l 36 0.04712362273738402
83 m 46 0.006911654391934974
83 n 59 0.01567408256009395
83 o 100 0.009126106503409837
83 p 124 0.010373611192176613
83 q 101 0.023273040642978082
83 r 171 0.04040969123679561
83 t 140 0.00171758894476437
83 u 63 0.07498428158900206
83 v 96 0.0817201227329859
83 w 157 0.05771429607845713
83 x 50 0.0449195002230276
83 y 65 0.0662488466467065
83 z 133 0.03230223335739735
84 a 107 0.03234567430414559
84 b 40 0.040837095823862635
84 c 101 0.03186492132972152
84 d 142 0.02384199719493363
84 e 68 0.07103883592018201
84 f 90 0.02742268931289682
84 g 164 0.0034859967793813285
84 h 57 0.00043463256264653083
84 i 133 0.09545612633029421
84 j 140 0.046541012011266925
84 k 58 0.08011224681561335
84 l 34 0.006362387710608708
84 m 32 0.07044441200672424
84 n 70 0.007980325804768706
84 p 33 0.0792823581412595
84 q 3 0.044589368262734075
84 r 132 0.102286080553601
84 s 97 0.023656717751224243
84 t 54 0.010877520328759438
84 u 42 0.010443305070796605
84 v 11 0.013128310940904275
84 w 111 0.03620148377017529
84 x 91 0.022367736685571682
84 y 98 0.005566797678841939
84 z 7 0.06095689976045793
85 g 124 0.3584697240572029
85 h 136 0.33217991267255254
85 j 53 0.011690408614789205
85 k 63 0.008127811865819123
85 p 49 0.20890566797456533
86 a 49 0.01779950134135133
86 b 133 0.019498309709737205
86 d 84 0.11756368354398772
86 g 82 0.06417392821975754
86 i 63 0.06694144129404023
86 j 120 0.0039015830438181576
86 k 108 0.0822530787452721
86 l 128 0.06587551374045608
86 n 20 0.0070586178828597745
86 o 75 0.023966255337811604
86 r 10 0.09523222728707403
86 s 65 0.07640072474824244
86 t 55 0.13093834623947198
86 u 3 0.02729790202030391
86 v 148 0.11010400654280816
86 x 46 0.04822354385531746
86 y 32 0.01789623277516028
86 z 171 0.01920799762477654
87 b 13 0.012614503553136314
87 c 24 0.044683882868389424
87 d 3 0.08133271720116053
87 f 97 0.008918534198361527
87 g 171 0.04836716972704902
87 j 50 0.002488158316457656
87 k 110 0.0059977838681616324
87 m 11 0.010219638715976642
87 n 48 0.016197279836472456
87 p 134 0.02947502099998267
87 q 38 0.03397601990109467
87 r 114 0.2855669497696188
87 s 22 0.07198306011471267
87 t 82 0.14680547637553276
87 v 90 0.030797573084935248
87 x 150 0.1099166250890613
87 y 96 0.014160748929958444
88 d 76 0.09859084195180401
88 e 80 0.07830879881267183
88 f 171 0.0123342633250062
88 g 62 0.1817019218065582
88 i 2 0.08826691365312622
88 k 139 0.05105158820650313
88 n 112 0.09024896104504831
88 p 134 0.032149628302389766
88 r 130 0.16304398308258428
88 u 74 0.0037703814340430686
88 v 104 0.06742844392816982
88 w 24 0.04544641701539598
88 y 37 0.04299685253781349
89 a 27 0.020629489501555964
89 b 99 0.025850100638360463
89 c 87 0.010258197757092247
89 d 141 0.1109277394784397
89 e 116 0.04256276592766817
89 f 5 0.002253968881956059
89 g 62 0.013136895559905604
89 h 122 0.05384653630527536
89 i 36 0.060772779579323144
89 j 12 0.0080005430114507
89 k 147 0.03583750011645137
89 l 166 0.09802109490288746
89 m 42 0.0011524165988237023
89 n 140 0.01247624580711204
89 o 169 0.036247998674936444
89 p 153 0.0346878943280684
89 q 88 0.057523347743317466
89 r 78 0.030714625250300553
89 s 108 0.011125825028850844
89 t 20 0.023494427082181968
89 u 107 0.033586187171592785
89 v 117 0.07143741155540162
89 w 100 0.0556791149981275
89 x 1 0.04394401506106993
89 y 105 0.011262156677899648
89 z 99 0.08046525589486475
90 a 91 0.035900744974215026
90 b 24 0.016822595670298535
90 c 62 0.12386110593310307
90 d 154 0.0048272841667054145
90 e 22 0.007386845024177302
90 f 7 0.11386998572269158
90 g 113 0.007405320196963716
90 h 4 0.015415748774054272
90 i 100 0.06810873303250964
90 j 42 0.000831551780157036
90 k 120 0.013496888624384473
90 l 32 0.012931560068791481
90 m 3 0.003882722391654214
90 n 61 0.02542605090160288
90 o 152 0.036562628504772876
90 p 144 0.03601338432226098
90 q 99 0.007256411456382117
90 r 35 0.005185599134721275
90 s 133 0.011846883524077478
90 t 99 0.12541775737221383
90 u 20 0.03412770242190033
90 v 56 0.007390971619844033
90 w 45 0.026421211901457853
90 x 83 0.03515381573858278
90 y 41 0.027029394759388703
90 z 162 0.06608425619864144
91 e 118 0.09436945503185767
91 f 83 0.021963825521675084
91 h 143 0.24034793867789794
91 j 93 0.02788778885075227
91 m 67 0.03228992064439273
91 s 140 0.11910623184314839
91 t 83 0.09606923669404477
91 v 92 0.14502690101775262
91 w 111 0.08331432259921534
92 a 142 0.23924022391398847
92 f 164 0.05433612971983748
92 g 92 0.04010527195216762
92 l 121 0.14587357346041951
92 n 23 0.1576069325695918
92 o 119 0.1211211822311884
92 s 90 0.011422020560465596
93 a 118 0.05090036115683261
93 b 36 0.009823757997433402
93 c 137 0.021095016289849777
93 d 108 0.013472357040796745
93 e 105 0.05507510010412453
93 f 16 0.0004933598162011332
93 g 117 0.040810698420718716
93 h 2 0.04381790388385354
93 i 156 0.05777232401584531
93 j 118 0.030495078070314263
93 k 160 0.018079395014576338
93 l 13 0.0031038892652993644
93 m 166 0.0323267838901351
93 n 25 0.028852405496447076
93 o 137 0.15102673397535393
93 p 105 0.006543529236189727
93 q 170 0.030625565842433256
93 r 20 0.017824381073740403
93 s 102 0.028529603807179504
93 t 164 0.02908362708854828
93 u 39 0.2447421445614032
93 w 143 0.004114745987103152
93 x 167 0.012509725413200612
93 y 155 0.015504014811071887
94 a 162 0.04131266460722238
94 b 62 0.034670478574536756
94 d 94 0.0003546544281778363
94 e 41 0.007032732578461931
94 g 3 0.04604713067052901
94 j 33 0.09859545150488913
94 k 28 0.0024537094002224924
94 l 160 0.08694271751968341
94 m 100 0.09888137992210899
94 n 168 0.2061598031730475
94 o 134 0.027935953061467123
94 p 118 0.12645512167871642
94 r 154 0.05329342700628248
94 t 127 0.03844290121308602
94 u 111 0.058689930178339456
94 v 17 0.019821915095549092
94 y 133 0.00881579886534567
95 c 168 0.05938494693108787
95 d 78 0.15117299134272566
95 e 136 0.07228555555874705
95 h 83 0.12392783511537686
95 i 73 0.005841150883193702
95 l 103 0.1335498633263461
95 m 9 0.15658112099934363
95 s 4 0.04454469496268032
95 u 129 0.024776743756689923
95 v 136 0.017450825386395308
95 w 110 0.015389255106039057
95 x 157 0.04578479816414227
95 y 43 0.06657828035618929
96 f 2 0.13109168813713767
96 h 28 0.14707714026720475
96 j 84 0.29842492710953294
96 s 171 0.15537621758604914
96 v 65 0.08030847751051828
96 y 137 0.05846658373826785
97 a 16 0.12641531559763397
97 b 54 0.11185351261606735
97 c 152 0.03582986875532179
97 e 53 0.04084577397082456
97 f 152 0.04614431746270131
97 i 78 0.10406702250800803
97 j 150 0.03103380852126192
97 k 170 0.00765655232413176
97 l 111 0.007431139962023603
97 n 43 0.08603142131941954
97 o 35 0.07831052078958867
97 p 88 0.058218529412478626
97 q 151 0.006201707596275696
97 r 6 0.014304978704526294
97 s 104 0.01223658449435161
97 t 100 0.013190503339018611
97 v 73 0.030126912924898996
97 w 162 0.06123311965243272
97 x 63 0.04659478885138857
97 y 108 0.006521107924328251
97 z 107 0.0007772532007238597
99 d 96 0.009327923422580264
99 h 72 0.02141479032351612
99 i 108 0.08341722536613683
99 k 27 0.06185564616202244
99 l 62 0.015998932017437406
99 m 139 0.03889039138322958
99 p 15 0.021528691265297883
99 q 115 0.198597702299545
99 s 51 0.05321288473224706
99 t 147 0.0169107808659803
99 u 125 0.011682619594370336
99 w 22 0.16019214552726446
99 x 147 0.22538206956469398
99 z 49 0.0030789265781833164
100 a 143 0.004029288920696539
100 b 128 0.011553216895065832
100 c 162 0.059105144351376926
100 d 68 0.010312691550979913
100 e 10 0.06279167352939485
100 f 46 0.03790816254738927
100 g 115 0.06426534958670094
100 h 16 0.01471678875607041
100 i 159 0.0032088154581033645
100 k 130 0.019500410852868355
100 l 69 0.06963077375724058
100 o 162 0.046713377732810035
100 p 99 0.1661166188954294
100 q 90 0.050301371454222754
100 r 149 0.016088998168599322
100 t 147 0.011119343020536077
100 u 27 0.044959238059609885
100 w 32 0.03131031260282069
100 x 102 0.007828203808603384
100 y 108 0.17402535141115216
100 z 33 0.03708627548526944
101 a 92 0.07898593567930268
101 b 21 0.06318170473440954
101 c 138 0.02390530931909063
101 d 157 0.057863741356717124
101 e 34 0.03864190281955582
101 f 102 0.027619299104686412
101 h 152 0.027121730732113325
101 i 157 0.020189036192854948
101 j 14 0.047302347087896046
101 l 55 0.001816469527440412
101 m 160 0.18550878287874262
101 o 11 0.06028072854557198
101 q 60 0.04141450296978899
101 r 45 0.11916679791301799
101 s 131 0.001534438447946096
101 w 46 0.05563397399800418
101 x 16 0.1234567674329985
101 z 156 0.013209543704739812
102 i 139 0.19790884150541976
103 a 78 0.12919126024838568
103 b 59 0.022119697772589597
103 c 111 0.059594725151300154
103 d 37 0.0564318434713329
103 f 86 0.03245305877661653
103 g 35 0.020595327040941136
103 h 122 0.01954432836086062
103 i 118 0.2422542631722262
103 p 148 0.07113176872731508
103 s 114 0.02448455038502817
103 t 130 0.005756626732883019
103 u 127 0.00499758100513592
103 v 136 0.0294185773750949
103 x 111 0.0014292144354293157
103 y 143 0.12961911501587753
103 z 62 0.03398126252819733
104 u 99 0.8326667141325557
105 b 151 0.30064897453383654
105 l 9 0.05951200016038405
105 s 59 0.4628186135419555
105 z 46 0.03256992609506071
106 a 73 0.005923615886494926
106 b 139 0.1212677042090845
106 d 148 0.10777340545696179
106 f 106 0.07474648100884707
106 h 156 0.08630348090037288
106 i 58 0.10946784999266179
106 k 92 0.05787450094789137
106 n 67 0.08619428682111396
106 q 16 0.029512762267539294
106 r 37 0.04554388456861069
106 s 127 0.024001237701994138
106 t 108 0.06005125189552929
106 z 96 0.049520608644812336
107 b 15 0.016326909745265072
107 d 166 0.012964517197302627
107 e 15 0.07919968920298925
107 f 105 0.11230367355609139
107 g 155 0.017553319209737905
107 h 34 0.03160497066429935
107 l 87 0.09508592669809113
107 m 86 0.060038935874024424
107 n 4 0.01543051044243493
107 o 89 0.04604102170494351
107 p 35 0.003337110195312243
107 q 80 0.022908717024506364
107 r 38 0.0003104173068603222
107 s 110 0.007354482827498066
107 t 122 0.15106417781385506
107 u 62 0.0045644938573220495
107 v 11 0.049387358816985416
107 w 101 0.03525449697618954
107 x 158 0.013255604803080412
107 y 35 0.11535864952190689
108 k 140 0.09238914558482225
108 o 21 0.41652396250956836
109 h 99 0.12902544380776004
109 n 107 0.014012538235619543
109 o 29 0.4015377055016609
109 x 29 0.22371578717740515
110 d 91 0.030742320987222516
110 m 80 0.24768301837497286
111 b 73 0.13768534113683906
111 e 83 0.5308795579668028
111 m 25 0.04961332704510446
111 n 81 0.10736851435655159
111 o 46 0.0013633118669641453
111 t 73 0.00440630679381826
111 u 132 0.05352883795938468
111 v 57 0.0026889955695794665
111 w 130 0.015715145354911253
111 x 56 0.012728261955046949
111 y 15 0.07041150846504729
112 e 9 0.013752823499175393
112 f 143 0.109017517035075
112 g 27 0.02265694734012602
112 h 38 0.1240549557174101
112 i 150 0.07657421103626061
112 j 88 0.029426732644895814
112 l 16 0.15427485167395782
112 m 171 0.022819358326147454
112 q 113 0.0813239441317003
112 r 102 0.008286660446876204
112 s 60 0.0161024519521783
112 u 59 0.09541201840737423
112 v 35 0.014186529246835389
112 x 35 0.0349050769395991
112 y 154 0.16500883805457278
113 a 53 0.01366926331941487
113 b 141 0.013529920932169315
113 c 51 0.016343260890989364
113 d 130 0.08787980443207721
113 e 99 0.09721406693963974
113 f 105 0.0211894106157543
113 g 5 0.01838961292181629
113 h 122 0.0040008795818161635
113 i 58 0.01588650759214283
113 k 79 0.020081928405004335
113 l 124 0.03328032689043825
113 m 58 0.048645843345309414
113 n 143 0.21573365509127695
113 o 93 0.022131491740079
113 p 152 0.02266342489615414
113 r 5 0.004730094928591111
113 s 156 0.10460043924664608
113 t 13 0.03686711528968756
113 u 88 0.028476102664050318
113 v 38 0.026456531495416713
113 w 130 0.02463334617410662
113 x 4 0.03245111626853581
113 y 28 0.0032858016663318557
113 z 8 0.06432310986126144
114 b 98 0.0044794861515609075
114 c 99 0.04870380258518281
114 d 109 0.007433406613792548
114 e 141 0.05197794637758546
114 f 29 0.1421436878261193
114 g 67 0.01205622312817567
114 h 66 0.007474451848906272
114 i 128 0.00010328232747802701
114 j 106 0.01767893780813179
114 k 162 0.03569869741503673
114 l 39 0.0027846433486787836
114 m 139 0.07561105200381313
114 n 132 0.12798210158029322
114 o 98 0.05874488470245942
114 p 2 0.15473641390800896
114 q 128 0.0028294215888915453
114 r 114 0.005728982323426335
114 s 93 0.010872994980237971
114 t 11 0.04428740361791472
114 u 149 0.048713902943629095
114 v 124 0.007542620132656941
114 w 35 0.03177298968182152
114 x 75 0.04594096342355958
114 y 101 0.0420446344591483
114 z 52 0.0063192666565095035
115 b 170 0.02717939778757339
115 c 141 0.009771573079569884
115 d 25 0.00857157589516655
115 f 49 0.05622324175111548
115 g 149 0.020498720542514226
115 h 171 0.0790268250266325
115 i 133 0.07025736843081454
115 j 25 0.012590790911777838
115 k 13 0.016126041684224046
115 l 95 0.0063805328205740475
115 n 51 0.039263815832257354
115 o 51 0.012418638049586539
115 p 61 0.05325276015143354
115 r 34 0.0673325394415677
115 s 18 0.011735038360715766
115 t 0 0.07694051229655308
115 u 95 0.07123221087059095
115 v 22 0.0448851691056289
115 w 65 0.05421642475527022
115 x 66 0.009532817228269153
115 y 9 0.06221947850590481
115 z 143 0.08531477627487649
116 a 40 0.13823993381724176
116 g 35 0.019478356083531767
116 h 127 0.0607911555245938
116 k 33 0.20390910601180123
116 o 131 0.014422541264779043
116 r 135 0.21635259897114434
116 u 45 0.31275430733382437
117 b 95 0.047153682220050674
117 c 118 0.00882261295801623
117 d 48 0.04303498703783715
117 e 17 0.001383179781218824
117 f 169 0.003093259437067064
117 g 109 0.010100752558957704
117 h 126 0.06784474950573771
117 k 149 0.006814727871298998
117 l 12 0.02915550246486165
117 n 26 0.034774196292729154
117 o 115 0.07929682121137682
117 p 52 0.12504578878979045
117 q 108 0.09107315945514205
117 r 13 0.03788573546897411
117 t 23 0.09502368097257718
117 u 164 0.09438216875887784
117 v 153 0.00041079250776587806
117 w 59 0.06649824484248845
117 x 110 0.03667808372989745
117 z 151 0.09042188916752258
118 a 107 0.19733622055064626
118 b 67 0.0767806721359191
118 j 127 0.0411215416875903
118 q 54 0.4082185779630737
118 s 31 0.15438673765627775
118 u 20 0.03466779648249241
119 h 149 0.3692447449494517
119 x 110 0.2891253746595991
120 c 54 0.58887595394314
120 i 113 0.13833050005620384
120 j 119 0.01857952965787335
120 l 75 0.009183575349135054
120 u 95 0.14527521545211874
121 a 164 0.0747744980036299
121 b 1 0.06018119339966188
121 d 47 0.09720474308238214
121 e 55 0.08083895443987132
121 f 19 0.07731259768884069
121 g 67 0.06338683936764344
121 h 23 0.009471889069327277
121 i 148 0.01399876863137095
121 k 72 0.040876957714456985
121 l 46 0.060106314792702786
121 n 85 0.07780938562160122
121 o 144 0.05903791105284106
121 p 68 0.06782904721039362
121 r 112 0.05045233973860752
121 s 104 0.025287579889274325
121 t 8 0.02918465929646552
121 u 127 0.008967465889482606
121 v 55 0.08081543082905884
121 x 76 0.012200967100199578
122 i 154 0.022388314073590654
122 r 36 0.36673413688958834
122 t 105 0.42080725387703166
122 y 138 0.08125958122005483
122 z 64 0.10428068777540389
123 c 25 0.0654621988223637
123 f 11 0.04172904900764418
123 r 135 0.40930804857814784
123 s 153 0.17125444484781482
123 u 107 0.2334965843086637
124 a 136 0.03754119621330787
124 b 157 0.045711948139206204
124 d 58 0.2154767735233616
124 g 73 0.01575122586710065
124 i 142 0.15784515553259648
124 j 142 0.04844279762939485
124 l 52 0.10009082724153873
124 m 45 0.024419864141687397
124 q 167 0.015149825867822098
124 s 126 0.07683845701695902
124 u 106 0.045782989489539294
124 v 0 0.06326757000779548
124 w 136 0.07071479298467331
124 x 41 0.018054327083098176
124 y 56 0.05822523002221691
125 a 120 0.0989280690761366
125 b 5 0.08432722914649271
125 c 69 0.0261973992234682
125 d 7 0.005177485141777849
125 e 90 0.08283405140808386
125 f 113 0.012652093823507293
125 g 138 0.0321077895673455
125 h 158 0.06381161911982636
125 i 2 0.10304339519348338
125 j 65 0.029013850817722453
125 k 126 0.04729943263201486
125 l 14 0.006210724234033571
125 m 15 0.045702943101088134
125 n 13 0.03299586249985409
125 o 39 0.013338376404469221
125 p 167 0.0684308804966649
125 q 156 0.028969032509397308
125 r 24 0.002434523592948712
125 s 62 0.016910651932235843
125 t 136 0.032450921056337956
125 u 101 0.026712902598254096
125 v 92 0.05113061394711205
125 w 106 0.07563358424274125
125 x 143 0.0032787104709043335
125 y 140 0.0026241901599515227
127 a 84 0.0135329878369701
127 b 99 0.0462697389504666
127 c 95 0.006706294246318412
127 d 147 0.07742033528761028
127 e 122 0.07591625958981862
127 f 116 0.03379378008729972
127 g 38 0.014637694071573004
127 h 170 0.021356615866729767
127 j 15 0.006340763912231373
127 l 146 0.04399274863662139
127 m 13 0.1356958629399725
127 n 92 0.08186223835060069
127 o 128 0.13116915776033655
127 p 111 0.02192434694533274
127 r 148 0.02534643416204807
127 s 80 0.012270608030567787
127 u 140 0.06514258250246063
127 v 109 0.02622101389934095
127 w 123 0.048846038326840535
127 y 25 0.013583814390370264
127 z 144 0.019495559368662763
128 b 168 0.030576181797131397
128 c 26 0.030994195486319764
128 d 1 0.0040542410643309434
128 f 86 0.029583181890051602
128 g 98 0.014954735570795075
128 h 19 0.021890995054173024
128 i 31 0.12019526324667873
128 k 138 0.023850212387870107
128 l 23 0.04983344732925188
128 m 0 0.07758507619225041
128 n 116 0.06937815729405672
128 p 9 0.08197967083391977
128 q 25 0.041326520321661286
128 t 47 0.029423319671357473
128 u 52 0.028221218415291904
128 v 62 0.16151245265448277
128 y 156 0.02009278497664202
128 z 32 0.0012270617420460095
129 a 93 0.044714597721979166
129 c 26 0.10209529994506894
129 d 162 0.12213245686258001
129 f 18 0.20303023191168001
129 g 90 0.002708393002880838
129 l 89 0.012907822117651735
129 m 96 0.04788058092838732
129 o 47 0.0592848834577524
129 p 94 0.08101421783224427
129 q 166 0.0003643902781108599
129 r 7 0.011572569394612375
129 s 146 0.04349494553182742
129 t 162 0.08893575292001121
129 u 114 0.009909057924216702
129 w 16 0.07477867796913418
129 x 113 0.03699520343704732
129 y 66 0.018788799899615793
129 z 113 0.012655113070276225
130 a 99 0.032080419431293805
130 b 108 0.0252123638092131
130 c 11 0.048239981711448165
130 d 17 0.14237215482402887
130 e 128 0.03280395373715528
130 f 110 0.008036794648710321
130 g 8 0.07984511443904518
130 h 21 0.06009006647492032
130 i 3 0.07372223389374144
130 j 123 0.02921020217259085
130 k 12 0.004873870820862103
130 l 51 0.03719157224402114
130 m 164 0.06149667836103012
130 o 157 0.019067940307057496
130 p 38 0.01746123028303781
130 r 66 0.1279373422249096
130 s 121 0.0385734316620403
130 w 125 0.006105701482244652
130 x 141 0.014381669722562496
131 a 2 0.002414673685800617
131 b 77 0.11800833134376176
131 c 158 0.05520315446093205
131 e 166 0.10292487073831191
131 f 36 0.1277468235458772
131 g 136 0.08788862013218757
131 h 48 0.05123403411563243
131 i 68 0.032371797619894616
131 j 24 0.022423571942748133
131 k 149 0.008086986200727009
131 l 13 0.018237997574443554
131 n 134 0.042811359097164714
131 o 78 0.01555937693982501
131 p 139 0.1500497637633511
131 q 144 0.037279133176478574
131 r 1 0.0046800813961236365
131 t 23 0.0027401716300132772
131 u 100 0.0008999939933057588
131 w 12 0.050629496771145255
131 x 16 0.061194163698402027
131 y 169 0.005398110590516092
131 z 74 0.0021272328699585286
132 a 168 0.03701261468155592
132 b 14 0.029089657776672717
132 c 117 0.02676992737255046
132 d 49 0.14136997276903807
132 e 49 0.007056356827056187
132 f 36 0.02687592267303962
132 g 137 0.03344492010551037
132 h 56 0.02349918834172393
132 i 68 0.01626465674570088
132 j 146 0.05689316639424191
132 k 74 0.003352157590531313
132 l 12 0.12263184699960694
132 m 117 0.10595384829150378
132 n 92 0.010998161327972045
132 o 126 0.02526988718688672
132 p 72 0.0475514208599217
132 q 62 0.011602625906405484
132 r 34 0.007218958331613012
132 s 53 0.012801276947714602
132 t 140 0.059653795045976565
132 u 113 0.0011543450915771913
132 v 89 0.02575777832167081
132 w 166 0.022864467698038626
132 x 59 0.025333658657760716
132 y 42 0.00287576091046271
132 z 109 0.029980406672965643
133 j 65 0.07966425339370686
133 u 91 0.10210045224899911
134 b 2 0.20301181606184293
134 e 66 0.1148687561287779
134 f 152 0.09529778362973851
134 j 22 0.03962786444732391
134 k 83 0.006750376274204273
134 l 114 0.08981683680166264
134 o 159 0.08391188270996319
134 s 137 0.18947347727861774
134 t 123 0.006166848942867342
134 u 108 0.03301489109621836
134 w 18 0.07878807099359209
134 x 134 0.004225847573938291
135 c 151 0.08038795817490396
135 e 85 0.0017011661530632605
135 f 155 0.005056617225096871
135 i 119 0.0037506170241879966
135 j 94 0.007386954259879119
135 k 83 0.015000984556346464
135 l 48 0.0724246610861825
135 m 161 0.05650777780986582
135 n 27 0.0626509919470648
135 o 105 0.0019827444126971905
135 p 107 0.025652831601387094
135 q 147 0.03236706497001618
135 r 25 0.13708827459205142
135 t 5 0.006211419626555692
135 u 50 0.0011141383562649487
135 w 160 0.11508649075926902
135 x 39 0.09443329680283263
135 y 168 0.015402465354629191
135 z 80 0.045470335079208724
136 b 93 0.06047266932243378
136 c 138 0.15916431971243872
136 g 151 0.043568148413432595
136 i 20 0.18554061378191555
136 j 31 0.1529758361201643
136 n 97 0.01650257837321778
136 o 95 0.20697193833879524
136 w 136 0.0198077610231977
136 x 70 0.01970887451026948
136 y 70 0.07824268598925099
136 z 39 0.054246650628282156
137 c 161 0.13987687824868578
137 d 157 0.0628724598320799
137 e 6 0.0026206551073642004
137 f 40 0.011270304236886242
137 g 153 0.02180908667332293
137 h 157 0.015167563186454291
137 i 137 0.053727634893142806
137 j 127 0.027072094592602403
137 m 50 0.11478726036213915
137 n 52 0.059816712652586035
137 o 165 0.015213082890630947
137 p 25 0.10648242917503115
137 q 108 0.0013026423894091366
137 r 59 0.07570118250604818
137 s 96 0.037939380177312576
137 t 61 0.11207808299012645
137 v 49 0.09324646860026231
137 w 19 0.0022314971368337932
137 z 1 0.02232248581075691
138 a 101 0.17405854162730394
138 b 132 0.03289891318760174
138 c 88 0.02564574050969659
138 d 151 0.05612805560035805
138 e 155 0.003947697174461973
138 f 47 0.0142995609113854
138 g 101 0.0680204410966998
138 h 3 0.03508459262894914
138 i 122 0.012382035775916345
138 j 20 0.0443495811015967
138 k 1 0.001621842996298195
138 l 104 0.04626036979733672
138 m 111 0.025985146232867518
138 n 166 0.04157150547997168
138 o 137 0.023642521962328966
138 p 165 0.037046915448265216
138 q 124 0.04646132528839242
138 r 77 0.00029681211386944906
138 s 117 0.06572616459629255
138 t 161 0.03414083011214497
138 u 120 0.05962708554602281
138 v 36 0.008613887834989176
138 w 54 0.06386161151816505
138 x 140 0.010116283696400719
138 y 119 0.0355961751617172
138 z 162 0.023831614726752104
139 g 125 0.017050776639517373
139 j 41 0.1187922070196542
139 m 40 0.1655093259401258
139 p 40 0.24446063554616915
141 a 49 0.008073721832770775
141 b 155 0.039884627433933506
141 c 95 0.004370973095486397
141 d 8 0.008295584503229203
141 e 87 0.00565999381456983
141 f 171 0.044935633498170535
141 g 18 0.06057999079238996
141 h 95 0.009513220275976342
141 i 27 0.022844463607972654
141 j 91 0.017960567464742172
141 k 127 0.058909181456709314
141 l 85 0.1056992428722372
141 m 52 0.13409061725700233
141 n 61 0.024242452257895564
141 o 85 0.008283001934866863
141 p 169 0.08381442368623815
141 q 130 0.01598818285304271
141 r 6 0.0016120029730917196
141 s 160 0.0020331458565306937
141 t 44 0.022842110263028292
141 u 28 0.01774647087847281
141 v 58 0.0599742580985283
141 w 23 0.05520445676502894
141 x 33 0.017127102307974318
141 y 42 0.15469184059015806
141 z 61 0.01398221930299881
142 b 155 0.2243398517428371
142 d 64 0.02056536397394526
142 f 122 0.05867806421150845
142 g 127 0.05984415525278641
142 h 12 0.22790671035431387
142 j 161 0.11948186974352282
142 r 46 0.27248215245244245
144 a 151 0.0510890499267459
144 c 52 0.06223750671184358
144 d 123 0.02776903667308883
144 e 52 0.23658037135680143
144 f 4 0.10664678267470473
144 n 48 0.009740451008684481
144 o 92 0.16994576330740863
144 q 51 0.07550468184992376
144 v 62 0.02009892610879327
144 z 35 0.20861807184919645
146 k 111 0.08717405537033174
146 p 118 0.15153104584107846
146 v 71 0.5836520174606968
146 y 3 0.12426111301008402
147 b 72 0.060666428998189414
147 c 98 0.03662479995788981
147 d 74 0.02227710278139927
147 e 46 0.0881125041788835
147 f 16 0.11709245515010325
147 g 157 0.10999467472587121
147 h 110 0.009152100230799376
147 i 166 0.08735939866518716
147 l 53 0.0368775083385825
147 m 99 0.00677973526428699
147 n 131 0.024602576693637968
147 o 141 0.04620710200233735
147 p 106 0.028789415833489707
147 q 91 0.048298964959162305
147 r 28 0.01166261284686898
147 s 112 0.12648606057950418
147 t 82 0.006896490231676045
147 u 170 0.013810962241559088
147 v 138 0.0005154779418227173
147 x 23 0.08225680981030659
147 z 29 0.00987805098794503
148 k 59 0.3339955644113616
148 m 58 0.14697007541513785
148 n 113 0.0068878088423632855
148 s 150 0.02362731669147633
148 t 143 0.005361030092009278
148 u 24 0.01612514445728086
148 v 46 0.013464278572935418
148 x 58 0.105663041069877
148 y 26 0.16583780409048599
149 b 75 0.1913992247129791
149 g 4 0.05014466528629147
149 j 122 0.24725652123249453
149 n 130 0.02378012704248378
149 s 2 0.16867029333871297
149 u 169 0.02564229198692569
150 a 126 0.09597985378722973
150 b 62 0.031279852936619834
150 c 66 0.025195467433937857
150 d 106 0.012703746523736403
150 f 84 0.011319530283244061
150 g 59 0.018716158071956257
150 j 103 0.07241271723739806
150 k 115 0.012262787744757642
150 m 19 0.0068087443843672935
150 n 44 0.06037183614269548
150 q 39 0.1566680847080829
150 r 50 0.012679001740701357
150 s 2 0.026568716645302692
150 t 40 0.11990291781785012
150 u 61 0.11767299452302538
150 v 131 0.019034964419478384
150 w 101 0.07245156290143484
150 x 129 0.002105622981703581
150 z 78 0.007045129545929174
151 c 2 0.062852653774773
151 h 139 0.053109972689381446
151 k 40 0.2648763571229009
151 l 147 0.34014341926300984
151 q 101 0.041446609094081155
151 v 140 0.1310692846130913
152 b 166 0.10973826237687845
152 c 89 0.08920878168185331
152 d 32 0.03304139552560792
152 e 65 0.04216865219805055
152 f 166 0.08418422141688364
152 h 63 0.01726064156116036
152 j 130 0.048763407202533804
152 k 7 0.004022114069411553
152 m 44 0.02726056700652635
152 n 23 0.03743827324683535
152 o 82 0.03079413290922206
152 p 163 0.07092616889308312
152 q 70 0.021087216262573705
152 r 99 0.052536027532806506
152 s 36 0.08547143198327034
152 t 37 0.03690658137487257
152 u 40 0.12897588825431583
152 v 150 0.004701763162555772
153 a 65 0.06611987575904832
153 b 111 0.03521910207234069
153 c 130 0.09576653715228012
153 e 154 0.03309026792235781
153 f 39 0.03245705864223203
153 g 98 0.026797760989656028
153 j 146 0.10241004718584967
153 k 145 0.12156350306060693
153 o 131 0.0793264621319234
153 r 13 0.01366172896381801
153 s 10 0.0015656201559662852
153 t 15 0.037689219492830106
153 u 48 0.13668757171785895
153 x 166 0.013046761462717438
153 y 6 0.021985874348712908
154 b 59 0.01429640839454882
154 c 105 0.01417040302727024
154 f 11 0.07439611202344643
154 g 97 0.14646202250136053
154 h 19 0.1349174142281273
154 i 2 0.015110220887099346
154 k 16 0.24725631257588732
154 p 10 0.021308612138299265
154 q 37 0.11225653608881414
156 a 63 0.03224268108245232
156 b 143 0.05253146882462534
156 e 157 0.04483060537927874
156 k 30 0.03440035283758669
156 m 120 0.16129896440974578
156 n 138 0.11568275134747241
156 o 21 0.00010627578549460281
156 p 105 0.12250158758516871
156 q 18 0.0338529229587653
156 r 30 0.07867273233234928
156 u 103 0.09043466774150566
156 w 109 0.040881544163196004
156 x 115 0.01583344505204043
157 a 126 0.15111321927925248
157 b 107 0.08939575563966229
157 c 16 0.03963493387467609
157 g 154 0.0462687706454894
157 x 38 0.009624247742020087
157 y 117 0.22857810247235555
157 z 10 0.15755707076628778
158 g 29 0.04543021464342312
158 l 129 0.20142511777068772
158 u 22 0.024150069783553718
158 y 17 0.14213299375483024
159 a 26 0.09184338671693149
159 b 55 0.03365726991552265
159 c 59 0.04740809380234734
159 d 156 0.007130401034663669
159 e 30 0.02123852155241379
159 f 159 0.10821238592109983
159 g 26 0.0026836747602493327
159 h 2 0.04245678566522282
159 i 9 0.003908908778476605
159 j 53 0.041051049183753574
159 k 76 0.10100946470972771
159 l 32 0.03932892450588765
159 m 151 0.017465742488930625
159 o 88 0.030423751474432437
159 p 160 0.07963510782839467
159 q 40 0.1739755573098134
159 r 93 0.03431607067822262
159 s 118 0.013218917876636316
159 t 109 0.0019488362602763099
159 u 149 0.012858153368367597
159 v 12 0.05631479871437384
159 w 30 0.009410643770582316
159 x 57 0.005431730259237488
159 y 89 0.022713927219418006
160 b 144 0.11395661626492481
160 c 169 0.06244068316254736
160 d 21 0.07100394735172388
160 e 118 0.0431716443467558
160 f 59 0.05198885238986928
160 i 72 0.007706705572026684
160 j 56 0.03180506872923494
160 k 2 0.040751870663243706
160 m 65 0.03556443957582023
160 n 92 0.07111423727477206
160 o 71 0.1072884282591463
160 q 137 0.011459931077404617
160 r 156 0.016618295219257506
160 t 27 0.020686398138492823
160 u 132 0.08304477362815255
160 w 70 0.09800853058537318
160 y 36 0.041216870109054615
160 z 27 0.09113399875703798
161 a 163 0.06747845476532843
161 b 112 0.08032815342149635
161 c 101 0.0348426823383593
161 d 129 0.05029516197888961
161 g 85 0.044669073202135756
161 h 96 0.001059424360922434
161 i 26 0.029690819479627262
161 m 66 0.06355747354650132
161 n 95 0.07002118671885982
161 p 79 0.06488899078244925
161 q 136 0.12178528224395002
161 r 75 0.09386655293514357
161 t 5 0.036646350616108325
161 u 40 0.02922174652985421
161 v 66 0.057490604237050325
161 w 85 0.03802037685581772
161 x 146 0.07519821747679167
161 y 154 0.02219678682109205
162 e 166 0.07692199336826588
162 f 94 0.3577025404463062
162 h 100 0.21641026490303739
162 u 160 0.15255500692006607
162 v 73 0.015705816678608042
163 b 150 0.04635790559268427
163 e 124 0.479611835371361
163 q 120 0.1012870606826971
163 s 124 0.034235148440639684
163 u 22 0.10183552241381733
163 w 141 0.10377791053912355
164 a 113 0.0518627024742051
164 b 151 0.004150933753035102
164 c 14 0.016961820882679834
164 d 124 0.09307691278217223
164 e 117 0.029410971917690154
164 g 167 0.009478318051250878
164 h 154 0.09389513403467553
164 i 71 0.04707970567277886
164 k 15 0.003109411310613819
164 l 163 0.004813485385884109
164 n 132 0.1107080703721377
164 o 156 0.1008228988204144
164 p 127 0.021081121295800753
164 q 31 0.03991389652959654
164 r 21 0.057168428637427326
164 s 109 0.01133922824240663
164 t 1 0.02965592352715718
164 v 4 0.0015680859522561041
164 w 110 0.04364628345460575
164 x 40 0.1296305665902563
164 y 154 0.08158262135744943
164 z 93 0.008341358678203403
165 a 19 0.012070072913439422
165 b 162 0.005825129222687742
165 c 104 0.07404291287955445
165 d 101 0.09739963438192611
165 e 156 0.0509560809553381
165 f 100 0.05041736756605797
165 g 118 0.026154896538323924
165 i 141 0.0017495773354943012
165 j 100 0.008620521261931025
165 k 12 0.027556305135498005
165 l 68 0.027470082253298944
165 m 145 0.0640966452642786
165 n 168 0.02390910751707165
165 o 125 0.002746092425338409
165 p 55 0.10308663126162387
165 q 38 0.026416410050476125
165 r 138 0.003080302868415985
165 s 1 0.03949987355851714
165 t 97 0.04194020075339
165 v 155 0.007010819187371564
165 w 112 0.024236364136921984
165 x 54 0.11100188756057305
165 z 43 0.13359516413119843
166 a 12 0.12905632599417793
166 b 101 0.02787290477961768
166 c 0 0.01596467396286738
166 e 123 0.06405741339858118
166 g 142 0.11455295576023217
166 h 161 0.019057390560140997
166 i 119 0.0646030735317481
166 j 105 0.027055435897645697
166 k 61 0.13895434082594404
166 l 35 0.04967257102200662
166 m 5 0.002509702998106711
166 n 72 0.007869197639564285
166 p 61 0.0708385559398168
166 r 23 0.0039294057238802305
166 t 14 0.02802954002200686
166 v 122 0.02115901099725981
166 w 43 0.08744705281404919
166 x 76 0.02034120631283831
166 z 168 0.038458595237849114
167 a 46 0.37739120168887363
167 h 146 0.13877488624071865
167 j 38 0.01321881471690678
167 t 163 0.4061119199059521
168 b 44 0.28890264765659857
168 d 158 0.020731473758160646
168 e 16 0.12548735751823836
168 q 133 0.03279869403818925
168 v 65 0.5073845988056309
169 h 98 0.018537996737282625
169 l 31 0.018077873010729162
169 y 114 0.6761617280059167
169 z 4 0.0631093001502071
170 k 132 0.21045985506527753
170 l 6 0.11412324741364188
170 z 60 0.6505671348997019
171 c 58 0.2140322026087842
171 o 129 0.08624402836239442
171 q 67 0.08084685668601066
171 r 2 0.1718566457078513
171 t 152 0.02788598804405007
171 v 4 0.11217614739258985
171 y 65 0.1322610900946073
171 z 8 0.06049616509679101
