49 26 641
0 0.05861603763917245
1 0.04487843345698217
0 0.04467408331312339
0 0.042598768840834356
0 0.0462786571762831
0 0.02191213881911014
0 0.19592029398056787
0 0.00430093157000544
0 0.6377280653162255
0 0.089389970852507
0 0.16577860512765352
0 0.0787105631951075
0 0.07702614988458922
0 0.04808243831111425
0 0.0004670737510684697
0 0.11827505849328768
0 0.012931029447380449
0 0.3605781854071197
0 0.059543813850873484
0 0.044153745005868994
0 0.7390131380772108
0 0.217608844438981
0 0.1272156763644967
0 0.03178887170688771
0 0.05062070213949299
0 0.07288153491276406
0 0.002685213152717525
0 0.029309929729853246
0 0.012755749550616202
0 0.05236366853780139
0 0.49770812483914384
0 0.0512021649082357
0 0.0002993544593131725
0 0.18438862223405827
0 0.10574426287626826
0 0.4033074695721426
0 0.0134969438877931
0 0.03267627228825132
0 0.042088054089897686
0 0.04144559126731484
0 0.03852168478643225
0 0.02525884799917877
0 0.02308006016238251
0 0.023936733479537398
0 0.5491889584408478
0 0.24428547281986346
0 0.03095707203061615
0 0.4569043121517221
0 0.2011339064594243
0 a 20 0.12163558003874342
0 f 5 0.07766943678373261
0 g 38 0.0588929510268944
0 l 34 0.06383725171853327
0 m 22 0.010403184643592467
0 p 31 0.2285843758098851
0 t 23 0.19289230074977481
0 u 12 0.18746888158967145
1 a 29 0.25098177529620136
1 b 28 0.05465892992192556
1 c 19 0.12086078263782063
1 d 9 0.0054075859554401084
1 e 9 0.011357678763176282
1 f 22 0.0426635296079082
1 g 10 0.03116118924721123
1 h 25 0.004189653638612678
1 i 38 0.058395382000986595
1 j 32 0.024239434960200645
1 k 42 0.017505415371440014
1 l 23 0.019806216040225366
1 m 18 0.005714900801348954
1 n 4 0.00488639663545376
1 o 9 0.02894403198856288
1 p 34 0.005051858802620823
1 q 45 0.03907961232470203
1 r 2 0.05398033433608174
1 s 44 0.03766137839338968
1 t 5 0.0017044426651877664
1 u 15 0.00041639164425699704
1 v 34 0.08254695189339456
1 w 2 0.000541667457702788
1 x 18 0.010786314923995843
1 y 40 0.0216019075804047
1 z 38 0.020977803654766647
2 a 18 0.13644253929758
2 b 45 0.018832553204712776
2 c 13 0.05738749882714078
2 d 17 0.11470271380036268
2 f 24 0.07779985345202067
2 g 44 0.048130257487643324
2 h 25 0.03884905481360934
2 i 22 0.037549181552296806
2 l 29 0.03602308616878824
2 o 43 0.154377609104991
2 p 39 0.01254055641485119
2 q 12 0.0027057804626294812
2 t 47 0.04501045794509417
2 u 35 0.01749910138109756
2 x 14 0.09956479741365931
2 y 38 0.020994375531422027
2 z 31 0.03691649982897727
3 h 46 0.17395213847656987
3 l 40 0.4231137564840103
3 q 13 0.3603353361985855
4 e 35 0.19557394010161344
4 f 28 0.012272559280549378
4 g 21 0.039245189678741466
4 h 15 0.05909102200017757
4 k 35 0.01565309125768366
4 l 48 0.041886297988017795
4 m 42 0.0523694789942416
4 p 45 0.024308875209828495
4 q 39 0.0962951300535978
4 r 41 0.00470726239931385
4 s 28 0.015484430753506473
4 t 17 0.013164673599062704
4 v 38 0.0667243433043061
4 w 25 0.016255901213581447
4 x 14 0.03659233966312514
4 y 10 0.26409680732637
5 a 23 0.0020805631128143487
5 d 39 0.008861838160226121
5 e 3 0.028016291887747347
5 f 31 0.040220542555864935
5 g 43 0.025502639879483868
5 h 17 0.07515497653976677
5 i 37 0.020222488560181273
5 j 19 0.09861217099526243
5 k 11 0.09748528171448767
5 m 35 0.042137107028909826
5 p 18 0.15224593905909978
5 q 2 0.04340530645164076
5 s 46 0.09793305470202296
5 u 17 0.014943531879417105
5 v 8 0.014197822104103586
5 w 25 0.1641972206390213
5 z 38 0.05287108591083978
6 b 48 0.19176961980045448
6 g 25 0.0011180453438247584
6 h 41 0.030411382396708042
6 j 12 0.10435970338754774
6 k 33 0.0173225506038186
6 p 1 0.05373985940872861
6 q 29 0.038573139131060974
6 r 29 0.11186446467484967
6 t 29 0.09142073414264384
6 u 22 0.005576242100698514
6 v 14 0.07411238320411961
6 w 12 0.00394668654141761
6 z 23 0.07986489528355967
7 b 6 0.07450644625587433
7 d 1 0.00934140351526469
7 f 25 0.012124430406836417
7 g 8 0.07005459064086839
7 j 30 0.02744204372281045
7 m 16 0.03838090605445876
7 n 23 0.16076729675435308
7 o 6 0.08665343713919593
7 p 15 0.00901129963879399
7 q 35 0.22334897317958713
7 r 20 0.054367050926181326
7 s 40 0.03170624629897656
7 v 28 0.091098246422603
7 w 31 0.1068966974741905
8 i 4 0.10298915007435416
8 x 44 0.25928278460942034
9 a 23 0.007751382967444931
9 b 35 0.031233775582752643
9 c 44 0.011818166758962079
9 d 42 0.025042630304576874
9 e 5 0.0804060773061811
9 f 14 0.0516067879345018
9 g 3 0.08378388674615111
9 h 32 0.012894284571712267
9 i 11 0.021360809711166384
9 j 10 0.021394716887796372
9 k 39 0.0074363766503950934
9 l 33 0.020624118804422387
9 m 34 0.03660245716117272
9 o 5 0.03417451490487067
9 p 13 0.036275496659189166
9 q 10 0.02722536294163913
9 r 42 0.026430571990934904
9 s 43 0.034122386319282993
9 t 30 0.1162582890503513
9 u 3 0.025731621972371
9 w 25 0.10344642183125285
9 x 24 0.015538475997646461
9 y 44 0.013909103313423987
9 z 22 0.06554231277929479
10 m 25 0.11910025677076885
10 s 36 0.027352241111865294
10 t 45 0.000246661241564361
10 w 41 0.687522235748148
11 a 1 0.06815891157510767
11 c 15 1.3079757272493886e-05
11 e 43 0.03960099712478049
11 h 11 0.09147904913181515
11 j 35 0.04503530743785855
11 n 9 0.005536944873941407
11 o 15 0.07568057084699498
11 p 23 0.07806975200520883
11 q 9 0.22019801709822362
11 r 26 0.17441603771683178
11 t 1 0.10156997067165252
11 w 14 0.02153079856520501
12 b 29 0.03178997005529727
12 c 12 0.029695662418210977
12 d 26 0.018957515579406947
12 e 43 0.04466650162482855
12 f 35 0.04720153394126714
12 g 11 0.038316684999914585
12 h 33 0.02400326866052227
12 i 26 0.041049236180683124
12 j 43 0.11149448272637996
12 k 32 0.09540283091040058
12 l 7 0.014572025456802029
12 m 3 0.012083306040476471
12 n 18 0.005861312963199028
12 o 25 0.04522562694651222
12 p 43 0.022879626776159068
12 q 30 0.13564937525145304
12 r 43 0.07318470326277016
12 t 20 0.01756731829846281
12 u 46 0.014296696175982726
12 v 35 0.026960474848256588
12 x 1 0.01845078916929277
12 y 1 0.00786260603243083
12 z 1 0.04580230179670164
13 b 15 0.05965959161515777
13 e 14 0.001345541684468543
13 f 10 0.08277233437840681
13 i 22 0.31150355142180075
13 t 40 0.015891101188280854
13 u 7 0.020533952491081697
13 v 46 0.007956620127043346
13 w 37 0.33948630009024194
13 x 20 0.036119711377880726
13 z 24 0.07664885731452331
14 a 38 0.010520086307322596
14 c 9 0.02330245234548234
14 d 23 0.02896142313520156
14 e 6 0.003836966245249762
14 f 39 0.017848052478616094
14 g 36 0.03443895427717747
14 h 43 0.08096403894614701
14 i 19 0.05878138668841615
14 j 40 0.11681398660758147
14 k 24 0.04983843896371154
14 l 41 0.025942236241089156
14 m 42 0.029924827605743776
14 n 41 0.04068045157149758
14 o 27 0.025521314539714735
14 p 26 0.010213165069281827
14 q 17 0.13137748414386718
14 r 34 0.0037227442026294133
14 s 48 0.024929590323639395
14 t 18 0.10935083135912194
14 u 39 0.004402497107350745
14 v 43 0.0013576209713731524
14 w 41 0.03779855553982536
14 x 15 0.10672081532929756
14 y 8 0.01780790607745597
14 z 23 0.00447710017213776
15 a 8 0.0562755420537383
15 b 16 0.0033191867470367953
15 e 17 0.07385661645590758
15 f 44 0.002489636573908438
15 g 4 0.030040242531860772
15 h 36 0.029305262821999856
15 j 43 0.011423354766488814
15 k 4 0.020578489123013743
15 m 39 0.16688916708930246
15 o 14 0.03255314730082448
15 p 29 0.0018558676529292217
15 r 46 0.08519141318382295
15 s 25 0.039269129185193985
15 t 47 0.016463764659182978
15 u 2 0.032175057925778794
15 v 12 0.034205353779728
15 x 29 0.009823634798374892
15 y 16 0.0019027791544796724
15 z 9 0.2341072957031406
16 a 17 0.026477164595931302
16 b 43 0.014399054179683013
16 c 18 0.005844839073645192
16 d 44 0.1451683746234771
16 e 29 0.00736449087225266
16 f 33 0.03057617396715473
16 g 17 0.020353198000551354
16 h 41 0.051877201836026066
16 j 32 0.0005279205674985077
16 k 3 0.2094625864941878
16 l 34 0.023989812244081143
16 m 29 0.023478670044988936
16 n 15 0.06304371059762137
16 o 47 0.005366399410388745
16 p 22 0.03782550743579971
16 q 13 0.034466432131858626
16 r 44 0.0017490108823328132
16 s 21 0.025490312077519173
16 t 40 0.018955048720572965
16 u 32 0.003147186557556858
16 v 20 0.022590392952423932
16 w 35 0.05893924595033562
16 x 28 0.02348934377699574
16 y 39 0.1324868935597362
17 b 37 0.14862537683190324
17 o 28 0.04721867521663514
17 s 31 0.040002547754442674
17 u 7 0.29112642703726066
17 z 24 0.11244878775263856
18 d 34 0.19571822323412313
18 e 26 0.2598653119086394
18 g 4 0.14831960258799037
18 h 4 0.01900151560629515
18 k 42 0.12350101026135452
18 m 44 0.030192501680763595
18 p 16 0.009281074116583854
18 q 32 0.06971072254585531
18 u 38 0.021338161035363123
18 y 16 0.06352806317215809
19 a 1 0.0454171660181657
19 b 16 6.995092507600109e-05
19 d 18 0.09092270554479487
19 i 10 0.05431109047744698
19 m 12 0.15003016003081304
19 q 28 0.09247192912757196
19 s 44 0.09816305986395901
19 t 28 0.05033506077832339
19 u 1 0.043477727190376014
19 w 47 0.09731784852168246
19 z 3 0.23332955651592158
20 b 24 0.038938434125421306
20 f 24 0.13939316286429826
20 u 31 0.04085777980174621
20 x 25 0.04179748513132342
21 a 13 0.1165413496983625
21 c 25 0.10499158185132074
21 f 7 0.04219783604670713
21 k 15 0.01924907391828068
21 m 23 0.01438326075085139
21 n 13 0.04843088733129752
21 t 1 0.037219534781378405
21 v 32 0.11579352126958897
21 w 47 0.00823862037442269
21 y 40 0.09625741658409803
21 z 40 0.17908807295471096
22 a 23 0.0720678752422107
22 b 22 0.06681496292421352
22 c 34 0.08986194732690989
22 d 22 0.12930823451035167
22 f 47 0.19102528337949543
22 i 36 0.0680176463483605
22 j 40 0.024166012562916173
22 l 19 0.005745125250700256
22 m 39 0.019558413132040542
22 o 23 0.019642486473562593
22 t 40 0.024174265419636964
22 v 24 0.018942588948429928
22 w 20 0.005219094932232271
22 x 33 0.05358066426687025
22 y 37 0.02622336231232647
22 z 40 0.05843636060524615
23 a 10 0.018821171689351046
23 b 17 0.1124691046105577
23 c 45 0.0506410241791716
23 d 31 0.03556918304829049
23 e 8 0.1160218435792969
23 g 3 0.08388568620182235
23 h 11 0.10583779713194019
23 k 42 0.021116273548027253
23 m 29 0.0014909955055406598
23 s 7 0.03911764657175676
23 t 11 0.11194081403128797
23 u 2 0.026080334468064792
23 v 6 0.037203382577670085
23 x 34 0.11273372991008646
23 y 45 0.09528214124024803
24 c 8 0.006686272236558377
24 d 6 0.0021195921836832943
24 e 9 0.07531638245205408
24 f 19 0.024988353435556165
24 g 6 0.09631420343463482
24 h 47 0.25139912213594806
24 i 27 0.010271008527251047
24 j 24 0.03540185452645617
24 k 25 0.052162970952070564
24 m 3 0.06712591983583305
24 n 0 0.008450943341415718
24 o 0 0.016518136156615015
24 p 48 0.018169324209756255
24 q 3 0.09497271007415309
24 r 4 0.023247416754994976
24 s 1 0.006845509097906599
24 u 35 0.007246402075832159
24 w 37 0.041983689754363174
24 x 27 0.05727266811044729
24 y 18 0.016610423154977738
24 z 25 0.036276395409999385
25 b 41 0.002048056868808379
25 c 20 0.01790633527954344
25 f 46 0.04117498011649412
25 g 42 0.2692755258869589
25 h 39 0.03617043885589799
25 j 16 0.07777388145918496
25 k 0 0.037167712041866086
25 m 0 0.0497264331195465
25 n 15 0.0403218619848853
25 t 17 0.007318881906255625
25 w 45 0.3163647429125036
25 x 44 0.031869614655291034
26 a 43 0.018536868257171712
26 b 30 0.10606008606441508
26 c 8 0.012150622255501342
26 d 16 0.0019736940942525205
26 f 2 0.13344210420261693
26 g 19 0.030845153341732212
26 h 48 0.1630402369404107
26 i 10 0.023812519875887173
26 j 19 0.010850388514223597
26 k 7 0.06793964641393535
26 l 10 0.04043668317516835
26 m 2 0.029094539424650123
26 n 36 0.01506748158724236
26 o 44 0.06449168582156328
26 p 15 0.004807797241199507
26 q 20 0.04008468212649274
26 r 26 0.03620493335725328
26 s 45 0.04895520848461643
26 t 15 0.021526075835595293
26 u 0 0.10520818864659709
26 w 29 0.008049177827526344
26 x 41 0.00863191415115605
26 z 13 0.006105099208075004
27 a 14 0.02533613839745985
27 b 12 0.15626005386438768
27 c 42 0.14727139567592928
27 d 44 0.019563368509165735
27 h 18 0.06724002244574523
27 i 48 0.07140171749504254
27 l 26 0.017249500674904383
27 n 1 0.024657023005023482
27 p 30 0.08374304011564482
27 q 36 0.024520894508456847
27 s 48 0.09449778746160575
27 t 16 0.013911323303602674
27 v 29 0.06878445892704166
27 w 23 0.019728393415648138
27 x 8 0.09234363616095798
27 z 7 0.044181316309530705
28 b 1 0.04784478607304965
28 c 36 0.04469134424336485
28 e 1 0.053311460249357845
28 f 20 0.02667626369642606
28 g 36 0.07960736925963563
28 h 24 0.013431156089578566
28 i 23 0.0717703744860324
28 j 7 0.022418453847436792
28 l 25 0.007553398234620201
28 m 47 0.0221293258041646
28 o 34 0.04142023978642462
28 p 27 0.002365527392374611
28 r 31 0.07219792738304898
28 s 23 0.0038338511273242615
28 t 30 0.1676114987845978
28 u 0 0.02167661571970103
28 v 8 0.02483866969012305
28 w 26 0.08764162680134191
28 x 36 0.09040482545862649
28 y 38 0.06544365780930372
28 z 21 0.02037587851285072
29 c 5 0.17420985256050725
29 d 1 0.06626247713874789
29 f 34 0.11347205115420389
29 i 29 0.025957609875163823
29 j 19 0.020581237726015167
29 k 32 0.038634737904143956
29 l 0 0.0002166746311778045
29 m 31 0.03721741183313376
29 o 10 0.05139947398622702
29 p 41 0.13103592176774803
29 t 41 0.09072744347474937
29 v 13 0.09739457329107082
29 y 23 0.07447040936214777
29 z 30 0.02605645675716206
30 r 36 0.2624070256342351
30 y 31 0.23988484952662104
31 d 8 0.4825848555940335
31 f 24 0.0036598536179448526
31 l 41 0.17005433508154577
31 u 29 0.10249593584515526
31 x 17 0.1848193308348467
31 z 2 0.005183524118238192
32 a 35 0.03371374205229771
32 b 14 0.006369165771392238
32 c 20 0.040593098309622766
32 d 22 0.21960783364209113
32 e 46 0.008449474394840006
32 f 30 0.04457711077164106
32 i 34 0.0010961566207389195
32 j 47 0.15249440049093532
32 k 48 0.020105055903007152
32 l 17 0.011081651741120635
32 m 38 0.05816024195741065
32 n 0 0.03084267102846483
32 o 16 0.03245556595161547
32 p 37 0.05134688474242677
32 q 1 0.0669324526236601
32 r 46 0.006480107212771147
32 s 13 0.05977225693005617
32 t 39 0.045151671165353124
32 u 9 0.007032335871472006
32 v 9 0.014595940625970583
32 w 19 0.03827303832608564
32 x 40 0.0019533120794990033
32 y 39 0.011034193175571416
32 z 6 0.037582284152642975
33 l 17 0.3867895882071688
33 y 0 0.4288217895587729
34 c 30 0.15224226132390994
34 e 47 0.03663195107473949
34 i 41 0.29947553431581986
34 l 7 0.08083518689950897
34 y 45 0.3250708035097535
35 f 48 0.35116158622749194
35 q 24 0.24553094420036548
36 a 19 0.00010769118300757441
36 b 47 0.015095794330054702
36 c 34 0.21511088825909608
36 d 35 0.2055504251388901
36 e 43 0.00862991022895676
36 f 23 0.046396838493946935
36 g 0 0.006430505325394131
36 h 27 0.04726638906839453
36 i 16 0.03942658110647013
36 l 3 0.003457621602192318
36 m 48 0.011925780264522734
36 n 27 0.023867193067062642
36 o 37 0.011730342017391537
36 p 46 0.060528399032457325
36 q 19 0.031662076215930535
36 r 12 0.0302970951353696
36 s 10 0.025321824076652844
36 t 29 0.021332840154637878
36 u 9 0.013597763983876576
36 v 34 0.004452256489701822
36 w 21 0.05677237070892527
36 x 44 0.024768616154558165
36 y 40 0.07091616232210673
36 z 19 0.011857691752609978
37 a 32 0.40818093276091183
37 i 1 0.034824654636941066
37 k 30 0.07349167237351761
37 l 34 0.08469697221897321
37 s 6 0.05416627110042049
37 v 16 0.07996974469639662
37 y 22 0.1839613146108977
37 z 14 0.048032165313690145
38 h 18 0.18831251339465904
38 i 48 0.36983965069513547
38 l 1 0.01461954364709217
38 n 31 0.023548773102034848
38 o 9 0.09405348654241819
38 u 4 0.09318628594736955
38 x 45 0.17435169258139305
39 b 26 0.42985643364298365
39 j 42 0.06328315500731163
39 o 13 0.00171522700869986
39 p 30 0.07448520283082238
39 r 33 0.0629157270466304
39 u 36 0.08074934449205307
39 x 36 0.0007258672986771852
39 y 31 0.244823451405507
40 a 30 0.02177317193553885
40 c 21 0.0008870471801952773
40 e 21 0.07345276478156593
40 f 35 0.11285161849710224
40 g 44 0.12182244604204495
40 i 35 0.15635561467597991
40 j 14 0.14756001439786548
40 k 15 0.0159742898798928
40 l 41 0.03197289346897103
40 m 22 0.033939123731604126
40 n 26 0.06819757376334412
40 o 1 0.007247823531336128
40 r 29 0.017495378487087154
40 t 11 0.004019506125133132
40 v 32 0.004223633963304829
40 w 38 0.07343995476184417
40 x 25 0.003468752827019528
40 y 18 0.014027589420172348
40 z 46 0.05276911774356574
41 b 29 0.06555404389255104
41 e 7 0.039582481467522856
41 f 37 0.002459772987048914
41 g 39 0.09261793991329237
41 h 0 0.003721150739312007
41 i 20 0.001178957158560312
41 j 47 0.09887543588733616
41 k 42 0.026738245946810513
41 l 3 0.006844089823523247
41 m 28 0.00769431723284042
41 n 15 0.004445234525460973
41 o 17 0.0183058997918224
41 p 35 0.06197138213704856
41 q 28 0.02293050906065286
41 r 33 0.037653702794769206
41 s 26 0.04956188786904947
41 t 30 0.08891098399262387
41 u 10 0.08366132489561096
41 v 30 0.035143269636078944
41 w 6 0.1345835391473118
41 x 27 0.01561749148281899
41 y 39 0.03861318081959697
41 z 38 0.03807631079917839
42 d 43 0.0973919071535192
42 h 26 0.08234851511167829
42 i 24 0.05586298936027867
42 j 38 0.0763177839820578
42 n 30 0.08626569326148326
42 o 41 0.025362798783883256
42 p 29 0.0690059752135922
42 q 16 0.0819552667063499
42 s 0 0.2706182651633525
42 w 31 0.015545526857738579
42 z 5 0.11624521824368383
43 a 1 0.014384786708125041
43 b 4 0.09296672823938756
43 c 30 0.02056491018000095
43 d 31 0.0008710388462156438
43 e 37 0.06742832383176867
43 f 27 0.0024892551256877615
43 g 17 0.02390784594401929
43 h 26 0.11803511261007937
43 i 31 0.02702578041150938
43 j 16 0.0825775529535735
43 k 42 0.023216157972041906
43 l 34 0.012684494612644759
43 m 4 0.01126094361147345
43 o 14 0.030580512957224082
43 p 34 0.09982545847029645
43 q 47 0.0589439407726704
43 r 41 0.004422278736911145
43 s 6 0.022262888678542758
43 t 48 0.018680872627534817
43 u 21 0.09197529293034068
43 v 7 0.011765517736948783
43 w 8 0.01766882224878752
43 y 4 0.11015192638824589
43 z 32 0.012372823926432797
44 f 30 0.14094885057440598
44 h 36 0.22187920897286884
44 m 42 0.08798298201187738
45 b 47 0.19108904881544064
45 c 19 0.029319097412764727
45 e 48 0.001048053286429873
45 f 36 0.17837239398264326
45 i 41 0.022494941724119477
45 j 19 0.10483055037152245
45 k 23 0.05590177665002771
45 t 38 0.08554254865152777
45 u 24 0.03505691752569873
45 w 11 0.0020085173579340587
45 x 31 0.05005068140202784
46 a 19 0.03658541062263232
46 b 20 0.003949264060401858
46 c 9 0.004548136235888012
46 d 45 0.01638882687484977
46 e 44 0.18380650506725882
46 f 20 0.04080480701618294
46 g 32 0.0610785369719562
46 j 15 0.0377591808659532
46 l 40 0.01753859099633115
46 n 31 0.036744679258348345
46 o 11 0.0071489724040706415
46 p 10 0.00026130320876116553
46 q 39 0.03989230336070704
46 r 13 0.030597383146558577
46 t 46 0.0057851998398399385
46 u 45 0.04730174085556704
46 v 7 0.07940848218697438
46 w 44 0.054929372652633646
46 x 1 0.1665349293056897
46 y 34 0.09797930303877911
47 i 12 0.4044121747263222
47 o 9 0.1386835131219557
48 c 7 0.18809901097537907
48 g 40 0.4659112840159745
48 n 12 0.014951989875762295
48 u 27 0.12990380867345985
