49 26 626
0 0.0395056476083121
0 0.030254592161444882
1 0.025348868999707785
0 0.10228500893554493
0 0.18152891553833972
0 0.04900562644345696
0 0.01796620715247388
0 0.016935123592025536
0 0.10658395274275745
0 0.04552412393139693
0 0.011625079746284572
0 0.015650473178151048
0 0.02613792666123871
0 0.0289387316637586
0 0.09806330876215452
0 0.009347265234039837
0 0.4593470441819829
0 0.2350879211379584
0 0.022266571421674097
0 0.007236172172608413
0 0.024535290481429217
0 0.2943459609136364
0 0.1551003387527221
0 0.05086350197056233
0 0.03645977801110856
0 0.08345453871689945
0 0.07682997034523864
0 0.06059560482463622
0 1.0
0 0.006082298555528776
0 0.0034997086824103407
0 0.19737804822488525
0 0.13911854470520613
0 0.11177066008622893
0 0.1941904669134954
0 0.4077227547832183
0 0.4458603080013267
0 0.038329466376341714
0 0.016498647423038415
0 0.0173112857523936
0 0.015762270537134748
0 0.003069238149327691
0 0.005221677798680879
0 0.018890256454244247
0 0.30426475071674797
0 0.013612290912131897
0 0.00648438664676132
0 0.23950492044457328
0 0.08778927008217219
0 b 23 0.08180915817249024
0 c 14 0.016435581455018555
0 d 41 0.08433816139809336
0 e 42 0.049572608314897626
0 f 21 0.06152672797889858
0 g 40 0.003304441148302084
0 i 27 0.16177573073338725
0 m 26 0.055886645355320175
0 o 15 0.0629551725684725
0 p 30 0.022540322384367872
0 r 35 0.2194064385959944
0 t 33 0.14094336428644527
1 a 24 0.010533528560392136
1 b 9 0.050949665901199315
1 c 9 0.05766968250357951
1 d 6 0.10048156810940234
1 e 36 0.035712142736618824
1 f 22 0.1087094418828296
1 h 19 0.014611572000883588
1 i 45 0.008036246362802202
1 j 30 0.04261316648594149
1 k 42 0.13185101518320907
1 l 36 0.03490956523583777
1 m 29 0.026664473544318334
1 o 29 0.16801145247214533
1 q 17 0.025080692612680533
1 r 35 0.0027122596445082747
1 u 19 0.005108090409461918
1 v 47 0.065617455134371
1 w 8 0.06032653716302827
1 x 4 0.013479608137797583
1 z 1 0.006667243757548014
2 b 41 0.04335030291163244
2 f 42 0.2750312494770586
2 h 46 0.006953662163139307
2 j 20 0.14125337148402317
2 l 42 0.06778125594092965
2 m 47 0.008581426618911925
2 n 13 0.05159236116897348
2 o 17 0.13370460379052163
2 q 4 0.017382079236145875
2 r 46 0.10494019045980252
2 s 40 0.009377576406701338
2 t 16 0.0465622729433226
2 v 23 0.005848211774862611
2 w 7 0.040147775592169976
2 y 48 0.020788858994733928
2 z 42 0.0013559320373631722
3 a 36 0.0013238269823279136
3 d 30 0.07286548971358986
3 g 6 0.3755878515608032
3 h 42 0.054146188780274884
3 i 6 0.07924589438768248
3 k 37 0.07319003773159527
3 o 7 0.0020366196444553397
3 p 28 0.12773122065232345
3 u 37 0.033374080964996944
3 x 42 0.006183102865413348
3 y 10 0.06765024691044086
3 z 5 0.0043804308705515105
4 m 13 0.4818100945570082
4 w 11 0.051438898284579926
4 x 37 0.1407998839630441
4 z 13 0.14442220765702807
5 a 21 0.033657982323248015
5 e 32 0.019699772235314827
5 g 1 0.07916880879148835
5 i 23 0.1157834848393936
5 m 2 0.2192979576283779
5 q 10 0.1852375248318172
5 t 27 0.06468353233999202
5 y 20 0.2334653105669111
6 a 24 0.015827493624139155
6 c 7 0.06044531813146603
6 d 9 0.16161479408890378
6 e 19 0.025066112400395135
6 h 40 0.005444299789517659
6 j 1 0.05061450103050069
6 k 6 0.026899423476829165
6 n 31 0.021910561372799675
6 o 17 0.29865745141390354
6 r 20 0.055453309207758594
6 s 34 0.023853660246053288
6 t 4 0.08606030329149639
6 u 45 0.11842360311771871
6 v 36 0.007981557448740517
6 x 38 0.00695283582685946
6 z 12 0.01682856838044433
7 b 4 0.21944572072972512
7 c 15 0.0021583908679200237
7 d 38 0.003812890741224373
7 e 39 0.028582036839792768
7 f 6 0.007201941575505133
7 g 27 0.0028302866983597186
7 h 44 0.010271772267429147
7 i 11 0.0014399255364113683
7 j 23 0.22852280017086035
7 m 21 0.11810367165138613
7 p 11 0.03600651656550047
7 r 38 0.035152503234162746
7 s 42 0.19716967744111513
7 v 25 0.0023667408516890864
7 w 39 0.0510770120813171
7 y 28 0.005089374385222167
7 z 46 0.033833614770353626
8 a 9 0.19572179269056256
8 b 10 0.06654098470717329
8 c 7 0.08399962119591586
8 f 4 0.06770246539363378
8 j 6 0.15137117020853397
8 p 22 0.10728358706522811
8 q 19 0.15044652889907306
8 r 1 0.029463627246770097
8 s 39 0.04088626985035182
9 e 21 0.02050774983378556
9 f 2 0.015239785288059582
9 h 14 0.10189466947089731
9 l 42 0.23580074162021758
9 m 15 0.044832997210646375
9 n 24 0.03969125142568175
9 s 0 0.13228530176580655
9 u 9 0.12631099492669273
9 w 46 0.03794845116883694
9 z 37 0.19996393335797868
10 d 40 0.03715433105419741
10 g 8 0.031425663903465795
10 k 42 0.014648279128487096
10 l 11 0.028174974606881342
10 n 45 0.3145958618208212
10 o 8 0.2523417413284774
10 u 13 0.03486954209033799
10 v 33 0.002076242886503432
10 x 26 0.11959689530852147
10 y 20 0.05563213362313402
10 z 40 0.09785925450288824
11 a 23 0.06779696712625471
11 d 9 0.03686559961104097
11 i 22 0.009861826417465469
11 k 34 0.02383831648391277
11 l 35 0.06061905199603579
11 m 12 0.040775508451642795
11 n 46 0.049706341899778184
11 o 10 0.053729792212114935
11 q 41 0.17677767048781545
11 r 32 0.13743134876536278
11 t 27 0.088028469531372
11 v 44 0.044967405470888955
11 w 36 0.04916670453410443
11 x 18 0.1447845238340597
12 a 3 0.00398906446224967
12 c 43 0.06816559038280878
12 d 5 0.011109492138620225
12 f 47 0.020942961453038533
12 g 6 0.04383104759970269
12 i 43 0.1592658964674003
12 k 33 0.009532999803967934
12 l 18 0.04105162546169139
12 m 47 0.09251724078769497
12 n 33 0.08287648824355875
12 p 40 0.05529454568674663
12 q 43 0.0179543103441987
12 r 26 0.002096941866108315
12 t 19 0.1015364202984268
12 u 32 0.06269315911699758
12 w 17 0.06784839991903935
12 x 13 0.08221264128947359
12 y 39 0.001767691100077351
12 z 19 0.04917555691695974
13 b 47 0.03327655563055931
13 c 15 0.10947216666199833
13 f 24 0.010178365714375248
13 k 18 0.04133271405920291
13 l 48 0.05932974978711936
13 m 36 0.1377228308574434
13 o 7 0.010902433328898509
13 p 16 0.011413310683768274
13 r 46 0.08145526070296416
13 s 15 0.064190558286492
13 t 27 0.05349636062025276
13 v 33 0.0253132140846819
13 y 21 0.3329777479184852
14 a 40 0.00836400275994098
14 b 24 0.022059433084428037
14 d 34 0.015087786294582961
14 e 45 0.0381968081720534
14 g 4 0.08383514417950821
14 h 18 0.03030200917863979
14 i 37 0.005293783139923347
14 j 0 0.022432550913615845
14 l 31 0.02903254545870526
14 m 47 0.09323214899057142
14 n 40 0.11218111742514503
14 o 24 0.035854739914488176
14 p 27 0.12536784658976563
14 q 32 0.019099992920117104
14 r 48 0.023977839284214153
14 s 14 0.13787655807275423
14 t 8 0.017924143420083527
14 v 11 0.0006698758414444006
14 w 4 0.0157630450891747
14 x 12 0.010844799603195399
14 y 19 0.027988557539953884
14 z 27 0.02655196336554
15 a 15 0.014370998720733441
15 b 24 0.061569356770307615
15 c 3 0.025131805065508606
15 d 26 0.004761627376425603
15 e 19 0.11488093452964887
15 f 43 0.0033601300453685035
15 g 13 0.003878143308252424
15 h 14 0.0221471222289652
15 i 6 0.09981813488086111
15 j 44 0.09340045253364737
15 k 17 0.12375602333698887
15 l 5 0.03051353286126568
15 m 22 0.033021780806929746
15 n 28 0.0542198936243915
15 o 28 0.02951807649502769
15 p 42 0.0062374462716541235
15 q 24 0.007337371766864997
15 r 15 0.011921205912019284
15 s 17 0.029663553786924757
15 t 10 0.006269639584521314
15 u 44 0.006540338675165347
15 v 17 0.0533727862101675
15 w 9 0.033143299325136044
15 x 41 0.014232955690317128
15 y 31 0.021173612820045595
15 z 30 0.08641251213882184
16 a 38 0.07909707251612297
16 g 25 0.06370879483037195
16 m 32 0.2594064058424418
16 t 29 0.015723880732827822
16 z 16 0.12271680189625256
17 a 39 0.02896418348249241
17 b 1 0.0680546879018964
17 d 45 0.13814444030155493
17 h 45 0.5094179947960182
17 l 24 0.02033077238007963
18 b 6 0.07303093529124893
18 g 0 0.013842044595814396
18 j 43 0.7275867934136547
18 s 16 0.04280451129956697
18 x 27 0.12046914397804087
19 f 10 0.08567256641411769
19 j 3 0.4275689458447358
19 p 6 0.0542701927215381
19 s 39 0.1607973163761166
19 t 27 0.07036886729044689
19 z 41 0.19408593918043648
20 a 27 0.020899149453100896
20 c 14 0.013844862749812115
20 d 36 0.009879150571491468
20 e 14 0.07035122678902872
20 f 1 0.0763143955227017
20 h 45 0.0070809713101889216
20 i 21 0.0029640554302101663
20 j 11 0.02320004953930066
20 k 44 0.04643094379285806
20 l 13 0.11177920430227994
20 m 36 0.010901868931708969
20 n 22 0.002171066133577537
20 o 18 0.004736604095828878
20 p 45 0.24163234349130214
20 q 29 0.025357052121864232
20 r 23 0.046279203296354265
20 s 35 0.0008541526526163468
20 t 48 0.0074971792083257105
20 u 37 0.04743155459516968
20 v 27 0.11099050628628726
20 w 6 0.01156472332764047
20 x 48 0.002756021781311513
20 y 39 0.07818840306626496
20 z 27 0.0023600210693461854
21 r 30 0.03506590309000723
21 s 30 0.48272803977498246
21 t 6 0.1878600962213739
22 a 46 0.10009090516813868
22 b 38 0.07361537761661352
22 c 21 0.045160954567952105
22 d 42 0.013819653614094651
22 e 32 0.031745691742713356
22 f 32 0.012449444274624466
22 h 31 0.027879467407639358
22 i 37 0.05120251785263907
22 j 7 0.015685535384737714
22 m 1 0.04884232321753479
22 n 17 0.0034636336187015004
22 o 46 0.028632656284627522
22 p 25 0.03828960508617962
22 q 17 0.012197074000500185
22 r 16 0.06168957258335539
22 s 36 0.0014868472165135982
22 t 20 0.12161075956103462
22 v 40 0.015309090458960783
22 w 1 0.004046546971558929
22 x 38 0.03925457212109762
22 y 13 0.041998758878565856
22 z 37 0.05642867361949455
23 a 9 0.07359468692052584
23 c 28 0.0035818158344389506
23 d 31 0.049454336016384604
23 h 30 0.03500339689403986
23 i 6 0.013220893237082976
23 k 36 0.13848908008630278
23 o 25 0.024363896367896043
23 q 15 0.07958762656645357
23 r 41 0.1169512198023438
23 u 34 0.007867508041810134
23 w 20 0.04567890593495538
23 x 40 0.13590928658154577
23 z 32 0.22543384574565795
24 b 5 0.005934664624705155
24 h 38 0.046654055921515836
24 i 27 0.0503541982757425
24 k 16 0.05739574644404788
24 l 44 0.07201744514366903
24 m 35 0.09731828201387882
24 n 34 0.04479485755078316
24 o 40 0.08653042620501827
24 q 40 0.02170074614232953
24 s 29 0.12888300064579017
24 u 10 0.24247755571804896
24 z 41 0.10947924330336212
25 a 29 0.024533243181360076
25 b 45 0.049207412822095176
25 d 9 0.005065426586407962
25 e 43 0.04044178396922471
25 f 9 0.04147536450571254
25 h 18 0.06501810245571704
25 i 39 0.034090522568982706
25 j 37 0.11169966972495149
25 k 13 0.04830878384830661
25 l 16 0.030296674817465008
25 m 37 0.01935702743534995
25 n 44 0.00785013440556459
25 o 4 0.06640432573760369
25 p 8 0.007585772635755994
25 q 3 0.030692115868046765
25 r 39 0.11894717750264427
25 s 17 0.028519633017322632
25 t 12 0.010407022956411494
25 u 29 0.0038217700951705957
25 v 40 0.005837846212171538
25 w 30 0.054693638845193626
25 x 39 0.029417528344710786
25 y 25 0.0319861773473159
25 z 14 0.05088830639961539
26 c 45 0.0841692176089841
26 h 32 0.05078056193905145
26 i 17 0.07048618321923605
26 j 9 0.07445848197032878
26 o 7 0.013387578620815077
26 q 16 0.07341029114491404
26 u 15 0.005988181195994868
26 v 47 0.1082968990199299
26 w 36 0.08264374232107252
26 x 39 0.03272120274650936
26 y 6 0.2808857121401609
26 z 20 0.045941977727764316
27 a 41 0.032591601019452576
27 b 33 0.01565838115490026
27 c 13 0.03343591735246376
27 d 31 0.04789252760064866
27 e 37 0.06166507226698459
27 f 20 0.004100518332755487
27 g 1 0.00343543480746622
27 h 10 0.012658042445328754
27 i 31 0.03412057981857897
27 j 28 0.03481513151130067
27 l 42 0.12206655367004204
27 m 19 0.025133123023082904
27 n 15 0.014612768357951333
27 o 43 0.030820809551698525
27 p 1 0.007191010909889606
27 q 24 0.021294728181825207
27 r 6 0.008795577376931152
27 s 46 0.14782283904990845
27 t 12 0.07781062139673123
27 u 28 0.0011501197256684748
27 v 44 0.1296985883456142
27 w 10 0.008366294282919351
27 x 36 0.004227904737429622
27 y 22 0.04501772745772481
27 z 20 0.015022522798066928
29 a 36 0.01749227442482426
29 c 10 0.016948108755151403
29 e 25 0.08316790219464543
29 f 45 0.05334390202221351
29 h 46 0.17688342054519335
29 i 22 0.15294140651839494
29 j 6 0.00047936296423145563
29 k 12 0.07111599253058931
29 l 10 0.017346346660450096
29 m 6 0.011074472647193412
29 o 20 0.009447194836300077
29 q 12 0.05144990405303518
29 r 26 0.04961997036752408
29 t 27 0.13409166988434362
29 v 26 0.025953184864776047
29 w 34 0.007937876999123294
29 x 3 0.017396606943502313
29 y 42 0.09722810423297945
30 a 8 0.04306013223619709
30 b 6 0.03811179546053289
30 c 7 0.04992578129275882
30 d 2 0.014487442135083017
30 f 29 0.013384499004401973
30 g 18 0.0275453646294338
30 h 22 0.14965311538325576
30 i 24 0.08918275274466958
30 j 1 0.020073860772079732
30 k 11 0.021749661051668756
30 l 3 0.007841997092633224
30 m 13 0.03585908911991309
30 n 31 0.03246885166180136
30 o 24 0.10627133412622836
30 p 27 0.03458770105948206
30 r 45 0.0027604331301815943
30 s 27 0.030182488721812617
30 t 11 0.07778306864737039
30 u 14 0.034420073627208
30 v 36 0.03324504481254442
30 w 26 0.0016506706228137658
30 x 48 0.05556346113173016
30 y 23 0.005571113430429819
30 z 19 0.07112055942335938
31 c 3 0.5371058478946237
31 s 38 0.13174265978196054
31 y 45 0.13377344409853054
32 a 46 0.15980212424213192
32 n 1 0.3146059930164671
32 v 25 0.3179781925566426
32 w 18 0.06849514547955227
33 a 25 0.054163183089614764
33 c 40 0.043857822442878835
33 d 25 0.032207252231193695
33 e 19 0.2530773572965429
33 f 21 0.021740939028430106
33 h 8 0.13415801523601267
33 j 39 0.05056419595455175
33 l 16 0.043074697579571386
33 m 36 0.08359724496543874
33 n 33 0.006477785575064399
33 o 1 0.001758826174320549
33 q 35 0.08243129811100813
33 r 42 0.012647774023253566
33 s 6 0.03145912108258586
33 x 24 0.011457058034713197
33 z 40 0.025556769088590503
34 b 42 0.008580670384558231
34 e 34 0.0061067690422141885
34 f 33 0.06265928104312135
34 i 42 0.03018111425478953
34 k 8 0.00011822965584040723
34 m 46 0.11225693324807795
34 q 23 0.00547544899487018
34 r 15 0.1490435199159602
34 u 38 0.0699324871315612
34 w 13 0.03730138608630307
34 x 28 0.08282078092067302
34 y 39 0.24133291240853527
35 a 20 0.1428176312643804
35 e 0 0.19454777673856827
35 p 47 0.07030698662626067
35 q 39 0.054282681757307105
35 w 15 0.009036701733480257
35 y 33 0.121285467096785
36 e 10 0.24985173930918858
36 g 24 0.13291730027103377
36 l 7 0.07225791593539177
36 t 15 0.09911273648305918
37 c 13 0.12154354621567887
37 f 34 0.05342672954266936
37 i 1 0.14365200871168016
37 k 16 0.13840966083373274
37 r 29 0.11078646660394253
37 u 29 0.044416780728665395
37 w 14 0.08994611962736265
37 y 26 0.11158467660215965
37 z 35 0.14790454475776693
38 d 25 0.2708803987808591
38 f 46 0.2305946841959684
38 h 17 0.013391838004724543
38 t 38 0.07200780194726852
38 w 45 0.16515859294257218
38 y 35 0.2314680367055688
39 c 0 0.31467374370777823
39 e 27 0.042916373309016875
39 f 46 0.0032865570896556395
39 l 14 0.009552296840022678
39 m 4 0.0614523600883099
39 p 41 0.19290548882333525
39 r 2 0.05671088247279188
39 t 25 0.01122558213082614
39 u 37 0.0006280376549474553
39 w 2 0.04081106767382392
39 x 6 0.007742866598212772
39 y 35 0.24078345785888566
40 a 24 0.1846316836848012
40 c 11 0.06146384373897518
40 i 10 0.2359219847477051
40 o 7 0.06420127356256378
40 p 23 0.11307599779645772
40 u 38 0.3249429459323623
41 a 47 0.03919098473324467
41 b 40 0.0162634990587327
41 c 33 0.007769622123508291
41 d 19 0.006980274264178243
41 e 12 0.011794053650539538
41 f 41 0.02774414777406775
41 g 41 0.056915095484212586
41 h 38 0.02847988455244288
41 i 6 0.0064191105939953585
41 j 46 0.0836140470634944
41 k 16 0.0043965217531803935
41 l 23 0.12518808949046223
41 m 11 0.03294338692195464
41 n 6 0.024175441953747767
41 o 17 0.008010541562303297
41 p 20 0.028624172764054046
41 q 9 0.10181412634136677
41 r 39 0.005424739206592366
41 s 45 0.03549186100917279
41 t 12 0.012234206494936783
41 u 48 0.022148989375408767
41 v 9 0.013607762306543147
41 w 17 0.06594964502898482
41 x 30 0.07157880855312615
41 y 40 0.12262564358240935
41 z 38 0.037546106208012575
42 b 2 0.056099658807104213
42 c 42 0.0008085155409806033
42 d 17 0.003983343068821643
42 e 12 0.05763391501030224
42 g 19 0.03298890884054728
42 h 37 0.0573261689909651
42 i 18 0.032926361658619174
42 j 19 0.02837872907821759
42 l 16 0.016919299197190485
42 m 7 0.03025246125337755
42 n 31 0.06686358347385335
42 p 27 0.06578420848367594
42 q 45 0.07451068297270935
42 s 31 0.08262490125429656
42 t 14 0.03046000683554939
42 u 13 0.007484216137306987
42 v 32 0.07756490950337991
42 w 48 0.02819515758929736
42 x 40 0.03331260617002452
42 y 26 0.026306295142494385
42 z 45 0.1843543931926055
43 d 29 0.13384203209924495
43 h 13 0.09083270074394034
43 l 17 0.004547069954474958
43 o 22 0.633208864271977
43 t 44 0.024157375872915443
43 x 30 0.09452170060320308
44 a 31 0.004330804534462884
44 e 45 0.004446424374626834
44 f 45 0.1337654784109652
44 i 15 0.02440934744424128
44 k 28 0.04064646960246743
44 l 39 0.054681150983819204
44 s 30 0.10274078136900755
44 v 11 0.04604473160352107
44 w 14 0.1031575376823507
44 y 21 0.036703994219170144
44 z 25 0.14480852905861974
45 a 32 0.09325029134029716
45 b 8 0.04882865264549496
45 c 29 0.10198707450211264
45 f 22 0.004131339769746667
45 m 4 0.05384636361722195
45 t 47 0.2935698773604568
45 v 2 0.2967433348690409
45 w 21 0.011933741827440114
45 x 4 0.08209703315605688
46 a 35 0.09598394924490872
46 b 17 0.01247918131806569
46 c 42 0.02097362930968638
46 e 7 0.011668422178037652
46 f 19 0.02650502098305718
46 g 5 0.054505662810568456
46 h 27 0.0396839173452439
46 i 37 0.05888943574445349
46 j 42 0.01162917603921687
46 k 12 0.0039009856504990115
46 l 39 0.0026259927439415964
46 m 22 0.0006914892766161085
46 n 36 0.09476798518341001
46 o 16 0.017302538685983748
46 p 30 0.03379173338649344
46 q 40 0.0266688159588504
46 s 2 0.015821295807765035
46 t 31 0.05964566524695136
46 u 16 0.0930938701180507
46 v 12 0.07819344309610732
46 w 47 0.023504610548200078
46 x 15 0.1558014114681664
46 y 1 0.03761858789302619
46 z 47 0.017768793315938947
47 b 46 0.020516458882679056
47 g 19 0.01083071857255613
47 j 46 0.19125817059602546
47 n 1 0.007502326273598259
47 p 20 0.24674070034828754
47 t 26 0.10612462464861472
47 z 13 0.17752208023366556
48 a 31 0.05025773106087206
48 b 29 0.054836784896538315
48 c 32 0.1211321556556898
48 d 17 0.00407193542551032
48 g 15 0.04521215024010139
48 h 17 0.06618434358872893
48 i 15 0.07924423511056033
48 k 14 0.00649219755371977
48 l 12 0.12305813892405182
48 n 43 0.03340636878068082
48 o 35 0.1169287667529948
48 q 16 0.032119661142035794
48 t 20 0.0009524494502676228
48 u 30 0.06825303204051736
48 w 10 0.034731339419274865
48 x 18 0.018206730979945518
48 z 14 0.0571227088963383
