45 26 541
0 0.3407315233603898
0 0.126553969753329
0 0.007295285751025338
0 0.0390894590066424
0 0.2131090743064844
0 0.03704796791995291
0 0.12918752619114882
0 0.0009861996448690125
0 0.1131605683294592
0 0.11757064578737586
0 0.29462840158041315
0 0.4444278639929192
1 0.002564029700101833
0 0.33195276110918326
0 0.14820547636645431
0 0.11138237660391515
0 0.0058243364135593945
0 0.1341974669766811
0 0.03429055474230436
0 0.052904255651677
0 0.052786213807154314
0 0.6948961651942785
0 0.009328050846153513
0 1.0
0 0.036168599223818765
0 0.015384401741793452
0 0.1988919785020804
0 0.0028680793257902515
0 0.09649072026330607
0 0.14281910646993168
0 0.09635187862015748
0 0.2762706372284779
0 0.2832068327618795
0 0.03734631350122075
0 0.05662430100774818
0 0.006311363501770417
0 0.013434620974254963
0 0.004755179298600698
0 0.16386817542190768
0 0.046777956497816464
0 0.0543848456138718
0 0.024582938579318703
0 0.06312514704638894
0 0.09305080090412365
0 0.02353583296024575
0 n 7 0.6124716378706143
0 r 35 0.041089030725452225
0 u 9 0.00570780804354365
1 d 9 0.06060340855911828
1 e 27 0.06936936217327383
1 f 42 0.015556663678759297
1 g 9 0.08153251755532875
1 h 4 0.01192270964348019
1 j 1 0.21576386427187932
1 l 11 0.09582354859048248
1 m 32 0.0011460843224436745
1 n 23 0.032054124383389504
1 p 15 0.006648591828069539
1 r 5 0.010445205525503876
1 s 34 0.057622680416666405
1 t 44 0.09751643101689578
1 u 37 0.015244569822927878
1 v 30 0.0025313150308554633
1 w 16 0.022755918289879218
1 x 23 0.0029834169805056376
1 y 20 0.04363968124681106
1 z 37 0.030285936910400824
2 h 0 0.5186066725550658
2 m 40 0.016616138291658755
2 u 20 0.025747841444142217
2 v 36 0.43173406195810793
3 a 19 0.01234896442206812
3 b 30 0.025239897183640614
3 c 9 0.0011333045175959677
3 d 11 0.015364617620657772
3 e 25 0.011147305715034861
3 f 4 0.09152748324972193
3 g 0 0.09423647027269955
3 h 2 0.044596877837592586
3 i 44 0.008876338747805912
3 j 11 0.05532615327031809
3 k 9 0.008626241876559582
3 l 13 0.05545156461389833
3 m 40 0.02500747991717034
3 o 8 0.022385874632097513
3 p 40 0.016832333457487914
3 q 19 0.00539034543713357
3 r 26 0.022679349041709096
3 s 3 0.10830104893005021
3 u 11 0.004169803678737982
3 v 5 0.028977544763290508
3 w 37 0.044923435078400575
3 x 44 0.04278216961448589
3 y 5 0.20749550465325184
3 z 18 0.008090432461948849
4 a 31 0.2541199869181642
4 l 0 0.4820168209898291
4 m 31 0.0507541177855223
5 b 5 0.012030534730167242
5 d 17 0.13245835863455646
5 g 32 0.06260400517833253
5 l 41 0.1561184504705041
5 m 34 0.1029667901373027
5 o 40 0.11932478478514941
5 t 27 0.03716462886845873
5 u 23 0.08318070806348932
5 x 23 0.08781769592405875
5 y 19 0.0741183384873596
5 z 17 0.09516773680066826
6 a 3 0.05843515094909324
6 c 1 0.017183237149094976
6 d 30 0.04447737927640405
6 e 37 0.0017631226125183197
6 g 25 0.0812482623791787
6 h 15 0.03989452180158559
6 i 44 0.2649041923863683
6 k 18 0.2104143110081339
6 p 2 0.07012452387553292
6 q 13 0.07770119664928388
6 u 2 0.004666575721657296
7 a 10 0.05484215953146221
7 b 42 0.008304443696020014
7 c 13 0.04575396890419681
7 d 18 0.10602733925061258
7 e 11 0.05409790371596601
7 f 1 0.005573215900242179
7 g 24 0.015676817005181753
7 h 25 0.03683970838759276
7 i 17 0.06298003551997344
7 j 38 0.04301216459378754
7 k 1 0.01663244977900069
7 l 36 0.03329500358085202
7 m 33 0.026480418503495362
7 n 27 0.08067481515856356
7 o 6 0.03860687413301522
7 p 15 0.002954737858652967
7 q 10 0.022340452859314297
7 r 36 0.04358687645918535
7 s 33 0.0914021482388333
7 t 23 0.03860327062914137
7 u 40 0.010268144296972537
7 v 12 0.011175451167484085
7 w 41 0.03850762974868782
7 x 43 0.04052095565645375
7 y 32 0.03559361416642681
7 z 25 0.035263201614016526
8 k 4 0.013661486972909143
8 m 40 0.010651840024983206
8 p 9 0.2887746361407292
8 q 10 0.10164586966135691
8 s 21 0.3100332566759738
8 t 10 0.10173820580719073
8 w 32 0.005865408430583363
8 y 29 0.054468727956814456
9 b 4 0.005850713760632842
9 f 41 0.0013975290225415327
9 g 10 0.005817629780244804
9 i 10 0.11974793950252494
9 j 43 0.1608731048599883
9 l 2 0.1366338911177024
9 s 19 0.18556510207435206
9 t 18 0.05962574271197485
9 u 25 0.043644357415234536
9 w 14 0.03441887000851074
9 x 9 0.07136289379512795
9 z 42 0.05749158016378919
10 b 8 0.13092980580494562
10 f 18 0.04252228961480531
10 g 34 0.02355398426860189
10 h 34 0.030195564629136196
10 s 35 0.00010885255772585811
10 u 24 0.003968834229708951
10 w 14 0.3408286562462576
10 x 4 0.0273382151063587
10 z 8 0.10592539596204675
11 e 22 0.10230570452176191
11 m 25 0.16383978347157224
11 p 14 0.030581938194984892
11 r 4 0.0868445386334491
11 t 13 0.01608184518812339
11 v 29 0.15542527661128436
11 z 10 0.0004930493859048868
12 a 29 0.24462648050279945
12 d 43 0.03216339348749764
12 e 7 0.20221336448532656
12 f 1 0.011900483871112644
12 g 41 0.08360047068165777
12 k 11 0.03500260221420848
12 m 13 0.06855962424507644
12 p 26 0.03918795836339384
12 q 2 0.14129559623765475
12 r 6 0.053883479139057555
12 v 25 0.025965288895761884
12 y 37 0.05903722817635115
13 a 6 0.014634199333882547
13 b 40 0.015321534100623202
13 d 12 0.02812565886196483
13 e 23 0.033793087711750935
13 f 31 0.031147099841493553
13 g 29 0.03542451153769166
13 i 13 0.001329432202988201
13 k 7 0.060464161195403765
13 l 38 0.005789718420807222
13 m 1 0.05243968680571798
13 n 16 0.016905001999471092
13 o 44 0.02348746590952866
13 q 33 0.052499381438833814
13 r 44 0.0020961955863613158
13 s 34 0.012712347338197483
13 t 1 0.08136204279579273
13 u 42 0.017103423138876583
13 v 11 0.1185593603552142
13 w 16 0.03524748833808855
13 y 12 0.006839911939565235
13 z 22 0.022765530038563186
14 a 36 0.3284887967096787
14 h 2 0.03898210658967438
14 j 4 0.07562806971553648
14 n 23 0.09032427078924132
14 o 21 0.16047565408402287
14 q 38 0.00022566763818587798
14 x 5 0.009647888902740598
14 z 42 0.14802206920446548
15 a 25 0.0027028532295809704
15 b 37 0.03226536486268794
15 c 22 0.0033656880811334666
15 d 0 0.06872310361983569
15 e 7 0.0008280513352619812
15 f 3 0.014592468490336463
15 g 38 0.08070229026448161
15 h 27 0.024277426739966357
15 i 28 0.02793421243348293
15 j 34 0.015223588279617117
15 k 19 0.007925591419823519
15 l 40 0.09233332764758795
15 m 38 0.03475338278490203
15 n 29 0.028040088623958126
15 o 30 0.03865961653427774
15 p 29 0.021508092670634582
15 q 40 0.013885803316427858
15 r 0 0.12041686279838038
15 s 1 0.02680072708257286
15 t 31 0.08760797708556833
15 u 1 0.015908217797416135
15 v 8 0.003306120552307501
15 w 39 0.009167879392204425
15 x 19 0.09701488710317197
15 y 31 0.01901802938390751
15 z 22 0.0016559718665594136
16 b 38 0.04425422796698264
16 c 35 0.13830324356269041
16 d 19 0.10955728584755364
16 f 8 0.05129212850355247
16 g 14 0.13964499958733168
16 h 3 0.11630112042841312
16 j 20 0.10335076346295846
16 l 32 0.013915618414233832
16 n 21 0.08932960649852617
16 p 33 0.1314103552735536
16 q 34 0.028871129973874865
16 u 31 0.009253428782212691
16 w 32 0.006850736225429088
16 y 5 0.011841019059127933
17 a 41 0.0981326074996155
17 h 5 0.2908370429449171
17 l 36 0.01269120018697989
17 n 14 0.4201823434292439
17 r 15 0.008040503748572347
17 w 34 0.0359188352139902
18 a 31 0.07996461815117972
18 b 17 0.0025889520609952976
18 c 11 0.06314024585884292
18 d 28 0.03482990614897019
18 e 16 0.04926170854674383
18 f 1 0.01276158409867334
18 g 15 0.0674557731525306
18 h 42 0.015762176695340524
18 i 26 0.003366078021383556
18 j 27 0.021264660204842967
18 k 28 0.05836519050465272
18 l 14 0.03215276997386096
18 m 38 0.046988397179918096
18 n 4 0.017071014026782017
18 o 23 0.0426649838799078
18 p 28 0.036617672224815934
18 q 11 0.003970954209102984
18 r 28 0.029255876471065978
18 s 9 0.026234958387396645
18 t 37 0.07251812815073344
18 u 16 0.07487703059508188
18 v 38 0.01287492574136706
18 w 13 0.08543899910648567
18 x 37 0.020928183222632124
18 y 5 0.025238858063825753
18 z 22 0.030115800580563623
19 d 13 0.20217314612016501
19 j 33 0.07854043324771509
19 m 3 0.11977803468144466
19 o 7 0.11216103419943102
19 p 40 0.01546002706002747
19 r 9 0.14837000793042698
19 u 42 0.11006996851136563
19 w 33 0.14523578311815455
19 y 6 0.015307309479592579
20 c 14 0.03012812165435752
20 d 29 0.015560876748685892
20 e 25 0.0011389784636142153
20 f 33 0.024769670452907455
20 g 1 0.03556829709597653
20 h 36 0.13098111472785479
20 j 41 0.10123249600474804
20 k 18 0.025590286192416656
20 l 31 0.06736839287750873
20 n 13 0.038719311117448085
20 o 2 0.024520539371511108
20 p 10 0.03691835427713641
20 q 34 0.014357123594037624
20 r 10 0.027019521167855887
20 s 20 0.0015323755496857716
20 t 15 0.05014473855648438
20 v 18 0.1391795199571797
20 x 6 0.06664070558586599
20 y 9 0.049141477500599495
20 z 8 0.06670188529697141
21 b 32 0.010721596924351928
21 c 3 0.11808536437104988
21 g 17 0.17629687351031964
22 a 29 0.08198083247866683
22 b 33 0.0266985145929729
22 c 41 0.1338301115444399
22 d 41 0.011797863640998885
22 f 39 0.07591755785967458
22 g 38 0.03039366978419744
22 h 10 0.13538994900523504
22 i 33 0.013244296631937269
22 j 29 0.014640357530225967
22 k 8 0.08789006356745788
22 m 9 0.038857318734321855
22 n 14 0.10786960406151636
22 p 28 0.08777529834727926
22 r 12 0.04630391763522379
22 s 20 0.003586741749912692
22 t 44 0.054031320889984635
22 w 0 0.026446762067418805
22 z 10 0.014017769032382388
24 a 34 0.07658554959981834
24 c 2 0.043586976379721865
24 g 42 0.006169484016347426
24 h 34 0.0541500234609662
24 i 26 0.037020622320095176
24 j 44 0.0765119043523631
24 l 27 0.028212030105387087
24 m 20 0.019556733653583014
24 n 39 0.12481437984475752
24 p 33 0.14602265667885272
24 q 20 0.018825734079339518
24 r 23 0.15000478771216819
24 s 14 0.09704679616508427
24 t 33 0.051617875774931044
24 v 13 0.008153442107170061
24 z 36 0.025552404525595707
25 b 4 0.14679476269322256
25 c 11 0.03729757800937239
25 e 10 0.24438980855922332
25 g 12 0.03058709328481002
25 i 35 0.05887014464600737
25 k 16 0.03939506891194877
25 m 33 0.014680514606548956
25 r 4 0.10320405255249854
25 s 19 0.09314753034047307
25 t 34 0.01056309789300458
25 x 1 0.09292330643778579
25 y 37 0.11276264032331118
26 e 16 0.008470767777497223
26 f 18 0.06106044074155825
26 j 9 0.08032147786520716
26 k 13 0.005835914334502923
26 l 3 0.3954316401707689
26 o 19 0.0256902415362662
26 q 14 0.09956769229495488
26 w 3 0.010023861248765753
26 y 27 0.11470598552839828
27 c 37 0.12597904421796013
27 h 37 0.0026145422754090264
27 k 34 0.49201839161240324
27 m 16 0.06676646384160712
27 o 16 0.04488619536200833
27 r 4 0.0008731558519496918
27 u 36 0.17354392481688075
27 v 41 0.06869830131762322
27 y 22 0.021751901378368244
28 e 6 0.09142456634320373
28 f 36 0.0756527262970611
28 g 6 0.1642426629317597
28 h 33 0.040014394054912805
28 i 34 0.11051545824749043
28 o 15 0.0443471037545371
28 q 44 0.0022664707280332097
28 r 9 0.07095103012170989
28 s 28 0.009617032979104545
28 t 38 0.04117761999397662
28 w 6 0.04686203620651497
28 x 22 0.09646288513423151
28 y 36 0.0994691454342318
28 z 35 0.010506147509926511
29 b 0 0.0048976035874613855
29 c 7 0.0170120528640888
29 e 33 0.04349927013821975
29 l 31 0.09172928301172123
29 n 11 0.09632779418125437
29 r 31 0.5077100138161429
29 x 15 0.07603992628356471
29 y 25 0.019964949647615193
30 a 28 0.011083575100862553
30 c 43 0.19379226428247032
30 e 35 0.2393232696690185
30 f 42 0.07392862588277826
30 g 5 0.029624553322721292
30 j 29 0.04924254503148251
30 k 30 0.026242178697761798
30 l 34 0.039083615957681284
30 m 23 0.03956926259057092
30 n 13 0.006396642258323704
30 o 24 0.003109044117002968
30 q 41 0.03459069039130247
30 r 31 0.002046343011347429
30 s 6 0.008714563150877264
30 t 20 0.02541712267732321
30 u 1 0.009539254600671843
30 w 15 0.025605678491737116
30 x 8 0.08383603144450302
30 z 39 0.00250286070140604
31 m 1 0.019281421423473222
31 o 17 0.06837458455370327
31 w 38 0.030096335191846957
31 x 10 0.6059770216024987
32 c 28 0.22823411174922947
32 e 38 0.11309822033897743
32 g 11 0.07344840073267245
32 i 3 0.010060586963249185
32 k 4 0.2205590749055527
32 t 9 0.036908903236875235
32 v 16 0.0012342022228206684
32 x 13 0.03324966708874333
33 c 1 0.050469165701031216
33 d 25 0.18276530138282487
33 h 39 0.15540721416858394
33 i 20 0.041720060651808555
33 j 16 0.09631346530095897
33 k 21 0.0354543052560059
33 n 38 0.26439851342334286
33 r 38 0.025693388388821625
33 v 15 0.04272930630249261
33 w 12 0.0677029659229087
34 a 35 0.18592377343044475
34 m 11 0.001094193151680245
34 s 2 0.3068347517925847
34 t 4 0.08754570885236701
34 w 18 0.36197727176517513
35 b 0 0.01681057621058646
35 c 43 0.04211087809581393
35 d 29 0.003621923355689116
35 f 16 0.10721755033098512
35 h 22 0.027771630561100324
35 i 39 0.3567109638752436
35 j 23 0.037523824539498984
35 l 28 0.01993228502963973
35 p 37 0.0493246001737927
35 s 2 0.050984850627098566
35 t 20 0.10287815844981119
35 u 36 0.11724722958052325
35 v 37 0.021978081254522608
35 w 13 0.009752755006838587
35 x 1 0.001702179719032304
35 y 33 0.028060329874977308
35 z 30 6.081981307581863e-05
36 a 30 0.24737661084445572
36 b 44 0.07888227112617929
36 c 37 0.017797154763758094
36 e 25 0.04217038778180404
36 f 24 0.014143184102042405
36 g 37 0.005240587366432514
36 h 35 0.04055553165182235
36 j 43 0.028662468646573958
36 k 27 0.11917155587437644
36 l 10 0.009100621254830576
36 m 14 0.19901009420414695
36 n 8 0.05367613149984318
36 o 21 0.032159179761274026
36 p 21 0.010219082039280347
36 q 11 0.0546210346616397
36 s 22 0.009504066576036196
36 t 11 0.02095495383316559
36 z 20 0.003320463038083643
37 a 33 0.05546797243757762
37 b 9 0.09594135137589
37 c 38 0.09228974373740184
37 d 5 0.016634685115704095
37 e 23 0.010751625454533564
37 f 22 0.016352542504450618
37 g 8 0.0014485791158231898
37 h 0 0.07730132602889772
37 i 19 0.050309657926303264
37 j 19 0.0017796713802860076
37 k 26 0.013961998657419428
37 l 32 0.010283728671586223
37 m 42 0.007363295423016503
37 n 36 0.07387801579358944
37 o 17 0.06124293953445803
37 p 35 0.0789232857419756
37 r 36 0.04066972127004054
37 s 19 0.029174375688185372
37 t 39 0.13061435109701847
37 u 13 0.03160533451846126
37 v 43 0.0009436826450917035
37 w 6 0.037667395628096845
37 x 0 0.017468352143569565
37 y 22 0.0005617163870501596
37 z 1 0.04260947242497226
38 a 26 0.3216054726255463
38 l 5 0.10231986794787651
38 n 43 0.06713746592990122
38 o 4 0.26461615460155685
38 p 5 0.06631546878875394
38 r 27 0.014137394684457516
39 a 0 0.01657612510100781
39 b 5 0.11083267982609801
39 c 33 0.0727560300085297
39 d 26 0.018639367024624653
39 e 39 0.0034549983112914795
39 g 28 0.06173531464785831
39 h 10 0.10880799581167189
39 i 43 0.15710627135717126
39 j 15 0.13772471537624775
39 k 17 0.01944270429959416
39 m 15 0.0034509676965146507
39 n 15 0.03159050689832077
39 q 13 0.028063890355745524
39 r 32 0.0816179766602062
39 t 8 0.0023274130243207125
39 u 43 0.04775708394746436
39 w 1 0.028336213643950448
39 x 21 0.014426980142057011
39 z 11 0.008574809369508829
40 b 40 0.10107764463581337
40 c 1 0.02855323003942123
40 e 5 0.04321431817646182
40 f 7 0.16738993061691054
40 g 20 0.036641619702424966
40 h 15 0.052279523965779395
40 j 34 0.007383513384747187
40 k 8 0.062060291694235215
40 l 13 0.036227459123202466
40 m 8 0.005522067179087431
40 n 10 0.030658305567464628
40 o 13 0.09712015580245281
40 p 37 0.013868211821523313
40 q 7 0.06806304497570048
40 r 29 0.07715658226706612
40 s 33 0.010718448891582022
40 t 12 0.007625345884815227
40 u 9 0.0036102373609177008
40 v 14 0.0017801694476651253
40 w 34 0.012997069048766408
40 x 13 0.005054470559650137
40 z 17 0.0766135142404406
41 g 11 0.1753168639870356
41 i 17 0.07321325771944687
41 k 26 0.02084242641231604
41 q 9 0.1388843899354606
41 v 12 0.006580676088411064
41 y 34 0.5152473426381585
41 z 7 0.0453321046398526
42 d 29 0.09904925254596597
42 i 29 0.06610026084652898
42 l 35 0.11317715237484227
42 o 38 0.04788044632273725
42 p 23 0.04434390970475377
42 q 8 0.13154890706893962
42 r 13 0.03775617508621465
42 u 40 0.03243610490314075
42 y 3 0.3645826441004878
43 m 11 0.7701059258307006
43 q 23 0.13684327326517576
44 r 44 0.43274150506437403
44 t 6 0.5437226619753802
