199 26 2526
0 0.033736812074966815
0 0.021155188365640676
0 0.22354971498950627
0 0.008028726256025687
0 0.00032250207595352354
0 0.3803648786799113
0 0.0270519076682999
0 0.02922470555238188
0 0.01820681271338498
0 0.09506957088917889
0 0.16405181653112266
0 0.07767288037693387
0 0.1476891410184311
0 0.04895677880457816
0 0.0033312603319962664
0 0.08072799188686586
0 0.02127101953415611
0 0.017142037279393785
0 0.018564383016348884
0 0.39920748310254517
0 0.08571712375692797
0 0.14996970814601762
0 0.03142473014391445
0 0.0009921077906530629
0 0.02753285440301878
0 1.0
0 0.030314051210585946
0 0.0025594301228801797
0 0.11557977227483096
0 0.23677839160521574
0 0.04457763956956218
0 0.0010164661666064445
0 0.0008636532229708838
0 0.14331937561171204
0 0.09263338714284475
0 0.20617772200804685
0 0.03626947484627463
0 0.26988896672102125
0 0.06895431862938373
0 0.04269422196904127
0 0.06272288499652867
0 0.12498698589104562
1 0.07575212562706868
0 0.09145787110628156
0 0.009834554966916098
0 0.18974174828983925
0 0.08317843647317147
0 0.0023397288395624605
0 0.05969695737421998
0 0.17380204355961626
0 0.004371465167970379
0 0.007461106206959722
0 0.0643706104050562
0 0.01836712656425199
0 0.03067057506813098
0 0.0642950652283959
0 0.09097998556241838
0 0.08331629151437536
0 0.3470634481835839
0 0.17536976210174038
0 0.10303962457784466
0 0.05219023306060544
0 0.14399128330599154
0 1.0
0 0.1537528596620118
0 0.08467943319320814
0 0.6910446311709608
0 0.07207782337993529
0 0.0037418783976671532
0 0.02266779122787188
0 0.03876392663138328
0 0.012578161141542088
0 0.02065610643067617
0 0.16173415442773287
0 0.09347590085127355
0 0.015930999247572797
0 0.17028359410853777
0 0.016526302584444208
0 0.011858633301237376
0 0.012702283958241911
0 0.05970249661814675
0 0.07948680150817222
0 0.02512066504641486
0 1.0
0 0.28030964900959987
0 0.020600687047657718
0 0.039536013540943715
0 0.05788823507434104
0 0.24383938523977455
0 0.028830780455227023
0 0.08836786880621361
0 0.049606254850311005
0 0.008138751130064348
0 0.01983469244829328
0 1.0
0 0.10594219412150663
0 0.19445462608002773
0 0.021775032726458754
0 0.045293879122796366
0 0.0234816379361088
0 0.012541068133710698
0 0.04624624802993693
0 0.04112778346191115
0 0.04996582512342973
0 0.05327733176349203
0 0.0632419241844987
0 0.18742149913692707
0 0.01492978439495074
0 0.06932866914186764
0 0.1842910659490179
0 0.11825775908224567
0 0.0005508523460685533
0 0.015123815607541946
0 0.024630499337566003
0 0.016941724492393395
0 0.18462752979091446
0 0.5183351386451509
0 0.03506745575078685
0 0.025244177035118165
0 0.2729280893429967
0 0.0418274521982529
0 0.01726337916180065
0 0.007831521545012765
0 0.01462431791442953
0 0.04397368368170562
0 0.01856511006997119
0 0.008118727709794382
0 0.19865198948279772
0 0.0879213684210376
0 0.07250253641000093
0 0.14532672386938328
0 0.0490362538244945
0 0.1784164008153113
0 0.2404555417752693
0 0.06350917267409517
0 0.10820641322609104
0 0.19541411944677556
0 0.16774890498308204
0 0.02504401998386996
0 0.019575434263503944
0 0.7678308826708931
0 0.006436497785349493
0 0.038288495607614714
0 0.04346543010095294
0 0.20695189647036671
0 0.002208923841541921
0 0.3369173336119493
0 0.1692867250457608
0 0.2654928898603415
0 0.05259178460152014
0 0.2327360840199001
0 0.0028924035734357867
0 0.02404024737647137
0 0.0075492381147702625
0 0.08583184645486164
0 0.017384050143501528
0 0.02060462216101433
0 0.03602254025878615
0 0.03934545370514819
0 0.127735638771995
0 0.05062931677595872
0 0.0011237152095502356
0 0.0828705454175298
0 0.004561618191995631
0 0.13550660037850315
0 0.11157099624343614
0 0.15216872940307513
0 0.8433248717533809
0 0.028423734959886038
0 0.19084261916001144
0 0.18617810114376676
0 0.05137838167345743
0 0.06279711930869425
0 0.004979228695986659
0 0.26360888335230515
0 0.01054162712060902
0 0.9895603307454442
0 0.021276924098124428
0 0.013268830163434053
0 0.06478692088932503
0 0.07767828859902581
0 0.06474727238176514
0 0.21282134422532972
0 0.0017281451225441558
0 0.020938247674368804
0 0.0594846691622779
0 0.019816269153114963
0 0.025237321472896368
0 0.003382037871115684
0 0.0051149585158992705
0 0.10257654574645192
0 0.10665097858835948
0 0.011285328360987168
0 0.14496402519676388
0 0.22669986209773962
0 0.11678936367494319
0 0.017965072808493687
0 0.011492589125224995
0 0.16335113161825354
0 a 104 0.06857228112776059
0 c 55 0.006958512735924405
0 d 4 0.010794969648420083
0 e 183 0.05692177990871927
0 f 124 0.09062445486585913
0 g 68 0.02916860900467888
0 h 129 0.07584351068877515
0 j 134 0.08368285478433202
0 m 55 0.007232105041054537
0 o 182 0.09322278682954854
0 r 71 0.012443815911782119
0 s 133 0.032086254462571295
0 u 44 0.06229933821934597
0 v 197 0.01998820624623554
0 w 6 0.07044319555172096
0 y 73 0.030308721568940156
0 z 198 0.21567179132936454
1 a 41 0.002640717785883817
1 b 161 0.005404661453649373
1 d 56 0.009513235224076544
1 e 173 0.12417315006893404
1 f 144 0.03968237993230084
1 h 150 0.01154571859322917
1 i 108 0.03635434413093608
1 j 92 0.021150681898030377
1 k 13 0.03191253180752551
1 m 163 0.07508964908164817
1 n 18 0.03963847085503447
1 p 130 0.06524072045793827
1 q 160 0.06634476052247096
1 r 193 0.01954480022225502
1 u 59 0.013402577834197404
1 w 15 0.04485117570763808
1 x 103 0.027163267918622336
1 y 154 0.17601596001086006
1 z 147 0.1691760081291288
2 c 105 0.05204058488694785
2 e 149 0.282299157527764
2 f 43 0.06178841007822833
2 g 3 0.13744220447735211
2 i 68 0.014218650889861961
2 m 108 0.052649101328470005
2 r 135 0.1425107676074725
2 s 193 0.004844356393851279
2 z 187 0.028657051820545676
3 a 45 0.04198772112141591
3 b 21 0.07849777412784309
3 d 80 0.0002547361389096947
3 f 35 0.040760677918367794
3 g 141 0.06153109205956486
3 h 127 0.0853499658054705
3 i 123 0.02414661576690913
3 j 77 0.0894963423261238
3 k 104 0.013555577629810633
3 l 45 0.05472112872004331
3 m 113 0.11668302621330762
3 n 68 0.046215989292412996
3 p 149 0.02564409658250244
3 q 173 0.0033414983551047772
3 r 83 0.008196967226343
3 s 117 0.013616480117829566
3 t 176 0.01989346832291916
3 u 102 0.03896703633877341
3 w 111 0.13128732670799104
3 x 102 0.04449441358748518
3 y 166 0.024481236901293335
3 z 5 0.028848102483553073
4 a 50 0.07724093683134048
4 c 135 0.006000786863286867
4 d 189 0.11688654641704577
4 e 158 0.019261966930291807
4 g 69 0.1944286507936991
4 m 99 0.28864489060704335
4 n 71 0.02381918552904627
4 o 168 0.015003221885634077
4 q 4 0.01146969494605099
4 r 193 0.06038186343267993
4 s 103 0.09426697301283538
4 t 141 0.07810221897609415
4 v 169 0.01417056169899833
5 c 106 0.01967123407744764
5 f 80 0.004887946550646949
5 m 177 0.036415668316421734
5 r 96 0.04122676132134917
5 s 122 0.0658336994623262
5 t 48 0.018166950423489925
5 u 177 0.006703522957245744
5 w 17 0.14873145488740858
5 x 128 0.2507405276280942
5 z 96 0.02725735569565857
6 a 24 0.14680112795236988
6 c 91 0.061376264119713975
6 i 192 0.03745175257118183
6 k 54 0.007564210150392547
6 l 188 0.08493304585766359
6 m 8 0.08921485349214853
6 p 109 0.013752360152697651
6 q 49 0.02935414119619517
6 s 13 0.30073113407563123
6 w 144 0.022186739968486302
6 x 118 0.07409663552552748
6 z 151 0.10548582726969191
7 b 92 0.017833627346899972
7 c 42 0.029996615083596412
7 d 87 0.1173873917972833
7 i 69 0.016634538060163462
7 k 39 0.019610982518934228
7 l 67 0.1590245963920125
7 m 159 0.020639331195843713
7 n 85 0.007479494984211743
7 o 70 0.045062654726368945
7 q 149 0.12882626646019457
7 r 160 0.022595048687997776
7 s 181 0.05901797700035061
7 t 191 0.0761036943745752
7 u 95 0.13462078310746295
7 w 190 0.05929897385135019
7 x 152 0.0017863611828123904
7 y 11 0.031156378414313735
7 z 122 0.023700579263246424
8 a 71 0.014099218803229174
8 b 179 0.010140276178242202
8 c 16 0.011851344866583124
8 d 28 0.0045397436902234745
8 e 56 0.0215544110040502
8 f 185 0.01087914453664951
8 g 6 0.029738097638790872
8 h 57 0.04999089865433426
8 i 118 0.04586366371804851
8 j 116 0.033411178051954704
8 k 56 0.05579584739295773
8 l 46 0.016488911670104467
8 m 70 0.03556299152443765
8 n 182 0.057607617016273927
8 o 115 0.00834417799460574
8 p 75 0.04968649056380825
8 q 84 0.06717989240338662
8 r 36 0.013022611162531117
8 s 126 0.044405303245686256
8 t 4 0.08321416260083359
8 u 119 0.17159905691816846
8 v 101 0.07120834326544356
8 w 21 0.00483000244253029
8 x 130 0.027949477005752232
8 y 105 0.02142927391596061
8 z 14 0.021401051022028494
9 a 46 0.060174830487859876
9 b 39 0.04203804590843152
9 c 79 0.023079669824218274
9 d 105 0.1208927137531648
9 e 167 0.09930169856852544
9 g 175 0.02985209379718967
9 i 6 0.053083895023047445
9 j 172 0.07127466199684407
9 l 154 0.12870649446828353
9 n 18 0.06236056667659162
9 o 162 0.0014762436632236309
9 p 154 0.0164367827281533
9 q 73 0.027846042158217288
9 r 163 0.12965472260713484
9 u 65 0.011163935171005668
9 z 121 0.02758803227893014
10 b 13 0.0869604297969182
10 c 98 0.06276232313261487
10 d 197 0.013234791163500459
10 e 21 0.007403664313720082
10 f 119 0.06144410430404523
10 h 101 0.10641572945465005
10 i 85 0.028028457309917987
10 j 82 0.07799164491286537
10 l 175 0.03256189009449029
10 m 112 0.027183691358644846
10 n 188 0.10663305386237532
10 p 56 0.03205826601770578
10 v 150 0.00419418514966774
10 w 98 0.02538591075157448
10 y 59 0.043890755706170625
10 z 88 0.119799286140016
11 e 10 0.05900067524131314
11 h 30 0.37047723956950984
11 n 30 0.013021770603753424
11 v 111 0.3193659141461058
11 w 125 0.1604615200623839
12 c 102 0.007549515070872981
12 d 53 0.09149681035332802
12 e 104 0.03951614872082787
12 g 13 0.08448289217327554
12 h 93 0.054073223585726526
12 i 14 0.047775767946227954
12 j 48 0.025723892022004313
12 m 124 0.062424832691862275
12 n 41 0.036105678112271056
12 o 130 0.049345891654882346
12 p 132 0.005011729698541356
12 q 97 0.010885916805100426
12 u 144 0.13150101699004801
12 v 167 0.02044178275719244
12 w 27 0.03698701883319455
12 y 149 0.1026611166450323
12 z 167 0.04632762492118092
13 a 108 0.028277540105078658
13 b 68 0.000428194348007116
13 d 151 0.11499842848117292
13 e 24 0.004853880507170727
13 f 198 0.014410125825801812
13 h 196 0.09875671637406025
13 i 152 0.09353970009345947
13 j 72 0.017104056928926914
13 k 181 0.015471076965198227
13 l 92 0.005597457385888793
13 m 198 0.06917414624211449
13 n 145 0.0007058771061678737
13 p 184 0.008969646260172492
13 q 100 0.05389438606761854
13 r 176 0.008333764136118305
13 t 175 0.0032258219572240954
13 u 123 0.06722994542666916
13 w 96 0.05585229849291273
13 x 110 0.04830831375665301
13 y 158 0.1764981184431239
13 z 138 0.06541372629188236
14 a 108 0.009695670383685573
14 c 118 0.061626873735013965
14 d 63 0.00661124391921486
14 e 73 0.07016341423142891
14 g 179 0.0973636812208486
14 h 42 0.08392718839451363
14 i 108 0.001780337333738835
14 k 134 0.17019115434149645
14 m 148 0.02611246841023107
14 n 179 0.03388679123888039
14 o 197 0.02315245966234525
14 q 110 0.06504541199850455
14 r 123 0.12252608227973294
14 s 55 0.023664451997142844
14 t 106 0.03026329816352269
14 u 115 0.04817336112719739
14 v 136 0.005078195364232707
14 w 118 0.02212413474047048
14 x 110 0.024179656566514773
14 z 63 0.07110286455928783
15 d 190 0.07449321482617377
15 f 122 0.008519023115479585
15 g 23 0.05869714786882119
15 h 190 0.03891291067709857
15 i 119 0.008064702335822571
15 k 119 0.15862580917207736
15 l 139 0.1067590412980689
15 m 127 0.03481217040005136
15 o 9 0.09409518920354387
15 p 193 0.07919515260063337
15 r 182 0.04464523895430206
15 v 146 0.026407520026702325
15 w 128 0.09981452142466285
15 x 123 0.08623036620969637
16 b 13 0.10405590100737172
16 e 120 0.008655241302916838
16 f 25 0.01740453921049867
16 j 28 0.003057709599202707
16 m 31 0.06288126748773448
16 n 182 0.16182707136396735
16 p 153 0.007515717656298215
16 q 137 0.07235531820601315
16 r 149 0.12445038979765433
16 s 161 0.08200996798457194
16 v 192 0.0004976143579368264
16 z 64 0.33401824249167766
17 a 132 0.09459576054191154
17 c 193 0.020163528427483146
17 e 72 0.14451467508643323
17 f 50 0.05183128210706489
17 g 62 0.06394199671729894
17 k 156 0.02802947840182768
17 l 157 0.07484509583542254
17 m 43 0.10149062661777042
17 n 180 0.01998128623492057
17 o 169 0.0832739075685095
17 p 95 0.054826638692906715
17 q 89 0.048129329529538745
17 u 107 0.018357613333469636
17 x 9 0.12031756090670331
17 y 178 0.055915259883050905
17 z 78 0.0026439228362944434
18 a 69 0.077869302857964
18 e 99 0.038512614113556776
18 g 88 0.0677017902214796
18 h 120 0.08403614316610175
18 m 40 0.10918448792158109
18 p 5 0.09358817465756686
18 s 38 0.15639816555123853
18 t 198 0.00044741432507433565
18 u 37 0.01324161777107924
18 v 180 0.13896085150488025
18 w 138 0.11853990142637172
18 x 25 0.08295515346675697
19 d 146 0.21923345961262575
19 f 155 0.3815590572848291
20 a 89 0.09792888009039347
20 b 188 0.035369311779494206
20 c 106 0.2567147579541078
20 e 143 0.007173013849384957
20 h 109 0.047524408539711294
20 i 98 0.01723719911985344
20 j 8 0.009869605922070313
20 l 158 0.018884860955380778
20 n 84 0.04363198334770657
20 o 25 0.006907498406756196
20 p 36 0.08609127538130279
20 t 164 0.057019580919380974
20 u 14 0.08486691349610787
20 x 57 0.03120201381164367
20 z 146 0.1138615726697777
21 c 17 0.5483914449432951
21 m 3 0.3016388469106873
22 a 14 0.12915130750803305
22 b 16 0.09813521519875568
22 e 24 0.07698105687487311
22 f 130 0.003328356085287587
22 g 15 0.07218632165181915
22 j 92 0.03250606188082383
22 k 166 0.025557153452661407
22 l 59 0.012134455501409014
22 m 72 0.028746304144089407
22 n 124 0.04096784852867108
22 p 177 0.048098715232865574
22 r 20 0.005420645845313543
22 t 41 0.0034182517039864635
22 u 186 0.11723314766772008
22 v 56 0.11865316832610961
22 w 67 0.11652691016869643
22 z 21 0.03953035008497052
23 a 121 0.007945091419934047
23 b 55 0.005329456059614213
23 c 170 0.07230081668811406
23 d 149 0.06130286593459844
23 e 195 0.031403259181893683
23 f 70 0.11317464367690522
23 g 16 0.02069304660112581
23 h 37 0.08318141585227423
23 i 119 0.028982359673460745
23 j 101 0.08598785719381918
23 k 71 0.029111302154680163
23 l 165 0.0033787447378440527
23 m 30 0.016373443666001686
23 n 16 0.043425624252728
23 o 65 0.11452322781727209
23 p 31 0.04807803971275704
23 r 104 0.002120380047098025
23 s 171 0.05433777065485601
23 t 165 0.019033447128650738
23 u 45 0.08346857049171585
23 v 87 0.02695440961007356
23 w 34 0.013642103415783313
23 x 91 0.014986357516645232
23 y 60 0.0022771191995236695
23 z 135 0.016996539521977883
24 b 160 0.0016970051149001186
24 d 33 0.0009373505583449848
24 h 96 0.07832959687508478
24 i 18 0.02953101408697678
24 k 132 0.03060688456787697
24 l 133 0.19339445743392647
24 n 24 0.06745072254087692
24 r 169 0.06794013168669388
24 s 109 0.007281285820006533
24 t 147 0.06972817746594717
24 u 186 0.01165314672247686
24 x 141 0.14297719837111733
24 z 7 0.2709401743527524
26 b 0 0.037949331412588605
26 d 27 0.41809151781131115
26 f 194 0.07783472260032964
26 k 72 0.07260632459448935
26 n 180 0.03815638025379087
26 o 182 0.009321180999180445
26 s 99 0.11166391707962953
26 t 75 0.1398280119385873
26 v 71 0.021396053338518906
26 w 24 0.04283850876098827
27 a 90 0.027717392074047553
27 c 108 0.08780262235700764
27 d 22 0.05227264972185819
27 e 85 0.03949970678143888
27 i 177 0.018419029984078517
27 j 88 0.23426775917434106
27 k 80 0.0937283158188863
27 m 178 0.0030256334985354627
27 n 73 0.011306320639541845
27 o 139 0.12567483728090167
27 p 128 0.0020644111109706653
27 q 40 0.035755315544784394
27 r 19 0.027828951207956587
27 s 32 0.022899076427448373
27 w 102 0.09844386847278008
27 x 66 0.01182476663200105
27 y 151 0.04139067785671624
27 z 178 0.0635192352938253
28 d 110 0.05447664009787101
28 n 22 0.3489961114258291
28 z 80 0.48094747620146894
29 a 185 0.5467126211734781
29 n 29 0.06188006725948636
29 x 188 0.15462891996181982
30 a 47 0.020392609461333033
30 b 182 0.046774106281400885
30 c 151 0.048174184333292014
30 e 178 0.07878099617608514
30 g 161 0.003435032939542282
30 h 183 0.021275015005914777
30 i 103 0.014903624736930854
30 j 10 0.0005492692767958829
30 m 134 0.062447602054126805
30 n 27 0.015896550804572862
30 o 6 0.08696686927427699
30 p 196 0.04146406049033324
30 q 122 0.04837278786984989
30 r 108 0.18324392591880956
30 s 15 0.02300122402117344
30 u 193 0.058160216413482124
30 x 90 0.15551921647732814
30 y 52 0.04606506889518991
31 a 11 0.05286171975367682
31 b 115 0.041264448609473536
31 c 70 0.004170661522700736
31 d 49 0.03021005224224338
31 e 166 0.04405280838602943
31 f 196 0.033748427780424306
31 g 84 0.016614401034923953
31 h 67 0.00844526659137057
31 i 77 0.061128661483264346
31 j 90 0.05897320805202755
31 k 50 0.1333435642263875
31 m 123 0.016821648861363392
31 n 179 0.026363313228312535
31 o 38 0.020792874755876545
31 p 45 0.008347723708370558
31 q 133 0.09462256154894355
31 r 20 0.015449250754918986
31 s 111 0.052374600341506206
31 t 173 0.004097817915367674
31 u 127 0.03445647814712138
31 v 42 0.011838139803570291
31 w 27 0.06489263145068691
31 x 91 0.04538970215728699
31 y 155 0.06925837083709097
31 z 145 0.04946520064045545
32 d 87 0.029522602889415217
32 f 8 0.061882331243735544
32 g 8 0.013283734650031298
32 h 188 0.1671543924883444
32 i 144 0.01850698585223587
32 l 11 0.13639827644217417
32 p 142 0.06604778436346292
32 q 7 0.0029008148784123167
32 r 69 0.10393377431151485
32 s 43 0.3130756319863073
32 t 193 0.08348929142234807
32 w 82 0.0024419447735607447
32 x 46 0.0004987814754864317
33 a 14 0.26541596715221183
33 d 7 0.021451676677405773
33 g 104 0.009504672039706286
33 i 189 0.018724302657270764
33 l 139 0.1787443669793518
33 m 176 0.023757970967980935
33 n 189 0.11767363635705641
33 p 125 0.01785786714346249
33 t 51 0.061995510309763247
33 v 36 0.020528245186365424
33 w 128 0.12102640891771299
34 a 54 0.10292720462967375
34 b 88 0.15130614816940458
34 c 26 0.03238911788843035
34 g 56 0.09733035874028662
34 i 126 0.004252996136542397
34 j 67 0.18688292871856227
34 l 2 0.0038544425846974706
34 n 113 0.0920838465591246
34 q 63 0.05111950520721942
34 t 194 0.010275236249839614
34 x 54 0.17494482797337418
35 b 121 0.010381587741700615
35 j 33 0.14440260372549574
35 k 98 0.0010383192820027087
35 l 138 0.041372857938197005
35 n 68 0.08483872886908339
35 o 69 0.1693874886091854
35 s 90 0.26313178688106575
35 t 197 0.006751533909612251
35 w 53 0.03747968787421452
35 x 0 0.03503768316139577
36 a 78 0.10252668155672817
36 b 149 0.10008789332102874
36 c 116 0.008700432603334418
36 e 64 0.17504562956102043
36 h 149 0.07843401642302772
36 j 134 0.019215938495502072
36 m 100 0.04321633819050841
36 p 4 0.0029325205946626465
36 r 166 0.06985047076455841
36 u 76 0.05339127730193449
36 w 146 0.03751085033957702
36 y 9 0.12916998310692018
36 z 136 0.14364849289492265
37 a 17 0.23616533679379248
37 f 94 0.3560463685198789
37 j 39 0.03327999128941028
37 w 121 0.10461933667589707
38 a 144 0.056111490617832716
38 b 75 0.10926939736470431
38 d 129 0.001448763469108827
38 e 79 0.00970008349321283
38 j 109 0.016976391121666934
38 k 5 0.10762267318290786
38 m 46 0.10875824196928996
38 n 79 0.0367939860864841
38 o 41 0.07001944171645791
38 q 136 0.09841054838868157
38 s 144 0.06210734256233519
38 u 110 0.04019340213721223
38 v 24 0.009926386203529702
38 w 146 0.033683833822487186
38 y 99 0.12716780185833132
38 z 19 0.04285589737637363
39 a 156 0.042569793854873916
39 b 186 0.02397154203865548
39 c 46 0.01745556865227904
39 d 13 0.006781862394231841
39 e 178 0.014956399544135857
39 f 131 0.05798441220741801
39 g 97 0.0006738489766877631
39 h 116 0.12432716364979446
39 i 138 0.0011161360549823973
39 j 70 0.014208208326819016
39 k 193 0.008155072424041454
39 l 85 0.03300782342740349
39 m 19 0.004305018754520051
39 o 74 0.06072388071564261
39 p 25 0.03224720127719283
39 q 13 0.013594674426745001
39 r 123 0.008868644699068673
39 s 34 0.04610517101909295
39 t 74 0.01453568920094539
39 u 17 0.011520504307813484
39 v 68 0.18064916028052957
39 w 101 0.0003702279180414214
39 x 49 0.14152964020160586
39 y 38 0.005182503209655187
39 z 117 0.09246563046878298
40 b 0 0.02358271177778526
40 c 33 0.04874082944479885
40 d 124 0.07836145368555714
40 f 190 0.2117175382609512
40 h 192 0.033706487811314245
40 j 139 0.08238606084758526
40 l 118 0.12469412251761114
40 m 101 0.05763722323807985
40 r 101 0.0088665792993321
40 s 32 0.03501553890125253
40 t 100 0.02286131604933328
40 u 116 0.0764907207272012
40 v 94 0.07430666613643322
40 y 32 0.05890986630623607
41 a 144 0.007617154742972421
41 b 1 0.052967087363327
41 c 178 0.03804844772147975
41 d 56 0.06757273382210394
41 e 25 0.08747520070292636
41 f 116 0.005514366553917016
41 g 98 0.009109383898555312
41 h 163 0.02135498525353796
41 i 139 0.013246311321272963
41 j 3 0.013986778358591412
41 k 23 0.006308007402433646
41 l 142 0.07326296446799341
41 m 30 0.025314889311903954
41 n 1 0.05754638447974991
41 o 58 0.018133414123564062
41 p 127 0.0035865664922375418
41 q 53 0.014145449846139413
41 r 102 0.006634615814111178
41 s 132 0.05044563608775354
41 t 187 0.01835994516288464
41 u 33 0.08438740982554771
41 v 178 0.022295813705585088
41 w 131 0.051912711028159864
41 x 103 0.012063876204136514
41 y 122 0.044806277374677905
41 z 161 0.06891660304339187
42 a 79 0.1436314924825094
42 b 8 0.2199955183922141
42 d 127 0.006237990689651252
42 e 118 0.03060251856345686
42 g 173 0.04300537850501851
42 h 184 0.042769605059395754
42 j 118 0.06018620669913033
42 k 182 0.01670565807688451
42 l 83 0.03458132627739963
42 n 105 0.03808445058433563
42 o 58 0.0280481440892012
42 p 154 0.02863046772263289
42 q 142 0.030510278636465493
42 r 109 0.006704356208508178
42 t 45 0.009616324863382597
42 u 39 0.10278375493024561
42 v 155 0.019947945288411706
42 w 43 0.008308264904520746
42 x 73 0.021578677402347757
42 y 166 0.001171181984483738
42 z 103 0.031148333012735452
43 b 163 0.10771517173257472
43 c 25 0.03675178680927493
43 e 28 0.09735606779097328
43 g 172 0.06802710017402724
43 h 182 0.0010081841510111156
43 i 88 0.03206667155967935
43 j 154 0.0343559289938683
43 k 1 0.0457336465339514
43 l 69 0.014886405908235867
43 m 93 0.11963360667998646
43 n 186 0.02227385904668855
43 o 106 0.007382235328866171
43 s 104 0.21823679735115087
43 t 92 0.07519446052423961
43 v 41 0.023913000235784243
43 x 33 0.004007206073406322
44 a 111 0.005384875246534193
44 c 65 0.09465746598374436
44 d 173 0.055242665922653034
44 e 168 0.05357917746932228
44 f 152 0.03822617425158614
44 h 175 0.009632741972410597
44 i 34 0.04627617609190837
44 j 28 0.1572930615125655
44 k 174 0.068096207617792
44 l 148 0.030620938965404854
44 m 28 0.07839942401595379
44 n 196 0.014846279366147352
44 o 117 0.10186947499532262
44 p 153 0.007612961114763395
44 q 178 0.03540371783175156
44 t 194 0.04021816425684521
44 u 161 0.0029061116724774516
44 v 9 0.0408140226940632
44 w 164 0.01573093316156504
44 z 84 0.09335487089027295
45 a 120 0.016121006207145183
45 b 39 0.026086823047302476
45 c 195 0.010242400286210596
45 d 162 0.05183084337576793
45 e 15 0.014460996936386694
45 f 133 0.15869581389328924
45 g 70 0.0426829090284806
45 h 180 0.02213833735018278
45 i 86 0.009289251516360952
45 j 57 0.0007278185144726779
45 k 71 0.06064896102255812
45 l 49 0.017265938514663293
45 m 73 0.07911104358231857
45 o 108 0.017367655297567564
45 p 25 0.007920879841468165
45 q 117 0.038040841599757846
45 r 150 0.05070697443047134
45 s 32 0.04416130041165911
45 t 30 0.02940177213456807
45 v 132 0.014960540316104165
45 w 133 0.0016868614876365262
45 x 93 0.011292891664667959
45 y 182 0.04574534422196974
45 z 184 0.03967104702915114
46 g 177 0.19655068476281512
46 k 141 0.05892635137975011
46 m 31 0.001259105272576222
46 r 8 0.29196596297512456
46 s 88 0.01395395017822898
46 v 128 0.2509562934476163
46 x 184 0.04532081701985757
46 z 29 0.057888398490859694
47 b 134 0.03413064808286381
47 e 91 0.11692978109311158
47 f 108 0.1317428591494153
47 g 55 0.03757010097747293
47 i 136 0.1467804771863075
47 l 14 0.10697836999990495
47 o 137 0.004677178199210985
47 p 69 0.06227722939570324
47 t 11 0.18382920843114736
47 x 13 0.17274441864529988
48 j 37 0.2363484063380774
48 k 87 0.04370655913581578
48 l 33 0.1213474949309733
48 x 142 0.5389005822209135
49 e 46 0.0541936144863322
49 f 131 0.11622836025658134
49 g 118 0.036174267742283384
49 n 112 0.018117487905327745
49 o 168 0.10247149203937844
49 p 107 0.005986717190310631
49 r 67 0.10003744921071245
49 s 71 0.1294955522458895
49 v 28 0.035042580725812456
49 w 59 0.05968029900014926
49 x 12 0.1375229612404748
49 y 50 0.03124717439713154
50 a 141 0.03531846839226138
50 d 38 0.07996381659245322
50 f 182 0.007402380672633768
50 h 16 0.008978669238429493
50 k 27 0.10971462103887142
50 p 142 0.16161092621253936
50 u 43 0.12378760306166314
50 v 117 0.3656624839542878
50 w 149 0.019867996591667048
50 x 15 0.001201382194426337
50 y 170 0.08167993776855964
50 z 178 0.0004402491142370124
51 c 190 0.012069243979973443
51 d 185 0.07875521319649681
51 e 68 0.2763031907495179
51 n 66 0.08964384017385585
51 o 98 0.12543039355468022
51 q 76 0.1816809492549234
51 u 88 0.19034929246287213
51 w 21 0.038306770420720504
52 d 135 0.03515795047629
52 e 36 0.004923602017830486
52 f 175 0.019059556287335355
52 g 182 0.037808341642018406
52 h 159 0.08312434813920944
52 i 3 0.07918839412483736
52 j 60 0.014124742533397017
52 l 27 0.14327739562878217
52 m 108 0.0378843137730317
52 o 50 0.08991164987414202
52 p 24 0.025480342316637317
52 q 153 0.026157501848246834
52 r 138 0.0816604568586593
52 v 3 0.16511659939442824
52 w 107 0.014496605611691749
52 x 39 0.042472329808498244
52 y 184 0.022501774659667295
52 z 145 0.013283484600240869
53 a 51 0.032755895423578596
53 b 34 0.01688480588582164
53 c 34 0.030165084740426562
53 d 148 1.4750193006229928e-05
53 e 147 0.007676099643916023
53 f 34 0.10952076002705347
53 g 124 0.01963948168091978
53 h 8 0.03981293897750815
53 i 43 0.003261463612335813
53 j 180 0.03808808715285317
53 k 8 0.06959629554148505
53 l 2 0.00029364251586860846
53 m 116 0.022982632911180856
53 n 146 0.002829034864071156
53 o 12 0.060465989988636504
53 p 40 0.013056600643628125
53 q 155 0.11450175961317066
53 r 78 0.030695779589760885
53 s 186 0.10804519937111468
53 t 102 0.005640741312128661
53 u 19 0.014862322915075388
53 v 113 0.1299454115671067
53 w 56 0.020387461934102014
53 x 86 0.015108550208831839
53 y 49 0.04389390754968736
53 z 49 0.03150817557248009
54 a 73 0.029107889213756843
54 b 96 0.15755551742478424
54 d 28 0.01044860131947889
54 g 142 0.003655688240126742
54 j 166 0.05235270696761496
54 k 103 0.009150252739082765
54 m 139 0.05889028781600625
54 o 134 0.060978829864400175
54 p 114 0.2155534102469452
54 r 43 0.012138319676301412
54 s 5 0.11099634891773125
54 t 80 0.21143031142907687
54 w 111 0.01326666427881762
54 x 88 0.01584850394854187
54 y 1 0.007956092849203955
55 a 87 0.10859904205727555
55 c 61 0.3530431517949866
55 d 53 0.03793967234423423
55 g 74 0.002513900601337715
55 i 182 0.20471781577387682
55 k 58 0.12251202536670391
55 r 131 0.01195072480500925
55 x 101 0.004923868014296007
55 z 147 0.08950473401388404
56 c 87 0.0049623752366808604
56 d 135 0.06333032760235713
56 g 119 0.020507533609725792
56 i 67 0.11111813916840518
56 j 10 0.11281011648499428
56 k 148 0.026678237118041515
56 m 66 0.04315324226686468
56 n 30 0.15515701360241962
56 o 87 0.04004659277332823
56 r 158 0.029870364166133645
56 s 171 0.04282613035616012
56 t 111 0.015043993379759035
56 v 170 0.053955327182199087
56 w 185 0.08801380940579873
56 x 162 0.008593814850536341
56 z 192 0.09295299723417738
57 b 123 0.08287833223528052
57 c 120 0.010597545795646646
57 e 180 0.15652890025207145
57 f 188 0.005804704468194366
57 g 179 0.03785612131316907
57 q 127 0.10245386902108145
57 r 154 0.1586958773254783
57 t 39 0.1361387568449397
57 u 75 0.16965241670255204
57 w 136 0.021748678057393667
57 y 63 0.034328506469817444
58 a 112 0.13728092563217065
58 c 170 0.09449417178474817
58 j 54 0.05782089042023275
58 u 98 0.3633405639792645
59 f 91 0.30697325989634583
59 g 40 0.04423819533445916
59 i 94 0.08388572531320593
59 m 197 0.08465020793117761
59 n 144 0.06779210859205587
59 r 97 0.1554465944617598
59 w 51 0.08164414636925543
60 c 161 0.07253826850664258
60 d 53 0.10497050493230908
60 f 186 0.04581789006636672
60 h 116 0.08445469584148013
60 i 97 0.20640884492883793
60 j 149 0.034957887460095205
60 k 14 0.0015059327204555162
60 n 191 0.051216574736710596
60 o 181 0.015378753174310589
60 s 117 0.09943738359659515
60 t 118 0.0097082434653335
60 u 36 0.005668073566585385
60 v 121 0.05707515863280699
60 x 161 0.05750296419401579
60 z 74 0.050319199599610176
61 a 119 0.03502170029104534
61 e 76 0.03686054419329421
61 f 118 0.05864552099654985
61 h 187 0.11395310023963168
61 i 34 0.03673507649408636
61 j 155 0.08741973178325502
61 k 136 0.031036946159839762
61 n 120 0.21188184178784408
61 p 2 0.006563824492110015
61 q 88 0.04244418633461766
61 r 5 0.0498363157499786
61 t 169 0.07587265659976294
61 u 167 0.06598314913819447
61 w 79 0.008232822695454
61 x 173 0.08732234998373056
62 b 129 0.06445660491734051
62 i 173 0.22329569250612413
62 j 51 0.0267685859208735
62 k 39 0.047728648987103495
62 l 89 0.009274025672769248
62 n 151 0.036930104005859055
62 p 67 0.028787725356822613
62 q 192 0.055702371110890714
62 r 152 0.010685902055479368
62 t 69 0.018205615987824553
62 u 27 0.0833672560434987
62 v 101 0.06732013259719771
62 w 186 0.008060434791729021
62 y 87 0.17542561674049584
64 a 51 0.14935015620571745
64 b 4 0.11994472376217391
64 c 115 0.06948258313502165
64 e 0 0.05866239192719791
64 f 114 0.0794371865027147
64 g 59 0.011016220523985765
64 h 197 0.03715257262368765
64 i 137 0.09011862131515203
64 l 143 0.030367794530944292
64 m 100 0.018614222472652986
64 p 22 0.016445001845186602
64 q 126 0.001781418994286299
64 s 39 0.004506557408584189
64 w 47 0.08388455298496023
64 x 59 0.02743036244050434
64 z 82 0.04805277366521821
65 e 52 0.05812007597828295
65 n 7 0.1979912686266747
65 q 177 0.18668266447200388
65 t 93 0.4725265577298303
66 q 77 0.3089553688290392
67 a 54 0.2350339402228876
67 c 98 0.0031554969896155916
67 i 116 0.20513949799428732
67 r 156 0.22111672158723295
67 v 57 0.18652937660094526
67 y 191 0.07694714322509599
68 a 178 0.11627937732026528
68 b 134 0.08330688381969076
68 c 190 0.0019507451808434828
68 d 47 0.02660853758764936
68 e 54 0.020380554443125032
68 g 123 0.032658116717485086
68 h 40 0.16267864065363302
68 i 35 0.0704554826302628
68 j 144 0.0473633314317744
68 k 48 0.030803143032286817
68 l 2 0.012073929503154779
68 m 16 0.00843839708976113
68 o 101 0.0017198340272098767
68 q 31 0.0932101126965561
68 r 11 0.010557894157953274
68 s 150 0.08086342861132056
68 t 92 0.022712716774979436
68 u 57 0.020386818213759428
68 v 105 0.020713533974511145
68 w 136 0.03934792875761195
68 x 16 0.056269801078947856
68 y 98 0.019440153540599914
68 z 23 0.018038760358951356
69 b 71 0.234577785160908
69 d 154 0.10783167401397142
69 g 111 0.1381056559783045
69 k 25 0.09397118070228194
69 l 178 0.27625367225560915
69 o 39 0.018538192143717436
69 p 72 0.06452299993642585
69 s 93 0.03187072416442405
69 t 28 0.01166032441648579
70 f 23 0.07941605425352971
70 g 195 0.43106769538119927
70 h 184 0.11971180865464737
70 o 65 0.10562868844145246
70 p 63 0.03172394139536505
70 u 42 0.012201614673507444
70 v 85 0.18148627056891542
71 a 83 0.045414378138604605
71 i 150 0.0726153448536413
71 j 173 0.09305727710971823
71 k 92 0.0724672478188727
71 l 101 0.2630209034891815
71 m 174 0.04301454356394041
71 p 197 0.03354074554394504
71 q 100 0.017316584260219203
71 r 9 0.05389976204103719
71 v 0 0.16672143499174918
71 w 47 0.10858625812590594
71 x 126 0.01633012348657159
71 y 148 0.001437235435071016
72 a 51 0.32655820350098275
72 b 107 0.03365096493332098
72 d 65 0.01372020275242647
72 e 32 0.008332182040104441
72 f 8 0.2687010733353312
72 m 4 0.0693641703507466
72 o 35 0.09422206367892061
72 r 106 0.06492080902031805
72 s 100 0.0014565611821282243
72 t 39 0.07433210022329684
72 v 36 0.024085562551747652
73 a 136 0.1813370501135252
73 c 142 0.08149237827670563
73 d 1 0.003819251549552871
73 f 40 0.031114368109432577
73 l 183 0.29839393402634873
73 m 108 0.010659093116486495
73 n 27 0.026767230442083734
73 o 59 0.004020222592948208
73 r 10 0.07615778172506604
73 s 189 0.006959798358230795
73 t 169 0.02920940247525672
73 x 144 0.0855905818397068
73 z 95 0.0027447529469233345
74 c 198 0.030130985037353564
74 e 86 0.007846455644479389
74 f 168 0.061779517325174615
74 g 98 0.2814228179223821
74 i 34 0.07044659755250815
74 j 136 0.16626213874541784
74 m 22 0.07997945914452143
74 p 137 0.09557019719717696
74 q 79 0.0008366921481580691
74 s 38 0.06593627986604156
74 u 47 0.04631295856551276
75 c 130 0.008444995722904247
75 g 96 0.1652077701708905
75 h 30 0.04078271989719351
75 i 7 0.03994903410981854
75 k 4 0.11685549980217125
75 l 93 0.11208990242821859
75 o 108 0.03834947449367532
75 p 84 0.012329640286861121
75 s 46 0.2052507063712028
75 t 0 0.039705577711134143
75 u 133 0.11742566660449871
75 w 30 0.03170964990553915
75 x 58 0.005349813515059254
75 y 117 0.050618549733260076
76 b 3 0.04226497823227149
76 k 14 0.7874514276591907
77 a 104 0.004029124803158313
77 b 73 0.028621251476816156
77 c 104 0.08043880511783796
77 d 1 0.06677019676967044
77 e 68 0.0010489077130441116
77 f 150 0.07285899582647537
77 g 154 0.02403155412216973
77 h 179 0.0020373486631140025
77 i 26 0.06303042663419633
77 j 97 0.0654091387418152
77 k 58 0.0832131675629062
77 l 158 0.023819567683983855
77 m 166 0.04422836856311552
77 n 151 0.018058552144170514
77 o 155 0.033891711940286395
77 p 181 0.005453446762048619
77 q 50 0.059475826640199236
77 r 8 0.03905421970094203
77 t 148 0.08949642757186194
77 v 101 0.001382607015264048
77 w 11 0.05259490044487547
77 x 56 0.09178049551896772
77 y 119 0.03274865599863663
78 a 93 0.09279247898129606
78 b 39 0.3498529626209419
78 c 11 0.12573376326466634
78 d 111 0.04180120093556261
78 g 175 0.06368466398321282
78 i 130 0.016804488436745313
78 j 63 0.08719993077032251
78 m 85 0.016639821585420878
78 n 50 0.11604304418408473
78 o 189 0.0510286766626844
78 s 140 0.013284385126354104
78 w 16 0.005898679565031983
78 x 90 0.007377270582438977
79 b 75 0.0020270688788069924
79 c 117 0.03487825520813059
79 d 0 0.07850209898746296
79 e 35 0.0011638888234523082
79 f 146 0.018192128892414505
79 g 113 0.0052821472107311696
79 h 196 0.042333821587268505
79 i 133 0.05940992338693474
79 j 68 0.04580181675031536
79 k 70 0.011562569043747084
79 l 34 0.0635424628494421
79 m 49 0.18015138158985855
79 n 22 0.036724731926704446
79 o 119 0.0310026443911664
79 p 132 0.0034704441708758305
79 q 191 0.014777580528278156
79 r 9 0.012257254604655432
79 s 75 0.049652132380681
79 t 81 0.0005407381651614251
79 u 115 0.08803292366104709
79 v 115 0.045801779362025896
79 w 10 0.06978351549494788
79 x 150 0.06753601655604513
79 y 74 0.015961604749167968
79 z 63 0.008908786842436567
80 a 185 0.06059454119288743
80 b 120 0.004010059548183231
80 c 0 0.10355138126706143
80 d 154 0.003147137718303439
80 e 168 0.05637823573627221
80 f 166 0.024500261427354286
80 g 188 0.07164819807114742
80 h 147 0.02570374198957026
80 i 42 0.04025431576262939
80 j 139 0.029216108454379164
80 k 43 0.030537876691206334
80 l 147 0.008793875877850854
80 m 48 0.0009721731139892276
80 n 21 0.016761033256351587
80 o 163 0.004818274972798187
80 p 135 0.025607487806923457
80 q 140 0.0766681010529936
80 r 132 0.043090670959506694
80 s 162 0.022843133874500654
80 t 181 0.0626931968930261
80 u 155 0.008726484827883518
80 v 140 0.017537693679371857
80 w 192 0.06003195332426958
80 x 0 0.009380497500027674
80 y 172 0.007162983252926303
80 z 30 0.12566808513043937
81 c 149 0.005922563270717274
81 d 106 0.01406839001793736
81 f 159 0.05625763813554607
81 g 110 0.012184737753427544
81 i 152 0.3601324682762078
81 k 116 0.10255208809890093
81 l 89 0.029431549405638968
81 m 26 0.1647981580489265
81 o 17 0.024766806186991897
81 u 122 0.025546543886934447
81 v 9 0.12485225541059897
82 a 50 0.08070257384344137
82 b 97 0.006705718889764789
82 d 52 0.12298807923216715
82 f 95 0.003102223069171073
82 g 158 0.013940376183464998
82 h 159 0.029166971811826925
82 k 135 0.04214109061814553
82 m 39 0.14233752660311105
82 n 134 0.0013711508174171216
82 p 110 0.012722981501258168
82 q 8 0.24296309895025103
82 r 178 0.013987228598566936
82 s 102 0.007447373118911416
82 t 71 0.07530944385586391
82 w 100 0.06858746152942718
82 x 19 0.011432168685974298
82 y 186 0.06600662189076634
82 z 114 0.03396724575405585
84 s 79 0.7196903509904001
85 d 129 0.05066165938822487
85 e 96 0.01879679015323643
85 g 1 0.26907001251927765
85 h 127 0.07070687674729992
85 i 179 0.26901306829682037
85 j 129 0.022421896733962554
85 n 51 0.013915039088684633
85 p 177 0.07343856861708287
85 u 12 0.09422698720764178
85 x 17 0.0869403069885738
85 y 46 0.01020810721153742
86 a 62 0.003674843581566778
86 c 179 0.023718276568295615
86 d 58 0.011880785680156936
86 e 47 0.024151056152751038
86 f 125 0.007451822126801844
86 g 8 0.01477737846114524
86 h 48 0.17029897624983137
86 i 98 0.0003655279264166422
86 j 76 0.19594358451259408
86 k 154 0.017552624359712943
86 m 70 0.022819580250213245
86 n 0 0.039774577378723475
86 p 59 0.16626498153872105
86 q 129 0.009819416003120973
86 r 114 0.04856199268311334
86 s 169 0.01010200941066075
86 t 83 0.010242632490359505
86 u 40 0.034808851505238936
86 v 39 0.008029579303619139
86 w 54 0.06329401288641956
86 x 135 0.04632075558512416
86 z 84 0.030610721804469665
87 b 179 0.0041757909925538295
87 d 194 0.07440437832873903
87 e 173 0.22416232354565924
87 f 110 0.010843459640321962
87 g 46 0.007366062440542276
87 h 40 0.035079439514464794
87 j 71 0.15824994510770185
87 k 10 0.06175345479893668
87 l 70 0.25507013671581813
87 n 182 0.0007478274465920753
87 q 89 0.03531172966643259
87 s 111 0.010411329996255048
87 u 4 0.03060156436714112
87 w 162 0.020548507611845346
87 x 142 0.01338581475265499
88 a 47 0.3816725562122719
88 d 22 0.04251438279764386
88 f 50 0.251412549312675
88 j 178 0.0027852961349236205
88 w 92 0.07777583030271107
89 a 71 0.01800150497534836
89 b 54 0.005288421426720036
89 c 147 0.04910557165756613
89 d 94 0.016397679410722232
89 e 173 0.08482437110239127
89 f 82 0.030435805154563345
89 g 20 0.0376513932381598
89 h 25 0.016584328421086814
89 i 61 0.01863118485655757
89 j 114 0.02936374692807875
89 k 174 0.002404771268103789
89 l 60 0.056698756006918094
89 m 54 0.03911975280533142
89 n 24 0.10460294856637598
89 o 15 0.023962991767496278
89 p 4 0.023843776673890038
89 s 124 0.01916717959928349
89 t 0 0.05786875818325332
89 u 99 0.041759416449929976
89 v 137 0.14823561903177063
89 w 72 0.0027048054719176484
89 x 145 0.05757897683947921
89 y 110 0.052750475256422624
89 z 115 0.03418698445340618
90 g 98 0.37294759982422343
90 h 59 0.015811251787028247
90 k 152 0.0017097569845745397
90 m 117 0.07101553059017673
90 o 36 0.014843612353193647
90 p 43 0.024099610958101758
90 s 138 0.28490285481380884
90 x 159 0.1263019138826792
91 n 29 0.950393745149689
92 a 116 0.03577157551181687
92 f 38 0.023880195296652862
92 g 21 0.2898739297130688
92 h 47 0.07218648309344067
92 i 94 0.16902389300164655
92 j 172 0.014510381845928344
92 k 30 0.04974931647988279
92 n 63 0.04531223806959839
92 o 50 0.0036844761501306778
92 u 196 0.031332609590101534
92 x 141 0.09414587360864857
92 y 19 0.1623902765090196
93 b 130 0.0682887810292615
93 c 60 0.007985729817012288
93 e 30 0.22573559809173227
93 g 102 0.1785339803620879
93 j 88 0.07469916678806277
93 l 122 0.008331304698234399
93 n 190 0.03262007464535954
93 p 111 0.05059516673041542
93 t 186 0.24695692098616007
93 v 190 0.02498553582263774
93 w 22 0.06143304858074283
95 a 195 0.013197143528748678
95 b 37 0.05612349154288154
95 c 125 0.07487285084165596
95 d 34 0.07383275441852177
95 e 105 0.007502515806599774
95 f 184 0.08517046355555546
95 i 67 0.040497778980603694
95 j 19 0.06909935828579505
95 l 170 0.004020097431891356
95 m 58 0.05803462975833262
95 p 111 0.05981232482140719
95 q 146 0.009200226129974065
95 r 160 0.08072423554461594
95 s 73 0.0017280390737883788
95 t 42 0.03045812347731891
95 u 145 0.03492430287904702
95 v 102 0.07572596707403478
95 x 90 0.0610471997326395
95 y 171 0.03389236172345589
95 z 64 0.024193941271625774
96 o 108 0.02621174352077904
96 q 32 0.1049565805129059
96 r 53 0.03264371191867621
96 s 165 0.35782904891794276
96 x 193 0.17687235932569323
96 z 85 0.10703192972397513
97 b 13 0.34187173348893196
97 c 122 0.0961551304078544
97 d 153 0.06271735215942054
97 g 92 0.14720674437456083
97 h 187 0.11021484908616763
97 n 62 0.025108171419745418
97 r 51 0.156412436457109
97 v 193 0.03853854987975147
98 b 96 0.029234763514269124
98 c 119 0.06520206024701025
98 e 44 0.07424714454707937
98 g 45 0.0017812846105355051
98 i 133 0.04195514455985139
98 j 126 0.013293414485722743
98 k 105 0.08219449942596324
98 l 16 0.10096319268844378
98 m 43 0.04632110750116991
98 o 17 0.06553348476496534
98 p 156 0.03433851063966176
98 q 47 0.026699280385212187
98 r 148 0.002290208318794673
98 t 106 0.03490841453569504
98 u 138 0.19811323561917782
98 v 55 0.006145947003314944
98 w 5 0.08386721901547256
98 x 39 0.029926733471446143
98 z 52 0.01769047554341785
99 d 173 0.27874274625359596
99 h 25 0.0592507917964612
99 n 194 0.06233001329509713
99 t 46 0.3464086988392264
99 w 119 0.22978611187951048
100 a 75 0.0024125752348166385
100 b 134 0.24151264256063143
100 d 96 0.05049393769853139
100 f 48 0.02236118527069819
100 g 159 0.055112201303423536
100 h 197 0.018385248519415143
100 i 55 0.034767409800287696
100 j 71 0.017135425939144744
100 k 148 0.015897607708930228
100 l 38 0.027494286817473235
100 m 99 0.07132240647183141
100 n 99 0.009842612754932922
100 p 145 0.05637767866802512
100 q 181 0.018572245574545843
100 r 180 0.059616812333286306
100 s 16 0.028407383067879488
100 u 147 0.06462751352706975
100 v 80 0.06288470650737366
100 w 16 0.003651964379721373
100 x 32 0.10142392470839512
100 z 185 0.025159163019876085
101 f 22 0.0010960251380492947
101 g 8 0.04375516528911949
101 h 148 0.03665621263860075
101 i 64 0.130204714759259
101 j 107 0.09158961285204281
101 k 107 0.06771702007536484
101 m 189 0.03237509415980677
101 o 28 0.017365237509186615
101 p 65 0.033988751417731056
101 t 118 0.18875768017355266
101 u 39 0.21756551660907242
101 y 96 0.09268272134827737
102 a 123 0.014725900645324641
102 c 78 0.042956046443067386
102 d 46 0.1276567035763475
102 f 64 0.09676738584023625
102 h 111 0.11705138262774728
102 i 165 0.03132167285144616
102 k 55 0.04199358557430277
102 l 182 0.004447360317247351
102 n 120 0.027600558527096863
102 p 36 0.02381152149792709
102 r 141 0.03419175233550531
102 s 150 0.02252019587653098
102 t 102 0.02335486225939487
102 v 97 0.09150992228945898
102 w 52 0.2484255976130858
102 x 15 0.010487029428139172
102 y 134 5.0738835230434987e-05
103 b 110 0.0011018456225720952
103 c 36 0.011725539171432486
103 f 126 0.39141956169181813
103 o 130 0.060750041352445217
103 q 76 0.25711027725508573
103 x 85 0.14583507195180667
103 y 77 0.08209183783140994
104 a 115 0.008019938109079083
104 c 122 0.021700262960882566
104 d 160 0.011968303935149915
104 e 120 0.02143955595025615
104 f 113 0.03695331659671841
104 g 177 0.04978494826923052
104 h 121 0.00045933030120315355
104 i 135 0.06480048453094445
104 j 103 0.06846221069186176
104 k 14 0.005136204555354129
104 l 132 0.031515977225463176
104 m 65 0.13822578841164523
104 n 52 0.042202331582700925
104 o 10 0.02846887260844788
104 p 103 0.022292353848797353
104 q 49 0.028922395912378995
104 r 75 0.12375530781119326
104 s 116 0.0003022440856934594
104 u 171 0.005872341033600903
104 v 78 0.16664073693857728
104 w 66 0.03945315393244586
104 x 133 0.017227065288123677
104 z 184 0.013119543656759824
105 d 47 0.0061044662735521005
105 f 187 0.743655942307512
105 m 158 0.07520130991846607
105 p 26 0.06908708405349007
105 u 37 0.042709273262481084
106 a 136 0.030858112635411272
106 b 46 0.005177498145530479
106 c 55 0.1315850555885434
106 d 108 0.03704676264340123
106 f 123 0.013182442298845354
106 g 72 0.015986592148647838
106 h 6 0.02231495120850191
106 i 79 0.05371097652982304
106 j 80 0.01764551520555413
106 l 107 0.07544106330919753
106 m 87 0.05485526004616026
106 n 35 0.04521085983272233
106 o 186 0.0015544932518781751
106 r 162 0.032663033689128484
106 s 109 0.04092872412381188
106 u 167 0.08415850527918312
106 v 22 0.04255286048736595
106 x 113 0.04163224184239345
106 y 6 0.0382682514670557
106 z 149 0.027805301129917415
107 a 138 0.28542969934148577
107 h 2 0.305508527335814
107 t 41 0.07229769197086211
107 w 7 0.10302008169345789
107 x 21 0.21881421526342948
108 a 102 0.008562379131123676
108 b 175 0.06841615707122528
108 c 41 0.020914102324857797
108 e 84 0.04755440499232888
108 f 180 0.08337254024995866
108 g 87 0.07366352312649727
108 i 15 0.04490113926410888
108 j 89 0.08816802186172479
108 k 122 0.032069479803086165
108 l 30 0.030183854580173475
108 m 165 0.024575346602263126
108 o 73 0.01960928238395565
108 p 56 0.010105929004675884
108 q 84 0.050899617324767
108 r 87 0.0040587802246233595
108 s 96 0.0026732433585276993
108 t 82 0.03699577147848465
108 u 192 0.08145752801661299
108 w 188 0.14986688642899715
108 y 48 0.03432153267142124
108 z 149 0.018301810958718745
109 a 24 0.04472866352641003
109 d 110 0.009819639676775016
109 i 29 0.08455948843510819
109 j 125 0.04042155402759906
109 k 127 0.012319994213819907
109 l 118 0.10393133320447956
109 m 54 0.19080442805703046
109 n 36 0.135016959871763
109 q 14 0.08407982816133919
109 t 172 0.005399336349069639
109 w 171 0.09176861408629022
109 z 144 0.012859094441297847
110 i 176 0.1207204227272729
110 l 156 0.05288524077978096
110 t 70 0.2076673966267112
110 v 61 0.0021288582671049605
110 y 143 0.4983403225168843
111 e 62 0.01759712898424126
111 i 135 0.040440224033297056
111 k 133 0.3271406744676464
111 m 35 0.06378383084088901
111 p 3 0.1013835093035994
111 s 186 0.1573500139706654
111 v 38 0.12911686435853476
111 w 109 0.16263690169505818
112 a 28 0.03431330747542338
112 b 128 0.1374559667559495
112 d 58 0.024368211620981906
112 e 92 0.015977920864618467
112 f 109 0.0524184746505012
112 g 183 0.015954236452739523
112 i 186 0.08697873501761755
112 j 158 0.14351074504195216
112 k 103 0.06140977471651354
112 l 79 0.03499719601807394
112 m 52 0.026499200063466066
112 n 196 0.0034302721815911985
112 o 174 0.019872046607190774
112 p 197 0.21589656211376207
112 q 96 0.023592685100756516
112 s 73 0.0022324139745985017
112 t 155 0.05307541337981192
112 u 91 0.0025528509893707474
112 v 75 0.008069321509271088
112 x 32 0.022270849858267994
113 f 22 0.12026708978756684
113 g 170 0.16227502546208905
113 h 61 0.1740795043423512
113 n 23 0.09112364363811476
113 p 124 0.13004299658607776
113 q 163 0.04743201051459567
113 t 20 0.2501492303316387
114 a 187 0.08199405228307688
114 c 27 0.0356590684051481
114 e 46 0.005857743589136266
114 f 105 0.023532319627845633
114 h 32 0.06309994690362641
114 i 147 0.05305934295449555
114 l 22 0.09721445068674117
114 m 191 0.0085657480211625
114 n 86 0.019315002366310452
114 q 70 0.011020698102012338
114 r 160 0.019357895323573793
114 s 194 0.05766803251152175
114 t 147 0.029696895860512385
114 u 39 0.37355617531622054
114 v 87 0.016188762617769248
114 w 47 0.03120383533319171
114 x 111 0.013443150976602203
114 z 3 0.04262515462865968
115 d 165 0.2206730351333963
115 f 180 0.025242148819010435
115 h 23 0.10112823571285567
115 l 156 0.048511156975631464
115 m 85 0.015464882495758059
115 o 61 0.03665765528344023
115 r 23 0.11217726743696
115 s 186 0.04948545603533927
115 u 23 0.13010712201305819
115 w 95 0.07592551030363592
116 b 158 0.023594693633840702
116 h 20 0.30244255846754964
116 n 165 0.15562760925345875
117 a 114 0.4568746806483489
117 d 136 0.02186393529250419
117 h 175 0.0014317446650695675
117 i 181 0.106144606231515
117 j 78 0.07414650994221339
117 k 83 0.084117843658148
117 l 95 0.021551559222468097
117 q 169 0.04709307051885947
117 z 168 0.15170859407008652
118 e 148 0.9747558229648818
119 c 32 0.06992502262547395
119 h 82 0.007660373384274277
119 j 58 0.11832160374299105
119 p 183 0.0352590041872658
119 q 145 0.03175277606864024
119 r 153 0.42235601606481765
119 w 196 0.041797114583540296
120 g 59 0.020621284342151158
120 i 32 0.15888883779139062
120 j 23 0.17760768564251694
120 m 120 0.08004944063748731
120 q 6 0.07940394615922053
120 r 96 0.009657742607489528
120 u 73 0.11371456817705583
120 v 178 0.20340357836409884
120 w 10 0.11482546408033634
121 a 163 0.17063282934824797
121 b 198 0.04282245682147867
121 c 7 0.01960783728962401
121 d 45 0.04571587601177285
121 e 133 0.004377968679266542
121 f 169 0.0603669385100003
121 g 92 0.0014998476090707369
121 j 44 0.1513133144605887
121 k 184 0.002116514839825556
121 l 122 0.10630280969543282
121 m 198 0.0024992463110452556
121 n 67 0.074426493891256
121 o 155 0.037977681243862804
121 p 73 0.06151907110341881
121 q 139 0.00822447677528726
121 r 174 0.02067436810491108
121 s 90 0.0423378485080691
121 t 50 0.007283145885016551
121 u 93 0.006303169871804126
121 v 112 0.044559905617750584
121 w 101 0.004791615442154562
121 x 45 0.013779675533726832
121 y 100 0.008688883032758499
121 z 65 0.044914646251829726
122 a 126 0.10268145673897833
122 c 177 0.0417228014094877
122 d 2 0.09242163550595839
122 f 131 0.006616260437768529
122 i 175 0.015409545636166921
122 j 101 0.17960852390260973
122 k 100 0.10620402747206714
122 m 91 0.12619256893598918
122 p 139 0.003119939817072148
122 q 144 0.03200180249911222
122 t 121 0.014601779067606513
122 v 69 0.155806239629937
122 x 144 0.0331917618650458
122 z 14 0.08259013553718764
123 c 9 0.12548372253963747
123 d 1 0.13184623492384417
123 e 79 0.13201517735246893
123 f 24 0.02886693884919056
123 h 10 0.09849536677872961
123 i 144 0.0843112563331535
123 j 34 0.014489887140526014
123 k 117 0.04943081600647892
123 l 121 0.007301050118466046
123 m 170 0.008721065721224441
123 n 176 0.008464724088789621
123 o 123 0.017115200882931836
123 p 169 0.03622798564524332
123 q 20 0.001942154417926445
123 r 5 0.006654536708466163
123 t 3 0.001889888598581524
123 u 146 0.038491363650692945
123 v 127 0.0037037581720266166
123 w 94 0.032256465695767456
123 x 93 0.03432440746602772
123 y 29 0.034368736923425236
123 z 98 0.08897494407197193
124 d 177 0.03617354442244958
124 l 136 0.5782760624169794
124 p 73 0.25494685681576523
124 s 182 0.08662985266310019
125 a 3 0.004054560272614749
125 b 59 0.182104153268709
125 d 36 0.023949950457751723
125 e 178 0.004415042170609174
125 h 9 0.0672621468215765
125 j 22 0.042415354114418546
125 k 105 0.043075341236835096
125 m 106 0.020890938943732174
125 n 172 0.017177633655854008
125 p 93 0.02349298920989673
125 q 85 0.09618167748858109
125 s 154 0.1484551916630521
125 t 154 0.08304078543318882
125 v 46 0.06729660463170495
125 w 21 0.06969128229749821
125 x 83 0.03200583815840863
125 y 163 0.010539045765130761
125 z 135 0.04538635434046656
126 a 72 0.06508018033415652
126 b 81 0.008817191712022221
126 c 152 0.039291707629197536
126 d 180 0.03385719463617831
126 e 175 0.010459760358976333
126 g 111 0.09228531986313138
126 h 146 0.002106009959778943
126 i 84 0.004412863025309854
126 j 43 0.04545335667109307
126 k 103 0.042589453979266056
126 l 58 0.1127618402794629
126 m 96 0.04910193175555044
126 n 106 0.003719990221904057
126 o 154 0.00785046679344914
126 q 82 0.1123911503104279
126 r 30 0.07109416147738812
126 s 35 0.04950876918900282
126 t 174 0.07298286793917463
126 u 95 0.008885198752243473
126 v 161 0.023533962846809642
126 w 144 0.06502976163024266
126 x 163 0.023010364487554114
126 y 150 0.03923469357968179
126 z 112 0.008423074858203705
127 p 72 0.33707005308053706
127 s 108 0.14803715577145427
127 u 112 0.30180328029409553
127 v 43 0.014437521371115425
128 c 45 0.049255668471194
128 h 20 0.010109553940145677
128 j 66 0.1315053722168945
128 k 144 0.05831740084571502
128 p 87 0.07000702145122784
128 q 28 0.05449288518364037
128 t 19 0.05729496870060735
128 v 112 0.10856582212799393
128 w 69 0.3679333523760081
128 y 150 0.004596586265535607
129 a 2 0.1031238056688989
129 b 112 0.07450821892302617
129 c 164 0.020235321321375066
129 d 89 0.022325758841247212
129 f 140 0.0228844543912472
129 h 19 0.057018521474323736
129 i 134 0.03690875886448752
129 j 117 0.06093657570848943
129 k 193 0.02576471520646839
129 l 196 0.22204462568268268
129 m 45 0.0004958351395939475
129 n 9 0.07524599028195311
129 q 156 0.024169030122118573
129 s 148 0.02485108283780857
129 t 58 0.01463616418316871
129 u 198 0.0516041219186848
129 v 147 0.03256416244582927
129 x 148 0.02919723894356907
129 y 46 0.02898308163502672
130 a 93 0.1033800964644146
130 d 131 0.009107113285810708
130 f 55 0.09616358116674695
130 g 137 0.01581057686726073
130 h 170 0.10263139624704554
130 i 18 0.044632125991885485
130 j 137 0.17262906083105245
130 l 182 0.03389401326419139
130 m 52 0.018838033465164106
130 n 159 0.012938895822745211
130 p 73 0.1843155666376144
130 u 19 0.041995035909238476
130 x 127 0.010498030309134099
130 y 140 0.007839749868312595
131 b 75 0.1743607698035361
131 c 34 0.044061356555951114
131 d 91 0.015405761013284613
131 e 89 0.01913951567825478
131 f 11 0.056429033227634706
131 g 124 0.007721942760784084
131 j 44 0.024061095705251945
131 k 46 0.02588849568109297
131 l 140 0.13666300616521887
131 m 28 0.046690654561100775
131 n 87 0.015103605354855998
131 o 49 0.10133807767599645
131 p 105 0.01627233402981587
131 q 5 0.021629084463373194
131 r 44 0.0071004947557185005
131 s 64 0.00333001593446014
131 t 187 0.1002148090802718
131 u 77 0.019790715729081865
131 v 88 0.014330260517375959
131 x 77 0.08556435544919538
131 y 99 0.004683038008011953
131 z 56 0.011185324025238419
132 a 105 0.02825909656731551
132 i 54 0.2185398210510474
132 m 170 0.24408307560821618
132 n 193 0.009608875724791854
132 o 39 0.16404865020064863
132 s 177 0.07583977880538273
132 u 153 0.057059179484253764
132 w 59 0.024145121743032627
133 h 150 0.36786888147830354
133 m 163 0.2727188978120305
133 s 49 0.01932015230601125
133 u 30 0.0996365266283854
134 a 192 0.053607523202782614
134 b 163 0.07848704317967892
134 c 46 0.0008441046263035767
134 d 30 0.034814558643198046
134 e 42 0.016580223164620045
134 f 163 0.04870223870280532
134 g 94 0.08136236048350365
134 h 9 0.0004985031786916005
134 i 186 0.05581348478224091
134 j 185 0.026672625147737272
134 k 12 0.014484960889136866
134 m 137 0.019065853587562187
134 n 75 0.005791732878525857
134 o 143 0.1005177580943597
134 p 196 0.024472561135872484
134 q 82 0.0058267560761563475
134 r 174 0.05517948788436611
134 s 111 0.008478179871825198
134 u 180 0.13243550480876343
134 v 172 0.027069070473849877
134 w 39 0.0032375649854213817
134 x 6 0.09861936092878432
134 y 17 0.0430805068963227
134 z 73 0.0008488637033964297
135 a 186 0.055536580976012884
135 c 186 0.042352080831681405
135 f 198 0.09590378857546289
135 g 142 0.17019519535592764
135 i 174 0.055620560947656106
135 m 131 0.13479790138293757
135 n 82 0.04073327277869809
135 o 142 0.10116678988567107
135 p 101 0.00490637629940982
135 x 146 0.03479298003931852
135 y 9 0.15578805970113296
136 b 91 0.23825291740155052
136 m 134 0.38717684088098736
136 s 106 0.17915612227068656
137 c 92 0.05393291393814159
137 f 28 0.018587536993453058
137 g 193 0.05860448737186841
137 h 26 0.1007040753305285
137 i 86 0.03474843474045186
137 j 145 0.09264508971096919
137 k 124 0.1145066190342029
137 p 79 0.0020278506138410313
137 q 162 0.039336855483677824
137 r 40 0.06892643577005286
137 s 22 0.10566799241209146
137 u 95 0.01062550882614588
137 v 123 0.11337085666555202
137 z 143 0.018566438125941387
138 b 169 0.09008401935754329
138 f 135 0.08616479007951472
138 i 31 0.03324343437314059
138 k 149 0.056277351950797305
138 l 20 0.002335174854504296
138 n 81 0.02507820141316941
138 p 90 0.011226409436426055
138 q 48 0.01946535228841506
138 s 170 0.032422292076318526
138 t 10 0.40751376854944943
138 v 132 0.13794630760139337
138 w 167 0.05739878043151514
138 x 47 0.015800097603942853
139 a 12 0.0006347834774258487
139 g 2 0.061059702344645306
139 k 53 0.11148503296589718
139 o 109 0.009212348167032869
139 p 91 0.2557572997741988
139 s 60 0.18808559058685803
139 z 50 0.354189808420438
140 s 168 0.23216911732910694
141 e 125 0.03933273937915083
141 g 73 0.36832451041397907
141 i 22 0.3141272805071118
141 r 196 0.20528792796456563
141 t 88 0.06649104394984318
142 d 23 0.13105090703938982
142 f 56 0.07755697663262351
142 k 74 0.3568442406617376
142 o 111 0.020347583157889537
142 q 134 0.22930607466855202
142 r 185 0.14660572223219281
143 g 122 0.0991152788805083
143 o 187 0.06448226608914043
143 p 57 0.10423923749293229
143 w 96 0.16901166288754754
143 y 192 0.5196861245489185
144 d 111 0.03961498299087873
144 g 104 0.20045434301984688
144 h 76 0.4494899080563888
144 w 115 0.1034888694625189
145 b 189 0.001646729375941569
145 c 131 0.021392822380827847
145 d 177 0.0301769941108474
145 e 182 0.20106253666915008
145 h 15 0.030971159559156303
145 j 34 0.04293468165118608
145 k 169 0.041407698540738
145 m 109 0.02640637792134226
145 o 107 0.18063279985606107
145 r 81 0.08566858498975671
145 s 113 0.10748743493551771
145 u 51 0.0073453975389824455
145 v 34 0.10686383961182988
145 w 103 0.08197513420689662
145 x 107 0.0318188848102241
146 a 127 0.07084267753271711
146 v 76 0.4279533693706764
146 z 28 0.16428661948465717
147 c 143 0.6144962779081808
147 g 34 0.05020264430527566
147 u 141 0.03471670606772159
147 y 24 0.1312976466730611
148 p 86 0.30723261489373355
148 v 151 0.427274495245925
149 c 94 0.0639139889167577
149 e 123 0.09430673798284295
149 h 148 0.07818744368960284
149 i 114 0.0028511659155362468
149 j 4 0.126637232215143
149 k 2 0.10388226999551253
149 l 94 0.00019700942155709278
149 m 32 0.26753536903274877
149 v 188 0.12241347556483995
149 w 170 0.08748352266393877
150 a 188 0.21006755188940984
150 b 101 0.14635955725755168
150 f 188 0.03246981497924606
150 i 194 0.2422557645795399
150 s 113 0.016316913304809888
150 v 86 0.11979431396954254
151 a 198 0.04330697434018005
151 b 144 0.0300697438462304
151 c 37 0.06563396825395962
151 e 79 0.0598419163213757
151 f 100 0.03310528254627909
151 h 174 0.05197893593534586
151 i 164 0.03830911680535454
151 j 107 0.06418002118495703
151 l 137 0.1319008637168595
151 n 7 0.02669243487887496
151 o 150 0.026191374342173113
151 q 93 0.025475976905445785
151 s 6 0.042563301700455525
151 u 177 0.047589935242993375
151 w 179 0.11356089538604697
151 x 5 0.09673035443684608
151 y 197 0.010851284926928884
151 z 150 0.08912521565625775
152 a 83 0.10719311017296085
152 d 192 0.13054181434409207
152 e 134 0.483164566044588
152 j 9 0.04263283226704939
152 k 103 0.025217162786237535
152 p 164 0.020177843287593866
152 q 69 0.07154277468066073
152 u 108 0.02310653407814478
152 y 19 0.029830424216412244
152 z 13 0.04255269074578916
153 d 42 0.05225326931521046
153 f 20 0.020347961121194857
153 g 133 0.016286825873223387
153 h 21 0.13736152687999215
153 i 78 0.11000240448585141
153 k 15 0.07253481604993461
153 l 117 0.01914111134630403
153 m 91 0.2167255944770332
153 n 198 0.03548260862031316
153 q 70 0.055705689809116166
153 s 72 0.01488017438858058
153 t 12 0.02271780220903996
153 u 176 0.005037815513190491
153 v 33 0.0441990143150196
153 x 62 0.01540632280455212
153 y 23 0.11359486220133908
153 z 54 0.04077296247533446
154 a 88 0.03333953255387212
154 b 194 0.027800589792534747
154 c 87 0.01092443677868915
154 d 177 0.07957778775549229
154 e 189 0.047183701469894146
154 f 165 0.011028469848051836
154 g 193 0.017711420949930945
154 h 67 0.05896039916100371
154 i 166 0.0021664237529170904
154 j 177 0.007904567314050204
154 k 47 0.013613309153497677
154 l 48 0.0036836790346390647
154 m 107 0.0369891493625103
154 n 40 0.10785094852171462
154 o 190 0.00202934972604929
154 p 168 0.06218883726053093
154 q 51 0.019557079722054338
154 r 149 0.0011555181687992189
154 s 97 0.010988887804450176
154 t 67 0.052132864358241604
154 u 178 0.005662203766783169
154 v 2 0.01583599499466759
154 w 182 0.07642844168523655
154 x 0 0.18603342546355195
154 y 168 0.004705951995667146
154 z 118 0.018715183150308512
155 b 25 0.013134097220104057
155 j 105 0.42599410845558217
155 k 16 0.12940108105985104
155 l 123 0.0764802464038492
155 n 194 0.00783523261176522
155 w 104 0.021056707701550215
155 x 62 0.21527915301795608
155 y 9 0.05332181453563167
155 z 16 0.04011350885020881
156 a 139 0.0012010400658770681
156 b 103 0.05322629608907914
156 c 129 0.036506898939600685
156 d 54 0.00928480657831654
156 e 175 0.013189305901844972
156 f 127 0.04586634065927486
156 g 190 0.00850496157622882
156 h 169 0.03645539912580442
156 i 84 0.15082781517456356
156 j 51 0.0005757113244484469
156 k 133 0.039350797450239505
156 l 112 0.021895007826083113
156 m 56 0.014427481369448159
156 n 73 0.010004661570380158
156 o 111 0.06026917451714864
156 q 20 0.02662498497671839
156 r 42 0.014209297505431873
156 t 184 0.23462880849105527
156 u 50 0.08364052158758928
156 v 10 0.005581429262578985
156 w 62 0.062417112167830746
156 x 31 0.011691146411424436
156 y 99 0.0390163792680186
157 a 28 0.1071246816593533
157 b 135 0.05524511876463312
157 d 123 0.04479742825843047
157 e 166 0.07174010676599762
157 g 71 0.010329100333515862
157 h 11 0.2616018836217625
157 k 104 0.0714734060039498
157 m 74 0.007921365538074543
157 o 59 0.0026665168347038692
157 q 151 0.033384792967983135
157 t 97 0.012144287582322444
157 v 178 0.0828148583489452
157 w 134 0.043335167885103054
157 y 100 0.15939874517643893
158 a 171 0.0017651223451579101
158 b 180 0.05651160250178888
158 c 173 0.062198986367567266
158 d 181 0.007048732588638695
158 e 87 0.04913865758364633
158 f 7 0.036031051005571246
158 g 164 0.0514270302508677
158 h 3 0.06629980813269687
158 j 190 0.024708739146587888
158 l 67 0.0010640896603165695
158 m 49 0.07468536100127932
158 o 172 0.05705882242060667
158 p 19 0.010170394659171578
158 q 165 0.07043928503309227
158 r 154 0.07649984699099388
158 s 174 0.0021482205528436937
158 t 99 0.042393815342664176
158 u 47 0.12566529579330732
158 w 93 0.006387310839868321
158 x 1 0.08289553554802953
158 y 39 0.0055696648207118615
158 z 104 0.05054717370944384
159 c 70 0.10584822708531871
159 e 3 0.007698610455055155
159 f 166 0.13426867467274917
159 g 152 0.02403309705283574
159 h 16 0.019024050252220315
159 j 171 0.029965090027628483
159 k 44 0.06533198275183605
159 l 99 0.0028959166098175837
159 m 87 0.2282266193031277
159 n 138 0.0021191990169387998
159 p 167 0.00257134212159027
159 q 129 0.0065459463587556055
159 s 7 0.020814297269583615
159 t 37 0.009251839736245882
159 w 60 0.12386597310487979
159 x 18 0.08852302672038903
159 z 105 0.0012804686890330874
160 a 143 0.0022382900142594586
160 d 66 0.06686247679895996
160 e 38 0.01415963280333088
160 f 164 0.11753859013825774
160 g 36 0.009872650672503314
160 h 42 0.02549569559448961
160 j 181 0.06852739597371493
160 k 20 0.06581725734889388
160 l 33 0.11445338781917946
160 m 39 0.04855929477874488
160 o 161 0.007909979359376651
160 p 91 0.019190504875660652
160 q 41 0.0727053553500252
160 r 100 0.011647825512285936
160 s 111 0.10354692131438847
160 u 190 0.10504013752175378
160 w 85 0.013993790972491427
160 z 134 0.08181149637572505
161 b 61 0.13585488583555283
161 j 20 0.043021594200096436
161 k 166 0.23080458075892407
161 m 46 0.058032500109659546
161 o 63 0.0012146134726651603
161 p 33 0.04388123602548666
161 s 34 0.1806657477016811
161 t 67 0.10418738502769043
161 v 28 0.06866317819481049
161 x 121 0.06143272299115221
161 y 21 0.07111784047273084
162 a 14 0.2891622869623852
162 c 191 0.2155146991321819
162 f 92 0.41245246848790307
163 a 180 0.023334181158210288
163 b 117 0.047081679081989236
163 c 101 0.013323382879900758
163 d 61 0.0018791590821083393
163 e 52 0.03754403924926142
163 f 108 0.05046663285471609
163 g 32 0.011339790026104302
163 h 156 0.007537467753508165
163 i 150 0.01228446762049773
163 j 23 0.027737947460888868
163 k 26 0.0558872528188995
163 l 149 0.012873418961124372
163 m 71 0.0028250852734409415
163 n 170 0.019877463142802476
163 p 183 0.008863193994924967
163 q 31 0.0915182095348408
163 r 29 0.04437235084419089
163 s 193 0.07348768474879652
163 t 117 0.03039811512260815
163 u 76 0.015241265455010256
163 w 69 0.07404935375071142
163 x 175 0.042378155830612996
163 y 164 0.2911380851628559
164 a 47 0.03756460372044146
164 c 16 0.015534750269108
164 f 178 0.12525887096382515
164 g 157 0.04024670075426118
164 k 157 0.014357153454048865
164 l 106 0.0886779581953494
164 m 106 0.13495115481766096
164 p 143 0.06358689284362085
164 r 180 0.004484048628764725
164 s 38 0.12286916841009243
164 v 157 0.03636723327689673
164 w 12 0.025995096674440554
164 y 196 0.15459976761298655
165 a 182 0.0009263532455557888
165 b 19 0.10591739442626968
165 d 60 0.04747245083312779
165 i 32 0.006140079933675824
165 k 45 0.016078693345130124
165 l 131 0.07672872844068701
165 m 83 0.12015431163679868
165 p 7 0.08230168041408714
165 q 195 0.026994443676884194
165 r 106 0.04276602754393333
165 u 166 0.12424232722712425
165 y 11 0.2335967243198278
165 z 67 0.005109788713462238
166 g 46 0.11334553261700775
166 k 7 0.150847408543882
166 l 165 0.13221166125503014
166 n 105 0.30514025442864523
166 q 105 0.00784929670584178
166 t 172 0.06664526046453034
166 u 192 0.03995120581635958
166 y 117 0.03184065076562803
167 f 21 0.1566751282466191
168 a 37 0.07310939919644077
168 g 64 0.04345233140014715
168 h 146 0.007925878238609685
168 k 116 0.033702133995835104
168 l 38 0.011608862555208765
168 m 160 0.18127522894289771
168 n 46 0.013823482327929959
168 o 46 0.007276297503069462
168 p 85 0.09286661269949592
168 r 5 0.26784926663046127
168 s 44 0.05214962829771852
168 t 29 0.08450557569833861
168 x 100 0.09138192611864215
168 z 131 0.01064964143531888
169 g 128 0.5090011333676033
169 p 85 0.18188646887115112
169 z 36 0.11826977860123411
170 b 4 0.2175145855065369
170 o 139 0.020035806160994096
170 z 63 0.5762715071887022
171 b 58 0.07939284799576263
171 c 106 0.011308148848751975
171 d 130 0.009633834762935334
171 e 57 0.06268511412891875
171 f 34 0.0002984824764291627
171 g 176 0.06381241596559317
171 h 87 0.01142788777451953
171 j 161 0.018244419884684726
171 k 82 0.03622428743338213
171 m 72 0.1384942520571678
171 n 140 0.0001607467469134649
171 o 96 0.014632550073831463
171 p 37 0.13668743721327548
171 q 131 0.06338598403712925
171 r 85 0.07833683339781894
171 s 97 0.03587375235461976
171 t 193 0.015155883426863248
171 u 48 0.020192773183070556
171 v 106 0.0599294941823012
171 x 104 0.007752068073538121
171 y 17 0.05888083443570091
171 z 194 0.02611156987333496
172 a 28 0.0008490913457455118
172 b 18 0.004310260058668636
172 c 19 0.24058701575582164
172 e 156 0.0025611745507349015
172 f 0 0.03127513505464152
172 g 73 0.16205102236911773
172 h 161 0.00045294155717812146
172 i 30 0.008201540330333157
172 j 148 0.015711303922445685
172 k 80 0.002090066267881441
172 l 95 0.05948251373391833
172 m 64 0.03240350682012816
172 n 91 0.05863586445125846
172 o 48 0.008558299424563987
172 q 29 0.0660512387691129
172 r 4 0.023778276284941224
172 s 165 0.016212038028629916
172 t 104 0.078051722714507
172 u 127 0.003383363981131926
172 v 37 0.004749951789909224
172 w 123 0.02442516363563807
172 y 52 0.06532365159890496
172 z 161 0.028057738246093256
173 c 23 0.014836385901705107
173 h 21 0.14587620814630586
173 j 51 0.04608898543412221
173 k 194 0.07907632621289007
173 l 198 0.009592619055030838
173 m 44 0.04811448514156913
173 n 173 0.02539508905367649
173 q 83 0.010779963573506302
173 s 180 0.06327774942549591
173 t 170 0.11884398711635324
173 u 44 0.18073223941390593
173 v 6 0.004209925489764843
173 w 139 0.08443810780161931
173 y 100 0.10964152785433734
173 z 170 0.05411717168373076
174 a 105 0.016794364657974792
174 b 22 0.09405282211463972
174 c 32 0.04217433035907647
174 d 159 0.013353135258015736
174 f 131 0.055919447779683495
174 g 163 0.0034270920011895134
174 h 8 0.02053099875453568
174 i 31 0.113385727453015
174 j 154 0.031553215362776554
174 k 160 0.030913400604692165
174 m 31 0.03213166454227223
174 n 17 0.025125201684148668
174 o 79 0.09062352542440766
174 p 150 0.0916374272221101
174 q 155 0.0010173464924134734
174 r 78 0.0014043427154448729
174 s 71 0.00939737937694507
174 t 146 0.004035627674340292
174 u 40 0.0014761248275123595
174 w 74 0.004010103967709844
174 x 182 0.024494989810486256
174 z 19 0.02893284856430489
175 b 135 0.07530835553127813
175 c 10 0.041392437132680704
175 e 88 0.06963140436854842
175 g 144 0.07106754419668881
175 i 135 0.04102044592194509
175 j 34 0.03307853082150236
175 l 177 0.09354426456505738
175 m 122 0.11085485658683236
175 n 137 0.0004154417648264408
175 p 68 0.00528735389974333
175 q 194 0.042959369395519253
175 r 65 0.021176026934207393
175 s 84 0.03451973616428605
175 t 18 0.11949324705948372
175 u 59 0.054131071726391644
175 w 117 0.08468780361444528
175 x 52 0.08906827760019775
175 z 68 0.001822205595756854
176 c 19 0.01043966925455575
177 c 97 0.03230048563677679
177 d 57 0.16708460562235483
177 e 62 0.12039038807732672
177 f 103 0.027507209578402136
177 g 111 0.00397702199177663
177 h 96 0.01095536656261542
177 i 187 0.006431902596924832
177 j 78 0.19062454795860873
177 k 67 0.023897606094406054
177 l 64 0.017971269744714635
177 m 41 0.061055555849774956
177 o 28 0.004184243758795558
177 q 186 0.015550446075190405
177 s 118 0.03819799379995148
177 t 31 0.08267805399769257
177 x 122 0.04200617822299735
177 y 88 0.13216015646145673
177 z 90 0.0017500438721097522
178 a 100 0.037491582330692164
178 b 196 0.0439187288625309
178 e 27 0.10686346182857087
178 g 118 0.05210998130078437
178 h 34 0.09210688385073817
178 i 149 0.010728259737184165
178 j 132 0.017786079313842018
178 l 110 0.043411885194589384
178 m 3 0.011029590350138174
178 q 40 0.06352320216871465
178 r 62 0.05656304829077097
178 t 30 0.040970393368872204
178 u 37 0.04797348146890523
178 x 28 0.24560404796446034
178 y 119 0.08084287291686232
178 z 79 0.035807670888910015
179 b 125 0.005772622850034881
179 c 17 0.1041478056465025
179 d 6 0.03052949548630779
179 e 14 0.00635811535361952
179 f 130 0.005576320421073588
179 g 103 0.03205418285289674
179 h 140 0.050206260364844546
179 i 67 0.0033393970270806372
179 j 87 0.07765261292149273
179 k 179 0.010833292569219943
179 l 85 0.060605055560775556
179 m 148 0.05000440444994758
179 n 166 0.011320159497956617
179 o 174 0.09059107667597166
179 p 154 0.0035626697367883153
179 q 31 0.03771190124581425
179 r 148 0.015037734067872677
179 s 102 0.0984154354623139
179 t 166 0.002551544220279478
179 u 154 0.14124221224564149
179 v 160 0.030675548225902016
179 w 150 0.006383690741769477
179 y 74 0.02830385877600805
179 z 19 0.03233768271056103
180 f 1 0.24448771708930905
180 n 176 0.023880447456600118
180 s 142 0.2732235251235875
180 t 110 0.3807300217314775
181 e 59 0.10301779331692529
181 f 24 0.0891130709699488
181 l 103 0.07868686949535741
181 m 120 0.15982798625547412
181 p 118 0.10853600618434667
181 r 161 0.04387070051589159
181 t 19 0.0069258440434466495
181 v 184 0.30387709216046466
181 y 39 0.04139736467637967
182 k 94 0.018584435986081393
182 l 138 0.11537199545867882
182 m 174 0.21418955394895012
182 p 194 0.24882061775749909
182 s 176 0.16248888017169427
182 x 74 0.027723172451766587
183 a 184 0.05756667806320526
183 b 36 0.007130637786274319
183 c 170 0.08822399451196816
183 d 82 0.011685235920363413
183 e 180 0.000995538424637732
183 f 101 0.035144655625645504
183 g 151 0.011592362100766862
183 h 148 0.051927139673763834
183 i 154 0.025832961274020905
183 j 109 0.006421607490501691
183 k 185 0.09885039108316374
183 l 112 0.027385781054179215
183 m 62 0.00011479787429391486
183 n 163 0.012661158968300334
183 o 117 0.058037822965058994
183 p 78 0.008530612302308338
183 q 196 0.02274581022537414
183 r 119 0.03494573530847356
183 s 59 0.011680503149581911
183 u 161 0.09661784132202056
183 v 195 0.006837092640304632
183 w 82 0.03305505847125434
183 x 104 0.09330590320622101
183 y 167 0.17328528285598932
183 z 24 0.023697252579784167
184 a 141 0.14330463248418868
184 b 3 0.003567165021946428
184 c 123 0.0006629314093401506
184 d 42 0.003960836879800977
184 e 176 0.04909661382178132
184 f 41 0.013769924007127843
184 g 183 0.08076120670649656
184 h 102 0.029447424501299446
184 j 113 0.05275948284338916
184 k 106 0.01660354042301304
184 m 180 0.05711837254193597
184 n 173 0.04013548271487055
184 o 21 0.01532166493059084
184 p 112 0.0007307084871789327
184 q 190 0.1349873201701388
184 r 3 0.04549892531761224
184 s 125 0.0669650518086411
184 t 158 0.05606426014913135
184 u 141 0.0424116487388464
184 y 158 0.12475619831532259
184 z 101 0.0011383610529788202
185 a 50 0.0889681735529303
185 b 110 0.14860858812470312
185 d 23 0.00820475753853045
185 f 62 0.0018502033048124478
185 g 14 0.10162054166805923
185 h 78 0.04123281481395169
185 i 108 0.06811626870290699
185 k 84 0.06603865734143355
185 n 179 0.2423289280679376
185 q 100 0.008269391194216547
185 r 196 0.07735159721684559
185 s 67 0.00995237471628918
185 t 106 0.00045477569905205684
185 u 62 0.00797663550398875
185 w 96 0.023795134042972732
185 x 81 0.04574648934909187
186 a 47 0.0681021998679342
186 b 190 0.047424586499378085
186 c 100 0.028256173692080666
186 d 190 0.018964372340968705
186 e 5 0.027231398813744256
186 f 56 0.04133208955218637
186 g 122 0.01186851129864186
186 i 108 0.10024438354579246
186 j 11 0.10758239479931397
186 k 75 0.06963161712188481
186 n 165 0.01707152733917361
186 o 43 0.005244505001711919
186 p 33 0.030924253034145255
186 q 43 0.09708187028315052
186 r 37 0.07221943472628245
186 s 7 0.005007095543503759
186 v 177 0.10368000198614524
186 w 84 0.03749309481911034
186 x 186 0.04106380826589917
186 z 152 0.04976041231583739
187 a 80 0.04188238861977578
187 b 95 0.07617055445406506
187 c 32 0.12028502345811176
187 e 137 0.046255990653112256
187 f 90 0.050611563137227256
187 g 114 0.011520483806732429
187 l 152 0.06612019858190976
187 n 111 0.03159644779147275
187 o 86 0.04184661496049158
187 q 120 0.09544198776167123
187 r 103 0.2225202993736558
187 w 4 0.14044044030198022
187 x 86 0.030070685626897742
188 a 115 0.02276791410009671
188 b 69 0.031775504261310705
188 c 148 0.015305078998904875
188 d 85 0.21894714562356687
188 e 41 0.05617242694508484
188 f 6 0.004520145591585423
188 g 146 0.09202239767987763
188 h 103 0.025096163507004388
188 j 159 0.03694506425663746
188 m 179 0.12177612522635839
188 n 68 0.0027569740521142805
188 o 112 0.15434065833240973
188 r 105 0.04317353018444303
188 v 44 0.035373814397025805
188 w 162 0.0024942084695654954
188 x 175 0.035505115930653086
188 y 115 0.010387282037921275
188 z 81 0.08725841253432431
189 a 158 0.10492462840149663
189 b 10 0.009436735911944494
189 c 43 0.03404474142564751
189 e 114 0.0649111323449284
189 g 13 0.03890082457125943
189 h 36 0.028299233700061488
189 i 108 0.06319552863479916
189 j 170 0.049973895052742745
189 k 144 0.07110931160474798
189 l 5 0.06278390127897948
189 m 134 0.020093138770912455
189 n 117 0.0013565573948506326
189 p 80 0.003681056758393697
189 q 14 0.006158523965357321
189 r 73 0.0735857717463404
189 s 35 0.06286610384613645
189 u 21 0.05245916775458981
189 v 3 0.21448679744704013
189 x 94 0.004784400663494726
189 z 8 0.02783359021037779
190 c 101 0.15954355477518745
190 g 155 0.05236491569725299
190 m 57 0.12013241135518049
190 o 183 0.15000305925982482
190 r 189 0.10769731576446417
190 u 20 0.11078634939902332
190 w 106 0.044161635470482685
190 y 84 0.12133661127148909
190 z 1 0.03139760126064306
191 a 34 0.03812302211926921
191 j 107 0.12294858186252333
191 k 155 0.41516083488481326
191 o 145 0.08211887172700127
191 v 61 0.23499771081803345
192 c 3 0.01965790836525716
192 d 172 0.05120503178343383
192 e 91 0.05603938451808921
192 g 64 0.024594164438810684
192 h 106 0.03011892780842995
192 i 53 0.011149216045488908
192 j 82 0.23598966559500334
192 m 198 0.06447640990586001
192 o 43 0.1056834118073916
192 p 165 0.030307993363792307
192 q 150 0.03810835253164835
192 s 99 0.060253379153404674
192 t 73 0.029561308379065232
192 v 26 0.04577046372475757
192 w 188 0.029351976611258768
192 x 196 0.014170114624960317
192 y 177 0.10851293014693908
192 z 0 0.03376403283542184
193 b 83 0.23301379678298495
193 c 10 0.05625236770357733
193 d 131 0.026135485767283195
193 h 110 0.05182611194105258
193 j 146 0.007855031156048686
193 l 112 0.0031625885990146374
193 s 82 0.03990149169181467
193 t 39 0.005059934904696584
193 u 161 0.10155080349966739
193 w 94 0.09322788374884794
193 y 62 0.11505146670714617
193 z 186 0.121999012301102
194 a 97 0.0314537403186802
194 b 173 0.2574938507425173
194 e 155 0.11865070260019206
194 f 175 0.009386053183410348
194 h 1 0.029679256164539813
194 j 85 0.013807638799575805
194 k 48 0.10417250093461672
194 m 104 0.08845561328260565
194 n 84 0.05306540142416438
194 o 11 0.015775577328123846
194 r 160 0.036602772381307935
194 x 32 0.014757030742526323
195 d 72 0.2066919877550848
195 i 126 0.30304066412092634
195 k 22 0.09074815239104694
195 q 122 0.22250349435846728
195 x 194 0.06022633769953145
196 a 124 0.17756622361404295
196 b 11 0.004811717809564131
196 c 145 0.0046787873803608715
196 d 12 0.04805710891619053
196 f 150 0.00688758475030371
196 h 47 0.04049759592041424
196 i 42 0.03478973798520524
196 j 105 0.1018536108835203
196 l 99 0.06614565394513217
196 m 168 0.09038683172904705
196 o 90 0.10061155498052654
196 p 80 0.011460260891340224
196 q 123 0.020378651909270684
196 r 100 0.029346694887634417
196 s 145 0.13922907397841933
196 t 117 0.029194976666989336
196 u 174 0.05122529253505459
196 v 193 0.02256941960616643
196 x 171 0.002344148802323587
197 a 135 0.050564228753602225
197 b 24 0.158078589898761
197 c 113 0.06353034706673732
197 e 71 0.10411042563029893
197 i 159 0.09658828317837675
197 l 92 0.03854667683530766
197 n 82 0.17168491344870684
197 o 191 0.13062576891481203
197 p 10 9.988857484666269e-05
197 q 3 0.03094390302471295
197 s 128 0.046546604430625416
197 v 196 0.033040630961657436
197 w 62 0.044552345167285234
197 y 40 0.019594804989044534
198 d 8 0.04980362597929611
198 e 136 0.1165788911975586
198 h 36 0.1542648805178346
198 n 104 0.002304126714361643
198 o 20 0.20173455275675733
198 q 193 0.002005741025269958
198 u 70 0.3099570501906682
