100 26 1300
0 0.11451209054617206
0 0.5395448212589662
0 0.03900898179560908
0 0.05399342617850589
0 0.0030509882181237735
0 0.047631900750336964
0 0.13428247073070798
0 0.019226967634877412
0 0.01883146170018657
0 0.007668921313362498
0 0.02281297670865945
0 0.07043386041814581
0 0.3126004802868151
0 0.00502846574150595
0 0.02358339835132328
0 0.079316577321766
0 0.12260164438972943
0 0.00469048382818571
0 0.00443338091159029
0 0.39001193175484705
0 0.15100909535340945
0 0.04970500228647434
0 0.0008382117849652371
0 0.16015194834852342
0 0.5534039585833714
0 0.06597511571457648
0 0.006163728562802895
0 1.0
0 0.07636955115459965
0 0.00952199208797333
0 0.40674896582673115
0 0.005452020087141296
0 0.0019477869389447067
0 0.21918331562016613
0 0.07911773686949686
0 0.1519431890707641
0 0.10565704486963423
0 0.006172565373618322
0 0.01937664083790669
0 0.087278151282013
0 0.026802194679869218
0 0.17240546395666834
0 0.05010883771436225
0 0.027257104158791123
0 0.5317396013963613
0 0.17738429977638404
0 0.10465307361125975
0 0.21790035462109536
0 0.2064065275197552
0 0.03476458964941831
0 0.0036433902412719155
0 0.09399599673579662
1 0.058039597272723564
0 0.12015979712780933
0 0.012471175079901697
0 0.07622818516279928
0 0.059235864983594455
0 0.01059986734919749
0 0.5027808847524016
0 0.10530759527227107
0 0.07225231237873109
0 0.18576812569660406
0 0.2544567346411426
0 0.019755081408547648
0 0.37014202871775537
0 0.498009586629897
0 0.11475378368139966
0 0.49005078993382567
0 0.015640824957524613
0 1.0
0 0.11225193213445372
0 0.24024810196706325
0 0.020458821306486574
0 0.11091640052702578
0 1.0
0 0.0069036241725507486
0 0.048120573042081505
0 0.1186009421321299
0 0.04358016016778521
0 0.07427360975810138
0 0.029507581339145217
0 0.065953788637791
0 0.038395482010149196
0 0.12824198840270873
0 0.0013405080097254052
0 0.013102510022301339
0 0.03858880643203766
0 0.03173719935207253
0 0.07279598857954861
0 0.4700855269461417
0 0.010225932972247498
0 0.10578757926489202
0 0.5315261559678854
0 0.07995578389406288
0 0.01967849809719835
0 0.07614701086919784
0 0.0197777467663256
0 0.27984893127454713
0 1.0
0 0.06311159571432723
0 a 15 0.010839802901758233
0 d 42 0.056265972128978325
0 i 9 0.030840019964628262
0 j 95 0.08906782156700177
0 l 81 0.12164577145937172
0 n 87 0.014502267872316343
0 o 65 0.013479961572099408
0 s 12 0.22448035492977036
0 t 76 0.11648369381478352
0 u 26 0.07201139352429464
0 v 49 0.11468542003461601
0 x 2 0.021185429684209334
1 e 1 0.08171265722838816
1 i 6 0.0047609479920095454
1 t 51 0.22011020847377005
1 z 66 0.15387136504686605
2 a 6 0.004406148990133474
2 b 70 0.057365810747679435
2 c 54 0.026147378967634305
2 d 75 0.07499940653284676
2 g 65 0.04242539703709847
2 h 34 0.006683383698827705
2 i 64 0.02976269682238586
2 m 42 0.05541499453306964
2 n 69 0.03088784047609139
2 o 8 0.21686219479649382
2 r 0 0.021609545674749597
2 s 49 0.02894370680009528
2 t 65 0.1071389900875509
2 u 11 0.08604407412003023
2 w 73 0.06574400670784497
2 y 2 0.10655544221185909
3 a 76 0.07184198429847044
3 c 45 0.028957234274309518
3 d 44 0.008894464091229515
3 e 88 0.0007499057966123823
3 g 0 0.05675189745288267
3 h 35 0.086513785295253
3 i 88 0.0607832985727077
3 k 39 0.13611153455543723
3 m 88 0.0010314832399459517
3 n 94 0.01874814177029782
3 o 67 0.020260698377151498
3 p 30 0.05991076083421332
3 q 33 0.08043186719566497
3 s 36 0.059598646036346015
3 t 30 0.05318583939171084
3 u 31 0.023317064951991484
3 v 9 0.041593449838358
3 w 90 0.014836200771076724
3 x 69 0.07145365842043361
3 z 75 0.05103465865740142
4 a 24 0.005021923766859393
4 b 79 0.10003792084400509
4 c 14 0.01729813951136283
4 e 53 0.017822415162429772
4 f 88 0.002271815228034102
4 g 42 0.25962508924160843
4 i 12 0.02392231975553727
4 k 35 0.022659910399983052
4 m 14 0.07279257445048715
4 o 90 0.10284837177753103
4 p 81 0.0328128183645926
4 s 93 0.0021555924150975514
4 u 66 0.11521649743335427
4 v 8 0.1246798357244342
4 x 99 0.0014704299029076884
4 y 95 0.0963133578036518
5 b 5 0.05699496891107858
5 d 0 0.025071766964074316
5 g 64 0.008841016354763975
5 h 77 0.08737952815838157
5 i 36 0.057237652062852584
5 j 29 0.23367844922718173
5 m 63 0.1997163888632626
5 n 21 0.02383501863106474
5 o 40 0.002255480541110466
5 q 44 0.033698673089540554
5 r 18 0.036671253040037044
5 t 59 0.022232476413370672
5 v 67 0.00921757761613351
5 x 36 0.04934314575099075
5 y 16 0.008415119723992115
5 z 28 0.09777958390182784
6 c 37 0.2937642404467361
6 h 77 0.021415323614410453
6 q 21 0.01875712941091434
6 w 8 0.2649478135125243
6 y 10 0.26683302228470684
7 a 81 0.018767886260831146
7 b 25 0.042096231463987666
7 c 49 0.05920855713908035
7 d 19 0.04671704226236606
7 e 20 0.029438358673797516
7 f 6 0.012838573720367674
7 g 8 0.03914326420065928
7 i 6 0.055264013923217004
7 k 87 0.0006066548971610519
7 l 47 0.010730435126112381
7 m 7 0.019950344299385026
7 n 75 0.23321082228731527
7 o 8 0.009265697611767654
7 p 70 0.06209375585821275
7 q 66 0.029190710794980035
7 r 94 0.03504483328608565
7 t 48 0.0031269810423889544
7 v 29 0.001645190061647206
7 x 69 0.016326386626816403
7 y 39 0.041238078192669
7 z 34 0.2148692146362745
8 a 87 0.04590292836771459
8 b 0 0.008894028823101752
8 c 91 0.1752582403658801
8 d 20 0.0018543673516716597
8 e 7 0.03061162424760011
8 f 71 0.02573641601434329
8 h 6 0.11089087251648799
8 i 38 0.038326952659719415
8 j 40 0.08382172975231716
8 k 90 0.02407682506350639
8 l 99 0.04143854321512441
8 m 0 0.059504979882029185
8 n 10 0.045023787417804995
8 o 10 0.04043055786064165
8 p 44 0.031218577162727024
8 q 84 0.027200026972612923
8 s 38 0.0182221471438625
8 u 31 0.007771858846636004
8 w 60 0.15078979601581122
8 x 49 0.007345760396481826
8 z 2 0.0068485182237392195
9 a 67 0.11404367396523407
9 b 40 0.027603148799962618
9 e 59 0.01767753908453895
9 f 12 0.013725868282633558
9 i 81 0.017182738498423333
9 j 57 0.04217817627559384
9 k 23 0.08127000496033077
9 l 3 0.0035731825654565785
9 p 42 0.2229237358534143
9 q 25 0.032536772315365114
9 r 18 0.08670645355385698
9 s 15 0.025323312621519878
9 u 49 0.10556015747119196
9 v 4 0.04534943732661856
9 w 97 0.005828023537243765
9 x 40 0.09682895251515922
9 y 46 0.029233601099686757
9 z 46 0.024786299960407265
10 a 44 0.005154281516343451
10 c 73 0.011412210886328045
10 e 15 0.006540818196340337
10 f 67 0.045221022396808364
10 g 83 0.008595699695332915
10 i 8 0.011758437309330239
10 j 46 0.06356683073922276
10 k 71 0.002242839666037111
10 l 8 0.12961358835261938
10 n 83 0.11835747271128683
10 o 62 0.010545729972320617
10 q 23 0.0711829558080479
10 r 52 0.06527372686771338
10 t 79 0.046379973386637796
10 u 1 0.1736398529973191
10 v 19 0.014708169115585035
10 x 83 0.15552815260166475
10 y 83 0.012761443933020256
10 z 62 0.0247038171393823
11 a 99 0.012451964572070096
11 b 72 0.02187336069144552
11 d 31 0.03666930625102505
11 f 1 0.053815987754852745
11 g 49 0.042295618662056
11 h 55 0.2544105720146961
11 i 96 0.040222560711867805
11 j 17 0.03161464823944771
11 k 60 0.03857073010808765
11 l 44 0.06700625223723555
11 m 35 0.023242131735365823
11 n 59 0.00012716409067081713
11 o 43 0.04215102816918059
11 p 36 0.019727373409643145
11 q 50 0.057135417133932664
11 r 21 0.05737612873284137
11 s 34 0.038449273462875744
11 v 55 0.01699081680586967
11 w 61 0.004837453596017505
11 x 90 0.021056827273675527
11 y 42 0.03272278221309155
11 z 14 0.016818741715905583
12 a 41 0.07277663879865559
12 h 78 0.1481364964521552
12 n 92 0.08824251341665423
12 o 82 0.01398357754673829
12 u 72 0.036216023472789405
12 w 71 0.003767414684500703
12 x 98 0.11697097351726382
12 y 5 0.20730588182442766
13 a 6 0.09205886382170225
13 b 34 0.017473725009162444
13 c 79 0.013950321387324882
13 e 53 0.3426625601524482
13 f 57 0.022146115228636853
13 i 56 0.09420488126111559
13 j 47 0.11146937555482161
13 n 39 0.05896906812183411
13 o 50 0.0033989148046882356
13 p 58 0.06479988575036844
13 q 37 0.07677725717088946
13 r 64 0.0017805562764826588
13 s 15 0.03703289715222291
13 t 36 0.024789831816733
13 v 81 0.029595643220816092
13 y 0 0.003861637529247286
14 a 64 0.16675727241418437
14 c 82 0.05042445280453223
14 d 55 0.08883020883350357
14 e 85 0.018212086858510834
14 g 89 0.3532046109168999
14 i 91 0.0958241024207801
14 m 68 0.008996246555263876
14 p 83 0.0747446056905795
14 v 30 0.013343734688319286
14 w 80 0.022928396206623458
14 y 27 0.07257895372353274
14 z 23 0.01057193053594685
15 a 9 0.04200385460567113
15 c 55 0.0437732093175629
15 e 55 0.06038966446140037
15 f 78 0.004896770324325783
15 g 22 0.0340159847843432
15 h 77 0.028218933797908075
15 i 30 0.016164281460108287
15 j 80 0.03450690795788258
15 k 6 0.15562507368442313
15 m 44 0.01952348124569081
15 n 10 0.08242205964579363
15 o 84 0.05357078160060691
15 p 11 0.006405599251892324
15 q 94 0.003028625903780391
15 r 72 0.0097745233147436
15 s 43 0.08777963115130938
15 t 18 0.04715582629009085
15 u 59 0.014829109281829012
15 w 19 0.03957567752415869
15 x 21 0.00399799540588297
15 y 87 0.12533342852825624
15 z 71 0.007692003140573722
16 b 8 0.08824911103141064
16 c 47 0.14872606569537528
16 i 14 0.018398499859627715
16 j 56 0.0448274623057312
16 k 68 0.06962796953373518
16 l 64 0.009400288257128131
16 m 52 0.027546422278700966
16 p 37 0.0635976273579495
16 q 45 0.015750731522341743
16 r 52 0.18408884516047264
16 t 10 0.011765875596058684
16 u 91 0.016605066532078716
16 w 20 0.07658636002724706
16 x 94 0.024631496534375796
16 y 90 0.06118955229169254
16 z 56 0.016406981626344797
17 a 75 0.05945102853700823
17 c 30 0.09407241108882525
17 d 64 0.12533401369848185
17 e 68 0.09255859089824348
17 f 52 0.003399179521307638
17 g 0 0.029290696701084196
17 h 90 0.025135684370371836
17 i 43 0.10107568459728455
17 k 40 0.014354866674193834
17 m 29 0.16512144081835578
17 n 61 0.07617055162105801
17 o 32 0.01065792359886053
17 p 58 0.036329151647604974
17 q 30 0.056790155102436235
17 r 9 0.035839017488167535
17 t 36 0.04775400449201361
17 v 71 0.017713016986376395
17 z 63 0.0042620983301403514
18 a 7 0.08855935365918344
18 b 39 0.1779181466423968
18 c 36 0.07312894181160645
18 e 29 0.03198828076782845
18 f 90 0.18716809658934663
18 h 23 0.025780682941463184
18 i 47 0.0032705215071670013
18 j 60 0.0021731296534750477
18 k 35 0.014947868494245009
18 m 30 0.019871803949484068
18 n 14 0.02262504061995574
18 o 5 0.0016090021659056486
18 p 14 0.02911899904387938
18 q 41 0.0206173936490881
18 r 53 0.02594745600524262
18 s 68 0.025479530375056236
18 t 51 0.0051759792947154715
18 u 52 0.0179710427043297
18 v 90 0.053667641689756906
18 w 49 0.034755036991424126
18 x 80 0.09961517181750135
18 z 28 0.034177498715358356
19 o 25 0.609988068245153
20 a 6 0.0043924076166754755
20 c 29 0.02371376930011293
20 e 56 0.02289139711375221
20 f 5 0.008589568353024268
20 g 94 0.09468117474329607
20 i 10 0.02793247045120506
20 k 63 0.02258973126223096
20 l 78 0.005512644466987848
20 m 57 0.003233452145431248
20 n 87 0.1068598403294787
20 o 5 0.011141287380731724
20 p 10 0.053209178010999114
20 q 12 0.01751573759475067
20 r 16 0.0722061353559097
20 t 93 0.009393378956438991
20 v 25 0.11128344491157782
20 w 7 0.02604959299715326
20 x 24 0.02124491223082947
20 y 9 0.15194156288214333
20 z 24 0.05460921854386169
21 e 13 0.017792403753945862
21 k 50 0.35681404907159964
21 n 85 0.14451865402361963
21 q 97 0.1073833090380708
21 r 17 0.0937877145063355
21 w 17 0.1419797577595866
21 x 68 0.08801910956036763
22 a 50 0.004835553047121022
22 b 86 0.0017144317664428144
22 c 22 0.04047162847145691
22 d 55 0.027332920209619638
22 e 25 0.0458778552967557
22 f 75 0.09914701204946796
22 g 94 0.022763063588498444
22 h 49 0.025834832284642895
22 i 44 0.029346093375697935
22 j 55 0.07426333473423707
22 l 98 0.08549398761479354
22 n 41 0.023575902450540087
22 o 81 0.19453131321645822
22 p 99 0.01211924179442625
22 q 6 0.0492303074463778
22 t 5 0.008738266122249483
22 u 9 0.02311692420380962
22 v 27 0.015105835373284804
22 w 29 0.04039748908815477
22 x 96 0.04126186703630397
22 y 64 0.12188229814329377
22 z 65 0.012121630901402058
23 a 91 0.006067904913542588
23 b 53 0.033172359457105616
23 c 89 0.02424128889931665
23 d 27 0.020943355069526937
23 e 12 0.21364574500008982
23 f 65 0.00031187190644543783
23 g 3 0.026639987733427906
23 h 24 0.01467173975068048
23 i 0 0.01436004429154858
23 j 49 0.017046031319490118
23 k 42 0.07618482826201523
23 l 59 0.006669389071427667
23 n 88 0.000313221520051421
23 q 20 0.023560700274374735
23 r 83 0.23526387804420845
23 s 88 0.01175098252077933
23 w 84 0.07391633987699298
23 x 74 0.0036587881451040083
23 y 82 0.03742959559534864
24 a 25 0.26767344307731167
24 k 3 0.1789225983393169
25 a 83 0.02342574858517743
25 b 48 0.02425664224042101
25 c 18 0.08183571203051498
25 d 38 0.09243919360147579
25 e 77 0.011835879352315448
25 f 30 0.023382826264134238
25 g 78 0.05066962749925852
25 h 76 0.030092759222507648
25 j 52 0.02789859208178236
25 k 44 0.022991893970244703
25 l 40 0.05216632503721974
25 n 86 0.09025707383295145
25 o 3 0.16268402784737312
25 p 5 0.007564956505626719
25 q 46 0.046069584066009917
25 r 6 0.010251440110418453
25 s 76 0.03952144482887565
25 t 41 0.008123676538655644
25 u 35 0.0073958193462582145
25 v 33 0.024815735932904537
25 w 29 0.006775153251350807
25 x 3 0.061870635882709246
25 y 30 0.004978288204714687
25 z 83 0.022721848052523197
26 a 19 0.10600906402357746
26 b 72 0.04882901193249656
26 c 47 0.017549632070580357
26 d 14 0.01656350603713752
26 e 58 0.0483546713685411
26 g 37 0.018145047619380517
26 i 85 0.03432639365310475
26 l 22 0.07938990532258827
26 m 36 0.0897509942314133
26 n 86 0.06779238616999839
26 o 4 0.08519270981910443
26 p 87 1.9462445469242695e-05
26 r 60 0.05070527686607418
26 s 76 0.05107182083685424
26 t 56 0.018799397874108115
26 u 41 0.06088736006785822
26 v 48 0.12328651376729949
26 x 69 0.040404859081766054
26 y 15 0.008665170852390713
26 z 63 0.028093087397454197
28 a 85 0.016200024032187343
28 b 51 0.0649993646895598
28 c 85 0.1748858352792284
28 e 94 0.0011810577832145341
28 f 75 0.196719861170913
28 g 71 0.030635169736126455
28 h 81 0.015568613573670453
28 j 51 0.05008709046611837
28 l 65 0.038771658909360074
28 n 39 0.0420056941368141
28 o 83 0.06561857708451668
28 p 13 0.06393347853669062
28 q 5 0.027745167290962103
28 r 96 0.01405249755972482
28 u 97 0.04347183812736033
28 v 81 0.013294005624738592
28 w 61 0.01070436768617744
28 z 63 0.053756147158037226
29 c 31 0.01774794209864905
29 d 57 0.11670496150096465
29 e 65 0.10113475710850339
29 f 67 0.12566974601884795
29 p 66 0.12742909124383617
29 q 39 0.029081827062740206
29 r 42 0.006324820866291714
29 s 79 0.08852348542663757
29 t 34 0.26582597447766776
29 v 87 0.10504399407791465
29 x 22 0.006991408029973556
30 l 14 0.07763859529049211
30 n 31 0.5156124388827767
31 c 12 0.032351142020976
31 d 92 0.02306525689793515
31 e 79 0.09196749285353145
31 f 61 0.021531114878334923
31 g 0 0.014377375117979763
31 h 89 0.014335492457997923
31 i 32 0.03313033442359836
31 j 42 0.1056574170946255
31 k 77 0.020539049718495184
31 l 22 0.0006750540412501227
31 m 36 0.020432997116743734
31 n 71 0.0428222925013243
31 o 46 0.011291329696858976
31 p 28 0.02764839958971188
31 r 48 0.00037757909992586214
31 s 42 0.04503524230549982
31 t 63 0.012691475031177069
31 v 21 0.05092627828223395
31 w 92 0.12409688181016465
31 x 7 0.06822201452805965
31 y 34 0.06695042285983499
31 z 13 0.16642333758659944
32 e 57 0.3005790001679418
32 n 97 0.6974732128931135
33 e 98 0.39152214889021564
33 f 57 0.12602606975765163
33 i 22 0.08628085401838637
33 n 62 0.015175408033302196
33 z 51 0.16181220368027804
34 e 51 0.011253224268952922
34 w 50 0.1601459699376272
34 z 6 0.749483068923923
35 a 38 0.11143273371162699
35 b 79 0.008800069117267273
35 c 57 0.22443975830256857
35 h 62 0.054936985847019004
35 j 78 0.0841695544200155
35 n 62 0.004415117274435998
35 p 46 0.09010586357770667
35 r 1 0.03156417417407298
35 s 33 0.22313262259100608
35 v 91 0.015059931913516844
36 a 80 0.02232008882450065
36 b 94 0.02856613509865058
36 d 86 0.08404357871068158
36 e 44 0.13338841368890864
36 f 85 0.020744027125913278
36 g 57 0.008834092112950609
36 h 30 0.03276002591302163
36 i 3 0.010378032626457423
36 j 97 0.0058801491618423185
36 k 90 0.06359074472830528
36 l 24 0.06969802300633798
36 m 56 0.029662051201457373
36 n 41 0.06184548628204278
36 o 99 0.0073155696162063855
36 q 92 0.03629497265451387
36 r 18 0.042986019748416426
36 t 97 0.03574071559039538
36 u 41 0.002067617765554308
36 v 31 0.02476036560017114
36 w 64 0.027431386616295406
36 x 3 0.028383822499261302
36 y 86 0.053339957655446524
36 z 13 0.06431167890303491
37 a 54 0.09362828666751
37 b 28 0.0432338580760534
37 c 91 0.017399767967263058
37 d 1 0.0372740356701633
37 e 26 0.016263433923172643
37 g 22 0.10795663971026848
37 i 78 0.0268664910366595
37 j 57 0.04576126999471819
37 k 90 0.007088809621832781
37 l 20 0.047003128860770516
37 m 74 0.19654879980900797
37 n 10 0.02239429852066377
37 o 97 0.07294633057185418
37 q 34 0.021080579854150683
37 r 72 0.05468264103899889
37 u 91 0.047575167078938274
37 v 96 0.029259030236974848
37 w 9 0.07197300695335107
37 x 45 0.03489185903403014
38 a 90 0.010329655412698369
38 b 50 0.003361500027491693
38 c 3 0.014759958161525977
38 d 66 0.03440632692943524
38 e 67 0.10834018296866366
38 f 90 0.02248797951399928
38 g 4 0.06449173410699294
38 h 26 0.002486820501951148
38 i 21 0.016543236558664742
38 j 89 0.01772403466665351
38 k 58 0.00867287157240415
38 l 34 0.08487643789998833
38 m 9 0.02955919602053181
38 o 54 0.0008266427728279568
38 p 12 0.05000743522128315
38 q 61 0.026534907038707645
38 r 53 0.04497907014818847
38 s 67 0.05122221898481083
38 t 62 0.02024647282029457
38 u 2 0.02365106362599545
38 v 71 0.033941093549821666
38 w 20 0.02802158222126727
38 x 21 0.12946829341045496
38 y 78 0.04809908013708075
38 z 73 0.10558556489035975
39 c 29 0.012411399822587432
39 f 83 0.11360764464139583
39 g 11 0.10812984225696998
39 i 97 0.037555217279263364
39 j 17 0.20256997575514446
39 m 86 0.14581875956763468
39 s 52 0.0719666938090523
39 u 3 0.08562334968101704
39 x 78 0.05480857345638801
39 z 30 0.08023039244853392
40 d 63 0.0024256668566179362
40 h 42 0.011754732039299332
40 i 24 0.05443957850875736
40 k 39 0.3267523089640325
40 m 8 0.01647301311601368
40 n 1 0.17684954080057969
40 p 52 0.08411394385518245
40 q 83 0.006011338123179777
40 s 81 0.0652867585013569
40 t 66 0.09095566105826192
40 x 83 0.05170408702457063
40 y 69 0.05333567838396547
40 z 57 0.033095498088313136
41 a 13 0.17886085255634399
41 y 38 0.6487336834869877
42 b 22 0.03677567020988637
42 d 56 0.10397530950865463
42 e 60 0.1782303696605254
42 f 65 0.0030650749884010287
42 g 68 0.07472931521214199
42 h 86 0.023410620034489682
42 i 21 0.10862521184182561
42 k 66 0.02051438204951339
42 l 13 0.029130766917249473
42 m 86 0.01675551882510362
42 n 11 0.012805160607205157
42 o 10 0.10124211903002578
42 p 29 0.021195196040747377
42 q 57 0.0542307016011927
42 t 94 0.01878312180826025
42 v 43 0.002076014935446513
42 x 51 0.11008386100276579
42 y 32 0.0049448877122317825
42 z 53 0.029317860299971188
43 j 4 0.9727428958412089
44 z 25 0.46826039860363866
45 a 47 0.00525916065933929
45 b 5 0.03947139181267478
45 d 85 0.024751395275024013
45 e 77 0.03504092923936453
45 f 12 0.018673396889962057
45 g 38 0.0010138840798120663
45 h 92 0.047149961450637434
45 i 35 0.011382482780958325
45 l 91 0.029900365460731382
45 m 59 0.09312274190954883
45 o 61 0.052838291168597395
45 p 34 0.11755088764632049
45 r 44 0.020128500637578317
45 s 50 0.17574984291986462
45 t 96 0.005964061946167609
45 u 42 0.04902657265770971
45 w 24 0.019348318411428034
45 x 54 0.03807084850579745
45 y 39 0.01490068956464019
45 z 39 0.023271977207459438
46 e 13 0.33061159375534643
46 h 62 0.3714071679017401
46 w 94 0.08706137005180259
46 y 29 0.08667405537689354
46 z 31 0.019592739302957574
47 a 45 0.010458710952366057
47 b 81 0.012415941185483725
47 c 39 0.004112678365938871
47 d 67 0.011338393288455095
47 e 60 0.04631185048300834
47 f 77 0.126453237338378
47 g 24 0.002259839568953481
47 h 39 0.009312907570168782
47 i 51 0.009591419409631596
47 j 41 0.049509499278458935
47 k 92 0.03419500897885308
47 l 80 0.030316054436465123
47 m 61 0.12275421386557606
47 n 61 0.007467950559914893
47 o 81 0.04215363110266346
47 p 32 0.03755300438348241
47 r 50 0.02005295245222871
47 s 81 0.0073350287919737855
47 t 90 0.005058755149835337
47 u 12 0.0010156706620568778
47 v 42 0.15041279050735368
47 w 31 0.031620055126462376
47 x 27 0.006098684600593041
47 y 13 0.0043013673206029335
48 d 77 0.07671471858821743
48 e 21 0.03549444653822276
48 f 69 0.11970081378414865
48 g 49 0.020179425743620416
48 h 94 0.006658003234108145
48 i 25 0.2415309701038939
48 k 80 0.04674554726576585
48 p 51 0.0042542880017228946
48 s 89 0.14696624388036972
48 t 58 0.05083707706069529
48 x 87 0.044511938279479746
49 a 94 0.03995766663963274
49 b 30 0.0737025453705955
49 d 48 0.0822326131264518
49 e 70 0.15948448287823425
49 h 56 0.03683049114599479
49 l 32 0.024005406023999365
49 m 73 0.014653579031020159
49 n 67 0.15429809360383395
49 o 15 0.004523748887372836
49 r 27 0.13784472478720078
49 t 6 0.10326337933405072
49 u 67 0.009862592277542825
49 w 41 0.0008733227825611367
49 x 97 0.0835826914744855
49 z 79 0.04012007298760534
50 a 8 0.09119233586154074
50 b 82 0.0007345386133599252
50 c 32 0.03054595021631945
50 d 0 0.07509177583015414
50 e 99 0.012884859281959926
50 f 97 0.06576424252765833
50 h 54 0.05108490689815581
50 i 86 0.008439152218121748
50 j 84 0.011501153778697315
50 l 58 0.053738246080509144
50 m 59 0.023393917511366435
50 n 8 0.039632469925727
50 o 74 0.04112844362277246
50 p 21 0.13558441733379867
50 q 6 0.11302093605397412
50 r 7 0.013122092595504342
50 s 57 0.00835448537639727
50 t 1 0.015937356602783836
50 u 21 0.01580916315910097
50 v 36 0.02771550728127037
50 w 84 0.04308462405917379
50 x 43 0.017721362658372763
50 z 82 0.10087467227200952
51 b 64 0.09256911932881318
51 g 21 0.08108595402588392
51 j 20 0.16753793977606624
51 k 40 0.04753263238536709
51 l 27 0.0017522304854132864
51 n 41 0.0071893911048052095
51 o 43 0.008365261532626955
51 q 8 0.11293197000062638
51 s 75 0.01336443671175902
51 t 16 0.056545487717565845
51 v 12 0.07117803622092356
51 x 40 0.2459515439743527
52 a 40 0.026130708456596263
52 b 65 0.0025124021282340037
52 c 62 0.0030264837317931503
52 d 18 0.08322454487870223
52 e 1 0.04450700111424577
52 f 65 0.08811055119562394
52 g 67 0.07389516605446245
52 h 12 0.023501970213721246
52 i 58 0.005799552717975498
52 j 62 0.013985510036402915
52 k 37 0.07226776648179534
52 m 91 0.05808017934225551
52 n 22 0.0160866711747365
52 o 61 0.07813222885718274
52 p 89 0.0013031528523406166
52 q 83 0.029867315224394453
52 r 72 0.0775056208621564
52 s 27 0.026773256118547528
52 u 24 0.05656822434015796
52 v 4 0.015515261514353673
52 w 98 0.01015159322225967
52 x 66 0.08130560658851516
52 y 22 0.001741360378280099
52 z 83 0.05196827524254333
53 a 33 0.04210613691641829
53 d 6 0.05819084988479095
53 l 64 0.0982260883970002
53 r 0 0.13734662021048238
53 s 17 0.39356956916060004
53 t 17 0.11183551100712841
53 x 51 0.038565427295770394
54 b 92 0.07497963147186526
54 c 17 0.013069347015150834
54 d 95 0.031089133398291335
54 f 63 0.05741349834670628
54 g 57 0.07672536629302762
54 h 25 0.035358342308446034
54 i 94 0.009273472322863352
54 l 63 0.04669453156730019
54 n 89 0.021200681949641753
54 p 25 0.04077983287590803
54 r 39 0.027928250072738803
54 t 45 0.02360105198538598
54 v 22 0.0710500250602989
54 w 25 0.045591873770600366
54 x 19 0.0749328638279898
54 y 73 0.3024740233217774
54 z 3 0.03536689933210635
55 a 29 0.05816141418575849
55 b 57 0.023545093915107063
55 c 12 0.07599963431765888
55 d 5 0.003773609592923388
55 e 69 0.14706354700469748
55 f 79 0.13357171621115627
55 g 26 0.006005591031457924
55 h 74 0.04475395651902481
55 i 95 0.03449125037487
55 j 64 0.09432497197357481
55 k 39 0.06249837281843762
55 l 38 0.005326387661081844
55 o 16 0.08585210682841049
55 q 40 0.0721456347171886
55 r 52 0.007137468135185454
55 w 66 0.027129676063461283
55 x 10 0.020541022930875896
55 y 76 0.021450360556330428
56 a 3 0.10348084782913458
56 c 27 0.03567594949529096
56 e 14 0.15524917804261817
56 l 20 0.0493597199318343
56 m 71 0.02601028236753078
56 p 54 0.18844897379929215
56 s 67 0.16546097892065803
56 v 76 0.21707820463004657
57 c 23 0.03642922452291153
57 d 1 0.017955740884965432
57 e 31 0.1066690485264532
57 g 2 0.030040877444442504
57 h 42 0.027958619425538123
57 i 63 0.07132149458576131
57 j 60 0.12821341814537623
57 k 19 0.039398335048666966
57 l 88 0.04717813667144055
57 m 0 0.09724766821334652
57 n 62 0.0981788306070216
57 q 79 0.10516947248861053
57 s 0 0.09689997191798483
57 t 68 0.008374890084038578
57 u 52 0.013214720214032916
57 w 24 0.03200181236158095
57 z 23 0.033147871508630744
58 k 1 0.49721911524759843
59 c 74 0.15699628116950914
59 e 97 0.14588628546376148
59 j 51 0.0022490676418992495
59 k 63 0.01931506896771995
59 n 1 0.020393686158509672
59 q 15 0.21332149064847328
59 s 92 0.12020745952236489
59 u 37 0.03469144300836169
59 v 62 0.18163162214712958
60 a 35 0.1201323439383708
60 d 13 0.11485598473817282
60 k 92 0.11923249958272097
60 o 80 0.11445321534166786
60 q 27 0.37782069563974097
60 x 19 0.08125294838059549
61 d 3 0.10192678380236497
61 g 91 0.5611605661153024
61 v 5 0.060101519695612615
61 y 74 0.09104300469011595
62 h 36 0.33555920002153083
62 n 56 0.29649026941440804
62 y 86 0.11349379592291853
63 a 37 0.010241823693718621
63 d 7 0.024777613796727604
63 g 55 0.01210213249928671
63 h 8 0.2141544930460143
63 j 57 0.020289775051127723
63 l 65 0.046299270165010564
63 m 71 0.28001947587805
63 o 74 0.02998933094287992
63 q 18 0.1160136744591298
63 s 56 0.0493623407606274
63 u 96 0.1720308882945577
63 y 1 0.0020389563821898715
63 z 35 0.0029251436221321425
64 c 58 0.27863004940722325
64 l 87 0.046277899923253485
64 s 97 0.0049605954739898594
64 t 31 0.09840358863214949
64 z 17 0.20158583784562856
65 d 3 0.035208579761348946
65 q 96 0.0857477183597748
65 r 72 0.23712281159965576
65 t 66 0.046618830449792203
65 y 31 0.09729247319953127
66 a 19 0.005300669253619272
66 c 39 0.06561129221873097
66 f 47 0.03691706859483357
66 g 95 0.016991097057808102
66 h 38 0.15069658508042094
66 j 52 0.05508948467453434
66 k 72 0.03656770357732919
66 l 42 0.03042210860737804
66 m 16 0.02201935007568656
66 n 75 0.046210501156266126
66 o 58 0.0001412904192759079
66 p 36 0.07221032094349689
66 q 70 0.08320214450451968
66 r 22 0.10361077041531785
66 s 42 0.058114274569914026
66 t 41 0.009387149398363714
66 v 20 0.05373866358557122
66 w 96 0.02495611835118472
66 x 80 0.0003846024961977612
66 z 32 0.01367502133815146
67 c 99 0.5099492100661743
68 c 98 0.21789422225360477
68 l 47 0.018831092581544917
68 p 26 0.025183407677985215
68 s 22 0.06647080408739015
68 t 25 0.040744963374389265
68 u 30 0.025370134259974697
68 v 0 0.5898645508075864
70 a 34 0.04539470963418912
70 b 92 0.08040314241967239
70 e 2 0.10678391986288138
70 h 95 0.09537589242925237
70 j 53 0.20069122482257296
70 m 15 0.11238613162545408
70 n 55 0.044659704221032714
70 o 64 0.0007960512202550563
70 s 39 0.07656034474206042
70 u 95 0.036265958940356335
70 v 62 0.01850661049918123
70 w 63 0.01170992983967234
70 y 12 0.013022401358955715
70 z 65 0.045192046250010165
71 d 73 0.15335665518570196
71 i 36 0.062130715342637255
71 n 34 0.17425866940787593
71 p 29 0.027014405536450514
71 q 46 0.06967258683034427
71 u 84 0.043714395907743064
71 w 27 0.22960446982218374
72 c 76 0.33731073462456895
72 e 52 0.0486207131855787
72 g 58 0.07732143276551695
72 h 96 0.10384464825875783
72 l 59 0.1344341206946701
72 m 38 0.010639127708271578
72 n 38 0.13083502951708137
72 o 17 0.015481450394540519
72 p 50 0.04660978309880848
72 r 18 0.053360758374416895
72 s 26 0.004217590002600802
72 x 42 0.014427728593579991
72 y 68 0.002438061475121267
73 b 24 0.00520490294156839
73 f 14 0.05426834748820275
73 o 98 0.11496501649348512
73 p 10 0.34122022248748385
73 t 89 0.18662058839256657
73 w 57 0.05604150919175854
73 z 12 0.130763012477909
75 a 42 0.03991036675935078
75 b 34 0.011370010585067702
75 c 52 0.05542710943334561
75 d 53 0.2224657135882222
75 e 63 0.04710737625148487
75 f 25 0.00041611837790056505
75 g 89 0.012794228470217273
75 h 25 0.00958513258382998
75 i 13 0.2241701422530783
75 j 16 0.053760174524052795
75 k 18 0.019763968184977276
75 m 88 0.11343578983971858
75 n 22 3.872918825931215e-05
75 p 5 0.12511432295297664
75 r 80 0.026114235239386274
75 u 55 0.016361055963124982
75 x 86 0.01526190163245611
76 b 40 0.1897566863684248
76 c 92 0.011521785340491864
76 f 64 0.0019186577366659963
76 g 78 0.018510840736822187
76 h 6 0.11573344802549312
76 i 5 0.027089579465647606
76 j 80 0.03020229965245491
76 l 83 0.14401402249982354
76 m 59 0.047549467628812514
76 n 47 0.05688554972341697
76 o 45 0.06548590384275788
76 q 60 0.02913563707851774
76 r 98 0.02096465153957361
76 t 55 0.10366268738822526
76 u 70 0.017225058494338086
76 v 21 0.04272917014331312
76 w 8 0.011311736520342563
76 y 26 0.01818224477279673
77 b 50 0.03449794627922942
77 d 6 0.09583746906384538
77 e 1 0.08392867628952583
77 f 60 0.01732557424426595
77 g 56 0.03233354194732552
77 i 24 0.002840755310180576
77 j 64 0.050965424933681946
77 l 68 0.008852919719166463
77 m 78 0.0475968566935554
77 o 61 0.17022763318106993
77 p 74 0.055869983838153
77 r 18 0.049687452458724635
77 s 89 0.004819190632318504
77 u 10 0.0455317268075347
77 w 78 0.037494911905849415
77 x 15 0.07572124020173354
77 y 26 0.06786775436170989
78 a 16 0.0030504511842013304
78 b 38 0.018411308394988057
78 c 84 0.04400051232224267
78 d 58 0.015055466238925064
78 g 81 0.014902485789786812
78 h 61 0.002981137812784307
78 i 67 0.06031393326928147
78 j 84 0.06391131772401681
78 k 52 0.01497781708152579
78 l 93 0.01581265683210331
78 m 15 0.0798469006582645
78 n 6 0.051669693356417246
78 o 55 0.08254762156969009
78 p 34 0.058975382177350766
78 q 84 0.05116707743055848
78 r 41 0.0454744998968033
78 s 53 0.02140893264948307
78 t 86 0.011962262470307627
78 u 67 0.10036005814861637
78 v 24 0.030710896687547562
78 w 59 0.08043214665254361
78 x 11 0.0005873475678835893
78 y 54 0.0743169642326742
78 z 71 0.013542969684218753
79 b 80 0.03442531612826538
79 c 78 0.014432149539677974
79 d 50 0.07570490750207404
79 e 1 0.08205301160086376
79 f 99 0.012306742005795401
79 g 31 0.01707025562171327
79 h 82 0.0070652110455379225
79 i 91 0.03561777480465056
79 j 11 0.005564797411102496
79 k 32 0.03785819324374151
79 l 41 0.01469220155437756
79 m 83 0.031812504404003406
79 n 80 0.011340465722422755
79 o 57 0.07523746097727313
79 q 51 0.0685145508506726
79 r 12 0.026702484254292447
79 s 58 0.03982502452802128
79 t 43 0.10015155520940566
79 u 94 0.018448743735485662
79 v 76 0.10436003383090842
79 w 90 5.8593175785381924e-05
79 x 68 0.03282792107661858
79 y 32 0.0015706384783018557
79 z 53 0.07808585354090758
80 a 15 0.012233751742067978
80 c 10 0.0983649995409076
80 d 29 0.19247045610608782
80 e 11 0.022643351424913916
80 f 62 0.01669322837556353
80 g 50 0.02656700835158765
80 h 79 0.026639454289378417
80 i 33 0.051715452934903094
80 j 87 0.006978330645930786
80 l 95 0.04877766038565545
80 m 16 0.07465816318179175
80 n 54 0.014780825709714507
80 o 48 0.026538238726152796
80 q 73 0.058430966983116894
80 r 60 0.045330416474148705
80 s 47 0.0027922109947979834
80 t 67 0.056829134146351046
80 u 3 0.03744213098257443
80 v 54 0.07861948604942781
80 w 75 0.02157713240344128
80 x 64 0.0032882483035672205
80 z 47 0.04712177090877412
81 a 84 0.060946142436945516
81 b 71 0.030108995577627584
81 d 64 0.034027604374355924
81 e 30 0.1351629253986042
81 f 16 0.07903804913326362
81 h 60 0.031122884331106104
81 j 47 0.02910821284027454
81 k 82 0.037421437829355475
81 l 18 0.04425731183232218
81 m 5 0.0034162618002324674
81 n 91 0.05227534913798548
81 o 33 0.017769662133681363
81 p 89 0.03163786398159829
81 q 47 0.039606178404940184
81 r 91 0.008584121880891527
81 s 74 0.027188783266750893
81 t 83 0.02666190385030809
81 u 52 0.024026046639847753
81 x 43 0.009181267291131667
81 y 2 0.21245922384483829
81 z 10 4.5985376147861245e-05
82 a 47 0.05346142958924949
82 m 51 0.18585750162783943
82 p 46 0.37064093954986665
82 s 22 0.053890774179871426
82 t 60 0.06334169059246242
82 x 66 0.22077308451713096
82 z 36 0.013639097933430433
83 c 60 0.1447971289608716
83 e 9 0.2198120617963396
83 l 43 0.2303884118656898
83 s 80 0.12879156345458076
83 y 43 0.1479688455198095
84 a 21 0.03478756068277722
84 b 48 0.13531072087332308
84 c 69 0.04811869412587588
84 d 65 0.011537015747164814
84 f 13 0.015399678275564321
84 g 33 0.0010175837063257642
84 h 37 0.003118341896792165
84 i 61 0.10533128117440393
84 l 90 0.004405399090648743
84 m 46 0.06805685930587646
84 n 82 0.014709694042494004
84 p 16 0.1874317890942232
84 q 70 0.021040480475166268
84 s 89 0.1391772994638304
84 t 18 0.0013110342083677562
84 u 63 0.03516716629962058
84 v 74 0.025188116638433566
84 w 5 0.013943930319635034
84 x 1 0.09833634902788024
84 y 84 0.03527049754187117
85 a 94 0.0233564506377969
85 b 52 0.02815849885596633
85 c 30 0.05648679261048839
85 d 97 0.05999786288190612
85 e 72 0.05542095063329433
85 f 94 0.13362594641109005
85 g 28 0.008111328952697616
85 h 0 0.01607675316423951
85 i 44 0.06805414754155448
85 j 6 0.12711147656677257
85 k 31 0.026949282663895513
85 l 30 0.0008828429115057546
85 m 74 0.007144691587874341
85 n 5 0.0008520731328759412
85 o 45 0.004088075824875581
85 p 66 0.06901442279161674
85 q 28 0.000624495110526202
85 r 37 0.05831777249498682
85 s 18 0.01489847498111141
85 t 30 0.01640981539704922
85 u 51 0.017376851803334814
85 v 14 0.05883804567547102
85 x 45 0.10652009038394994
85 z 49 0.02858034696281908
86 a 49 0.0012765590375878322
86 c 4 0.03436931934528753
86 d 91 0.12096215169377722
86 g 36 0.191176712095652
86 h 17 0.026621430598467888
86 i 90 0.07801385729474053
86 j 10 0.0937816079504078
86 k 67 0.15947855931329102
86 n 10 0.00984043590816941
86 r 37 0.0014979516612404487
86 s 96 0.21075803177790764
86 u 20 0.005168320706101737
86 z 93 0.028466256185331273
87 a 14 0.05859277108971883
87 b 17 0.009863689402872966
87 d 75 0.011754078376326027
87 e 50 0.008791613169480184
87 f 24 0.07037021110146702
87 g 72 0.055564401444289646
87 i 7 0.05816040887629126
87 j 62 0.15085006920897448
87 k 61 0.047032011801077744
87 l 55 0.12243680651533917
87 m 52 0.005548335910978364
87 n 16 0.03563908395702131
87 o 58 0.01651075725421991
87 q 43 0.07200693258355184
87 r 59 0.04365065070905527
87 s 38 0.0034750755232771935
87 t 23 0.021654232178453303
87 u 44 0.06909323943567636
87 v 53 0.022271125872844744
87 w 38 0.07562922809143713
87 y 90 0.008499530332299998
87 z 52 0.0008685478132747226
88 a 44 0.023821395722655736
88 b 87 0.07261083991426331
88 c 39 1.4481617999884122e-05
88 d 12 0.001315884605447959
88 e 28 0.0054515300935733535
88 f 97 0.0486740064133413
88 i 27 0.03797319868876492
88 m 96 0.19686010328108083
88 n 83 0.01097676929108038
88 o 33 0.0856260392892163
88 p 96 0.21066747526988394
88 q 71 0.009269133846057542
88 s 65 0.09940754736994051
88 t 38 0.0283431296007135
88 w 51 0.0003099876749672603
88 x 7 0.013991472585487386
88 y 2 0.08189101615597727
89 b 15 0.07566015059782183
89 h 8 0.08311211869560287
89 n 41 0.08343654266347489
89 r 21 0.038941034069222225
89 s 93 0.2322087780970553
89 u 66 0.014033685074507307
89 x 62 0.0025221638561738757
90 a 18 0.02893293583923584
90 b 68 0.026948388928635825
90 c 13 0.054925849110142644
90 d 76 0.10514569583679156
90 e 34 0.023265710283476015
90 f 66 0.06876905536645483
90 g 42 0.05813140108539128
90 h 56 0.08143772829726081
90 i 69 0.018436064199748747
90 j 4 0.06781611167231949
90 m 30 0.007098460910501259
90 n 45 0.11706322391078905
90 o 37 0.011191075090540958
90 p 66 0.04177339563880467
90 q 9 0.023415782701164067
90 r 18 0.032417985594133114
90 t 46 0.0006891261645607383
90 u 42 0.07482307287034484
90 v 51 0.044608714944153194
90 w 17 0.005459058040203413
90 y 17 0.09685780265689303
90 z 82 0.0005674278862071169
91 c 74 0.18530527701991273
91 d 86 0.05967364571268141
91 e 82 0.02291786703462184
91 i 94 0.015614090186480967
91 j 0 0.009031474071536372
91 m 95 0.02204096416755652
91 p 72 0.017564104187073437
91 q 7 0.07136880240916554
91 r 74 0.04956577166116172
91 s 5 0.0341607406106611
91 t 44 0.07918832396812159
91 u 8 0.06741356590410363
91 v 15 0.1022771844159347
91 w 2 0.0332607042837576
91 x 63 0.048642032874110286
91 y 77 0.07618787222822854
92 a 31 0.1115214205378029
92 e 42 0.062152121243492564
92 m 13 0.2948003022508191
93 a 61 0.06428015875966209
93 b 3 0.06157501054814263
93 c 98 0.0073836296979038485
93 d 92 0.021057021222857464
93 e 13 0.04869338093851072
93 f 27 0.032946620114869374
93 g 84 0.025910494964444086
93 h 94 0.05741624238382592
93 i 14 0.08680384945084363
93 j 76 0.008609566252761103
93 k 42 0.003917846073950737
93 l 16 0.020287393617870797
93 m 7 0.04342497193457828
93 n 34 0.025295399734810875
93 o 25 0.02597245686847771
93 p 48 0.013249663906388154
93 q 84 0.07596733341349682
93 r 6 0.010141111591018603
93 s 95 0.008174177737616417
93 t 77 0.06477984664738612
93 u 33 0.004343151128073708
93 v 94 0.013465985471192154
93 w 12 0.04574004926417441
93 x 38 0.056364716250427827
93 y 80 0.037204654934488546
93 z 76 0.0570394831981651
94 a 57 0.11394647278387415
94 b 19 0.24504505837450896
94 g 46 0.12179999544983344
94 h 57 0.04784577411594204
94 k 46 0.12963626683204776
94 n 13 0.15390422494309286
94 q 50 0.019513693653425368
94 s 35 0.14863001575007706
95 b 29 0.038264210436574686
95 f 46 0.020116185365503858
95 g 29 0.041014429187671064
95 i 66 0.09617937765808326
95 j 94 0.0008569569691601053
95 n 65 0.04624993747245432
95 o 30 0.09887412479989
95 q 94 0.2189031001179823
95 r 60 0.045013489111465854
95 s 6 0.050759706394024606
95 t 38 0.17486727433523463
95 u 37 0.030039273289784396
95 y 78 0.02046594971202209
95 z 80 0.04224897428095098
96 d 33 0.04427250772126434
96 f 83 0.08895591357408683
96 g 97 0.35200628808552026
96 j 40 0.062161808422582565
96 l 97 0.25965168023691965
96 o 91 0.0336158016394722
96 x 47 0.04581110592509907
96 z 95 0.09374714762872949
97 a 47 0.1212434950148551
97 b 54 0.033634702262982596
97 g 91 0.028093312334392495
97 l 33 0.13287159362790124
97 r 55 0.0149676507929134
97 s 41 0.024505587191971934
97 x 3 0.24233040116415938
97 z 90 0.12250432633627673
99 a 21 0.0041402262556932135
99 c 49 0.014638616441789876
99 f 85 0.15111632402035025
99 j 72 0.034936887767119784
99 k 91 0.1099484752850578
99 l 4 0.005122924403435203
99 m 61 0.051823793011001484
99 n 97 0.09970242618739522
99 p 41 0.09217432357954014
99 r 58 0.10143867679509666
99 t 1 0.05775159355234183
99 v 9 0.061912590866646355
99 w 33 0.04619317111886667
99 x 67 0.022333656148217584
99 y 85 0.04334560656825004
99 z 13 0.04030911228487066
