122 26 1577
0 0.005536249691772355
0 0.25075932181982197
0 0.4715312241497739
0 0.7192206371852832
0 0.16686029961666105
0 0.04647122410959914
0 0.041380277312532354
0 0.013326191095449857
0 0.051368488478340524
0 0.021685633098895374
0 0.1982406970922116
0 0.05173612855733034
0 0.008237231918858723
0 0.0391455736945151
0 0.058528774775362113
0 1.0
0 0.0032197865498813094
0 0.07206041550559816
0 0.03498857465321892
0 0.036013545107323464
0 1.0
0 0.022436529840067054
0 0.04959058425682483
0 0.009478687617371029
0 0.0151972245890305
0 0.12290699230752011
0 0.05153506488129789
0 0.10673957449387284
0 0.19707457949375773
0 0.7236088526404518
0 0.0714400313827771
0 0.11116298036677241
0 1.0
0 0.023807107089069746
0 0.06274060201756537
0 0.050275961222546184
0 0.00044007061042350415
0 0.159344901375009
0 0.04294141289939046
0 0.36398814275583136
0 0.06869736090893408
0 0.06141723695382306
0 0.07854164809086417
0 0.2488689319136138
0 0.10313941206096777
0 0.1386067713667889
0 0.0670759942634237
0 0.07172596073134618
0 0.061372190448247155
0 0.0010207903890907533
0 0.09646895393721155
0 0.1279846552733186
0 0.010543259576044628
0 0.01996234230399896
0 0.139293351652782
0 0.0542852160070284
0 0.023409606888342926
0 0.05752621934615865
0 0.20423109840351317
0 0.3756543100273835
0 0.23333281471576772
0 0.028598790677249797
0 0.002783896183075507
0 0.009543485980911037
0 0.08452827516239736
0 0.2633509744342135
0 0.011698590194923697
0 0.14545617272479117
0 0.013712506139974878
0 0.24871587872976042
0 1.0
0 0.21509827881322707
0 0.23644271800127326
0 0.7541979455669245
0 0.007439453339156188
0 0.3880213475893518
0 0.018618577456307683
0 0.054612252985278054
0 0.2512576795029835
0 0.16381690160547047
0 0.01088244714297304
0 0.07996146782793179
0 0.06859262682224321
0 0.03019559292234275
0 0.023456696202186045
0 0.07108715306951818
0 0.19337482070639578
0 0.02362954991051558
0 0.04447986271615878
0 0.11777592682605964
0 0.047512831513150444
0 0.03754265698888326
0 0.07538579671837597
0 0.12310892617456515
0 0.04337919373773036
0 0.6650726145981493
0 0.015518117132922726
1 0.10201305389903603
0 0.23745771350670675
0 0.009774276101894408
0 0.15576978234222927
0 1.0
0 0.0778449754217464
0 0.6601501377159741
0 0.043329034123096855
0 0.07027784521338498
0 0.03874137331161087
0 1.0
0 0.13283569646887539
0 0.018610593396559794
0 0.040560279449810555
0 0.08683301534469345
0 0.03909277049082882
0 0.001862223342868452
0 0.23356616688734377
0 0.09959874362551602
0 1.0
0 0.03995823592054759
0 0.04620767680487847
0 0.07966420015409359
0 0.02985265030395534
0 0.03916815665818174
0 a 36 0.21863932453755552
0 d 99 0.03206471078656015
0 g 60 0.07515672196758383
0 h 63 0.025604325729857824
0 i 53 0.008487569662197325
0 j 50 0.11544077933832131
0 k 62 0.10118362610793263
0 l 13 0.1747473187903008
0 m 94 0.013918435807773855
0 n 113 0.021762430554162382
0 s 38 0.010499967266031196
0 t 58 0.010632898341538577
0 v 110 0.02262600778225754
0 w 28 0.07325977231767722
0 y 21 0.08088524224193139
0 z 108 0.00955461907654609
1 d 40 0.1800982838566152
1 l 6 0.17127828877479845
1 t 71 0.3058241209730851
1 v 97 0.0920399845756793
2 b 36 0.024304944617744795
2 d 29 0.03902017794965884
2 e 90 0.11311852953441548
2 k 21 0.2850348617284051
2 p 75 0.01064662005919248
2 w 101 0.05634364196080943
3 a 77 0.06862820545103632
3 s 60 0.2121511573636805
4 b 101 0.019213817627864893
4 c 77 0.02748730052011794
4 d 79 0.028030217408384517
4 e 96 0.05854012483880622
4 f 91 0.040110714009935045
4 g 115 0.05321133677702372
4 i 12 0.014560709633669955
4 j 7 0.07927358639299653
4 k 91 0.0043284960796985406
4 l 78 0.025319708431716603
4 m 70 0.07935051943440441
4 n 121 0.03818981039704206
4 o 105 0.040722890104640586
4 p 28 0.014121131311399582
4 q 14 0.1472121825889613
4 r 39 0.011135974791654513
4 s 38 0.036607116287256325
4 t 31 0.02427459459058856
4 u 71 0.011570217564257135
4 v 64 0.03189546818377931
4 w 106 0.021376745093824367
4 y 7 0.025758441112304076
4 z 103 0.0008485972030127797
5 g 1 0.06923797722712621
5 i 88 0.34041102212964147
5 p 3 0.17330392049009224
5 q 3 0.11526010116532148
5 r 0 0.14702020616498468
5 v 15 0.09840032835879053
5 w 70 0.009895220354444234
6 m 107 0.9586197226874676
7 a 88 0.10685111941415903
7 b 98 0.06414858021426362
7 c 88 0.09526581171550874
7 d 45 0.02043781622498886
7 e 93 0.023694921513313094
7 g 17 0.1313548456989635
7 h 74 0.029454035427887715
7 i 103 0.012263347638729716
7 k 61 0.018033205897994953
7 l 60 0.03319203997897935
7 n 33 0.08449129822674384
7 o 69 0.013129322666211807
7 p 43 0.04912499536744808
7 q 80 0.09662287861690066
7 r 0 0.013850234825109942
7 s 114 0.026724343134245876
7 t 39 0.018159437486708452
7 u 65 0.01857632849595392
7 v 13 0.031763128908627536
7 w 63 0.0590308074686301
7 x 79 0.00042712354842056044
7 y 9 0.010035517798196336
7 z 117 0.030042668636564462
8 b 2 0.006377596686063858
8 c 17 0.054292908617598945
8 d 97 0.1504126116715968
8 f 78 0.0203860310611641
8 g 104 0.011316751245039502
8 j 39 0.03883616162589065
8 k 24 0.05018623799625899
8 o 91 0.017660503537609062
8 r 67 0.040343662289366256
8 s 50 0.04962648550825466
8 t 11 0.006824092557809691
8 u 75 0.33784381401498587
8 v 109 0.05751926085864578
8 w 18 0.04145893964425518
8 z 27 0.06554645420712013
9 a 76 0.09180436995040453
9 b 82 0.01313933437541659
9 c 82 0.003768775192487639
9 d 82 0.018418600266578822
9 g 56 0.048951673692074205
9 i 58 0.003797019147358638
9 j 40 0.011853631343342275
9 k 100 0.009392189372826376
9 l 107 0.076676641236336
9 m 94 0.028250038947196354
9 n 98 0.08662107422368825
9 p 69 0.1175963974412122
9 q 89 0.043313235157614316
9 s 67 0.03575304528239187
9 t 12 0.01461472237543282
9 u 94 0.09519148716301284
9 v 26 0.05371840118662108
9 w 64 0.03669538781866721
9 x 23 0.05594525044621146
9 y 120 0.07096708304787247
9 z 120 0.06184600923435868
10 a 82 0.021030617869454038
10 b 81 0.048985962839707464
10 c 13 0.11187109670638973
10 d 20 0.019587744599472767
10 f 98 0.01907532336327955
10 g 21 0.030031655203263674
10 h 104 0.012411487659401588
10 j 69 0.14408416994909035
10 l 83 0.03931828714382968
10 n 119 0.01503608066730533
10 o 48 0.010515008016758531
10 q 109 0.033776549092633834
10 t 44 0.023789523259335144
10 u 112 0.032948209148754515
10 v 20 0.04788618687289958
10 w 7 0.09837160520335175
10 x 45 0.08943852116873974
10 y 93 0.0026827959087692976
10 z 40 0.0009184782353518495
11 a 20 0.20136881816108076
11 d 98 0.19382915427583036
11 e 109 0.24938696833713747
11 l 19 0.02300641618357946
11 s 35 0.03529083465350946
11 z 5 0.24538167983153214
12 a 118 0.022463492161719945
12 b 53 0.00976424834727685
12 c 21 0.0015454033921022958
12 d 79 0.02344409380455026
12 e 89 0.03757642258369431
12 f 47 0.2866053037743469
12 g 76 0.035854367496617856
12 h 48 0.030572230402010625
12 i 34 0.004753389273232433
12 j 17 0.02657743221895781
12 k 13 0.03932922365945157
12 l 10 0.005004503693109785
12 m 95 0.027708916607300127
12 n 50 0.03508399434769416
12 p 4 0.003790685808039984
12 q 28 0.12192690163884923
12 r 96 0.009483665556597742
12 s 114 0.031187048976246023
12 t 63 0.013478351201382965
12 u 103 0.03148702537559267
12 v 6 0.031225073264290026
12 w 118 0.014688905489078308
12 x 47 0.08331665419782408
12 y 52 0.04231601559932108
12 z 93 0.022579419211854246
13 b 42 0.057724025384091715
13 c 114 0.07192903843439402
13 d 71 0.014165608286864084
13 e 94 0.02553253920479548
13 f 3 0.06223561044819925
13 g 114 0.006279155032351991
13 h 25 0.03412204076233172
13 i 102 0.20112414539596757
13 j 121 0.009531432873388757
13 l 0 0.025196041576652672
13 n 77 0.010390812822248852
13 o 29 0.003978307127786018
13 p 45 0.021991671220626174
13 q 63 0.04465320592709776
13 r 29 0.011372590225626977
13 s 0 0.014449927925403228
13 t 40 0.002315947247694017
13 u 113 0.04517820254424021
13 v 86 0.02842229656886497
13 w 92 0.03671432982801692
13 y 69 0.1097685387830003
13 z 22 0.12377895868584221
14 a 37 0.04645087409414972
14 d 77 0.2153878127014277
14 e 5 0.06782768205087797
14 f 119 0.031173475741475998
14 i 35 0.10445082326833355
14 j 79 0.05314087522622213
14 k 119 0.12423244208702333
14 m 112 0.032897766676963536
14 n 63 0.030536648736491423
14 o 67 0.05505343592099954
14 q 35 0.06939590910674365
14 w 2 0.005980085696178472
14 x 30 0.08249186987336088
14 z 2 0.022451524044389992
16 a 28 0.016746089773271855
16 c 105 0.031585782779886884
16 e 95 0.02221401662125788
16 f 36 0.10534375105209914
16 g 46 0.05061483251730248
16 h 66 0.00391308197054252
16 i 6 0.005886431061005615
16 o 102 0.2516404171674056
16 q 101 0.11146722739579629
16 r 36 0.009689514664538823
16 s 80 0.28943168346613757
16 x 110 0.014729188733683896
16 y 81 0.08351819624719015
17 e 108 0.05742032017342247
17 g 46 0.055052144362519595
17 h 38 0.042409052978179096
17 k 37 0.009836475254411337
17 l 20 0.2071343997996793
17 m 62 0.1743196088508444
17 o 80 0.015546632951016215
17 r 7 0.012772505656471478
17 t 43 0.03508983476100613
17 u 62 0.12546460039996776
17 y 56 0.06656673685022574
17 z 2 0.1263272724566583
18 a 65 0.028912793949262605
18 b 23 0.1268234346692403
18 d 55 0.053871077213985985
18 g 117 0.07888556934173419
18 h 0 0.006813871078483302
18 i 5 0.0010388063151269833
18 j 43 0.04999489017299319
18 k 21 0.03924765791630891
18 l 21 0.1392521120869329
18 m 21 0.006592827244030763
18 o 38 0.114542805308812
18 p 39 0.13843378062098677
18 q 119 0.029252222653576965
18 s 110 0.031056110017798733
18 u 77 0.06882495076525597
18 v 5 0.02407495699825224
18 x 56 0.0002515513985201778
18 y 95 0.027142007595479134
19 a 93 0.04403993275490836
19 b 42 0.09689963217690178
19 d 81 0.09407668150038395
19 g 110 0.01983506444577554
19 i 48 0.16174243270727295
19 s 107 0.06512280102178392
19 t 8 0.1175464329167738
19 v 39 0.0011968821175808442
19 w 99 0.022180317493669
19 x 62 0.0920052485613867
19 y 57 0.2057946771366027
19 z 58 0.04354635205963697
21 a 0 0.02031819140763791
21 c 83 0.04682154664482352
21 e 84 0.10953902835456586
21 f 109 0.006072609220131753
21 g 104 0.005389128251385822
21 h 21 0.030876822582307506
21 i 47 0.0368452789528102
21 j 96 0.03337046599655524
21 k 65 0.039209239992484046
21 l 43 0.06750370637009695
21 m 13 0.023852132129105197
21 n 0 0.05386344281317201
21 o 40 0.03728650595669869
21 p 70 0.18776827595693057
21 q 58 0.009940047282100295
21 r 110 0.01953503668688117
21 u 108 0.04500511155933451
21 v 65 0.08986140829268385
21 w 37 0.04918684342404489
21 x 55 0.00462019285767723
21 y 24 0.04347316682263891
21 z 114 0.017225288605866806
22 a 87 0.02986618124276308
22 b 96 0.0012035001772023879
22 c 92 0.03950430484864076
22 d 81 0.04382108587565514
22 e 34 0.026073648004302452
22 f 23 0.039488626228289525
22 g 63 0.010262040431178288
22 h 86 0.024311298204108045
22 i 87 0.0715612714014533
22 j 30 0.011665415503318788
22 k 105 0.02077984283345491
22 l 37 0.036737325778961605
22 m 10 0.06678567505884514
22 n 103 0.016591523520261497
22 o 7 0.050126664176345925
22 p 47 0.005440750650601678
22 q 28 0.02064605559909849
22 r 64 0.05501381382367787
22 s 41 0.04529318881960698
22 t 17 0.04439894668527389
22 u 57 0.04375131402742727
22 v 33 0.029007726087053043
22 w 102 0.02484141030149445
22 x 43 0.007884384497341301
22 y 97 0.06894119556417688
22 z 104 0.11641222640264248
23 a 6 0.001374548902362105
23 b 110 0.08071597536322983
23 c 120 0.0023645343155475063
23 d 74 0.07216692560592008
23 e 39 0.05520261351598266
23 f 72 0.036365146715186425
23 g 93 0.04983055132216929
23 i 59 0.027722031544158976
23 j 60 0.05819518020902925
23 m 33 0.016554628691865414
23 n 5 0.043723868583079306
23 o 75 0.006825043761904737
23 p 58 0.09160450696368816
23 q 92 0.054042807561506145
23 r 45 0.059116234085668795
23 s 79 0.08148031207370954
23 u 107 0.05979548748249697
23 v 121 0.05049046509213351
23 w 80 0.046316318629617936
23 x 119 0.020568097891356718
23 y 0 0.05580260004217308
23 z 93 0.020263434029842542
24 a 110 0.011365897370162248
24 b 62 0.11661273228567293
24 c 110 0.022006273800119436
24 e 89 0.12201526454627076
24 f 22 0.024045511765971583
24 g 108 0.02634320786110833
24 h 9 0.09650996522600486
24 i 45 0.06849713384654843
24 j 69 0.00530938883205323
24 k 59 0.026214180253641417
24 l 66 0.07913447487960346
24 m 15 0.0560977704941914
24 n 1 0.0450948128353158
24 o 55 0.02745722721264976
24 p 52 0.0036616997620820824
24 q 51 0.03919911271328247
24 r 93 0.004589173785328748
24 t 78 0.015616534677941885
24 u 98 0.05459470628874752
24 v 117 0.04095959296005669
24 w 80 0.04648987688472195
24 x 108 0.0019544547373401278
24 y 101 0.04275993750082552
24 z 68 0.008273844891328874
25 a 38 0.1130221396710821
25 b 29 0.07911466058396566
25 c 58 0.13943269038445927
25 d 27 0.04523827553628601
25 g 49 0.08364411336931465
25 h 94 0.0005835185051378255
25 k 69 0.030284001071517075
25 l 69 0.002121145070491992
25 m 18 0.012377471581968447
25 o 100 0.02161110218733575
25 q 77 0.005271257890001824
25 t 19 0.0889050786152763
25 v 36 0.012687082942039019
25 w 120 0.07402579656806496
25 x 79 0.05404026094561143
25 y 5 0.11473441276992757
26 b 55 0.08124129241664646
26 d 88 0.008983822146000686
26 k 76 0.1045622494007814
26 l 115 0.13990854288637566
26 n 78 0.007432539530485172
26 o 79 0.08647515574179399
26 p 118 0.0017424733590862829
26 q 45 0.22591097655120163
26 r 97 0.13448876626658923
26 s 114 0.04150605164823895
26 u 14 0.043192395707109976
26 w 88 0.07302066946439267
27 g 115 0.04395209567206537
27 h 67 0.6132856681215748
27 x 100 0.23602266171248698
28 b 93 0.13616040632888626
28 n 27 0.04557119417530331
28 p 36 0.056887030310040054
28 s 86 0.12451896448593325
28 w 25 0.32145471871842424
28 x 36 0.1145583563819288
28 z 110 0.0037747501057263655
29 d 50 0.2763911473595482
30 b 75 0.04124913998612678
30 e 91 0.05049975456074063
30 g 35 0.03078532576562021
30 j 57 0.10986350017933055
30 k 92 0.07140431112084311
30 l 116 0.023378194540566444
30 m 51 0.256005514891393
30 p 34 0.05351382820077499
30 r 116 0.02427915374499867
30 t 78 0.14231584158719535
30 x 66 0.11875853853404716
30 z 92 0.00650686550558599
31 a 94 0.08814008329099454
31 b 9 0.024141899272181022
31 e 60 0.021282782372878506
31 f 101 0.03298879233393437
31 h 51 0.09640082852172094
31 i 108 0.007608394661510975
31 j 34 0.026142758478137518
31 k 65 0.26384872877761856
31 l 117 0.09007503043927878
31 r 74 0.05083356810370132
31 v 31 0.02159964533351899
31 w 42 0.13522226659455527
31 x 90 0.030552241453196793
33 k 89 0.38952157742083704
33 t 42 0.33338063169278453
33 u 32 0.0018284081148891573
33 y 71 0.2514622756824195
34 b 60 0.341537254897066
34 d 110 0.0009394788978972501
34 e 108 0.008624890442498812
34 f 7 0.027884627537594353
34 h 69 0.08762971923353358
34 i 65 0.10136270782560963
34 j 89 0.027609156954193748
34 s 121 0.16005401241616302
34 t 50 0.0958796359642683
34 v 31 0.01034936439355183
34 x 20 0.02851935019901153
34 y 2 0.0468691992210466
35 a 92 0.03141968395974659
35 b 11 0.010104841655086516
35 c 121 0.0032028720194953175
35 d 74 0.02715120868259646
35 e 58 0.009898293915673984
35 f 90 0.01428997457825576
35 g 119 0.04806336294829994
35 h 99 0.022453519641465136
35 i 101 0.1051979801435452
35 j 74 0.017133684081617973
35 k 87 0.0005009555566863888
35 l 92 0.0030632798114664794
35 m 102 0.04190325237419312
35 n 40 0.06395432779855281
35 o 69 0.03883153925446903
35 p 14 0.0430555202160503
35 q 81 0.012733277540078802
35 s 82 0.047846981295200486
35 t 90 0.026517732424440554
35 u 7 0.12256230847070504
35 v 24 0.09185328734426135
35 w 90 0.06700787654659834
35 x 29 0.06852760602770003
35 y 0 0.0022460697829319587
35 z 45 0.030204602708336248
36 a 91 0.0043602742812772766
36 b 30 0.024751505738330626
36 c 91 0.009431500632871459
36 d 39 0.022964528517774085
36 e 44 0.04315679688830143
36 f 94 0.08316086665380817
36 g 92 0.02498366098963478
36 h 75 0.02464090961825438
36 i 96 0.002252818144016455
36 j 4 0.01672168136096086
36 k 54 0.0063821437546301985
36 l 88 0.05046657198804538
36 m 71 0.013819225627642151
36 n 83 0.07781626699736188
36 o 121 0.08880610037016334
36 p 37 0.04187389065562119
36 q 39 0.0781744845850667
36 r 23 0.11919288281533713
36 s 56 0.026537534868891877
36 t 85 0.011839725188366401
36 u 0 0.009809368950189912
36 v 56 0.025733103409614655
36 w 96 0.028946314294663433
36 x 6 0.032068287637797566
36 y 56 0.006033567480923874
36 z 95 0.12563591794003126
37 e 13 0.06262483541328756
37 l 4 0.708321668405218
37 m 72 0.06970859480648539
38 a 112 0.006559396192744371
38 d 10 0.043964384314182814
38 e 50 0.0383559318468355
38 f 9 0.04842557545884474
38 g 77 0.009594957674010418
38 h 5 0.02271696745461338
38 i 15 0.15170277577322877
38 j 88 0.09069445559187739
38 k 12 0.0862051825408986
38 l 112 0.025984724179635932
38 m 43 0.1066775487204622
38 n 116 0.02465621410395169
38 p 44 0.0037693172597762503
38 q 15 0.17652573078981615
38 r 121 0.008933035902309872
38 s 117 0.04031655770533826
38 t 87 0.02482966344868931
38 u 103 0.005942005023882979
38 w 97 0.024356439157137366
38 y 102 0.010018782692005623
38 z 50 0.0068289412703679275
39 z 118 0.6360118572441686
40 a 104 0.016567652111020736
40 c 91 0.1484110635347109
40 f 53 0.024667584169131396
40 g 111 0.13902128778201606
40 i 34 0.08580995361837307
40 m 65 0.3122916796134423
40 p 4 0.014597244397365872
40 q 28 0.09695513119284338
40 x 90 0.04907768653013611
40 y 50 0.04390335614202612
41 a 51 0.023041092546245534
41 c 92 0.008469870106598942
41 d 107 0.07435440488087997
41 e 59 0.006717430017388892
41 f 49 0.02090084129208869
41 g 108 0.11135517046502408
41 i 103 0.03519762621819622
41 k 72 0.01581043232651813
41 l 111 0.019158956603028243
41 m 120 0.026837967326460044
41 n 46 0.043021084036523605
41 o 96 0.06153186822371304
41 q 43 0.04953001053777062
41 r 42 0.0016942970681571579
41 s 33 0.029655678416274367
41 t 31 0.030918502603741294
41 u 84 0.07231361810920678
41 v 0 0.025640542750335893
41 w 36 0.07285855524157903
41 x 45 0.005557877823408441
41 y 89 0.15944894386543695
41 z 110 0.044567992587601024
42 d 91 0.03785811949239015
42 f 88 0.4613706427709192
42 i 80 0.024757296347541757
42 k 100 0.22408881671566871
42 n 101 0.016041856118157227
42 o 54 0.009792151374346525
42 p 87 0.04773031029651864
42 v 14 0.0998191587935936
43 h 21 0.15738436085736296
43 m 67 0.20574375917036125
43 x 55 0.2033527187155827
43 z 28 0.1846502293430793
44 b 82 0.01503746901608316
44 g 121 0.14496542253426403
44 i 4 0.05182370685154869
44 k 29 0.32321701143539194
44 l 40 0.11589626082970705
44 m 94 0.1643006537332582
44 o 46 0.015438939723585676
44 p 107 0.06554892128445244
44 u 16 0.0006016485829460905
44 z 2 3.055394779494236e-05
45 a 113 0.07273327058296264
45 b 58 0.000606545967480776
45 c 37 0.006124846058000122
45 g 108 0.0444540970584032
45 h 97 0.0015567199886868943
45 j 40 0.005458142096256391
45 k 9 0.0120405098622417
45 l 114 0.03109676816637763
45 m 47 0.24519789586852092
45 o 118 0.0006704505813573958
45 p 55 0.1848058600897392
45 r 33 0.018806320935062626
45 s 10 0.08961829426212031
45 t 79 0.09276385859835257
45 v 23 0.02308954620006398
45 w 90 0.00818499275742679
45 x 84 0.014539440225568856
45 y 120 0.009645669334589102
46 b 33 0.026574930609286174
46 c 5 0.11822022575377711
46 d 38 0.0075058092027456835
46 f 27 0.005940848644902852
46 g 53 0.17310010768585105
46 h 102 0.0407694915891339
46 m 10 0.05614451448562374
46 o 73 0.011923273022622194
46 q 85 0.009893169425557846
46 r 30 0.0010671686315710804
46 t 92 0.09250549846938594
46 v 111 0.06684892067493997
46 x 13 0.1649010889207465
46 z 29 0.15752895862043226
47 a 67 0.1835009500756466
47 b 78 0.041339233314837354
47 e 42 0.1423936575158502
47 n 41 0.03335242741400679
47 q 70 0.0513366073107584
47 x 92 0.4763511636375545
48 b 77 0.1729696447429091
48 i 16 0.2693333330843267
48 k 118 0.11123442784509385
48 m 45 0.09841713677054309
48 o 32 0.0443740817434124
48 p 116 0.05677441242481218
48 q 28 0.09216884058194352
48 t 3 0.005086525799258612
48 w 85 0.08826940655945337
49 b 62 0.06719844841410849
49 c 118 0.04439606404075069
49 d 19 0.008697190053229442
49 h 11 0.029803176943142495
49 i 93 0.21021417078268534
49 j 106 0.032638717566134345
49 k 104 0.2730384170290262
49 n 106 0.15338995169233005
49 o 56 0.09853145513244566
49 s 45 0.04196002688824163
49 t 103 0.013077041507919218
49 w 100 0.02603454956089568
50 i 47 0.18090162586602754
50 k 110 0.04141828597716957
50 q 94 0.12342667879020197
50 s 99 0.21639380177893375
50 u 95 0.2431221997639147
50 w 47 0.07048380660242137
50 y 76 0.027784647284119557
51 a 69 0.03532104252036827
51 b 94 0.014226233442816594
51 c 81 0.024305449260103806
51 e 79 0.11129059625391491
51 h 89 0.05956713617258691
51 j 6 0.07269896019369038
51 l 107 0.001565287576414276
51 n 111 0.08720972236811841
51 p 91 0.06515783096560912
51 q 2 0.33052557263268745
51 y 116 0.0687204797610812
51 z 71 0.0014270335792900823
52 a 22 0.030553705772636386
52 b 82 0.07574490898907849
52 c 80 0.04355136769059498
52 d 57 0.06990135520303253
52 e 121 0.30028573841191675
52 f 120 0.006042561383244216
52 h 15 0.004731869953664258
52 i 62 0.0761796394354528
52 j 77 0.0227496312044575
52 l 52 0.001968374548053764
52 m 43 0.0163479292592571
52 n 27 0.04985572921822001
52 o 64 0.05213874549200048
52 p 21 0.03922370528751873
52 r 96 0.022848595834719432
52 s 34 0.008711466265046264
52 v 39 0.0034308816344077453
52 w 74 0.05229197719101342
52 x 39 0.11152655194597494
52 y 38 0.0013720057036655797
53 a 11 0.07000725067827163
53 b 88 0.007272953274049199
53 d 58 0.10694060123467786
53 e 95 0.010832451171965962
53 f 51 0.11715491870192307
53 g 25 0.07113819722344616
53 h 40 0.016737357466860336
53 i 113 0.029725096379302318
53 j 23 0.02165950886872925
53 k 13 0.03214943370699841
53 l 119 0.018091196391392672
53 m 42 0.004899250875217587
53 n 74 0.003097815460083253
53 o 62 0.0627117837700355
53 p 35 0.007790139773038329
53 q 120 0.014357220055592035
53 r 92 0.1120877430975431
53 s 117 0.04154813055835638
53 t 17 0.010554997625478735
53 u 44 0.025589702497461175
53 v 42 0.010306051115348436
53 w 54 0.010973288831674144
53 x 69 0.16279939157513634
53 y 31 0.010865219864094944
53 z 16 0.0007479574993242144
54 a 15 0.06384429624481192
54 b 103 0.04983441881985784
54 d 8 0.09314542760600153
54 e 16 0.17851826436836804
54 g 65 0.1627933608551564
54 i 20 0.02050213503806375
54 j 57 0.03198024851059733
54 k 95 0.0051730525317224
54 l 41 0.008572020309044692
54 o 32 0.044771187975458204
54 p 48 0.13199556727487205
54 q 2 0.03576695623589954
54 t 103 0.014673590842928963
54 v 87 0.019136121734435352
55 a 31 0.005474084296241188
55 b 68 0.05243561535302166
55 c 53 0.03511391608158321
55 d 36 0.040931130271636085
55 e 46 0.0009978058930061318
55 f 81 0.020301112976140345
55 g 78 0.041220421515660854
55 h 38 0.06239020427418951
55 i 117 0.07114327202466686
55 j 37 0.09780119083776839
55 k 95 0.04297405684920319
55 l 23 0.02004707505967085
55 m 47 0.011429103292502463
55 n 113 0.05865714351722173
55 o 75 0.061675760065589946
55 p 32 0.06875184810222512
55 q 15 0.01806320120755911
55 r 74 0.01812125987448443
55 s 15 0.025247863064713605
55 t 63 0.003796987837772714
55 u 52 0.0454749364982453
55 v 54 0.0010759222471692365
55 w 85 0.002962407990245608
55 x 104 0.04151999585883859
55 y 48 0.061711858073332126
55 z 48 0.036396610930283346
56 f 39 0.010797674138620206
56 g 115 0.052133238238143864
56 h 120 0.0949311427923124
56 m 65 0.0070121704347823055
56 n 41 0.11072002317661156
56 o 58 0.10780677505479719
56 r 87 0.2219979097646657
56 u 0 0.09074744101161392
56 x 14 0.1286219277627828
56 y 103 0.12396407894729189
56 z 106 0.02785801179003522
57 b 64 0.03408412430341168
57 c 2 0.030607404178650377
57 d 59 0.04134133280093499
57 e 45 0.09580286029288143
57 f 86 0.001208282761374857
57 g 50 0.0027591808075170254
57 h 5 0.03512339081552285
57 i 78 0.06756969712715033
57 j 120 0.08556500662392785
57 k 11 0.0005728215912569334
57 l 100 0.017666447691465748
57 m 21 0.00959694082594098
57 n 42 0.011145323168242682
57 o 82 0.0023256052394973192
57 p 87 0.04791510220410611
57 q 51 0.0025544878166101626
57 r 5 0.02943714040969192
57 s 68 0.02298167899173298
57 t 59 0.08710979704007038
57 u 12 0.020045772740830414
57 v 17 0.18953522090372588
57 w 18 0.00527209559851316
57 x 58 0.07416732600242115
57 y 105 0.014726303627406678
57 z 66 0.013360437090957467
58 b 71 0.07197332026246195
58 g 2 0.22812796578078676
58 h 54 0.09833274464846475
58 i 83 0.0130146321028074
58 j 76 0.023473551775999302
58 r 26 0.00013018160035815907
58 u 94 0.19247353733845984
58 x 51 0.01582754691876309
58 z 4 0.15241542116838558
59 a 69 0.007631711779936379
59 b 40 0.05300276019130379
59 d 86 0.10354796132545019
59 f 48 0.08311721905293779
59 i 3 0.07604828527006424
59 j 78 0.1417096310845244
59 k 54 0.005023913492935739
59 s 108 0.011430984442420744
59 u 95 0.016258595680071042
59 x 75 0.04208838286853822
59 y 88 0.055865727246516395
59 z 62 0.02862051753791761
60 e 108 0.1274625163922709
60 h 84 0.2564212212294803
60 k 21 0.11859862664832121
60 v 54 0.1371483587191792
60 w 54 0.0774697809758893
60 x 43 0.049566681319091366
61 a 87 0.012601547401469126
61 b 30 0.08448906748893015
61 c 41 0.047112799946818495
61 d 13 0.009739114868456689
61 e 28 0.014090857483916475
61 f 117 0.13088092086200964
61 h 41 0.04586860612847443
61 i 101 0.04146340348388844
61 j 101 0.07388564486256466
61 k 67 0.04266604968203247
61 l 68 0.048465904270466265
61 m 70 0.12188852832864772
61 n 114 0.05246918206698248
61 o 14 0.06866916723838967
61 r 40 0.12246857050908855
61 s 32 0.013605518734112088
61 u 64 0.008182669858720848
61 v 12 0.006395143435068307
61 w 8 0.0014976421920052108
61 y 44 0.020664291572843885
61 z 118 0.004296578907864612
62 a 30 0.0709251250883115
62 c 89 0.013220151011404169
62 f 7 0.025417272243264177
62 g 109 0.006352359450735534
62 h 65 0.045663283783403674
62 i 21 0.03985092630533271
62 j 45 0.020250638634188634
62 k 18 0.053785062735189126
62 l 11 0.09988464424357679
62 n 22 0.00941053006050696
62 o 39 0.031116887651582048
62 p 42 0.08633233927574135
62 q 90 0.05206916106738646
62 r 64 0.0993600121450775
62 s 61 0.058095122770532526
62 t 120 0.021360773348565565
62 u 120 0.1287179555354946
62 v 20 0.10736438650980196
62 w 52 0.0031013341334164
62 x 101 0.0031835144778937785
62 z 72 0.02175462334551903
63 a 87 0.06112422822157071
63 b 117 0.031334044137746986
63 c 14 0.02491492037837173
63 e 101 0.0036602274240423727
63 f 80 0.03175773877994548
63 g 14 0.01230949216577426
63 h 63 0.002222186039347984
63 i 61 0.0009624332013815629
63 j 115 0.029355624672278924
63 k 74 0.32920665381866854
63 l 28 0.05460888845433454
63 m 50 0.012051743891321354
63 n 107 0.06739836985565939
63 o 100 0.016024019189031624
63 p 60 0.021379355387949106
63 q 2 0.0006280874231833211
63 r 10 0.0024021197618226964
63 s 23 0.08051902728773941
63 t 17 0.0691400221363937
63 u 103 0.05894954204803038
63 v 85 0.016178808848668513
63 w 88 0.00770572800483138
63 x 14 0.045144229476477116
63 y 39 0.011479023414517897
64 a 71 0.008625510095312428
64 b 77 0.007490236313744236
64 d 81 0.039117775266157895
64 e 18 0.00228675650764254
64 f 97 0.0022937511429076407
64 i 2 0.00736440123639448
64 j 37 0.1486891748625283
64 k 12 0.022183273741889997
64 l 33 0.0643639434829999
64 m 66 0.04517516280340916
64 n 98 0.02592606887729365
64 o 118 0.05184593205069621
64 p 60 0.0023410339746201547
64 r 102 0.07246241434017431
64 s 105 0.028066918087926163
64 t 85 0.023659776662719123
64 u 114 0.007208768686869815
64 v 94 0.09400592821790776
64 w 47 0.00250300173430007
64 x 83 0.17142131229661783
64 y 66 0.029537457994194605
64 z 53 0.05890312646129636
65 a 68 0.17141835168492103
65 c 46 0.015525197204702246
65 l 105 0.01972115763529625
65 p 78 0.0019647318264549574
65 r 49 0.323247597381081
65 s 52 0.007592221635959295
65 w 32 0.18943552588094392
65 y 23 0.007744242316427785
66 f 108 0.12073952953180933
66 h 81 0.011321257665426132
66 i 70 0.03530320486099936
66 j 100 0.20166213662005783
66 l 118 0.06808456359343407
66 n 65 0.18962372029697494
66 s 28 0.039663127817067934
66 t 4 0.11582957697332963
66 u 50 0.04036117455721089
66 w 5 0.1657131178887662
67 a 119 0.006754169443656366
67 c 15 0.02860138079110386
67 e 70 0.005991309017318147
67 f 48 0.08446337120832348
67 g 9 0.04963536191895235
67 h 61 0.08443936265764462
67 k 8 0.03161917475058906
67 l 100 0.0007331525966560726
67 m 7 0.00322516877570167
67 n 87 0.04748352862923988
67 q 88 0.04871401213224602
67 r 97 0.002356268848760834
67 s 72 0.07073910212431966
67 t 88 0.12368990711747563
67 u 48 0.04431485370824384
67 v 66 0.07371880513993834
67 w 6 0.038256220949132724
67 x 67 0.09260187211369608
67 y 33 0.00891956049583642
67 z 69 0.008287244856373777
68 a 0 0.10673582468772436
68 c 47 0.10724344280923115
68 e 85 0.06687648158068826
68 f 80 0.0011852137394844364
68 h 78 0.030723128534119404
68 j 36 0.05721268318648598
68 k 21 0.029493707496286103
68 l 57 0.05758307840555155
68 n 52 0.064875899162118
68 o 116 0.14836125719181714
68 p 77 0.09826457599058913
68 q 60 0.010345554223185394
68 s 41 0.08350428073439953
68 u 117 0.029740512070351666
68 v 63 0.09414185404799302
69 d 8 0.05355433262169662
69 e 107 0.052706535425823264
69 f 56 0.004274716403350309
69 k 112 0.24483468648667817
69 l 109 0.016770751707306686
69 m 20 0.07632775242497358
69 n 76 0.0159358498773009
69 p 65 0.04384463355277224
69 v 36 0.07992445422360306
69 y 14 0.044568362470691736
69 z 1 0.11854204607604302
71 a 108 0.04487518908078936
71 c 14 0.012468326954751974
71 f 58 0.009278782591009116
71 h 6 0.026008315865072462
71 l 12 0.17794144272204193
71 m 92 0.07352018159038298
71 n 64 0.02351098896645365
71 o 108 0.054299475189015456
71 t 26 0.06992407691065228
71 u 35 0.033809114763957315
71 w 94 0.05036453376949057
71 x 105 0.0663244713457779
71 y 31 0.0685138241394393
71 z 77 0.07406299729793864
72 h 100 0.2393950748877134
72 r 70 0.5241622071110134
73 r 68 0.24580205443307546
74 b 71 0.07135420778572132
74 d 35 0.05657081065559355
74 e 74 0.01676576224856874
74 f 51 0.12265406920124655
74 g 84 0.10909491181997932
74 h 0 0.001821020920417582
74 i 59 0.09070121425393007
74 j 58 0.013457423466699536
74 k 82 0.025773494960201537
74 o 14 0.01715464706195413
74 p 85 0.03416808972400798
74 q 107 0.007753527698579399
74 r 31 0.05109802147955689
74 v 60 0.16863656747471745
74 w 60 0.19734941972186704
74 y 75 0.008207358187802716
75 c 17 0.017863251968850635
75 d 50 0.16041259392779983
75 l 59 4.82671453597705e-05
75 m 24 0.07107025181414584
75 v 113 0.02080900356272053
75 x 39 0.3417752839917716
76 a 84 0.011554321188779748
76 b 54 0.0981197304566811
76 c 39 0.015777560811484292
76 d 22 0.012752663786019136
76 e 61 0.03884309604141023
76 f 72 0.007854042187569577
76 g 20 0.02370328219398654
76 h 0 0.24098856163653082
76 i 121 0.10260331743226048
76 j 92 0.007400355732652297
76 k 75 0.027346910093794752
76 l 22 0.017178296838583407
76 m 51 0.03726661460667713
76 n 8 1.5323223896079874e-05
76 o 65 0.06896817484090068
76 p 93 0.016353988178158252
76 q 18 0.06095112186856633
76 r 92 0.01706760314082767
76 s 8 0.02959037241485618
76 t 15 0.01748625855641872
76 u 66 0.0007476758062147093
76 v 103 0.00549656912187535
76 w 98 0.06518557867907393
76 x 8 0.0014280552348093778
76 y 70 0.05616108812063769
76 z 48 0.0005408603510278498
77 d 61 0.053695386547024215
77 f 105 0.17693506930763725
77 i 5 0.07713627134900825
77 j 14 0.019808932991142503
77 k 117 0.14391864910722119
77 l 27 0.11175145013830867
77 n 9 0.12658750214197723
77 s 96 0.06067349613513684
77 t 94 0.0042856350631746976
77 w 106 0.16119070351849762
77 x 55 0.009404650715593488
78 a 117 0.18471620602055427
78 e 63 0.20189973068624512
78 g 35 0.04112833674504579
78 h 86 0.0038421727090853786
78 j 72 0.20933269441667623
78 o 102 0.01707924026364549
78 s 75 0.040143238767540224
78 v 100 0.05060070088822399
79 b 11 0.002874356607052264
79 c 120 0.0049109513606296895
79 e 40 0.004958234745554679
79 g 91 0.09949863249158664
79 l 25 0.06104166355123952
79 m 86 0.2847850815696623
79 o 60 0.07039948962338693
79 r 63 0.076747056647683
79 s 77 0.054231854027907866
79 t 67 0.06318089358949919
79 w 78 0.04635721394678605
79 y 109 0.0671976702335414
80 a 28 0.0045387447001951076
80 b 47 0.0055321744055459865
80 c 62 0.008066468936171467
80 d 71 0.00986795223386916
80 e 43 0.008791530220741639
80 f 86 0.05258151053544258
80 g 22 0.06845008596992574
80 h 73 0.00932230073710194
80 i 79 0.1324992456342916
80 j 109 0.07580928538611775
80 k 104 0.0022258302835346244
80 l 86 0.0043662589702019305
80 m 29 0.01993459141208187
80 n 120 0.003417731792097811
80 o 110 0.12017818955123716
80 p 54 0.047294589530430864
80 q 7 0.020298952301399442
80 r 48 0.12457697672339108
80 s 103 0.03941171341287464
80 t 28 0.07400985425698481
80 u 68 0.0022163900694451844
80 v 21 0.0022020780345809454
80 w 62 0.011310812212620203
80 x 56 0.06875616702941723
80 y 56 0.007171982510466357
80 z 13 0.06628613600685984
81 b 86 0.11055282697193614
81 c 36 0.06500550713496656
81 g 25 0.099996968234211
81 i 72 0.03662211687588657
81 j 41 0.10148016210491684
81 l 44 0.12046364248367647
81 p 51 0.19257878797490957
81 r 76 0.03093220220024262
81 t 79 0.04459955378812197
81 u 114 0.061785094675500196
81 v 69 0.019688371349985245
81 x 108 0.02266352763452295
81 z 10 0.013669770743192089
82 a 105 0.022435035029246153
82 b 121 0.02904158032347004
82 c 88 0.07668788310968655
82 d 70 0.08680545535772688
82 e 101 0.0016296272190104988
82 f 51 0.011100465788439928
82 g 50 0.09650425570918109
82 h 23 0.01804666013953793
82 i 61 0.03194514879413424
82 j 16 0.027438219685102738
82 k 78 0.013922034601776545
82 m 67 0.08892315121859429
82 n 115 0.07045905674155706
82 o 2 0.004563809359184989
82 p 33 0.044198361043031764
82 q 116 0.1152871274688606
82 r 102 0.035480743350864374
82 s 63 0.013240009420667498
82 t 30 0.008534179158216193
82 v 111 0.060480265395011945
82 w 10 0.012676210305478941
82 x 9 0.047486980558464675
82 y 47 0.007785134074058231
82 z 22 0.006735979326453645
83 c 69 0.12840118317808935
83 e 64 0.018201078251348313
83 f 76 0.023958562960257224
83 h 114 0.0612152104022613
83 i 60 0.09487806116753983
83 j 51 0.00156795478439542
83 k 39 0.06446545789433211
83 m 24 0.030021811017511224
83 n 106 0.030686672682029847
83 r 79 0.12725316512735851
83 s 28 0.022051816071577357
83 t 84 0.05068445182962622
83 u 108 0.04190356359780012
83 v 11 0.10362740765938316
83 w 2 0.09399511857835752
83 y 44 0.07689289187578974
84 f 52 0.11717026602070191
84 g 23 0.08619084410990963
84 k 56 0.16493613019344866
84 l 107 0.08125680338409458
84 m 15 0.07907534407610572
84 n 46 0.2925112055492093
84 p 118 0.010642411506651017
84 q 65 0.05234532849743445
84 r 39 0.057693114646728216
84 s 70 0.022714599655667134
84 x 112 0.012007256157863355
85 a 92 0.008245832451375668
85 e 24 0.08824804948029574
85 l 14 0.17289506839279545
85 m 36 0.17960957235107
85 o 112 0.17901956647889583
85 v 43 0.05687080181773929
85 x 51 0.033986329788308844
85 y 3 0.210037626170001
86 c 9 0.07536491703668047
86 d 4 0.023109154338488813
86 e 98 0.004584860294038151
86 f 11 0.050334357737023216
86 g 70 0.02404444990218979
86 h 73 0.09413306960999523
86 k 19 0.05642116911106776
86 m 74 0.09033237034328667
86 n 89 0.0023952133133291476
86 o 109 0.1670951780516562
86 s 83 0.03288819387463504
86 v 26 0.15332623170266013
86 w 24 0.025579174966909868
86 z 92 0.0070168390116437385
87 a 44 0.01971983792100318
87 b 43 0.015513017130612705
87 c 16 0.02224951901230965
87 d 119 0.035261269567861686
87 e 22 0.0161898651479353
87 f 119 0.014538414542694333
87 g 94 0.03534400286143602
87 h 71 0.007043935971172255
87 i 43 0.010047882263959806
87 j 68 0.0019828379121968887
87 k 69 0.006055693432083897
87 l 49 0.0006968770127566692
87 m 39 0.0011282103895845497
87 n 27 0.0452762883084995
87 o 84 0.08706097121311218
87 p 59 0.019778019532876723
87 q 79 0.042012425618241256
87 r 35 0.1370964274822386
87 s 71 0.02691762822560595
87 t 61 0.12168066944000688
87 u 113 0.04451158930979415
87 v 30 1.8245974264474718e-05
87 w 38 0.12717347135557566
87 x 104 0.006917644300020842
87 y 77 0.0879911648551116
87 z 39 0.04416454130852965
88 a 16 0.058812977171302405
88 c 80 0.008901186070948919
88 d 96 0.12941388052575586
88 f 10 0.010025467444565006
88 g 105 0.0060455677462267765
88 h 85 0.11532592492418403
88 i 5 0.03674721729288988
88 j 68 0.17988238636933596
88 k 19 0.03948473271095343
88 l 87 0.022232147548565173
88 m 11 0.05201552376558238
88 q 111 0.11216291344456819
88 s 12 0.026671952716216585
88 t 27 0.029443006573534047
88 v 97 0.02285941074880582
88 w 103 0.10015649897996504
88 y 15 0.005339343250441719
89 g 73 0.09866921916040416
89 h 107 0.0781448103563046
89 j 42 0.028199222803608537
89 l 32 0.08822230171579637
89 n 32 0.05652361878895151
89 o 98 0.08685516210739486
89 p 89 0.020766645766426173
89 q 121 0.04732390161190214
89 r 75 0.010022562992334838
89 s 45 0.03411296552540688
89 t 19 0.011070135119013447
89 u 73 0.035012149758175015
89 v 29 0.09735096543868504
89 w 10 0.04810518117524676
89 x 98 0.009200497053082124
89 z 14 0.1326447338012079
90 a 96 0.012911597440798284
90 b 49 0.08574035692184612
90 c 96 0.08714161626799688
90 e 35 0.035070569510631144
90 f 95 0.050571219050658645
90 h 78 0.003984930649893359
90 j 23 0.20884539481682818
90 m 94 0.17970093741493165
90 n 12 0.08674582260133767
90 o 38 0.03313198135119155
90 q 48 0.03833781906412714
90 t 104 0.1238930065256888
90 y 53 0.006411916870920131
91 d 112 0.4572473014695354
91 e 18 0.06774848708802694
91 h 80 0.2131234449894942
91 n 15 0.07874744952963153
91 o 104 0.010978003767902367
91 t 101 0.1346126561665263
92 a 31 0.12252215936042965
92 c 97 0.10460230414297689
92 d 83 0.04331927199206653
92 h 83 0.026591046034430854
92 j 23 0.08017917386983076
92 l 100 0.11408801475889341
92 m 15 0.008035000642744317
92 p 108 0.029543612090536908
92 r 50 0.055682758497350604
92 s 94 0.05661270622470782
92 t 19 0.07107558709704964
92 w 18 0.0015229415978276206
92 y 22 0.07094985400240761
92 z 71 0.13988977297037142
93 e 49 0.10489685684694905
93 i 87 0.14617146500614253
93 l 75 0.01845319203825302
93 o 109 0.09789413952191983
93 s 15 0.04451827104785033
93 u 95 0.0283256306179962
93 v 79 0.03955504374232921
93 w 6 0.11249548903976692
93 x 47 0.1586184714097435
93 y 1 0.05559795164734438
93 z 19 0.07036456290713988
94 d 89 0.10087893598097653
94 f 0 0.045604954383491436
94 h 68 0.15048125014963765
94 j 13 0.0004928330121407587
94 m 57 0.30490262907633703
94 n 49 0.1260662636447658
94 t 28 0.12939524186124152
94 w 48 0.060836047947530836
94 x 24 0.037962650206148085
95 a 7 0.14096862702035884
95 f 15 0.1939587583814919
96 a 54 0.018923628171664264
96 b 94 6.543402975156543e-05
96 d 46 0.015367351497996173
96 e 13 0.013291640798452464
96 g 36 0.009755219103378732
96 h 110 0.03300837525442757
96 j 33 0.008481126632468916
96 k 0 0.02403303123134104
96 l 97 0.00017500419874849626
96 n 121 0.012706247893142564
96 o 5 0.00896011859183532
96 p 75 0.008644478016170076
96 q 27 0.044163362310602805
96 s 19 0.08193443945780787
96 t 7 0.19221611091445623
96 u 10 0.020071378821417185
96 v 106 0.06338256532731834
96 w 19 0.12465217651815963
96 x 74 0.2512250555992016
96 y 86 0.02426275898561603
96 z 83 0.029162379513120396
97 f 10 0.22213846469499032
97 g 19 0.044579202224295233
97 m 78 0.11101219292035891
97 n 86 0.000966273963751596
97 t 48 0.47964901089175294
97 u 30 0.03964180140581497
98 d 28 0.009481709343021283
98 g 44 0.26441038425573893
98 i 70 0.10495244004332005
98 k 56 0.107685682472203
98 o 4 0.07549074156592461
98 s 54 0.05936029628055739
98 t 117 0.006866289629379518
98 w 99 0.13429474290314847
99 a 64 0.20913377462858052
99 c 83 0.04557363139832171
99 d 56 0.02165717566798031
99 e 21 0.025249516124853932
99 h 46 0.06294643920853771
99 i 27 0.018245798410482128
99 k 54 0.04853511157512014
99 l 38 0.0037277399691921786
99 m 39 0.007521541942376864
99 n 71 0.004358424912718317
99 o 102 0.02179225815923047
99 p 88 0.044452130380333355
99 q 15 0.012012049459211527
99 r 48 0.16279211343504862
99 s 7 0.041714320305200725
99 t 8 0.0018980457747290735
99 v 32 0.06304276754897331
99 w 51 0.08955283292420291
99 x 70 0.07978039221743494
99 y 13 0.017624902517138996
99 z 20 0.008614757338437862
100 d 20 0.2091063244545851
100 f 89 0.14189045473042183
100 g 2 0.08315365628617744
100 m 38 0.047273748068157095
100 n 52 0.16763376049799605
100 p 20 0.09085786707948296
100 q 120 0.005313157696873683
100 z 114 0.09900124884407657
102 b 71 0.09672461656435938
102 d 96 0.02936610049028754
102 f 22 0.0319618784686444
102 g 37 0.005007915219733761
102 h 23 0.10618122763935256
102 k 68 0.01821808205009179
102 l 20 0.02213929268268222
102 n 0 0.0762803322410549
102 o 8 0.04664090409058719
102 p 81 0.009462621320386666
102 q 76 0.12317017899109484
102 r 64 0.12845426813476346
102 t 31 0.04769800318136708
102 u 107 0.14629616352986385
102 w 39 0.0014360266479441774
102 x 50 0.00430576857322007
102 y 20 0.01994944977996227
102 z 59 0.008862194972857451
103 j 52 0.1178795272090083
103 k 43 0.03937671966452738
103 l 13 0.18259361541049024
104 a 67 0.06449018502962656
104 b 54 0.19431842058745474
104 c 46 0.026814354273539287
104 e 70 0.009411421018677313
104 g 24 0.08126213271757687
104 k 120 0.09396336451807763
104 l 116 0.04065717493789156
104 n 17 0.00412715818486209
104 p 111 0.3185342137085627
104 s 40 0.05100938363300511
104 v 9 0.0262419059580149
104 w 95 0.019400762669066318
104 y 95 0.026440488640548043
105 d 20 0.08874294956333328
105 h 43 0.04529834608998484
105 k 66 0.16794639656715316
105 l 37 0.010510940268763758
105 m 33 0.02827259403298621
105 o 60 0.033294719142587526
105 p 63 0.26573061348547566
105 r 62 0.1675776158765765
105 t 119 0.06843973521953228
105 u 113 0.029381410170206235
105 v 90 0.02452683437001557
106 a 85 0.2080649601848038
106 h 54 0.14642761235164214
106 k 8 0.13977132861807484
106 n 109 0.3561591053956311
106 p 46 0.0715627067023008
106 w 101 0.03927291343593642
108 a 59 0.06115719426844235
108 c 106 0.008987394761463596
108 e 73 0.09763066639404538
108 f 63 0.08199753297836498
108 g 33 0.056334799357869336
108 i 86 0.07786994510068057
108 j 114 0.017478979932527894
108 k 89 0.08283074911341815
108 l 114 0.0332934160191658
108 m 46 0.021959507145702162
108 n 39 0.005285313316828244
108 o 22 0.08662530312482619
108 r 114 0.012087049622498625
108 s 106 0.0642474949831715
108 v 98 0.03751003637381867
108 y 75 0.061009162668558825
108 z 61 0.060859758369742334
109 a 75 0.004813177734527052
109 b 20 0.08180907818059036
109 c 94 0.061725651496456035
109 d 100 0.05494190377269492
109 e 33 0.006119302117811309
109 f 0 0.0022184185694993364
109 g 119 0.023241051938199808
109 h 100 0.08618623637865752
109 i 93 0.04518910389602526
109 j 108 0.004538561192222734
109 k 55 0.07091459722983895
109 l 25 0.0415235483880263
109 m 93 0.0012204431751204892
109 n 99 0.012572984790074293
109 o 16 0.08631561001262067
109 p 98 0.01511323684610133
109 q 94 0.04362282642310056
109 r 94 0.06016821482518753
109 v 20 0.0522225569595125
109 w 92 0.06823738501821397
109 x 57 0.036081478917212806
109 y 76 0.030502531866591576
109 z 121 0.0921115068751549
110 b 80 0.140266770073454
110 e 61 0.17846388862317897
110 h 86 0.1074056843207315
110 k 89 0.10452764448763097
110 l 73 0.00011039011136482202
110 m 76 0.01027672510506572
110 n 0 0.08972310738514477
110 o 68 0.12532341208111297
110 v 2 0.07324753969429787
110 y 33 0.13009455866820785
111 g 79 0.04277300219018998
111 h 93 0.35013510173688434
111 i 93 0.08419989584956844
111 p 109 0.1152790758622182
111 q 115 0.3207799090164456
112 c 47 0.025118175189432046
112 d 36 0.08849186017971855
112 e 46 0.011411520043836942
112 h 25 0.02336445810565646
112 l 113 0.10781406921806669
112 m 88 0.14396090847734933
112 n 89 0.04126259048910674
112 r 14 0.0019497392247236345
112 v 106 0.1298426709965148
112 w 47 0.033299131141484084
112 x 66 0.3099626220415541
112 y 63 0.0433951317742548
112 z 9 0.0010343526274729786
113 a 3 0.07294571844535946
113 b 22 0.03262178174421104
113 d 119 0.027831305136401974
113 e 9 0.16929905639243892
113 f 70 0.012686176726909637
113 g 68 0.043226515975055335
113 h 55 0.030124266303943936
113 i 46 0.04132930836014059
113 j 22 0.032441235607867824
113 k 11 0.06336157437128798
113 l 14 0.08731474079863266
113 m 49 0.03689332509247667
113 n 114 0.039445183165668696
113 o 47 0.07440643274459968
113 q 61 0.05766337565631019
113 r 120 0.003914745493702743
113 s 65 0.014883329611856455
113 t 48 0.015107571724096935
113 u 46 0.08011604129691186
113 v 95 0.005693606817283703
113 w 58 0.01163026001609746
113 x 16 0.010325664879846985
113 y 121 0.03487656029603081
114 b 66 0.050213686397759916
114 e 13 0.14678960138279462
114 g 55 0.19490288649952647
114 n 84 0.16700828437869353
114 v 98 0.2075193744538817
115 e 86 0.05166657617291459
115 f 54 0.12526816654034179
115 l 74 0.0015326189710997973
115 m 41 0.18242750328544322
115 o 41 0.06772303186222872
115 r 42 0.32582765620470666
115 w 104 0.035884134919801136
115 x 16 0.11007156841794807
117 a 67 0.027199016886692684
117 b 88 0.06160183725145041
117 c 121 0.010445549429551115
117 d 13 0.0022900406726723554
117 e 59 0.0027433558625921117
117 f 93 0.030753781087273335
117 g 77 0.0038097019189731185
117 h 95 0.008130050123040689
117 j 19 0.12827105681589357
117 m 36 0.007152727338464726
117 n 104 0.011214165374602403
117 o 99 0.028796278359726757
117 p 28 0.15557269097450743
117 q 30 0.061632605885488356
117 r 97 0.005197215098973529
117 s 61 0.05338479181504274
117 t 104 0.010693925214660949
117 u 86 0.0036816604927417673
117 v 104 0.2450024096081006
117 w 59 0.025623617299367463
117 x 115 0.026379267084111646
117 y 21 0.029165390846178307
117 z 81 0.021300628639346342
118 a 119 0.03497924160533583
118 b 8 0.05302658320763509
118 c 78 0.04540444152252909
118 d 75 0.1428067598452425
118 f 43 0.02386564152241344
118 i 75 0.01084620259410829
118 j 17 0.05789949424772112
118 k 38 0.007960210986549865
118 n 69 0.0647002574786747
118 o 12 0.007554299010606225
118 p 72 0.00979535793946007
118 q 76 0.076334627828753
118 r 89 0.0670533324119078
118 s 43 0.05107701460559244
118 t 59 0.0836062046148468
118 u 30 0.049779322951403415
118 w 32 0.0720634407883759
118 x 82 0.02203456756417521
118 y 99 0.06608311793787414
118 z 96 0.006922204531916609
119 a 30 0.09080493767992781
119 c 115 0.008385000222494443
119 d 40 0.024436784636335696
119 f 11 0.0014652683327427418
119 h 11 0.09606857633569887
119 i 14 0.010532077972739029
119 m 118 0.13705954223107186
119 n 17 0.06374791003797164
119 o 35 0.02345927372947676
119 p 23 0.012677956547445746
119 r 85 0.06023530963620838
119 s 103 0.11167506840216868
119 u 101 0.059352283031657405
119 v 7 0.11051129654517089
119 y 77 0.10992451450479646
120 a 36 0.023208793757795054
120 b 11 0.05642679790966876
120 c 83 0.004875071381545748
120 d 50 0.010125720224523072
120 h 70 0.0011197157774248678
120 j 120 0.09400159929444374
120 k 63 0.005386464183229633
120 l 77 0.425723133475995
120 n 64 2.2001326133946897e-05
120 o 96 0.07744499601569033
120 p 47 0.01723260426581419
120 q 70 0.12961257742577392
120 r 71 0.005212171649972008
120 s 95 0.0004705475747734944
120 t 5 0.042960000727140346
120 u 35 0.04260721196015549
120 v 11 0.014934947029287993
120 w 69 0.005799066034880673
120 x 29 0.005117813856735265
120 y 88 0.006658700293279529
120 z 118 0.0012074155317816082
121 a 52 0.06238276436199808
121 e 78 0.06839411035565934
121 f 12 0.030003229047423252
121 h 38 0.011575631840996747
121 i 45 0.12614094648701057
121 j 12 0.017621357915486913
121 m 46 0.08412018177927505
121 n 46 0.03928748635183299
121 o 64 0.03355806563220842
121 p 46 0.09343573646149583
121 q 59 0.0023601085340499983
121 t 91 0.053734463362218654
121 u 84 0.02227543665805576
121 w 78 0.23411335424184587
121 y 6 0.06316601495263774
121 z 40 0.018662955359623035
