137 26 1921
0 0.007871946164655141
0 0.042069838910273605
0 0.22387475247206268
0 0.027894280473369948
0 0.005824871000473242
0 0.02962607440127263
0 0.021532041840361393
0 0.7579413353774965
0 0.09535418310103128
0 0.0216597228808717
0 0.046184036651864435
0 0.14514426746633313
0 0.009791949363709085
0 0.030687688964142312
0 0.21005190652003614
0 0.020405008399757785
0 0.18859442673054416
0 0.3923901808017406
0 0.002076996918687679
0 0.03671895889325205
0 0.06924789012201293
0 0.01167811629916038
0 0.01623322433232477
0 0.17626176047141406
0 0.0010552055519396086
0 1.0
0 0.0020216304622743264
0 0.0649300556996999
0 0.05031132118019943
0 0.15675346538366852
0 0.004526533962985635
0 0.01689775675214278
0 0.05622066518007296
0 0.11862210407530638
0 0.00937455974812662
0 0.017577015411776586
0 0.015538362588562005
0 0.011810497128205477
0 0.03617632982951646
0 0.007736934326312173
0 0.020464004652692824
0 0.01686907953351513
0 0.050445325596672363
0 0.24854259856810001
0 0.09126350546571937
0 0.0035340069770819493
0 0.11334359155168905
0 0.014735063891106015
0 0.04110224027377263
0 0.40693951441620335
0 0.023774565535975678
0 0.014818417505279902
0 0.03182184656736908
0 0.19549023529301657
0 0.13538702688711812
0 0.04803580472870017
0 0.023888529576543305
0 0.12400589927449568
0 0.18392406569388442
0 0.11443606737240142
0 0.12710960711588037
0 0.5202808138124259
0 0.024164758075453485
0 0.024716106524164894
0 0.03382370071194818
0 0.2727293452223062
0 0.12438099539805292
0 0.09204084952836089
0 0.033690345527098375
0 1.0
0 0.06910242213104578
0 0.1305515741410257
0 0.07612293954337512
0 0.3551182864768211
0 0.3522882351359067
0 0.002294398118823371
0 0.15075170835275864
0 0.024684581994809496
0 0.023230938537980417
0 0.07425236806691649
0 0.010526740239194088
0 0.00996191478954822
0 0.05063298696708474
0 0.011239504686928914
0 0.02308754079933384
0 0.18108538472381053
0 0.06011691109306572
0 0.023081906832956522
0 0.1435747703793806
0 0.025115071275746748
0 0.005867131219385646
0 0.1672747334366359
0 1.0
0 0.15978603947713887
1 0.0100319027840714
0 0.11830793500610493
0 0.1561199934515678
0 0.3232052107634872
0 0.04661048849400562
0 0.05145535796114453
0 0.060355576663988164
0 0.15560842217798487
0 0.047317320049626854
0 0.3414385704413684
0 0.006270813802725317
0 0.00941662815036215
0 0.06428527339865153
0 0.006564074374638906
0 0.1467603472824558
0 1.0
0 0.0013048011349677813
0 0.07405828550170179
0 0.0343585033005942
0 0.07679360255517043
0 0.04444802527765279
0 0.05476521670477197
0 0.0433063824190798
0 0.023082771777284794
0 0.11205519813881148
0 2.1306773465679107e-05
0 0.05094453854452374
0 0.011615310317819927
0 0.05707913677564702
0 0.08209879069563897
0 0.14882870100821532
0 0.10161043419817894
0 0.31141384936509786
0 0.04165465023167336
0 0.017274848190393155
0 0.04386164886725041
0 0.07318518502951865
0 0.218921415618481
0 0.22741277105726554
0 0.08641591387838676
0 0.3554436219049042
0 0.05024787938159392
0 0.0006083377306534965
0 b 47 0.050359632637596574
0 d 88 0.08447708356733241
0 e 4 0.014690865034403866
0 f 19 0.05542401498543903
0 g 77 0.026183729532502587
0 h 74 0.008179368875599669
0 i 28 0.018594294755437946
0 j 27 0.04774715981562794
0 k 70 0.04392400504834082
0 l 27 0.005911531425228711
0 m 63 0.02852939892394346
0 n 78 0.04730296828834868
0 o 40 0.020790718317739598
0 p 108 0.14213031228673056
0 q 55 0.045219446175917666
0 r 33 0.03818581921769071
0 s 9 0.059527754701165225
0 t 99 0.039679789254941866
0 u 135 0.0023267985931302304
0 v 132 0.07361633922096988
0 w 109 0.01950040457527602
0 x 105 0.05971413835866146
0 y 118 0.01862382232325921
0 z 77 0.041488657920060734
1 a 72 0.03011830251279679
1 c 17 0.014114638946518765
1 e 26 0.19836106154822108
1 f 59 0.017719530503425784
1 g 68 0.02974853111255782
1 h 119 0.008750781220881909
1 j 129 0.1011515048052597
1 k 100 0.0068925301197700906
1 n 31 0.023453903093362927
1 p 116 0.005121719017368465
1 q 20 0.002117075951387992
1 s 45 0.23728452495376884
1 t 108 0.10404265986860595
1 v 131 0.1312817681035907
1 w 112 0.023147014391629472
1 y 22 0.024624614940580103
2 b 48 0.028552947916916205
2 c 126 0.03266810156641908
2 d 29 0.01018675235216926
2 e 113 0.05339896255944654
2 f 94 0.05436331036374564
2 g 18 0.04097358501854609
2 i 12 0.07477446961198075
2 j 51 0.02091223144148069
2 l 73 0.008638639913929214
2 m 55 0.0005958484253859586
2 n 8 0.0006397176792122261
2 o 12 0.03448606594664305
2 p 116 0.018686499516741506
2 q 5 0.10263904452305195
2 r 122 0.0003471589007387754
2 s 102 0.013528462235026684
2 t 95 0.06477871103430177
2 u 43 0.06271090127422974
2 v 105 0.016234025334102342
2 w 72 0.06077159786285047
2 x 26 0.009352862136247753
2 y 54 0.02071579201512519
2 z 28 0.04616955989964644
3 c 89 0.04711079882355629
3 f 126 0.03866864365709077
3 h 81 0.12518974924571913
3 i 101 0.0710870790426803
3 j 7 0.04996906772840737
3 m 12 0.08846089076054753
3 n 79 0.005717614271600557
3 p 86 0.015713804395141473
3 w 6 0.14135035342992475
3 y 103 0.3888377181719619
4 a 109 0.1673050696505768
4 c 67 0.017310881431210956
4 d 67 0.01716870050038355
4 e 84 0.002106603425996778
4 f 115 0.23353971400713136
4 i 83 0.04814300132308602
4 k 103 0.07636523667598516
4 l 95 0.07243527459926502
4 n 39 0.018089206104912936
4 o 61 0.01896926482891481
4 t 61 0.07236816944420266
4 x 120 0.2503740070078607
5 b 135 0.018345628607172704
5 c 47 0.07081710572764766
5 e 33 0.08370224593035458
5 g 72 0.004240429527124556
5 h 104 0.02271620982923206
5 i 97 0.030531300408779716
5 k 8 0.050963922434947406
5 l 111 0.08937086394735994
5 m 22 0.09294066041760918
5 o 5 0.08781609705269922
5 p 131 0.08775086226444917
5 r 93 0.029574996835033396
5 s 114 0.015461474069375591
5 u 87 0.023872819858975824
5 v 72 0.054743426302666265
5 w 15 0.026712942619136038
5 x 135 0.12241619225104694
5 y 103 0.051769325969804436
5 z 108 0.006627421545312706
6 b 14 0.017079779599357248
6 c 103 0.007287830703367026
6 d 15 0.07714457593703394
6 f 94 0.015475070262351509
6 g 73 0.019485627883289336
6 i 67 0.1418972297601322
6 k 44 0.1340796762245835
6 l 70 0.0225636136917442
6 o 85 6.294713824450682e-05
6 r 40 0.12437358241843799
6 s 126 0.09691960485307427
6 t 115 0.006869494037468948
6 u 44 0.0005731645701242405
6 w 95 0.08564394218715687
6 y 75 0.1490390335246492
6 z 70 0.07997278536862362
7 d 133 0.18127875332217014
7 s 101 0.060779911300333334
8 a 69 0.055058709794591376
8 b 66 0.10372128986490337
8 c 126 0.05822612260894444
8 d 11 0.0004544496608407389
8 e 125 0.031227410407053124
8 f 74 0.06572562301950391
8 i 108 0.007355880025728956
8 j 98 0.0005346574395264092
8 k 108 0.030770446982049005
8 l 116 0.14748986653508755
8 n 31 0.051953753835598415
8 o 14 0.01177178388829292
8 r 135 0.027900317148443432
8 s 132 0.009467154859987947
8 t 69 0.03706628192327033
8 u 87 0.058556849794578536
8 x 27 0.12286415099118864
8 y 0 0.06772013959581358
8 z 123 0.016780928523566052
9 a 65 0.018331839537575556
9 c 127 0.0009591996306993478
9 d 86 0.013293686615363454
9 f 54 0.10808548553566266
9 g 71 0.03239301052369037
9 i 110 0.09000064005663821
9 l 5 0.06350147990489863
9 m 63 0.04302642780274679
9 o 50 0.0025707643455528117
9 p 83 0.065437614314931
9 q 21 0.046541245209550275
9 r 59 0.09189526377230217
9 t 39 0.003397204804638121
9 u 115 0.11295994665635967
9 v 87 0.1555671006803674
9 w 63 0.0737041172446179
9 y 16 0.016221905224101163
9 z 5 0.04045334525943278
10 a 50 0.020059491776455385
10 b 70 0.059554265586932664
10 c 7 0.1704552357778667
10 f 121 0.02152612066742643
10 i 37 0.05222698335851084
10 k 80 0.003882388182819385
10 l 90 0.09132923881188937
10 m 105 0.026058849337864842
10 p 112 0.12173625577200398
10 q 84 0.03525222334320122
10 r 25 0.05651458763793116
10 s 135 0.00038152858952844593
10 t 105 0.004346960211942474
10 v 103 0.0426760200682581
10 w 57 0.06017610465273093
10 x 72 0.024209725439310326
10 y 51 0.16342998413346332
11 a 126 0.019559692542358453
11 b 94 0.0028060972477133017
11 c 4 0.007770511841619809
11 d 66 0.021362255761556148
11 e 51 0.018997640820964
11 f 25 0.0730902598169344
11 k 58 0.12068731869913318
11 l 6 0.019133995668311088
11 m 110 0.039441109966599
11 n 33 0.0766738571507527
11 o 116 0.009698174355688982
11 q 42 0.028406441564913232
11 r 67 0.02408494683314899
11 t 2 0.004116116671374015
11 u 23 0.041310844943378555
11 v 102 0.07904154530873264
11 w 30 0.0019315528601893117
11 x 122 0.13357570456236378
11 y 34 0.07730468233155197
11 z 32 0.05586298358638331
12 a 110 0.06351685742498492
12 c 69 0.03421314999924441
12 e 26 0.10659280171480512
12 f 97 0.029592490567386442
12 k 30 0.03916725154290912
12 l 122 0.045324029496083273
12 m 130 0.058665288954729444
12 n 23 0.07672856298465613
12 o 47 0.08458446339537917
12 p 106 0.004675166180322932
12 q 17 0.08350510806369449
12 r 105 0.1618211215184009
12 s 113 0.0010204617341786903
12 t 4 0.01517710204355427
12 u 69 0.06950614256873189
12 v 82 0.010482015324231098
12 y 119 0.05440982555630547
12 z 92 0.05122621156669316
13 a 118 0.04708839225933248
13 b 36 0.0697066218118777
13 c 22 0.04812261065261547
13 d 50 0.003691773249870911
13 f 102 0.0781649260950692
13 g 69 0.10546866245793995
13 i 51 0.0020061915182963963
13 j 7 0.0004512794353266347
13 k 135 0.01894378458643864
13 l 73 2.440336947528987e-05
13 m 0 0.10697352990460807
13 o 49 0.016611667207194536
13 p 55 0.030233402608069504
13 q 105 0.1190011665427998
13 r 77 0.1123196196997589
13 s 52 0.009692643374750065
13 t 19 0.005286553178213693
13 u 74 0.09926419650395046
13 v 95 0.022956541491360172
13 w 36 0.0037688573242712353
13 x 27 0.023338024909408506
13 y 100 0.025707497130653456
13 z 134 0.02048996572457662
14 f 46 0.06985508288620046
14 m 115 0.04553281955330302
14 p 100 0.16233354012376933
14 q 33 0.009739026736782841
14 s 6 0.01191552530512685
14 t 120 0.024631415782980448
14 u 136 0.10102289957169064
14 v 97 0.0734287806182593
14 y 40 0.021508119409026083
14 z 19 0.2699808834928249
15 a 136 0.02786792926970716
15 c 94 0.044629732994121984
15 d 120 0.038622678295164414
15 e 94 0.01323592367333759
15 f 92 0.015497155207654156
15 g 65 0.06034773356339318
15 h 23 0.02225644858740128
15 i 78 0.0467107256633178
15 j 124 0.053146530515387314
15 k 98 0.059148313974889954
15 m 28 0.07852200379114938
15 n 41 0.14795301314321263
15 o 25 0.02193259011531612
15 p 30 0.028883244720837586
15 q 51 0.04079615532702341
15 r 61 0.020580050790279247
15 s 21 0.04482922195437522
15 t 78 0.022927563057819622
15 u 95 0.006329778979320189
15 v 8 0.011140983268723925
15 w 72 0.040211269909601
15 x 59 0.039517214003740975
15 y 116 0.04685429895729154
15 z 55 0.04765443183717655
16 j 81 0.08551844123294683
16 m 73 0.4814867516989638
16 w 115 0.018145755041723444
16 z 51 0.22625462529582174
17 k 113 0.17048285004723784
17 r 122 0.3634478119260901
17 u 102 0.07367915722493146
18 d 8 0.08116600234196802
18 f 11 0.014335677886625486
18 g 110 0.24171104167722168
18 i 91 0.05957401353077363
18 n 49 0.04401845904303836
18 o 134 0.05724074113152233
18 p 82 0.03901239487970998
18 q 2 0.009526362385321119
18 r 36 0.046350852957396826
18 t 15 0.05181994531054823
18 u 50 0.040775196929757174
18 v 66 0.07674160900050309
18 w 30 0.03783742414012303
18 x 126 0.024831614413246772
18 y 101 0.11864337283229487
18 z 60 0.05433829462126172
19 a 10 0.2840260238720892
19 b 94 0.11286822129562568
19 c 37 0.05529731284682071
19 k 4 0.19357523876679128
19 p 78 0.1513715771160975
19 s 30 0.16614266720932358
20 c 46 0.009555219884351929
20 d 135 0.07865466169602708
20 f 62 0.26007273754985805
20 i 34 0.02784360185355028
20 m 124 0.0007208656142245751
20 o 67 0.2129395857262235
20 r 61 0.10435649592976626
20 s 117 0.17501777730501045
20 w 103 0.061591164318974934
21 a 89 0.06928510505455387
21 b 107 0.03811721767080001
21 c 106 0.04263905672984325
21 f 69 0.0897244682937175
21 g 119 0.0670150270580715
21 h 101 0.09234699501534671
21 i 88 0.04804745298349755
21 j 131 0.026325964163823268
21 k 40 0.0037575819751940465
21 l 89 0.10320953892648965
21 n 88 0.06367672266937552
21 o 34 0.11394749845750807
21 p 57 0.030712814032278324
21 q 33 0.012346026231035312
21 s 17 0.02519019927375865
21 u 17 0.006629260637991519
21 w 66 0.018741910239675308
21 z 53 0.13660904428787957
22 a 16 0.07463637340285356
22 b 66 0.058401429076021416
22 c 65 0.09567287096605803
22 d 85 0.009644292324571535
22 e 60 0.0038125905466418475
22 f 105 0.03525353872848591
22 g 113 0.019948774201339114
22 h 83 0.0005954574541796598
22 i 97 0.010850786581554583
22 j 121 0.07555608984878792
22 k 4 0.00887830068572626
22 l 0 0.035329789907480036
22 m 79 0.03770157507632754
22 n 47 0.011122793555780497
22 o 51 0.016751717800561727
22 p 128 0.0018033894163271835
22 q 4 0.019459500650939265
22 r 74 0.05199876914631729
22 s 92 0.041719193822702616
22 t 9 0.19173199824391007
22 u 16 0.07662725498272849
22 v 111 0.040455685577251654
22 w 100 0.013056200874766333
22 x 134 0.040075754274174646
22 y 112 0.00676385952961156
22 z 133 0.005918788992576474
23 a 22 0.028170291854930696
23 b 1 0.10356479554285991
23 d 110 0.10989110235718857
23 e 131 0.09495768668038174
23 f 81 0.01096673093545153
23 j 19 0.009769155846496402
23 k 63 0.009093979820104625
23 l 28 0.008961154080622702
23 o 135 0.004183225522903622
23 p 129 0.07455147204332213
23 q 108 0.06626118929818892
23 t 120 0.06400214125863946
23 u 4 0.0217737216171191
23 w 66 0.0908011892285383
23 x 18 0.038897721491580994
23 y 6 0.003323224540017322
23 z 4 0.08456945741023991
24 a 68 0.09346658995978263
24 c 38 0.01998044313706626
24 g 82 0.11657720330174659
24 h 102 0.06578655631212948
24 j 23 0.07648193411753301
24 k 15 0.019170630842710645
24 l 132 0.08502111394295975
24 m 86 0.009570423178855036
24 n 84 0.11683028882507074
24 o 72 0.03393260768020567
24 r 75 0.08472682666642772
24 s 32 0.002124149319296831
24 t 36 0.005202890768317703
24 u 7 0.05217691335678454
24 v 2 0.052828308173922034
24 w 62 0.04764660909728513
24 x 98 0.03296281137027823
24 y 108 0.04577421074442489
24 z 69 0.038684283653263485
26 a 112 0.03848424356029145
26 d 83 0.015108652691082525
26 h 120 0.06258985009206586
26 k 110 0.029501764303615063
26 l 111 0.08114418941071233
26 n 117 0.004097469921130359
26 o 52 0.019819422573484458
26 p 4 0.1352692049593126
26 r 74 0.08108109008291353
26 s 70 0.2365062478543145
26 t 132 0.22136389334235618
26 x 118 0.0730123407464468
27 a 100 0.0512688256519912
27 b 9 0.05576313649483389
27 c 105 0.014621235860251991
27 e 131 0.18107818643624063
27 g 37 0.09080947259799355
27 h 135 0.05117230202791789
27 j 70 0.0024699030063053407
27 k 84 0.0018650701591501617
27 l 129 0.02040307134020103
27 n 4 0.038640260583570174
27 o 94 0.0017850430578795207
27 p 41 0.058479410476089067
27 q 128 0.15594628381547126
27 r 59 0.04394073398379639
27 t 33 0.03277090387124393
27 u 74 0.011288920549120784
27 v 96 0.06241056146210899
27 w 76 0.002561767598201037
27 y 136 0.045788630416746856
27 z 16 0.012006224911186414
28 c 74 0.1445904594072398
28 d 0 0.04627623071675302
28 e 117 0.02748169927255173
28 i 128 0.07898009479976775
28 k 82 0.21526676503427622
28 l 114 0.007414126260116838
28 n 132 0.0046264537381700555
28 r 35 0.010447387752900661
28 t 8 0.1264499860074092
28 u 48 0.035616372082764025
28 v 31 0.09773945158959585
28 w 98 0.00989676937327122
28 x 131 0.07585326053581487
28 y 124 0.06885760336331415
28 z 14 0.000192018885855183
29 b 116 0.0033962570736741915
29 c 94 0.003333642439665052
29 g 62 0.03449665136485447
29 h 31 0.0044221544345574015
29 k 14 0.088359901869561
29 l 24 0.3172039324143505
29 p 48 0.10327189676101967
29 q 79 0.043216339263097314
29 r 133 0.1701179491326632
29 y 21 0.022320224301958014
29 z 5 0.05310758556093065
30 b 110 0.007615780248549031
30 c 19 0.0512023246186315
30 d 121 0.04834159940938587
30 e 105 0.03210443420785791
30 f 60 0.03627827401132777
30 g 133 0.007070445708997286
30 h 7 0.036525878245893706
30 i 56 0.039401610963727185
30 k 66 0.03772594981308175
30 l 117 0.02110660896814731
30 m 53 0.04779559705811265
30 o 78 0.04002331300726636
30 p 3 0.12254099277947006
30 q 107 0.09007901192762868
30 s 54 0.04009418171620527
30 t 25 0.17926991306521223
30 u 4 0.053665501591031006
30 v 73 0.006290795810729666
30 w 57 0.03817101759868058
30 x 105 0.060170235287078544
31 a 40 0.13402994674238966
31 d 99 0.28237788334691083
31 f 75 0.009043067660466364
31 j 8 0.12247580586959605
31 p 91 0.08133492029807432
31 r 51 0.016868864898222924
31 v 117 0.15361978040316682
31 w 125 0.18335197402903025
32 b 111 0.022985351653957542
32 c 122 0.039545554186098286
32 e 105 0.06052885033776356
32 f 2 0.08124311574421406
32 g 65 0.07277236680151222
32 k 44 0.003019541927832825
32 l 60 0.026011853255852424
32 n 35 0.038103401199461207
32 o 15 0.07683003114704468
32 r 16 0.10714990521039958
32 s 86 0.09717500455450134
32 v 36 0.035838406443796766
32 w 7 0.12992469980295396
32 x 0 0.007823676498376564
32 y 36 0.12628170066663125
32 z 108 0.018545875389530786
33 b 23 0.10204949853621803
33 c 69 0.1570438636100736
33 e 29 0.04817133635281934
33 h 127 0.21811294241158397
33 j 77 0.09913098842233714
33 l 99 0.04614306489758868
33 m 34 0.0031233240325880818
33 n 104 0.035720773594897115
33 t 27 0.027352041852995557
33 x 76 0.1310716645139971
33 y 115 0.013458397699595004
34 i 55 0.6701858765539468
34 w 133 0.1526107688135696
34 y 125 0.16782879488435698
35 b 122 0.09632703761038008
35 d 20 0.018408310664210115
35 f 2 0.09229255526858715
35 g 63 0.03076915849806605
35 i 116 0.0495900037363145
35 j 22 0.16033221523319496
35 k 68 0.028322759571349665
35 l 40 0.06741169390527124
35 m 36 0.04846851365401661
35 o 59 0.01694838694865286
35 p 12 0.02146599644889635
35 q 19 0.0227306981045563
35 s 91 0.03419673786156863
35 t 119 0.07036102759585994
35 v 14 0.0976955671685864
35 w 122 0.036868072520251816
35 x 5 0.00807042154696691
35 y 102 0.06488034959243616
35 z 60 0.01728347865905766
36 a 43 0.005734799979203009
36 b 128 0.04268598285301839
36 c 128 0.03612145275188161
36 d 43 0.029530198756542392
36 e 32 0.017945186411835068
36 f 81 0.019854316684733808
36 g 88 0.03386032792801241
36 h 110 0.010624281973779626
36 i 10 0.05887413236426442
36 j 79 0.2271454750787597
36 k 108 0.03193797323661163
36 l 1 0.02691125147000073
36 m 62 0.17877483644720005
36 o 20 0.04888885834091217
36 p 3 0.025739963232900065
36 q 54 0.04691799723588075
36 r 82 0.009026202023729946
36 s 82 0.01417492182109159
36 t 23 0.019962023041046772
36 v 97 0.00874016674047784
36 x 16 0.06346280402737581
36 y 52 0.016517211292168654
36 z 36 0.011031273720011558
37 a 133 0.014594624461480854
37 b 125 0.0054879534617827685
37 d 76 0.015035465618631227
37 e 124 0.014628270541125143
37 g 35 0.046254953240576935
37 i 57 0.16260954516287018
37 j 32 0.025389820311930045
37 k 37 0.13845340933095107
37 l 93 0.04148549168327598
37 m 82 0.05882682880830181
37 n 110 0.10079274351420986
37 o 115 0.07077694853003014
37 p 38 0.01556835816053026
37 q 116 0.011319225030633984
37 s 42 0.10152851599721202
37 u 129 0.01826454573225811
37 v 125 0.0009308996134342884
37 w 130 0.013604837377120704
37 x 66 0.08437434373633901
37 y 52 0.02562188841376678
37 z 34 0.022640834145333355
38 a 40 0.04888404267426527
38 c 87 0.004870845470628771
38 d 28 0.06621383792797197
38 e 110 0.029603023668787865
38 f 31 0.004187924575349222
38 g 23 0.013908682385210924
38 h 25 0.16640617343236286
38 i 7 0.03360352888392981
38 j 40 0.0018534358476383073
38 k 28 0.022034457312500644
38 l 48 0.07859495889870372
38 m 123 0.019817167190426255
38 n 21 0.026869557936315513
38 o 67 0.045999928913644905
38 p 125 0.025292474023246525
38 q 27 0.07576607819383818
38 r 89 0.12100333505731808
38 s 27 0.001796358242484919
38 t 91 0.015823707567815037
38 u 35 0.08385363109846833
38 v 73 0.007282779295861852
38 w 110 0.018303340168355997
38 x 130 0.0242152765264253
38 y 46 0.017767840376379795
38 z 33 0.009871284502553479
39 d 80 0.033197505007446226
39 g 125 0.21974505950100465
39 h 122 0.11560025471730417
39 k 41 0.02698778565274551
39 l 120 0.08804881817970545
39 n 31 0.03770994398532279
39 o 100 0.05326566324651927
39 q 119 0.05264884865235053
39 r 78 0.0038218258051809784
39 t 82 0.02570687379277925
39 u 79 0.04773509216787686
39 w 131 0.28779539496545214
40 c 29 0.008913197467239953
40 d 78 0.1704179825957165
40 g 25 0.03712578859830418
40 h 112 0.01728730430778891
40 i 92 0.01891982188061081
40 k 114 0.0048916525984433745
40 l 10 0.011622705148757628
40 n 58 0.011917093559756786
40 p 107 0.04007352306772116
40 r 51 0.12467250294088905
40 s 68 0.0135065741324496
40 u 98 0.23030582901914864
40 v 66 0.04020493574121897
40 y 134 0.04572820502096531
40 z 81 0.2039488792682963
41 a 104 0.08842616743866982
41 b 39 0.01949609843180322
41 d 37 0.08857130989924611
41 e 63 0.030010418662115512
41 i 129 0.030704921411354502
41 j 122 0.03214927201271689
41 k 66 0.012435000856554024
41 l 28 0.09019673099359682
41 m 95 0.13385619444066832
41 n 98 0.026982398234925986
41 q 66 0.04000665584879193
41 r 86 0.013995758279726878
41 s 49 0.06638772822954198
41 t 37 0.0825118141544966
41 u 126 0.05722865312198966
41 v 3 0.021943904406056536
41 w 121 0.005037167944808352
41 x 82 0.03471266860315769
41 y 114 0.048308726593252804
41 z 84 0.06016933090301124
42 a 5 0.053654253814085506
42 d 43 0.06810840394700646
42 e 14 0.008507484946489785
42 f 80 0.02017805085200275
42 g 85 0.004829077430286599
42 h 56 0.006230310798548744
42 i 57 0.02075391557145112
42 j 116 0.005439377741251028
42 k 17 0.052314318241601376
42 l 80 0.0070101524042449626
42 m 32 0.0628282361130238
42 o 25 0.08223099495200192
42 q 69 0.04629446110118696
42 r 68 0.050308121136242834
42 s 124 0.0126849149853413
42 t 51 0.06797535431624169
42 u 103 0.03509629831152772
42 x 45 0.15536000196681743
42 y 113 0.16883833054292352
42 z 62 0.020912615231052145
43 g 127 0.5374377675778861
43 t 19 0.205211309275377
43 v 15 0.008808324578636895
44 b 93 0.11753048264608024
44 d 31 0.021310938625171194
44 e 71 0.04194376600471794
44 g 103 0.08758612200934646
44 h 41 0.013367503633658129
44 i 43 0.15089418633928253
44 l 37 0.04930434534310413
44 m 37 0.04209220839656669
44 n 16 0.0142310382555636
44 o 130 0.014814412501974128
44 p 55 0.004424423618003992
44 q 108 0.033517785672922185
44 r 45 0.044488854607616424
44 s 126 0.12935206532019305
44 t 83 0.003400125456311298
44 v 43 0.01691612057552594
44 w 126 0.00895694189536611
44 x 117 0.04718774359493916
44 y 0 0.06741743003793743
45 a 106 0.01650703736465753
45 b 129 0.054928847770408185
45 c 117 0.059504591013483044
45 e 133 0.051987968400633355
45 f 17 0.002196541424315801
45 g 112 0.046953599345136876
45 h 56 0.009644270085601203
45 i 10 0.14540135767654438
45 j 101 0.0237875174944171
45 k 106 0.011575332953764006
45 m 120 0.015598496082920299
45 n 113 0.02759393152276013
45 o 91 0.07250416252793968
45 p 86 0.059141743590836016
45 q 72 0.03944292678692862
45 s 69 0.015815301131916204
45 t 4 0.010836088039919534
45 u 123 0.02564585896631255
45 v 122 0.04314354035000301
45 x 69 0.05497348290546511
45 y 20 0.07820608215725222
45 z 121 0.1310773154317032
46 a 79 0.09376848912648861
46 i 67 0.10291555422537413
46 m 29 0.02602244505847906
46 n 93 0.0467611057316385
46 s 56 0.5830019195630664
46 w 4 0.012160278604790853
46 x 31 0.000552564954551471
46 y 20 0.021474051183921983
47 b 57 0.04336040990392931
47 c 116 0.0383157865340259
47 d 106 0.030041679807140453
47 e 75 0.0702413878614695
47 g 66 0.030677667364554906
47 i 88 0.10534804097016215
47 j 19 0.20271261672959695
47 k 134 0.018635505958833898
47 l 68 0.0073435508026126195
47 o 20 0.049243307195745434
47 r 6 0.0364949281038891
47 s 10 0.00041227122489628787
47 t 81 0.04315519630774978
47 u 119 0.1365789714923028
47 x 30 0.1391759507378918
47 y 21 0.03352766511409311
48 a 49 0.08758009554066115
48 b 16 0.0936755034968143
48 c 51 0.1567145102982821
48 d 57 0.17074703643298483
48 f 77 0.09479840799102213
48 t 70 0.0393905999687999
48 w 35 0.14067361557525038
48 z 106 0.17531799042241258
49 j 51 0.11696101563611072
49 k 62 0.11901898594249516
49 l 31 0.17572986820965197
49 n 11 0.12329622094368298
49 x 6 0.05805439485185582
50 a 16 0.02892250303985433
50 b 60 0.03066688405492357
50 c 26 0.05547698152283986
50 e 6 0.04630933247062796
50 f 31 0.03422473725448716
50 g 0 0.0005024573100210761
50 h 93 0.019557938113275997
50 i 94 0.052587752106066143
50 j 9 0.029118951533390947
50 m 74 0.10112993976805973
50 n 103 0.031789783357684676
50 o 7 0.013729862648587887
50 p 18 0.015677481876685273
50 r 124 0.07320118630453076
50 s 48 0.042563434789823495
50 t 18 0.04427004458303718
50 u 116 0.011716933637140214
50 v 51 0.029553399191446172
50 w 69 0.12337845100894151
50 x 4 0.12497516333383074
50 y 78 0.05894680406621344
50 z 116 0.007925412492556183
51 a 32 0.16215389381737022
51 c 125 0.15480604744006954
51 e 56 0.030421993519111123
51 f 119 0.0064915923466576375
51 g 32 0.01933381132411005
51 h 118 0.005860372511753309
51 i 104 0.01901625003129237
51 j 65 0.001969351725405133
51 k 91 0.027725025237582468
51 l 120 0.0020403802578441432
51 m 67 0.07194746532782137
51 n 14 0.0787674975318362
51 p 8 0.042796311737080206
51 q 45 0.05022876699101142
51 r 18 0.00968622400897201
51 s 48 0.004142169896636294
51 u 34 0.07145812241310223
51 v 99 0.013859277083017485
51 w 92 0.0788071196038479
51 x 9 0.11100032084519107
51 y 111 0.010813246642543572
51 z 15 0.011856342202464343
52 d 30 0.00679332383409792
52 e 58 0.04065269346909184
52 f 114 0.073001906227384
52 i 4 0.1014434420537006
52 j 118 0.05213428396900566
52 k 86 0.0363320789257261
52 l 7 0.17319740486050472
52 o 34 0.07162047913684277
52 p 99 0.007541403107771183
52 q 132 0.008188278832478968
52 s 54 0.13882492545899983
52 t 11 0.023145359186497072
52 u 33 0.05899221418278666
52 v 102 0.05029948049010402
52 x 40 0.022022153107068898
52 y 64 0.03847418673270875
52 z 94 0.06551453985786193
53 a 27 0.0036336524619365873
53 b 51 0.13468963160098846
53 h 36 0.03898292091744804
53 i 65 0.04481272164167538
53 j 18 0.2127353040463067
53 q 63 0.1554564270530837
53 r 82 0.05079769477066709
53 v 25 0.021212805919234357
53 x 125 0.14218860629564312
54 e 44 0.06821107821509642
54 i 87 0.04540986154128801
54 o 36 0.23946216810441823
54 v 126 0.29521198613070754
54 w 136 0.21631787912137168
55 a 93 0.01728666817387703
55 b 55 0.031770531741675545
55 c 115 0.09225034896738438
55 d 42 0.016976339227963266
55 e 43 0.026826835252472314
55 f 78 0.018126886145683918
55 g 82 0.11896402808276518
55 j 129 0.08291239992631882
55 k 28 0.008854905463899887
55 m 62 0.06502527842357086
55 n 39 0.0010583760569838896
55 o 6 0.04308181670086564
55 p 104 0.062040688243534925
55 q 59 0.09621638196044746
55 t 17 0.0057671384489687005
55 u 79 0.0669413745695987
55 w 72 0.14058784757608345
55 x 102 0.02257982430736749
55 y 3 0.015224911210829029
55 z 71 0.01947161479100934
56 b 112 0.03446551435285139
56 e 56 0.03219920263852227
56 h 33 0.020457716068071452
56 j 110 0.003140972317672297
56 m 44 0.6799385390136872
56 q 46 0.08883326342529219
56 r 55 0.11101968174130472
56 z 75 0.006056580866055206
57 a 44 0.017473550190294063
57 b 74 0.014336483319603466
57 c 134 0.014968472830371948
57 d 41 0.01926270505506733
57 e 123 0.017071530023434978
57 f 82 0.003239293454852854
57 g 73 0.05843412929182923
57 h 70 0.05229660001227676
57 i 26 0.09122067224673758
57 j 73 0.04245094456011089
57 k 96 0.11011872059205008
57 l 117 0.020535055687476933
57 m 117 0.0003330344042531408
57 n 56 0.05670484923751595
57 o 17 0.024277181709276174
57 p 110 0.046203119869365095
57 q 87 0.0006800902310825085
57 s 69 0.00890723197538923
57 t 96 0.01823379755582777
57 u 31 0.02486407619820119
57 v 22 0.032419451739141514
57 w 125 0.13623147867626406
57 x 95 0.03358468502203771
57 y 40 0.02119549956288891
57 z 43 0.010951447280154958
58 h 90 0.009045462178990493
58 j 90 0.0803531380356125
58 k 88 0.15018985598115442
58 p 68 0.1445973047356507
58 s 11 0.10941159440869552
58 v 18 0.00890931823608443
58 x 22 0.2536213436216186
58 y 115 0.013219263188229524
58 z 36 0.04672865392007941
59 c 63 0.05099670378375465
59 d 6 0.016394986120502497
59 g 9 0.040532004955330936
59 h 92 0.1954672156314382
59 i 16 0.11172749706249618
59 j 112 0.07003188767053259
59 l 18 0.014215056764409706
59 m 26 0.1635166120089997
59 p 17 0.009128301570652364
59 v 40 0.04023568470768801
59 w 133 0.03385263878479294
59 x 55 0.04397693547639192
59 y 50 0.060801462773209414
59 z 103 0.034686945317399465
60 h 44 0.0020937975640957784
60 s 2 0.8450220791651246
60 w 133 0.02577451615489923
61 g 36 0.1514714277827941
61 h 46 0.22014091851831963
61 i 19 0.01791921208892011
61 t 122 0.08241933456109485
61 w 55 0.007768293236445456
62 b 105 0.05730671082476946
62 e 34 0.02401811913552032
62 f 135 0.06257358115543832
62 g 35 0.16605880804192374
62 n 123 0.09971712033909597
62 o 30 0.07479819176456193
62 q 65 0.08094741362636759
62 r 29 0.0680478240928899
62 v 83 0.00017590367888442593
62 w 22 0.1434674224046687
62 x 34 0.08038873062743879
62 y 62 0.06277741137404302
62 z 67 0.055558004858944354
63 b 36 0.1064217200791745
63 c 102 0.045277159147295576
63 d 85 0.006733623383692544
63 f 15 0.07112104656562712
63 g 43 0.015347933175948403
63 h 22 0.04696602353205248
63 i 79 0.055452793035673964
63 j 21 0.08386015656208512
63 k 114 0.01972094062299412
63 l 2 0.015765010575752192
63 m 69 0.01080914676275857
63 n 94 0.0879986761161744
63 p 61 0.04995792466920046
63 q 58 0.147191528679523
63 r 50 0.041293695862168356
63 u 83 0.0430872405042495
63 v 93 0.024579149550068125
63 w 76 0.006182131535039215
63 y 119 0.004561498617159265
63 z 6 0.09295649449919818
64 a 3 0.11128220533468813
64 f 89 0.19254578983483606
64 g 13 0.24971624570024298
64 n 107 0.001201680369559588
64 r 132 0.04955330661412083
64 t 126 0.2771950401829697
64 v 78 0.04881387510228774
64 y 10 0.003821504307224166
64 z 93 0.03204665184212263
65 d 77 0.28149100917720793
65 i 130 0.20893185260418767
65 u 63 0.02646333586241323
65 z 30 0.21038445713388498
66 e 90 0.005472733918293282
66 f 66 0.0039729085061797065
66 g 25 0.039855089512270125
66 h 8 0.03810159819912873
66 i 75 0.23960506236701296
66 k 34 0.10318969121973887
66 l 125 0.17452981895724584
66 p 29 0.008120000743520928
66 t 36 0.26277210117855665
67 b 0 0.11118240970347226
67 d 47 0.013821232037653397
67 e 64 0.2355646868105813
67 j 85 0.010770440525752933
67 n 33 0.07592178293363283
67 o 49 0.08116258258577824
67 s 66 0.043681408923929466
67 u 21 0.11588157286768885
67 v 121 0.21997303408314983
68 a 54 0.09378887714717665
68 b 30 0.012579291637755285
68 c 24 0.010966307624766802
68 f 98 0.04443297509462629
68 g 62 0.042889589479827905
68 h 16 0.26119821353235984
68 i 67 0.02653448463979602
68 j 5 0.016833982863020402
68 k 61 0.010678790761493473
68 l 36 0.09964771329975586
68 o 131 0.037793632626725526
68 q 52 0.003674839024425003
68 r 75 0.038393071458215355
68 s 79 0.04192659536672816
68 u 1 0.15502354413937103
68 v 76 0.0011757414743763794
68 w 67 0.03087453419369257
68 x 117 0.030363764323320996
68 y 38 0.007533705785468081
70 q 101 0.9308975778689542
71 a 129 0.023647053475992053
71 b 66 0.006028513213868547
71 c 4 0.0007716420251832057
71 e 10 0.05601881807555131
71 f 72 0.13588277539571947
71 g 10 0.00991043757837351
71 i 45 0.024926473946350836
71 k 131 0.07464450957173441
71 l 37 0.01656884250231694
71 m 37 0.0732227761092541
71 n 24 0.015701138133215276
71 o 103 0.013372606760522099
71 p 111 0.011751326554137131
71 q 113 0.12576842185382542
71 r 89 0.05336593245057253
71 s 52 3.599043836666205e-05
71 t 91 0.05164684069772907
71 u 86 0.01221271252669609
71 v 1 0.02080867711825163
71 w 87 0.01594360907248138
71 x 24 0.0037285429193013586
71 y 2 0.09375025830577921
71 z 25 0.02974052713375208
72 a 128 0.2891846771851688
72 e 127 0.2276945340193619
72 f 68 0.1419215366923492
72 v 17 0.022645899000867886
72 x 39 0.09612520096148736
72 z 136 0.1463052125973897
73 n 33 0.01538400165286935
73 r 134 0.5742488538991108
73 z 83 0.05524885797119872
74 e 22 0.04628703152206615
74 p 88 0.1129706585442295
74 t 29 0.4884540747977977
75 a 41 0.050074920775849185
75 b 49 0.06099113918436927
75 c 115 0.0016866085045252888
75 d 8 0.03893002595442285
75 e 135 0.14451225641626742
75 f 105 0.010666449845097348
75 g 62 0.0075619138561852095
75 h 106 0.1422302911853046
75 i 70 0.003597011535145578
75 j 28 0.005047394348122958
75 k 57 0.014288921804683774
75 l 59 0.0025729228502854307
75 m 104 0.03934665817731564
75 n 71 0.08249566277779385
75 o 53 0.025375601152318517
75 p 110 0.027239488948021195
75 q 132 0.0005127337430198553
75 r 135 0.02900252008630455
75 s 76 0.05690013376956626
75 t 4 0.003478311043869753
75 u 48 0.0004922984017545762
75 v 124 0.04414048554161698
75 w 6 0.005465400825547473
75 x 76 0.07767395010862665
75 y 125 0.006540293433919153
75 z 8 0.11688220761124324
76 a 95 0.024612609180382994
76 c 6 0.05792307066285707
76 d 37 0.004444762800195012
76 e 23 0.033931436959360406
76 f 19 0.03006019385291403
76 h 51 0.10164882882095583
76 i 39 0.017407993950261824
76 k 132 0.021751644950011473
76 m 12 0.02273753056259531
76 n 51 0.11949397264450312
76 p 87 0.02785840530688377
76 q 12 0.07002148878576231
76 r 129 0.13603651882636292
76 s 61 0.028668903380377864
76 u 73 0.02491183511549655
76 v 108 0.050652185015505835
76 w 70 0.03503340682168521
76 z 112 0.04205350401112984
77 a 44 0.02372426174444986
77 d 16 0.022608335770899046
77 e 9 0.03385246200140757
77 f 30 0.06216164520005085
77 g 77 0.0007872229703896894
77 i 1 0.0017908495265834823
77 k 64 0.07088204532673836
77 l 26 0.029791984691327267
77 n 136 0.006821700564091593
77 o 28 0.005652000098154142
77 p 52 0.2041710770798989
77 q 57 0.014409812532114263
77 r 100 0.00601023281191948
77 s 129 0.010557341469349835
77 t 25 0.05893416004174212
77 u 113 0.07422218856114482
77 v 72 0.041123318395081876
77 x 6 0.00232193891237209
77 y 41 0.07924552353014536
77 z 132 0.2262473167773299
78 d 15 0.5012934593389365
78 e 88 0.0036554237321116956
78 i 85 0.04081262155734566
78 k 39 0.08480571997097819
78 w 125 0.2579419874573279
78 x 83 0.08825984940531961
79 a 133 0.032352838281850094
79 d 37 0.08660617247035218
79 e 128 0.07083382969310026
79 f 99 0.016651706130044186
79 h 34 0.016910106198035568
79 i 101 0.08352186210864121
79 j 14 0.11184348240099051
79 k 7 0.0026782542587902025
79 l 125 0.02311323504655083
79 m 80 0.03853312990232671
79 n 77 0.0351044920242507
79 o 47 0.05911503721247935
79 p 100 0.05512299002837029
79 q 38 0.15068184518359318
79 r 48 0.0021739225125956274
79 t 10 0.025342936420913453
79 v 95 0.060771736810422694
79 w 113 0.04304697437607108
79 z 94 0.011343080873705391
80 a 122 0.07700308908168618
80 e 76 0.15088038302844897
80 g 90 0.13030614649779204
80 h 2 0.16591231021250152
80 j 6 0.019804059216010694
80 n 85 0.05169326507298733
80 o 37 0.23571084236609108
80 t 43 0.005436300283102269
80 u 98 0.08117310249557408
80 v 19 0.07155376150661175
81 b 51 0.0025224019450684754
81 d 77 0.0010440854635848096
81 e 128 0.019111011890275642
81 g 132 0.012232957367732666
81 h 32 0.08982197428583172
81 i 12 0.08914546571496396
81 j 18 0.06800970195750378
81 l 46 0.0049134790511023985
81 m 17 0.007013994048880701
81 n 38 0.025196406565222595
81 p 47 0.13054553550954517
81 q 99 0.022015944045295166
81 r 110 0.10716918767772299
81 s 1 0.14394999596903313
81 t 92 0.06937312763475545
81 w 97 0.09674004585492424
81 y 83 0.1012327702290089
82 a 121 0.010476113940896092
82 b 58 0.056433407440997785
82 c 111 0.022616325178867358
82 e 9 0.005289859171767053
82 f 66 0.01737045541914839
82 g 26 0.029278706876073146
82 h 90 0.02832816087027068
82 i 21 0.09070087343496636
82 j 49 0.017257250983904404
82 k 82 0.0023122641262652843
82 l 40 0.02833484121177654
82 m 99 0.021365958238883986
82 n 123 0.013444645007341882
82 o 95 0.02835356767264874
82 p 93 0.11210061783363934
82 q 64 0.06315056184667056
82 r 44 0.10606432265464982
82 s 100 0.03230400483610396
82 t 20 0.05032237443081433
82 u 32 0.043072425360215605
82 v 78 0.017690638406941406
82 w 18 0.023083999420449586
82 x 51 0.04932525156068113
82 y 40 0.08012194440608356
82 z 16 0.0005684427028582739
83 a 94 0.027205184902984625
83 b 60 0.07389408066477443
83 c 46 0.01029980233738037
83 d 112 0.02854648309827368
83 e 96 0.03558789740041468
83 f 7 0.05359570247829648
83 g 5 0.011985392188726185
83 h 5 0.012000372008665328
83 i 24 0.011468129451808196
83 j 29 0.011608124224967042
83 k 129 0.031855689790695196
83 l 60 0.016103215375510405
83 n 129 0.059408011894510504
83 o 75 0.13463681967182028
83 p 54 0.015690111272394947
83 q 21 0.03284482936773325
83 r 64 0.0113700092964798
83 s 7 0.04180923867465458
83 t 13 0.013866323786502543
83 u 25 0.19344945975845862
83 v 14 0.05637404784402322
83 w 103 0.06640802832889192
83 x 22 0.018565321182035577
83 y 69 0.01908972009500509
83 z 92 0.0010985002180641246
84 a 53 0.006468151459801508
84 c 100 0.08072508794104594
84 d 91 0.04823890302277223
84 e 73 0.046382555942247494
84 f 72 0.07648328345696875
84 i 57 0.1600600393272552
84 j 66 0.062063016498002166
84 l 88 0.010531975814452088
84 m 13 0.07039886658752292
84 n 119 0.05516199653809595
84 p 56 0.11551429496649745
84 q 80 0.0073584998171370986
84 r 93 0.08624235245029022
84 s 3 0.04256486736442244
84 t 121 0.012411394560137068
84 w 76 0.09160696821689385
84 x 49 0.004700205237123778
85 c 28 0.3409744169242437
85 d 91 0.00366400287607338
85 g 38 0.05102319543141498
85 j 102 0.04177062452528735
85 l 103 0.006817820320413337
85 m 40 0.004857411073790119
85 u 95 0.15495515961659623
85 x 127 0.08529370381506207
85 y 31 0.12955828069330833
86 a 122 0.11776098898516063
86 b 126 0.04303261665777691
86 c 81 9.060573913399761e-05
86 f 106 0.032191503215138306
86 k 48 0.03997065673662614
86 l 72 0.21612322721615917
86 m 88 0.002507883790536236
86 n 125 0.01682359999269567
86 q 51 0.017933322204356172
86 r 86 0.06882001944403571
86 s 4 0.06047892835832669
86 u 121 0.07379400740080733
86 w 63 0.10511260237793663
86 x 23 0.025433047306981482
86 y 106 0.0833300911646504
86 z 83 0.03647998831661281
87 a 101 0.006401940063716194
87 b 1 0.0016632125388899022
87 c 9 0.0709551067868639
87 d 29 0.02023143466456645
87 e 65 0.022070496089099056
87 f 24 0.01824175744104617
87 g 15 0.07758031869330129
87 i 35 0.00956172668426658
87 j 27 0.0029873950945802363
87 k 131 0.09800852344382605
87 l 99 0.013609199206513822
87 m 35 0.03497205669555559
87 n 70 0.15146465718549595
87 o 104 0.07660368802030959
87 p 50 9.246984719524232e-05
87 q 45 0.02898360699940561
87 r 19 0.025377583403279447
87 s 40 0.12288532898282056
87 t 4 0.051085270448460895
87 u 91 0.03335378598248617
87 v 42 0.035312029850822935
87 w 70 0.026105266234780156
87 x 115 0.007245347355499976
87 y 126 0.035615517729384094
87 z 69 0.006510373724877616
88 l 97 0.10686845513844767
88 p 29 0.24181520186194838
88 s 128 0.5077415726202233
89 b 78 0.2044575549075307
89 e 89 0.057811367023228755
89 f 43 0.03290844240549273
89 g 29 0.22704164194061505
89 k 14 0.020298315344089768
89 l 61 0.0744746356424959
89 n 102 0.1604714556253375
89 q 78 0.031146786383605463
89 u 118 0.031270762463037394
89 x 69 0.13500396698882
90 a 36 0.05126922143496471
90 b 21 0.010897760091141961
90 c 14 0.05053344872106458
90 e 50 0.0003305304746982207
90 f 77 0.007829515247518293
90 g 88 0.15044039287210031
90 j 45 0.20624405693176728
90 o 124 0.19754870296846017
90 q 9 0.07353425540343461
90 r 29 0.04543928331182179
90 s 125 0.028781568038669825
90 t 36 0.06897242019706229
90 y 113 0.06904469049276207
90 z 44 0.03326702259514824
91 b 20 0.009114190522714893
91 c 108 0.13830669366739967
91 f 67 0.06749931776794738
91 i 35 0.045657451059715526
91 l 118 0.0465175499408893
91 n 26 0.10757764375847023
91 p 134 0.012510019999042998
91 q 60 0.01656669133009181
91 r 15 0.05187538598921604
91 s 74 0.012117026975097311
91 v 95 0.006442481990337701
91 w 108 0.28335280452639844
91 y 6 0.0351880090360428
93 a 122 0.041929560590157955
93 b 49 0.015195325158192774
93 c 12 0.045781463935066435
93 d 7 0.08560755364028705
93 e 59 0.0017371383644722016
93 f 26 0.060538936890589534
93 h 33 0.07739597674477872
93 i 13 0.03119730973077195
93 j 84 0.06126301928261879
93 k 66 0.02978814266473917
93 l 62 0.03245519092139082
93 n 132 0.03131287569884289
93 o 72 0.013660296475335065
93 p 10 0.0014259897086396078
93 q 0 0.07543030147254415
93 t 81 0.009413408746896779
93 u 35 0.06262696915222243
93 w 28 0.16276111436653373
93 z 80 0.0006933869787810742
94 a 9 0.028348475981271548
94 c 121 0.005388126115724812
94 d 12 0.029248388965002925
94 e 40 0.030071120746678726
94 f 39 0.06954736546082063
94 h 57 0.07522473888792536
94 i 106 0.0022396085103835173
94 j 64 0.07184869520900983
94 k 8 0.05179223313071368
94 l 91 0.0055859178121391295
94 m 111 0.04215947440579182
94 n 104 0.06647623361452559
94 o 5 0.07244778390032458
94 p 98 0.10414450041913792
94 r 132 0.03148852642786626
94 s 88 0.012562139330678068
94 t 41 0.1750572613929201
94 u 36 0.015408031615975148
94 w 23 0.026618843581533547
94 x 130 0.022001794413774367
94 y 105 0.04300213843401912
94 z 10 0.009306698859711915
95 a 131 0.020727412428357406
95 b 45 0.02578643831109606
95 c 119 0.02263760793812153
95 d 49 0.03150242048443641
95 e 69 0.05480521204829425
95 f 41 0.017578492113889177
95 g 57 0.006148462824741574
95 h 65 0.008207517059779512
95 i 89 0.021772504310489937
95 k 112 0.03934454571123802
95 l 23 0.023702399650633366
95 m 97 0.021078896804243796
95 n 116 0.0500791990219811
95 o 29 0.039401753274222795
95 p 126 0.010679375050046569
95 q 67 0.03832468992110505
95 r 47 0.02662617232171116
95 s 86 0.010156314390665777
95 t 112 0.03411399105398838
95 u 89 0.025810320614493176
95 v 136 0.0010003104255189577
95 w 104 0.04518474044615539
95 x 51 0.07488098895594275
95 y 100 0.06566842275265028
95 z 63 0.16647387708009265
96 b 3 0.25131002574197825
96 d 120 0.044595596190651676
96 f 129 0.04829900185786662
96 h 73 0.09883898234861077
96 i 94 0.14943934348773769
96 l 103 0.0007537675891045037
96 n 92 0.008294262722550516
96 o 126 0.012780575652505122
96 p 106 0.05356713198147056
96 t 97 0.03332984479751755
96 u 45 0.08736985536148978
96 w 31 0.05530161881694917
97 f 4 0.038230465563503846
97 i 26 0.3115502323893341
97 l 120 0.03744248960767815
97 m 73 0.05233022881236005
97 p 67 0.005265763780059718
97 z 36 0.23197560908357695
98 a 121 0.019551998662865944
98 b 62 0.0675009810918592
98 c 104 0.23832340373392835
98 e 50 0.0014023474599457186
98 g 48 0.08826558979545351
98 l 125 0.023944102064102024
98 m 52 0.016717479567088023
98 p 96 0.061100398868765615
98 q 52 0.18413904683937932
98 r 61 0.10314273546150643
98 u 67 0.058712295958707084
98 v 8 0.08407408225485724
98 x 109 0.006515049747535917
99 a 68 0.02142430366874193
99 b 1 0.12090841844799305
99 c 4 0.014076711459769076
99 d 113 0.05442788036993651
99 e 75 0.07707537371534245
99 f 41 0.004540322685347431
99 g 79 0.0938801667469128
99 h 62 0.010896158705433923
99 i 134 0.015400300989461768
99 j 37 0.03635058625342502
99 k 40 0.057571047893803406
99 l 40 0.10978704677293283
99 m 27 0.029448296885791536
99 n 54 0.0003675841687069692
99 o 123 0.05985392084865182
99 p 54 0.011600223342030147
99 q 88 0.0157713746781164
99 r 44 0.014025971368515355
99 s 54 0.04431937639044392
99 t 66 0.008397801234293123
99 v 135 0.0009197335868111889
99 w 60 0.012827504789314936
99 x 52 0.025882018264391404
99 y 19 0.0789137114092916
99 z 7 0.029878807363396875
100 a 88 0.013433106009282048
100 b 101 0.35935144276621134
100 e 77 0.018380636678290485
100 g 38 0.024620055554317122
100 h 74 0.02358036721094614
100 i 66 0.014031353758129916
100 n 13 0.08930896395465604
100 o 66 0.07425471461540256
100 p 82 0.03709317794836475
100 u 24 0.023043018915214653
100 w 123 0.032758445783241164
100 x 46 0.16343267829066477
100 z 61 0.06635646185129085
101 i 105 0.016839576133662937
101 j 131 0.05811509270618698
101 k 115 0.10406274677529459
101 m 16 0.15927645393814105
101 n 102 0.010743530236839494
101 t 49 0.2139112741413568
101 w 103 0.2814429038905333
102 b 29 0.00938815676698257
102 c 93 0.03221268408886124
102 d 24 0.00784699957940882
102 e 95 0.023743677327609403
102 f 34 0.09197885731090705
102 g 80 0.006832508274985272
102 h 59 0.04850443134728788
102 i 0 0.0030063194988843023
102 j 39 0.10296419876520602
102 k 12 0.022328243027937122
102 l 59 0.14866505761684423
102 m 64 0.0015563927980544179
102 n 3 0.023278567366910585
102 o 78 0.03231633058278205
102 p 70 0.05361674455153287
102 q 15 0.007078746281735437
102 r 129 0.009108169202595051
102 s 51 0.13748530401067183
102 t 14 0.007475062418348499
102 u 109 0.005021577219263218
102 v 82 0.019219501970841324
102 w 4 0.1046640792500132
102 x 56 0.015957088768898786
102 y 38 0.022447105508799692
102 z 28 0.015986876415012286
103 e 117 0.07970655790199266
103 q 114 0.3435092877738086
103 t 22 0.23534558388283033
104 a 63 0.0037068161917382936
104 b 71 0.00407531234529146
104 c 48 0.07076911108189854
104 e 116 0.005530402989558314
104 f 28 0.01380654496526712
104 g 91 0.04134285448332897
104 j 6 0.059965377062324854
104 k 61 0.001291930796902152
104 l 60 0.052008395025917364
104 m 6 0.002579665572243428
104 n 122 0.0077024901393960565
104 p 76 0.2098564852548166
104 q 60 0.034382571916601656
104 r 84 0.07957041492759187
104 s 14 0.011621919142476678
104 u 51 0.222636496318956
104 w 39 0.017490479826060445
104 x 78 0.09272429071117283
104 z 136 0.06266762744573207
105 a 118 0.0018875428212445922
105 d 66 0.11198539832657306
105 g 70 0.1753745393665903
105 i 21 0.005600310745321857
105 j 74 0.02615236895162898
105 l 81 0.006541292584061553
105 m 129 0.03851671880384688
105 p 15 0.3305006423874004
105 u 98 0.22416409191842424
105 v 94 0.01775928778175595
105 w 20 0.018588875976503605
105 y 99 0.033512302186286425
106 c 100 0.21062111230709257
106 f 107 0.09047733245029721
106 i 51 0.26266823787834537
106 m 64 0.05369284948162645
106 w 126 0.09497931626990497
106 x 57 0.2232758782140819
107 a 29 0.06077174238605876
107 b 53 0.10803851662980446
107 c 128 0.0772715342380581
107 d 131 0.07606207553547495
107 g 23 0.1934882563474658
107 j 85 0.09555983079503028
107 k 76 0.03550142356593733
107 l 34 0.027123799715210284
107 m 53 0.0774034058717471
107 p 129 0.014179387474560712
107 q 109 0.05678799926810263
107 r 26 0.0026368289789175936
107 s 131 0.1621382163208479
107 v 76 0.006472908498145191
108 a 16 0.4666523774479828
108 e 116 0.08942106087614399
108 y 6 0.2971662143934174
110 a 78 0.18053807415068568
110 b 53 0.011045399513883947
110 c 119 0.039049465505242575
110 d 62 0.04559166141897053
110 e 64 0.016730691910605278
110 f 41 0.01598289522370533
110 g 104 0.005802331781388004
110 h 63 0.015271019182230061
110 i 91 0.0011274099731657383
110 j 123 0.09194018826038874
110 k 50 0.10989481805522794
110 l 117 0.019611309765278695
110 m 87 0.012486942152348135
110 n 135 0.06430852030183898
110 o 25 0.016056281796547944
110 p 59 0.013248031554098483
110 q 36 0.00044236991458312946
110 r 92 0.007521924008545677
110 s 112 0.0057490632315920775
110 t 51 0.00856188501548183
110 u 59 0.16074118339785082
110 v 78 0.022256797396605688
110 w 21 0.015310808442276724
110 x 115 0.07913455177183837
110 y 48 0.0009339307513687167
110 z 64 0.03935764438928313
111 c 93 0.13172178090009912
111 h 58 0.11515527013544136
111 i 119 0.037144635182363106
111 k 35 0.0074184939435503194
111 u 128 0.4627501790758318
111 v 24 0.15964870127010033
111 y 4 0.012102653990912149
112 a 135 0.016101060141809453
112 c 22 0.009713425288777278
112 d 125 0.030207381383057674
112 e 26 0.11457235550646194
112 f 92 0.006340483171150879
112 g 18 0.011594609203646078
112 h 32 0.0019753229865231425
112 i 20 0.0020885528271739062
112 j 73 0.040978482781701686
112 k 122 0.038358946948400585
112 l 48 0.06553206869077
112 n 95 0.14727568140915215
112 o 73 0.007832817476370879
112 p 21 0.07348286933797865
112 q 111 0.04229931091519268
112 r 5 0.12437512759262692
112 s 10 0.018376593960901078
112 t 43 0.010475353627258377
112 u 102 0.02337975010068516
112 v 84 0.0026887844620784307
112 w 44 0.029904671138496486
112 x 128 0.00633637288374278
112 y 37 0.09347191518030129
112 z 49 0.0482795596851483
113 n 115 0.5799003579583156
113 r 33 0.34330603948651395
114 b 14 0.04860433688026666
114 c 125 0.04989423294168216
114 e 126 0.028636844777964687
114 f 109 0.045438860617729615
114 h 93 0.04825744511116925
114 i 74 0.05053072879310738
114 k 136 0.21838343904025437
114 p 1 0.287125719586363
114 s 86 0.012516200935466126
114 t 34 0.03831000068227841
114 v 62 0.028240408775719983
114 y 104 0.026849861980184464
114 z 109 0.07276389460016108
115 f 48 0.03416399997363839
115 g 100 0.07988278686068984
115 j 118 0.013280594966594061
115 k 112 0.09876585866455245
115 m 52 0.03130712662239932
115 o 40 0.029956994773481904
115 p 29 0.23815068078491652
115 r 113 0.006906489454947984
115 u 42 0.035211576735544536
115 w 102 0.06828044536069577
115 y 87 0.2743275275378112
115 z 90 0.03500070155995605
116 a 125 0.026224677169750632
116 b 83 0.02558711070872377
116 c 120 0.01416746153949855
116 d 77 0.00909271048282767
116 e 64 0.05047453230356225
116 f 63 0.009053463978157428
116 g 17 0.032640883532352394
116 h 56 0.15074415927868523
116 i 4 0.000500741383675174
116 j 14 0.11256700436214206
116 k 62 0.030911892710509647
116 l 72 0.05606725544146285
116 m 119 0.06544877661281034
116 n 66 0.018467777120213635
116 o 80 0.005571188087922563
116 p 84 0.002493262244585015
116 q 116 0.004272234361095584
116 r 41 0.018193093392657178
116 s 74 0.04297878945691391
116 t 82 0.14822674706119032
116 u 58 0.019915231886923457
116 v 49 0.03512610310937081
116 w 79 0.0024025605863177146
116 x 116 0.010777229799808663
116 y 31 0.005192469602134486
116 z 68 0.059596261367628856
117 a 69 0.005062365875774799
117 b 134 0.04538097495372706
117 c 1 0.16126876106962362
117 d 60 0.0015400243720957718
117 e 129 0.0271483951316156
117 f 22 0.004406342450562928
117 g 113 0.036339511033148586
117 h 82 0.01062267903261449
117 i 127 1.7468606505977036e-05
117 j 77 0.07520646746116932
117 k 18 0.0026542621656187038
117 l 99 0.131965404844404
117 m 27 0.016020815338263272
117 n 31 0.012565771389886349
117 o 50 0.05363997274831589
117 p 83 0.035573603721971714
117 q 64 0.033823430676884314
117 r 68 0.008148016798491642
117 s 130 0.012262623510611359
117 t 73 0.0027835425865089247
117 u 69 0.02585124502512126
117 v 118 0.023039277858367457
117 w 100 0.09479513814885487
117 x 13 0.06272847189303421
117 y 51 0.051347568628857476
117 z 89 0.0427250929006856
118 a 64 0.07578283368608407
118 b 56 0.15564250895022136
118 c 134 0.10589329381675239
118 d 6 0.07614912053639589
118 e 47 0.018967348460397604
118 h 125 0.02256957990113917
118 i 36 0.015401298829175292
118 m 40 0.0157931492994271
118 n 111 0.06533107059502263
118 p 117 0.05671299294439358
118 r 130 0.18997057069991952
118 s 84 0.02533452297774985
118 v 79 0.02002623792000391
118 w 64 0.04437027324450615
119 a 63 0.07922360518477878
119 b 38 0.07445579682311365
119 c 103 0.005395831308389609
119 d 105 0.05445052988945809
119 e 3 0.00012759003551421344
119 f 43 0.10102113005671509
119 g 5 0.06354494734291383
119 h 93 0.03501107873259557
119 i 54 0.053254884595350105
119 j 133 0.014506142579534642
119 l 115 0.0433868443519807
119 m 114 0.17319958615359687
119 n 128 0.04346886020841367
119 o 25 0.022683416924312638
119 p 81 0.028555841252888015
119 q 46 0.00025227185399145924
119 r 128 0.004840753902015438
119 s 25 0.00805445311773989
119 t 109 0.03863185807418845
119 u 121 0.022254638101663282
119 v 133 0.03256633722282465
119 w 64 0.04309039867278319
119 x 8 0.014193056964877382
119 y 121 0.012788542538230585
119 z 77 0.031020297338664515
120 b 58 0.5207157673804652
120 l 126 0.037166545976969556
120 o 23 0.32542972430736805
120 t 17 0.06487823914509727
120 x 129 0.00016842296687791247
120 y 46 0.0006967616786982544
121 a 20 0.06060481485731262
121 c 62 0.03896690458422958
121 n 92 0.055054155133961946
121 o 5 0.4171195282508977
121 v 111 0.05125925061388037
121 w 82 0.13403974732057478
121 y 110 0.14524585149359248
121 z 35 0.0860944374277306
122 a 1 0.011264613341082419
122 b 11 0.1507057578250679
122 c 52 0.12301431303170107
122 d 59 0.01915251090333958
122 e 60 0.36441050222912896
122 f 54 0.006642865350209193
122 l 14 0.026736814834256828
122 n 33 0.02238552487581591
122 o 100 0.01610279029628281
122 q 126 0.0030518317889479674
122 r 98 0.10903957809352993
122 s 54 0.0022874677103970065
122 w 47 0.0881262929445934
123 a 10 0.08218874990593306
123 b 136 0.09494096444441535
123 c 35 0.034628671512213605
123 d 91 0.0015078185411879774
123 e 41 0.0023902708638354753
123 f 118 0.03905497040419059
123 g 136 0.05721144170717041
123 h 117 0.002710975408766636
123 i 3 0.05158453576565247
123 j 21 0.0003727500942426465
123 k 92 0.03212937201333843
123 l 14 0.027720608638760913
123 m 96 0.04590411132318428
123 n 62 0.0323500763735044
123 o 24 0.04451882960899167
123 p 86 0.03977806347226309
123 q 18 0.0033722531736126715
123 r 46 0.039404152990471064
123 s 1 0.06039949191414029
123 t 113 0.01789289450369569
123 u 109 0.08378258485844137
123 v 117 0.06768763301111225
123 w 69 0.009785351161061384
123 x 58 0.03295762301085414
123 y 18 0.013627014603321164
124 a 59 0.0916370907767653
124 b 63 0.021780391585912384
124 c 42 0.026827823057653077
124 d 83 0.05406197953295089
124 e 16 0.016104461990374186
124 f 33 0.005390302944950576
124 g 1 0.0038481227642596094
124 h 86 0.011209040237413537
124 i 17 0.023377775251961497
124 j 86 0.05736275658457912
124 k 48 0.01017511738134591
124 l 127 0.038685914116093234
124 m 84 0.07434242989020678
124 n 67 0.05844073452733156
124 o 58 0.00260780539014116
124 p 20 0.07920924275289454
124 q 50 0.01851104849421159
124 r 105 0.014092750316648361
124 s 70 0.056004409281867895
124 t 114 0.026815434759816736
124 u 69 0.003282760307721233
124 v 91 0.014903163116700924
124 w 27 0.08115024331337595
124 x 83 0.011039807245879829
124 y 127 0.017605758478163147
124 z 131 0.03270493489256565
125 a 43 0.010099763729860878
125 b 72 0.027922430079694416
125 e 95 0.10720104586457391
125 g 33 0.01721971497242969
125 h 130 0.07549003172325797
125 j 87 0.17133587791167837
125 l 125 0.0029059259797235004
125 n 77 0.017160036516615906
125 o 134 0.024644795662387087
125 p 58 0.12256043128015903
125 q 46 0.03913443478354095
125 r 129 0.0009679851334113421
125 s 13 0.08861197714250801
125 t 60 0.005159049791728876
125 w 0 0.13524828419273616
125 z 15 0.052727781037514965
126 e 54 0.06906743554274364
126 l 96 0.07866242218612074
126 o 92 0.06696744862535142
126 p 68 0.4259002248119388
126 r 25 0.01734704697940337
126 t 86 0.030641572489344182
127 b 44 0.06493289770070776
127 c 17 0.025537571349179777
127 e 62 0.008141938085575728
127 g 113 0.10657383788991026
127 h 54 0.018977713517327244
127 i 57 0.07907166753581674
127 k 14 0.11176225205240253
127 m 26 0.2006767517649075
127 n 95 0.06695965908249435
127 o 66 0.18230978880108195
127 p 49 0.09340127198892278
128 a 70 0.08904533161657369
128 b 37 0.001198383985148932
128 c 83 0.05631599931322717
128 d 135 0.09734503628258384
128 e 6 0.005017480890407766
128 f 60 0.019736174262953154
128 g 131 0.02308701172226757
128 h 36 0.0035335661182600564
128 i 24 0.048959997977786274
128 j 113 0.0024318530936082716
128 k 87 0.07443525091601477
128 l 83 0.03234806950491664
128 m 4 0.012634366956603804
128 n 93 0.03524556619123931
128 o 61 0.03338542786826304
128 p 130 0.03906230479562256
128 q 8 0.013092472817710199
128 r 123 0.006992394013124459
128 s 116 0.08541797296471121
128 t 60 0.005164610386456103
128 u 119 0.016602397901553156
128 v 1 0.027976211357028546
128 w 30 0.07375438695294234
128 x 126 0.07658654332126147
128 y 77 0.024579497400503025
128 z 97 0.07877684319883949
129 d 86 0.049366937119966536
129 e 106 0.015254335817191156
129 f 102 0.01573674652346746
129 g 120 0.033718636949726655
129 h 103 0.01071202702486762
129 i 34 0.009005926857452051
129 j 77 0.010529825114028668
129 k 45 0.035392734925021485
129 o 20 0.1243389460118044
129 p 121 0.09015103118951062
129 q 121 0.0072014791597245775
129 r 122 0.10762237913351613
129 t 8 0.02953988856571277
129 u 74 0.03469677463622545
129 v 117 0.13567118830413516
129 w 106 0.035459797647873326
129 x 80 0.06737972568775996
129 y 47 0.04605453778839519
129 z 105 0.09830543267637037
130 e 88 0.06966811746958457
130 h 136 0.038494383793568177
130 i 9 0.11679299362881446
130 j 99 0.06318534112177365
130 k 53 0.0197663860243672
130 l 104 0.0322891886225084
130 p 98 0.05795906371638704
130 q 126 0.05262254449088988
130 s 123 0.051149400945668444
130 t 109 0.03623798627345365
130 v 43 0.2543583115926078
130 x 91 0.036497115567866834
130 y 7 0.06075308408457125
130 z 62 0.03704089763842
131 b 8 0.36288599023055657
131 i 44 0.11280196060922343
131 m 21 0.24703970325085756
131 v 99 0.05835093029088145
132 e 104 0.25732885429890817
132 h 64 0.22578836270716474
132 l 7 0.17946705967704224
132 o 57 0.05563602832921266
132 y 6 0.05436692393040665
133 a 105 0.17337851349634115
133 d 103 0.01667818331406934
133 e 50 0.13770300319798723
133 j 16 0.016292624212835727
133 m 121 0.2614764673067388
133 n 19 0.018384482994114326
133 r 132 0.020286568092931945
133 t 100 0.12002555249594271
133 u 128 0.028641112367832178
133 w 17 0.06937005685022746
133 y 1 0.05134752179259239
134 a 2 0.6445563780950958
135 a 42 0.03367241674094401
135 b 124 0.10327443780029177
135 c 96 0.029538115479537885
135 f 24 0.04282291393304183
135 g 83 0.012267260638600175
135 i 13 0.049401882885086734
135 k 79 0.07680753615022928
135 m 43 0.15368030672818433
135 n 20 0.14302594895878773
135 p 4 0.05214798791160491
135 q 38 0.08661675790487955
135 t 97 0.026546221077818122
135 u 134 0.04697925496320288
135 v 62 0.023646336586984562
135 y 134 0.06932474285921231
136 a 103 0.0939439313042163
136 b 109 0.0885202673500749
136 c 56 0.0032124115849250234
136 d 37 0.00831730918922835
136 e 31 0.04707955238131267
136 f 59 0.021291231070244665
136 g 5 0.019140290735318977
136 h 54 0.01684650385399422
136 i 109 0.18729001625915243
136 j 89 0.015688929191441714
136 k 68 0.021797344376501937
136 l 11 0.0008702274875116434
136 m 68 0.0374689972430341
136 n 85 0.0025143795796365165
136 o 136 0.110322954203386
136 p 61 0.0031913333277969747
136 q 21 0.0023386315714100103
136 r 102 0.041671297499587756
136 s 128 0.0813961406741367
136 t 116 0.06471917191028043
136 u 123 0.06511146922817967
136 w 102 0.019911265123353727
136 x 53 0.03915573538972694
136 y 27 0.007592271734894851
