113 26 1319
0 0.06819172069539847
0 0.4477360707699177
0 0.04854999753402034
0 0.4072732462516375
0 0.003216511738633576
0 0.06063567603741715
0 0.0034646304354242208
0 0.20159397367786058
0 0.01940758244146923
0 0.16361195073202206
0 0.0984396505020324
0 0.2725241583285316
0 0.35526562946066587
0 0.043941704503862256
0 0.09011548240043155
0 0.1352244207195643
0 0.14079789425020994
0 0.1643736967955064
0 0.15288699428766195
0 0.253611119861754
0 0.9468929004362895
0 1.0
0 0.0465728695088643
0 0.04817183140664949
0 0.012188512801428741
0 0.004749697272506737
0 0.10247919741491296
0 0.04786330308394382
0 0.011339119626025518
0 0.045925082332501366
0 0.1681806362296171
0 0.2477391691198888
0 0.005348651469578081
0 1.0
0 0.10176799998133379
0 0.02820726636354909
0 0.07026235093593836
0 0.08703033476853916
0 0.09614086310726222
0 0.03858503502602473
0 0.08188919083785795
0 0.09320371833374774
0 0.14455455555327257
0 0.006035674452884332
0 0.06360823769484103
0 0.07732892866953067
0 0.032218147211591885
0 0.03424520656463892
0 0.8795880816203645
0 0.2129697060383553
0 0.08741404717517043
0 0.019304072720574328
0 0.010214321492256984
0 0.008452782392266545
0 0.08117998439829821
0 0.03918622324420362
0 0.11475949415516251
0 0.0451922052474939
0 0.023336670445302188
0 1.0
0 0.11796074454362893
0 0.03528675316833518
0 0.17199123152319284
0 1.0
0 1.0
0 0.002136472778323295
0 0.25148111717725075
0 0.21202627785576078
0 0.12154853677227928
0 0.021450834997837953
0 0.09767788864415339
0 0.0577857249625634
0 0.0029527979713338537
0 0.0027216000846157495
0 0.48543167874653026
0 0.002445764843570508
0 0.488318914109271
0 1.0
0 0.568960584770052
0 0.015501459243462357
0 0.9213576043881776
0 0.48114688529162886
0 0.020957812782490093
0 0.266303727985682
0 0.022771932645796467
0 0.0033773862309183222
0 0.08175127925545056
0 0.666359263423728
0 0.10729691729477908
0 0.06732185971063398
0 0.02857231654999226
0 0.0020540267332006534
0 0.1743164827395698
0 1.0
0 0.17762203164837542
0 0.03124913921078798
0 0.2171494270218055
0 0.04818501926490426
0 0.007944532604544863
0 0.08700003385301514
0 0.113123770644869
0 0.06299907813708772
0 0.011204873222374068
0 0.036053222353915726
0 0.08295367136769782
0 0.16658726008674696
0 0.0517353721211552
0 0.08102503716208409
1 0.05544849441448252
0 0.06985022181681788
0 0.14751282061410964
0 0.004729348159478897
0 0.04714358712982836
0 a 45 0.1586545286775891
0 c 76 0.03125367471576279
0 h 17 0.01763180763955363
0 j 50 0.028725349240034226
0 m 101 0.1389311583212931
0 o 88 0.16033005799580258
0 s 6 0.32409347655097653
0 x 41 0.07218822616358955
1 k 32 0.17049202528393403
1 x 39 0.38177190394614824
2 a 92 0.0793604243723477
2 b 66 0.02310224964433083
2 c 92 0.11400698214109084
2 d 64 0.03130746862380274
2 e 8 0.04152133322556384
2 f 88 0.015062642300554763
2 g 24 0.07284949924073358
2 h 13 0.016458902838003886
2 i 92 0.0381714523632114
2 j 20 0.05104825302964289
2 k 83 0.04037096891816727
2 l 6 0.0848119262432454
2 m 98 0.012310997744415353
2 n 39 0.002901470586195609
2 o 9 0.0016732448932650357
2 p 82 0.03553810630200094
2 q 5 0.012621138864695847
2 r 5 0.008151621470915416
2 s 85 0.05296890698104739
2 t 87 0.10213144691280607
2 u 28 0.00258136965538569
2 v 66 0.04088633900004501
2 w 36 0.03902281141034658
2 x 31 0.004964189461536095
2 y 31 0.02191885435509977
2 z 44 0.005707401887529717
3 l 92 0.5927267537483625
4 c 93 0.006202691600643684
4 g 1 0.04320262628972227
4 k 42 0.007140839513986474
4 l 95 0.036565657964563125
4 p 19 0.3552022028896714
4 u 8 0.08528469576141928
4 v 84 0.4631847742413602
5 a 58 0.11456321365613298
5 b 95 0.005384566991178064
5 j 45 0.0017500800958535345
5 l 2 0.03830430220315839
5 m 63 0.08490001748366394
5 n 2 0.03318267216033011
5 p 100 0.0465218993956128
5 r 72 0.11149708513376844
5 s 111 0.08561909025005499
5 t 57 0.050467582232269215
5 u 104 0.20610965307338103
5 v 37 0.05797976993108378
5 x 22 0.003264944129806935
5 y 14 0.09981944722628866
6 a 56 0.007988635614712636
6 b 81 0.02660553438026103
6 d 1 0.09816693576844226
6 e 40 0.002071571082006285
6 f 48 0.060036387222552556
6 g 56 0.0048368522035985295
6 j 24 0.05639065086555661
6 k 81 0.048252675813210244
6 l 34 0.0020629320473933843
6 m 52 0.057430078905298165
6 o 25 0.10869572221272272
6 q 18 0.018580611135758485
6 s 69 0.22515790963843152
6 u 67 0.02735186504974707
6 v 96 0.05400775077913933
6 y 111 0.11788104880965633
6 z 65 0.08101820803608861
7 d 89 0.11750706515594689
7 y 62 0.6808989611661925
8 a 60 0.07335467447851574
8 b 76 0.04253471818459886
8 c 53 0.10298904477821369
8 d 110 0.0960725751275674
8 e 26 0.027034591057546242
8 f 28 0.01255804798225335
8 g 54 0.0035841753868248727
8 h 35 0.02547716653044496
8 i 31 0.005491987870121506
8 j 45 0.07819988754401708
8 k 46 0.01417618346324434
8 l 112 0.08558392420583016
8 m 9 0.09536427725270202
8 n 19 0.03805164413292139
8 o 59 0.0180544173697893
8 p 102 0.03934086121110392
8 q 93 0.11275940995114053
8 r 109 0.06267364907692363
8 u 31 0.03718419884405477
8 v 37 0.00719857979806704
8 w 35 0.0026594310198941873
8 x 44 0.00024897229275577804
9 j 98 0.6658410999200088
9 t 105 0.1705469493479691
10 d 104 0.05583195424214382
10 f 20 0.08496614714079453
10 j 107 0.006016523079759972
10 l 83 0.1732252865103311
10 n 10 0.027121271214129994
10 q 53 0.1548054016639122
10 r 88 0.028066122008778227
10 y 72 0.23274203476808975
10 z 15 0.138785608870028
11 c 38 0.06339508317809506
11 n 85 0.060040745804385454
11 w 41 0.002388403862641164
11 x 33 0.6016516088263467
12 g 38 0.6447343705393341
13 b 40 0.02540830552905682
13 c 3 0.08678961881889669
13 e 18 0.06079089783757219
13 f 49 0.021669137861048515
13 h 37 0.04582855898452887
13 j 48 0.04675844662039608
13 k 16 0.0013666163621022243
13 l 23 0.05832708181357149
13 o 63 0.008954127066158502
13 p 28 0.08230511361337634
13 q 46 0.023301683804192508
13 r 31 0.02506574007842266
13 s 108 0.016213369770499475
13 t 3 0.07359831286978324
13 u 63 0.024375561380605815
13 v 111 0.051561971313813904
13 w 80 0.2125663812331916
13 y 108 0.09117737053892083
14 j 19 0.04127717408936471
14 k 52 0.019477045912613233
14 n 4 0.4777184241525335
14 r 83 0.07377483847737154
14 t 7 0.04411323564778136
14 u 52 0.17535879139362698
14 w 25 0.07816500792627712
15 a 33 0.03884009513104947
15 b 48 0.012131839853336102
15 c 79 0.1593122137625268
15 d 27 0.01575894631375807
15 f 48 0.038128827496952344
15 h 66 0.026679849592238014
15 i 59 0.007427395333375109
15 j 77 0.16490560488979533
15 k 85 0.014918846945384368
15 p 59 0.024842252250404595
15 q 86 0.03410811316394868
15 r 60 0.019837131178953693
15 s 11 0.0060530474384471455
15 t 40 0.08111296736605711
15 u 38 0.09135169356332318
15 v 92 0.04346358651188731
15 w 90 0.027866170552324543
15 x 59 0.01909640818929259
15 y 75 0.011099863335011229
15 z 4 0.02784072641237001
16 a 22 0.02495548806276393
16 b 37 0.11284820047207933
16 c 28 0.14939184969899755
16 d 36 0.024834947278896125
16 e 28 0.041623419666437234
16 f 30 0.011497119227324437
16 g 77 0.01861601755350284
16 i 66 0.051294123751663645
16 j 48 0.05572961239260965
16 l 8 0.010410326837538286
16 m 77 0.016254748856580625
16 o 14 0.03467260206749301
16 p 32 0.017356442208953826
16 q 58 0.006699531058150354
16 r 0 0.012337607258957384
16 t 51 0.029866584710742106
16 u 107 0.05850920208526178
16 w 16 0.1221655066711822
16 x 84 0.05914333640841751
16 y 46 0.0009954394822382362
17 a 74 0.014653427631755034
17 e 108 0.11785808191679992
17 i 56 0.06511461655348616
17 k 82 0.23977580150548117
17 l 8 0.006048927308559104
17 n 14 0.0157575405402669
17 p 9 0.04875442512133665
17 q 59 0.02997063120674137
17 v 91 0.2773467955077763
17 z 2 0.020346055912290995
18 a 81 0.002876129847549147
18 b 72 0.008102221878468319
18 c 62 0.08958241654239307
18 d 108 0.026505325489835974
18 e 19 0.012329837754705308
18 g 67 0.029829944141765097
18 i 61 0.056998845753785665
18 j 111 0.0019901835328411943
18 k 66 0.06298073399602733
18 n 27 0.11476169319465368
18 o 71 0.08838367038589978
18 p 51 0.0454765845612225
18 q 97 0.006010316323165399
18 t 32 0.026014693621607354
18 u 107 0.12057728924840849
18 v 33 0.023103788322335506
18 w 69 0.005745031084241181
18 y 20 0.036977022940414495
18 z 40 0.08886727709301856
19 a 98 0.17645617580077178
19 b 34 0.12168482325301533
19 i 88 0.06789459107097717
19 j 10 0.024994063934067445
19 k 76 0.10127025736932138
19 o 91 0.04916286158947358
19 p 89 0.10535583793356673
19 s 86 0.06366687390335402
19 u 59 0.03590339528369857
20 i 14 0.053107099563710514
22 b 18 0.017323952039289492
22 c 62 0.04483606081513303
22 d 11 0.21969556617356978
22 e 90 0.004235728590943566
22 f 20 0.005586610866031516
22 g 21 0.2598802328837445
22 h 19 0.00504983038241924
22 l 11 0.1577470308672495
22 m 26 0.013643536799996192
22 p 46 0.061635770748937335
22 r 42 0.0222898356668505
22 s 21 0.016594610115704178
22 w 32 0.06300330128089082
22 x 19 0.061905063260376036
23 a 66 0.017686022343667673
23 b 25 0.008453991377756265
23 c 100 0.011097909149506702
23 d 57 0.026893249858490953
23 e 33 0.07094712273452353
23 k 9 0.009726150711009796
23 m 81 0.18606604346873468
23 n 59 0.010013960198517302
23 p 109 0.0017825479607279648
23 q 69 0.07821459347489723
23 r 103 0.07078487556157986
23 s 103 0.21018398369369273
23 w 26 0.03547515039002502
23 x 100 0.08340358406351756
23 y 110 0.09205457939807449
23 z 68 0.03904440420862876
24 a 18 0.042019920473350236
24 b 0 0.0052491729117452035
24 c 30 0.009109897530031774
24 d 95 0.02157448145731844
24 e 20 0.05921107775430878
24 g 20 0.018572517429970126
24 h 83 0.0009624348814883943
24 i 6 0.026870379566453773
24 j 26 0.01974264504413703
24 k 26 0.028754891509853997
24 l 89 0.03799816106843146
24 m 78 0.14878596820347234
24 n 74 0.02196045961023041
24 o 69 0.03438722387031645
24 p 74 0.07679457712131554
24 q 77 0.027011564786538655
24 s 76 0.12119040866278319
24 t 1 0.017735550114986065
24 u 18 0.032736156166685126
24 v 110 0.055427528501040935
24 w 20 0.02539322310448766
24 x 94 0.04250810927700055
24 y 75 0.0241719148651387
24 z 107 0.08964322328748642
25 a 0 0.0030237994292563464
25 b 35 0.019183879669850468
25 c 109 0.03826907461729756
25 d 37 0.05978233946648259
25 e 76 0.0006931226946378377
25 f 72 0.041395568665700044
25 h 66 0.0033394188472115616
25 i 28 0.037196424074780854
25 j 110 0.1618468248958299
25 k 50 0.1723724192021331
25 m 64 0.0986190909796898
25 n 22 0.000933385299367484
25 o 108 0.03847035214078465
25 p 23 0.004237339312006094
25 q 94 0.04501804725734593
25 r 53 0.054207741270734466
25 s 8 0.061642763583852345
25 u 89 0.010208539803764016
25 w 27 0.10590671543292074
25 x 110 0.03272615050334715
25 z 32 0.006177305580500336
26 a 96 0.014556057226129071
26 c 46 0.06469615602937728
26 d 77 0.06580332343556461
26 f 89 0.022512946430282565
26 h 5 0.011138798330880717
26 i 81 0.014427855534041134
26 j 25 0.00809345878430301
26 k 109 0.05027817117442901
26 l 109 0.1293565230605449
26 m 75 0.06169801920429907
26 q 3 0.1065549327403229
26 r 82 0.0040728194366983494
26 s 17 0.03858214292760398
26 u 67 0.07795001406628455
26 v 106 0.06957940510085359
26 w 44 0.12851942734010946
26 z 46 0.029700751763362843
27 a 34 0.130098184038416
27 b 90 0.05923781907706682
27 c 1 0.0017153417972443075
27 e 51 0.0031465883160894936
27 f 91 0.0494838256920046
27 g 30 0.001994375237611923
27 h 110 0.036657327156840336
27 j 80 0.052107780905190526
27 k 87 0.011960657704698785
27 m 33 0.009677878504807391
27 o 34 0.005898426783357835
27 p 36 0.10332369364453564
27 q 22 0.10120811325923018
27 s 7 0.0495995343843747
27 t 22 0.05734528053490662
27 u 80 0.0004925310286515439
27 v 96 0.07699169712967491
27 w 38 0.02122952629931041
27 x 9 0.10659238226916135
27 y 34 0.025218417847410413
27 z 84 0.0481573153054724
28 a 11 0.017186930543515833
28 b 59 0.002027672531023761
28 c 11 0.006487517113555774
28 d 23 0.007771751101694702
28 e 78 0.09432423677812463
28 f 28 0.07832794288815481
28 g 44 0.010571985430355313
28 h 70 0.0347256102482163
28 i 74 0.025317180628164793
28 j 98 0.05668078998913095
28 k 2 0.05480091098371909
28 l 2 0.060138750973410926
28 m 36 0.015502440329722034
28 n 80 0.08848949392528294
28 o 68 0.03318478093478683
28 p 33 0.012612959360593812
28 q 24 0.10158997204533393
28 r 92 0.014639751748535934
28 s 81 0.004777909246166501
28 t 100 0.022029848354494064
28 u 106 0.12786312997996085
28 v 82 0.016189280020218355
28 w 43 0.056863431925343266
28 x 83 0.0016525306972985376
28 y 2 0.0445639408316596
28 z 72 0.0003401317655109537
29 a 82 0.14843016584788182
29 c 56 0.007942235615617133
29 d 35 0.011570702858995974
29 e 34 0.31366860442096756
29 i 51 0.08427341881047201
29 j 90 0.06446896792610801
29 m 3 0.07989390395114959
29 n 67 0.16431576273531168
29 p 74 0.029938608340217776
29 t 21 0.030552775789993825
29 u 109 0.019019771370783256
30 a 41 0.48689693528769196
30 s 34 0.00691638990575727
30 u 32 0.060993280198659905
30 w 24 0.27701275837827377
31 a 46 0.5174038722332385
31 i 86 0.0050798859293147425
31 v 98 0.1296544298620016
31 w 104 0.10012264285555639
32 a 48 0.04515465441834032
32 b 60 0.025436979863827758
32 c 21 0.011728649896000198
32 d 2 0.009360253065666124
32 e 36 0.037431577413585826
32 f 109 0.002188997061268405
32 g 18 0.04757433278714329
32 h 12 0.061112307312432335
32 j 60 0.0037893216830579
32 k 92 0.004979210702607428
32 l 12 0.001704524026089227
32 m 104 0.0133675373086386
32 n 84 0.03129037050011574
32 o 75 0.2112614214859324
32 p 57 0.030601394121292036
32 q 53 0.010045301477507484
32 r 59 0.02091700378679351
32 s 72 0.07796500699783493
32 t 62 0.06488822150414852
32 u 19 0.1281024474808683
32 v 107 0.005908371305661464
32 w 56 0.0568321406384924
32 x 105 0.003906286835883344
32 y 102 0.02461975869861821
32 z 21 0.06448527815861615
34 l 20 0.09729539503543616
34 m 21 0.25441265473276076
34 p 42 0.12341351949318213
34 w 22 0.3090717307607397
34 z 98 0.11403869999654748
35 c 82 0.1846210060853073
35 d 16 0.09213570970820784
35 e 70 0.09936420877584395
35 h 66 0.05398348250244622
35 i 37 0.12900251218847303
35 k 36 0.0034355094654922036
35 m 64 0.11254536324903253
35 o 74 0.008130003510121275
35 v 58 0.21788089241958297
35 y 105 0.0706940457319436
36 c 11 0.00012156132804164166
36 d 82 0.1437057140991127
36 f 53 0.00095567390783724
36 g 99 0.00479259930157061
36 h 22 0.21314618310622302
36 j 98 0.05881765056663635
36 k 50 0.04313093150519298
36 l 70 0.03519408095105936
36 m 12 0.02834576985802295
36 n 50 0.014561155270181314
36 o 106 0.18361690267633213
36 p 73 0.010836286071678303
36 s 103 0.0041677558730680575
36 t 55 0.012466334626843989
36 u 4 0.00471135928790245
36 v 88 0.03668770203729621
36 w 32 0.03485503330471407
36 x 18 0.024189412248159847
36 y 3 0.05320034474977364
36 z 88 0.022235198294414782
37 a 51 0.05848986577482318
37 d 58 0.031060657538717007
37 e 34 0.056730378194995046
37 j 23 0.19076737898097285
37 k 98 0.03409036996775405
37 l 14 0.015148646769153062
37 m 1 0.043625883653832465
37 o 19 0.11384978236118326
37 p 20 0.07485994091594694
37 s 5 0.09293632068004298
37 t 2 0.0787813203404859
37 u 51 0.06832838789152806
37 x 103 0.016949160658424223
37 y 15 0.0373515715036018
38 a 52 0.03193896356558157
38 b 107 0.03812082853152554
38 c 39 0.019467424147238566
38 d 55 0.07790836628825759
38 e 51 0.12292123634152419
38 f 41 0.0061336992310228045
38 g 61 0.024674747918791984
38 h 70 0.004948472653312663
38 i 47 0.03206734788438548
38 j 19 0.04512793680946825
38 k 1 0.03840985116781537
38 l 0 0.03834091006426832
38 m 92 0.03291355612243285
38 n 26 0.003587175247032559
38 o 112 0.050080590489031684
38 p 73 0.023002515156309356
38 r 2 0.06313537477371256
38 s 35 0.01102870767834152
38 t 33 0.0038449415428130074
38 u 38 0.040522843493204785
38 v 41 0.025579056641767517
38 w 93 0.11319229760792038
38 x 112 0.03835009508765863
38 y 101 0.0037703172045020494
38 z 53 0.014791881244818561
39 a 69 0.05632873209415146
39 c 94 0.07282551947930627
39 d 103 0.027011325956794896
39 e 96 0.15257924452302518
39 g 33 0.15319517201875077
39 i 23 0.14189649948323924
39 j 2 0.01713078248355615
39 k 9 0.021095782304503596
39 p 94 0.011977413568389328
39 q 105 0.03254929638236548
39 s 66 0.03698150884111573
39 t 96 0.0518849117903466
39 w 16 0.12263567600693648
39 y 52 0.010092825544651962
39 z 106 0.053230274496842145
40 d 10 0.09758694954664437
40 f 63 0.03632452160026334
40 g 35 0.07689409062815078
40 h 38 0.08915470533681491
40 l 81 0.31604165604772705
40 p 32 0.06972451994791085
40 q 21 0.006535862485486876
40 r 99 0.04106907100483215
40 w 19 0.18477943256431173
41 a 28 0.03539410482723149
41 d 0 0.19012022939259
41 g 86 0.1310043199898271
41 i 49 0.09926029776189504
41 k 77 0.07166420725769651
41 l 78 0.1377118676417146
41 r 24 0.0006950015070283921
41 v 85 0.08768237116961863
41 w 25 0.002210041962252829
41 x 111 0.0664754341939211
41 y 45 0.06576659764855519
41 z 43 0.018811808313921374
42 a 59 0.1930386060320295
42 b 29 0.08285329475584002
42 c 106 0.08957906568434382
42 e 82 0.09702997159158222
42 f 18 0.027089755176855523
42 i 58 0.005812566649240791
42 j 102 0.031970992980083435
42 k 43 0.039657391405496845
42 q 88 0.010360480604308386
42 t 85 0.018482175763402164
42 u 62 0.09160631959015231
42 z 29 0.16796482421339243
43 g 41 0.19341005626427765
43 h 18 0.027108384671094887
43 k 107 0.3838156072880924
43 l 17 0.04485232320021981
43 m 64 0.05085116454553773
43 o 85 0.027967637377851573
43 p 84 0.013505150775980246
43 q 50 0.008344289698357543
43 x 33 0.044172435972532065
43 z 106 0.19993727575317177
44 a 63 0.2805450641338678
44 h 90 0.06319445613254493
44 j 0 0.13010926000550205
44 l 57 0.25636432801024245
44 r 99 0.015021653844714544
44 y 30 0.19115700017828718
45 a 19 0.046545920667570906
45 b 44 0.0716695008803554
45 c 98 0.09188303013743482
45 d 3 0.006060284194750354
45 e 68 0.19551088856461485
45 f 53 0.009910850136333083
45 g 49 0.23501743296812172
45 j 57 0.013352104390617847
45 k 60 0.0056859014062830004
45 l 36 0.010067205335583806
45 m 101 0.04266412551702958
45 o 81 0.03354213986158572
45 s 34 0.08058133280485891
45 t 1 0.014228937042053857
45 v 35 0.06595141742327548
46 a 4 0.10145935807301909
46 b 78 0.06670333914190074
46 d 111 0.016867937030531244
46 g 91 0.169958583944822
46 i 90 0.11588120991351869
46 j 10 0.13843298305314067
46 l 73 0.031793368191452176
46 o 95 0.08599097440211001
46 p 17 0.04367074115494474
46 r 112 0.05975305993420588
46 t 59 0.016030834676552308
46 u 4 0.08753743664012215
46 v 39 0.03072246896984321
46 z 76 0.0029795576622452247
47 c 73 0.1277632176879483
47 d 82 0.04120559420034653
47 f 34 0.01118744927629245
47 m 47 0.16655831428081858
47 p 52 0.12192600095846251
47 r 50 0.30718424819566803
47 t 108 0.14692595924497043
47 w 0 0.043004009590854264
48 q 8 0.1204119183796355
49 r 102 0.6542307430630904
49 z 68 0.13279955089855433
50 a 36 0.005886542085223878
50 b 7 0.027686148284628898
50 c 47 0.16745850217875968
50 d 20 0.009999901785993193
50 e 37 0.0026182291484430076
50 f 105 0.029919456767362518
50 g 56 0.04203707851070948
50 h 34 0.010726557359695743
50 i 46 0.029787284846481077
50 j 77 0.006681194137511337
50 k 31 0.03469314767935028
50 l 20 0.1718439131355587
50 m 40 0.02928741182113448
50 n 38 0.009590342749714487
50 o 7 0.00921706778366893
50 p 0 0.047867156029752556
50 q 57 0.006478436079160654
50 r 46 0.1331293344429033
50 s 1 0.037197951201006885
50 t 18 0.0069650688420399565
50 u 60 0.021032660202815023
50 w 45 0.01107254007560643
50 x 93 0.045090897606419156
50 y 45 0.00729321732781707
50 z 15 0.00902591274307285
51 a 63 0.03490184740644031
51 b 92 0.13179506926055296
51 c 110 0.03577930829253695
51 d 24 0.005500935089596148
51 e 109 0.03219737456549521
51 f 48 0.024874117549419483
51 g 42 0.0536356864760833
51 h 10 0.03431818932637354
51 i 93 0.0014916534548683469
51 j 100 0.13577702049622498
51 k 0 0.009435821657666654
51 l 103 0.11121918762750893
51 m 11 0.005011340709658252
51 n 103 0.0038093586553790137
51 o 28 0.003681482552252091
51 p 15 0.009131434929586901
51 q 40 0.042214354245844854
51 r 85 0.003504730522529642
51 s 87 0.07916954060196679
51 t 84 0.0009320970378110527
51 u 18 0.01351001945020669
51 v 2 0.0003763391894139323
51 w 103 0.05661689796168623
51 x 62 0.0147123684785182
51 y 50 0.10820089689878543
51 z 15 0.028898854843019794
52 a 77 0.13806253582676553
52 d 66 0.08698354056751012
52 e 49 0.06538056828981575
52 g 53 0.017211339234819545
52 i 47 0.3279318756101519
52 j 84 0.006950912740014914
52 k 63 0.034180647678828
52 m 99 0.02258845845946722
52 p 101 0.009750740585006024
52 q 106 0.03614822901768111
52 s 58 0.055542225834347536
52 t 99 0.016078863919216757
52 u 26 0.14223887084175757
52 x 87 0.014616092919531032
52 z 76 0.016120776982829987
53 a 7 0.008084144360427259
53 b 91 0.10474675658828714
53 c 106 0.013293377957112829
53 d 18 0.02174693637177183
53 f 12 0.018398214493192677
53 g 71 0.050363101240388564
53 k 52 0.057301433370605115
53 l 107 0.04403356198725428
53 o 57 0.11932171481924381
53 r 91 0.0546979157779488
53 s 107 0.15942471182607243
53 u 60 0.19987342186786117
53 w 88 0.1333624507748209
53 y 80 0.006899476172746666
54 a 51 0.033934985472282464
54 b 80 0.022533149065072422
54 c 23 0.03738221460114932
54 d 44 0.011109099708243808
54 e 51 0.03105416723305332
54 f 13 0.0196002887470047
54 g 81 0.02058443653628028
54 h 100 0.014756819680626254
54 i 99 0.01818650392638632
54 j 7 0.00708520312528127
54 k 66 0.0523957201408205
54 l 70 0.22239578156880413
54 m 90 0.07820606868721958
54 n 23 0.015586258580442602
54 o 35 0.06917276627316482
54 r 77 0.019417138495166464
54 s 89 0.02362149393377455
54 u 30 0.10224536905242487
54 v 55 0.04960527296338957
54 w 6 0.043860944581061934
54 x 68 0.01008978004523009
54 y 26 0.015996553184822515
55 b 29 0.11786311589110299
55 c 74 0.06366046909898515
55 d 41 0.09124505693048235
55 j 99 0.0005618017582246226
55 k 36 0.0460515274740283
55 o 71 0.14774019349585676
55 p 32 0.051876503489589165
55 q 99 0.02409019844174143
55 r 39 0.0151849163197878
55 s 79 0.04477709027957688
55 t 65 0.00584414411378531
55 u 7 0.036325270664165354
55 v 58 0.03331426795702164
55 w 59 0.15270876351606077
55 y 74 0.11109788186988911
55 z 40 0.01847257545549874
56 a 88 0.013541233819991949
56 b 16 0.14228656165716924
56 c 7 0.0005713753959292189
56 d 1 0.05090326636617759
56 e 54 0.03639119113931444
56 g 30 0.0730516833103022
56 h 83 0.06991028588456838
56 i 95 0.027289648745181694
56 j 26 0.027616757160964345
56 l 1 0.014636702159041892
56 m 112 0.02840635463530372
56 n 91 0.06287097351766024
56 o 60 0.002508281546909852
56 q 95 0.07777102801201541
56 r 47 0.07045914152961141
56 s 32 0.04878714880313184
56 t 62 0.030045427779724965
56 u 95 0.026168291919789755
56 v 22 0.016158849511090145
56 w 102 0.04111679981768801
56 x 81 0.019605941248033276
56 y 64 0.0032795705266418507
56 z 38 0.001863991358596051
57 f 104 0.10542699090321339
57 g 104 0.26598364115272155
57 h 81 0.019652618265177946
57 l 9 0.01725767176053883
57 n 1 0.02952442827087065
57 p 71 0.05958438878010719
57 q 12 0.0756043069271678
57 s 1 0.1690016181805175
57 t 47 0.03551246148474363
57 z 45 0.1772596690274476
58 a 28 0.04040932667860697
58 e 7 0.07017602874608297
58 g 30 0.0060644526618742756
58 h 42 0.27224969403515387
58 j 28 0.06450770653409887
58 m 53 0.194354952221924
58 q 67 0.2518570403686563
58 s 87 0.07704412830830054
60 e 7 0.2777790521739202
60 f 17 0.1697384059475563
60 j 102 0.23086332956844213
60 n 18 0.031633815135604926
60 s 84 0.09277163016311019
60 u 44 0.07925302246773736
61 a 108 0.0021436911462420216
61 b 36 0.0595314663541715
61 d 98 0.004024393624384448
61 f 37 0.007039494509680555
61 h 40 0.029753684664891034
61 i 112 0.15376345772299416
61 j 106 0.11084730461754355
61 l 85 0.2251104937917474
61 m 34 0.005589120814870063
61 o 105 0.0183642219541148
61 q 112 0.020539062812097164
61 u 30 0.056041972443060306
61 w 13 0.0023304250751325917
61 y 85 0.03193384432203372
61 z 75 0.2377006129787015
62 a 4 0.07097990721126046
62 d 10 0.05881533720195087
62 f 31 0.23421729969285487
62 j 6 0.026648786000882718
62 l 91 0.023783214045848156
62 m 99 0.026161156849378697
62 r 10 0.20220507253058728
62 w 112 0.15534477906330513
62 z 108 0.02985321588073897
65 a 33 0.0998401273558498
65 b 78 0.022237828354224498
65 c 25 0.018629556873920206
65 d 22 0.006987224685333637
65 f 75 0.026086179539658305
65 g 5 0.05900136159966918
65 i 20 0.028778041210599903
65 j 47 0.05443548665535569
65 k 5 0.009201751722071272
65 m 78 0.07131314777932773
65 n 44 0.029389493877980177
65 o 34 0.03428106834525091
65 p 69 0.07936139820349697
65 q 49 0.09230845500689722
65 r 87 0.05537563496994302
65 u 96 0.05802083537947644
65 v 89 0.060868825292768935
65 w 112 0.04476970330005148
65 x 91 0.0815752103932319
65 y 12 0.046899251028914124
65 z 112 0.01850294564765531
66 d 14 0.20321989441648847
66 n 29 0.3432593579354477
66 s 102 0.0017975938621834775
66 t 53 0.1301185931137212
66 x 98 0.0701234434949084
67 h 101 0.01412509868219003
67 o 31 0.08524242091046863
67 v 84 0.41140695477725486
67 y 4 0.12471901453747392
67 z 35 0.15248023323685178
68 a 40 0.05960973007590464
68 b 85 0.07587645527791154
68 p 64 0.07533351915390718
68 r 26 0.5387350613339146
68 z 82 0.12889669738608278
69 c 51 0.013262183015554152
69 d 95 0.0023578417025200693
69 e 67 0.028680719570189694
69 g 97 0.08093226250442354
69 j 75 0.07959554099795929
69 k 80 0.07724470665572514
69 l 4 0.019466346073695795
69 m 63 0.029708395705491997
69 o 102 0.009327609169152984
69 p 8 0.07210491885795722
69 s 64 0.09948747001513214
69 t 111 0.07831588636500098
69 u 75 0.07590022307463307
69 v 24 0.08665460515562151
69 w 4 0.05125754821210671
69 x 34 0.06278349008037054
69 z 96 0.11146941784662723
70 a 48 0.014059180296183138
70 b 56 0.0333079666685947
70 c 48 0.0025129426815021505
70 d 3 0.0907958354096634
70 e 59 0.026967572446374155
70 g 102 0.014562550175774569
70 h 16 0.03262225352066228
70 i 67 0.16497824453728416
70 j 6 0.009985387125174161
70 k 17 0.019527177377194005
70 l 56 0.04824687168615249
70 m 62 0.06232278866183738
70 n 83 0.09781817308332841
70 p 13 0.0085288085343046
70 q 35 0.016333890523150374
70 r 38 0.008070596132642271
70 s 29 0.0071111555680419825
70 t 52 0.0015710675130852225
70 u 104 0.10159696190755241
70 v 52 0.084644988087765
70 x 23 0.009228495736941067
70 y 25 0.03020448185216862
70 z 68 0.01732472183047007
71 a 84 0.19745974221947526
71 f 101 0.18559204051453082
71 h 107 0.02923089029732928
71 j 8 0.05646523981605145
71 l 42 0.1678103664692998
71 n 8 0.08890656003963215
71 t 98 0.13551967085606464
71 v 106 0.08122976482505317
72 c 20 0.09668542717805217
72 e 80 0.2253742587118558
72 j 50 0.27099431482761416
72 v 72 0.14258391348827926
72 x 40 0.26140928782286477
73 c 4 0.0686150816748905
73 e 42 0.1634312350104522
73 f 53 0.1335909016246507
73 i 108 0.02648429885063841
73 o 69 0.31376542961261655
73 r 90 0.11456696405149835
73 u 56 0.12109097243352607
73 v 107 0.04943755908975267
73 y 73 0.00629595756735879
74 c 5 0.3853806026539588
74 d 51 0.012884844961836173
74 h 41 0.022496057251416568
74 n 35 0.09380681638625821
75 a 39 0.15584454972417405
75 b 56 0.000929159451224737
75 c 63 0.06934505408427794
75 d 23 0.021754937366671667
75 e 55 0.03441074440782921
75 f 100 0.004672591779931845
75 g 40 0.23544800799185206
75 h 21 0.07394641274008651
75 i 108 0.0010709951765894843
75 j 33 0.018058663798449115
75 k 42 0.011505470539328821
75 l 41 0.0026076657572535744
75 m 13 0.024413334020069066
75 n 19 0.06504456300574735
75 o 26 0.06987717087526935
75 p 110 0.041751683496775494
75 q 56 0.0025675157616283917
75 r 78 0.0029318298782577967
75 s 71 0.004592796935630639
75 t 34 0.012254592483790572
75 u 78 0.035236746633528715
75 v 33 0.02691861330192935
75 w 59 0.030594300506890493
75 x 101 0.016716217791742594
75 y 79 0.005794987843430355
75 z 62 0.029265629804070326
76 s 111 0.511681085890729
78 h 19 0.13990152486393037
78 y 109 0.058073248033231106
78 z 94 0.23306464233278656
79 a 16 0.15914840235245986
79 c 74 0.04821157190078773
79 d 100 0.12120910361423165
79 g 24 0.19282727799989452
79 h 62 0.03794147073934617
79 k 106 0.10649073632834782
79 p 0 0.03701732130361435
79 q 96 0.06451748064224405
79 r 69 0.012788802207857053
79 u 110 0.020244496113441257
79 z 26 0.18410187755431318
80 n 88 0.07468996927449356
80 v 88 0.00395242633732884
81 c 34 0.02091357950453554
81 d 58 0.014406342341778289
81 i 49 0.005380316026572851
81 j 52 0.2576742903527752
81 k 46 0.06126997776753951
81 o 84 0.008527628914544172
81 s 47 0.019869898910829575
81 u 0 0.05669304596263658
81 v 81 0.03561281289424656
81 w 63 0.02012487645795802
81 z 60 0.018380345574954826
82 a 98 0.02036016581017075
82 b 53 0.05967391763964203
82 d 1 0.009605550482969405
82 e 82 0.036137387161024215
82 f 96 0.09386108617952604
82 h 14 0.020512131620897378
82 i 20 0.014054100811029202
82 l 37 0.0290512115505297
82 m 100 0.059411050669692544
82 o 36 0.1962143043511393
82 p 99 0.05899704478740486
82 q 96 0.003178758590863362
82 s 15 0.05967917142331458
82 t 65 0.006951270444378932
82 w 53 0.1641794704673395
82 x 52 0.07174258829612146
82 y 65 0.023248617279528094
82 z 80 0.05218435965193857
83 b 93 0.03432139747579621
83 c 31 0.15899237186286186
83 e 85 0.04320403476207768
83 g 47 0.08372812902701543
83 i 38 0.09273830706724995
83 n 95 0.05079470957952925
83 p 12 0.02328088994437194
83 r 35 0.07280049927004073
83 u 56 0.13543995301069045
83 x 76 0.01418074002230385
83 y 71 0.02421523999238062
84 a 77 0.020932214699227236
84 c 94 0.1543089262320132
84 d 41 0.09313083239247855
84 h 10 0.10186935605822212
84 l 22 0.013196768685512228
84 m 51 0.01524560736214109
84 n 31 0.17012037597114404
84 p 12 0.034882698929387224
84 s 53 0.15615068301651103
84 t 45 0.003565668108422293
84 u 59 0.16896017606204683
84 x 65 0.0448647598370977
85 e 34 0.010973666164612483
85 l 40 0.12181983850356692
85 n 86 0.1661003069509377
85 r 60 0.06154298327650631
85 u 76 0.09340667554560778
85 v 62 0.13901710899656983
85 w 71 0.2503465472120283
85 z 91 0.15341548711925235
86 a 19 0.0004278382922181523
86 c 73 0.008760135566158178
86 d 30 0.02044483195514124
86 e 70 0.054849411621563315
86 f 47 0.08384968583403074
86 g 2 0.022384630221520485
86 h 103 0.030926124683781198
86 i 19 0.0036684539591018694
86 k 85 0.029843507304476047
86 l 62 0.043695561884786516
86 m 43 0.05160021492179567
86 n 71 0.0962122080566159
86 o 37 0.0030246214149199924
86 p 73 0.0845794806202046
86 q 3 0.04348367341617154
86 r 75 0.004753185573851848
86 s 41 0.0325880766955452
86 t 35 0.05376487018619902
86 u 91 0.05078753717548301
86 v 107 0.01702362884871833
86 x 55 0.0422074174723539
86 y 67 0.07149705517074156
86 z 96 0.06787656986917112
87 i 47 0.13977232832886333
87 w 79 0.13799282150627712
87 y 96 0.05587558674113158
88 d 40 0.009439440084843542
88 e 45 0.04738512037103526
88 f 91 0.03321076396311429
88 o 99 0.09077403628436775
88 q 61 0.09910170297014731
88 u 1 0.003691843821996277
88 v 103 0.5684340741927612
88 z 56 0.040666101016955336
89 b 10 0.1266712603497142
89 c 100 0.018624839630245082
89 f 0 0.0680824290753601
89 g 80 0.06368663021109833
89 i 48 0.06837021802285181
89 k 54 0.015813157334337635
89 l 107 0.05878174721638607
89 m 108 0.06498651356844909
89 n 94 0.07808302514760512
89 p 60 0.14770592285223882
89 r 29 0.07466942902725326
89 s 9 0.05936877985460964
89 t 106 0.029211057690316733
89 y 60 0.058623130308900095
90 a 35 0.0019034717264134748
90 c 91 0.003950321697166026
90 d 3 0.008100548146147801
90 e 53 0.013398900455414031
90 f 97 0.031194242422945218
90 g 91 0.006845070890657778
90 h 1 0.007503858160320731
90 i 84 0.10925838034987612
90 k 73 0.25531794356296456
90 l 13 0.03816820097797746
90 m 38 0.07085819207735844
90 n 104 0.013551841631214034
90 p 87 0.011137225467769518
90 q 70 0.07097486228885397
90 r 44 0.014396206906375997
90 s 111 0.06039901800269554
90 t 4 0.11158580381295258
90 u 90 0.041600497399957526
90 v 83 0.059916721878772394
90 w 67 0.0015479064632529793
90 x 57 0.018740238577555912
90 y 96 0.021078230553365662
91 a 49 0.18584392325723542
91 g 97 0.33512493305162916
91 i 46 0.0873525117656968
91 k 94 0.1528028822282086
91 l 96 0.02878096140639208
91 o 33 0.15151502344791878
91 u 77 0.027454439249049778
91 v 52 0.029071298860668726
92 a 78 0.009131235334589705
92 c 99 0.043793893303096576
92 d 16 0.045584633514429984
92 f 14 0.07145549739387158
92 g 68 0.12247287826761422
92 h 21 0.07477743603844778
92 i 90 0.03710978522975028
92 k 46 0.12102623846919136
92 l 7 0.00026532862207417907
92 n 60 0.01339748890763992
92 o 19 0.07451122774352636
92 q 63 0.015249890111754594
92 s 30 0.039569828165016974
92 t 108 0.05051040063491685
92 u 68 0.00029049944298242814
92 x 44 0.06844030222066055
92 y 102 0.01977188658691087
92 z 69 0.018325067273955997
94 a 40 0.01598731081045668
94 e 23 0.08152987245633903
94 i 58 0.01794989527512081
94 m 4 0.18566590069576583
94 p 5 0.0853535768904371
94 r 26 0.1223611529247789
94 u 75 0.04789180266886994
94 x 112 0.16708803232925784
94 z 86 0.09855042430059846
95 a 61 0.3420458956861232
95 b 51 0.029735252434345605
95 e 107 0.027135087851338557
95 g 81 0.19309723903570541
95 i 103 0.06223217070046183
95 j 24 0.08307677407101177
95 m 64 0.018545236217862526
95 p 9 0.11432430981939545
95 r 7 0.010584026509887545
95 s 42 0.01024035845567961
95 v 83 0.07549549596852567
95 z 57 0.0022390140388748314
96 a 81 0.4406469467962849
96 b 51 0.04211207805997297
96 c 104 0.3000915481219366
97 b 53 0.2736805138816705
97 c 82 0.01642472109940163
97 d 0 0.20146536528869974
97 f 69 0.03857435028843126
97 g 10 0.11721629735221517
97 h 43 0.016083658841996695
97 j 50 0.048482179075073684
97 o 75 0.022652278482560684
97 p 45 0.05522042830676677
97 u 57 0.03471081823664135
97 v 84 0.10303519081301482
97 w 39 0.02426917906862347
98 b 28 0.06627701259541441
98 d 2 0.047267325798325044
98 g 44 0.05282496451852692
98 h 34 0.06327860734687318
98 j 102 0.04532924527743476
98 k 20 0.09880606971302897
98 l 108 0.027695136491846295
98 n 44 0.23826544818532946
98 o 84 0.06852888617396002
98 p 7 0.218904001324027
98 s 18 0.013011361337335492
98 t 40 0.010929531936760717
98 v 13 0.040392702978723216
98 z 69 0.0005451737178696625
99 f 73 0.07008510363445919
99 g 85 0.16743656824119502
99 j 71 0.2375427427996888
99 n 85 0.07535606149855667
99 r 109 0.14284444581074485
99 s 6 0.018154674402651394
99 v 17 0.07088310025600308
99 x 79 0.015807471836358
99 z 49 0.11488979766732788
100 k 6 0.2394577163839614
100 n 84 0.13386727584713576
100 u 54 0.03786751707863245
100 x 91 0.12352374845209868
100 y 93 0.24227355875816858
100 z 27 0.10988641283513412
101 b 75 0.016409840052057922
101 e 96 0.008329967843306085
101 f 98 0.004550849348607389
101 g 105 0.04423574729694546
101 i 4 0.1215726452687067
101 k 15 0.03427221333326402
101 l 95 0.008878738530606722
101 m 17 0.03623887555361294
101 n 102 0.09030272321897326
101 o 93 0.059947893495103544
101 p 43 0.041449338116028245
101 r 27 0.10906128809682814
101 s 41 0.0702817202368432
101 t 100 0.11054658240263304
101 v 47 0.08606827556837393
101 w 93 0.01165156141761503
101 z 85 0.08320266208340665
102 c 27 0.019211056505322843
102 d 95 0.10143093951635984
102 f 25 0.08268839583782894
102 g 102 0.07499812723711763
102 h 57 0.04766299158710996
102 i 89 0.09191366453724747
102 k 76 0.3006918631290342
102 n 12 0.008160681351354726
102 p 88 0.06408580863703695
102 q 58 0.022404055114779053
102 t 95 0.017421339789993384
102 v 15 0.02208358757856954
102 w 103 0.11181184044335934
102 x 57 0.02423077551251207
103 a 93 0.043918811674756086
103 b 88 0.13954784469284176
103 c 107 0.03335027019879855
103 f 24 0.11565970081873944
103 g 46 0.016536815901275093
103 h 83 0.014130473548844447
103 i 44 0.02700738961893312
103 k 105 0.05902876439028215
103 l 18 0.040632426647073006
103 m 9 0.04646682439598904
103 n 107 0.1390267408706244
103 p 91 0.01649545394885954
103 q 96 0.1152255882640163
103 r 46 0.006043672491653607
103 t 54 0.010713612241621706
103 v 98 0.0302626146901398
103 x 68 0.06871837233979972
103 y 63 0.0013404162386577712
103 z 56 0.03984098467317876
104 b 59 0.23534060676634672
104 c 48 0.09801361018611399
104 d 87 0.015942354793816227
104 e 25 0.14184465435997462
104 m 50 0.043392390081103405
104 r 53 0.14432691200245817
104 s 93 0.0037544463606966616
104 t 58 0.04008909307732311
104 x 57 0.04201016861931073
104 y 104 0.15233209238515855
105 u 91 0.2735068826545116
105 w 32 0.10696282975670168
105 z 95 0.45294302750203974
106 a 42 0.06749729946786376
106 b 93 0.0031616346666351047
106 c 33 0.06309531070610686
106 d 103 0.047716717015793275
106 e 85 0.0839355882289915
106 f 15 0.006659783021663479
106 g 87 0.004762727862456351
106 h 28 0.06596275416570907
106 l 39 0.026777167011797
106 m 3 0.03632990344046172
106 o 75 0.07162280021209977
106 p 31 0.004378705182934484
106 q 81 0.02444101902959306
106 r 67 0.10100723279677781
106 s 48 0.031717606166170365
106 t 9 0.023358039332915914
106 w 49 0.03604763657307719
106 x 75 0.02205606794175574
106 y 64 0.16472735519707593
106 z 107 0.06300927985896643
107 a 80 0.02014369736537802
107 d 95 0.14458811561945029
107 f 45 0.030304778778870056
107 g 35 0.09059238908524847
107 j 8 0.020156663651587303
107 m 5 0.15757169145951666
107 n 58 0.005179079549160304
107 q 88 0.023487460306278463
107 r 3 0.14337134285612863
107 s 21 0.0926756980407718
107 v 92 0.09532485402110147
107 y 28 0.06320648029926601
107 z 44 0.03237271180515844
108 a 47 0.03350928802181952
108 b 1 0.08788624379098742
108 c 8 0.025234748721786326
108 d 43 0.05272272544729728
108 e 68 0.10799268532817163
108 f 83 0.08551062211950144
108 g 42 0.08022672202283065
108 i 8 0.013048760035311413
108 j 51 0.0749172835465618
108 k 50 0.03833364725910493
108 l 29 0.026147488558602383
108 n 9 0.034164411819224694
108 p 45 0.07558391440898193
108 q 21 0.050312937329295426
108 r 88 0.02312079358336483
108 s 51 0.014540408063973276
108 t 82 0.01950983696099373
108 u 77 0.0006095386738511621
108 v 9 0.04272253522314007
108 w 0 0.0407134755968549
108 z 82 0.017743439073862666
109 d 36 0.07907966376110231
109 f 26 0.059949861133121396
109 g 26 0.01013551199670537
109 h 95 0.09755212268016122
109 n 75 0.15094311522345139
109 p 77 0.1600410543755303
109 q 54 0.0030324485541616264
109 r 54 0.12157314057363522
109 t 36 0.2047656318951856
109 z 12 0.0430772279901277
110 a 101 0.004712326349210927
110 c 95 0.034919643698036684
110 d 5 0.009926350506008874
110 e 13 0.12337058147755131
110 f 49 0.013772074710298399
110 g 108 0.07061180985777826
110 h 107 0.06481371026497473
110 i 25 0.042848281471433824
110 j 58 0.10532316894962102
110 k 23 0.028684990472492067
110 l 66 0.03894524962022139
110 o 24 0.012063265037395743
110 p 29 0.05212007990642176
110 q 24 0.03303582299695207
110 r 40 0.06428786100116701
110 t 92 0.032750305262981394
110 v 88 0.003979310279477732
110 x 27 0.05222988000218176
110 y 28 0.053385409387199045
110 z 41 0.010707058134486358
111 a 78 0.05452186971574058
111 b 86 0.1447264946628185
111 d 71 0.02902649154750958
111 e 62 0.02180327600843912
111 h 21 0.027412501644345277
111 k 79 0.20300153427542655
111 l 37 0.07939528898203263
111 o 107 0.07628359900165227
111 q 47 0.26614925135031475
111 u 40 0.010943897600451113
111 y 91 0.08200644705179072
112 a 34 0.00602476576600941
112 b 109 0.049265286818915066
112 c 91 0.02791771735116866
112 d 5 0.0006389556263055596
112 e 40 0.019033200995186017
112 f 108 0.06889908730857197
112 g 23 0.005269421873827174
112 h 27 9.116291496702456e-05
112 i 42 0.0013270157437963448
112 j 59 0.004488799409128497
112 k 45 0.005495252488587843
112 l 64 0.007003315107210417
112 m 31 0.022872387594188304
112 n 67 0.09398525862157037
112 o 42 0.06445111614965426
112 p 53 0.04617065045280733
112 q 89 0.022116256799135647
112 r 100 0.012718259166088597
112 s 96 0.006556101990539465
112 t 39 0.14766436281832895
112 u 79 0.0788637911405099
112 v 2 0.0040020717452662335
112 w 6 0.07897817605596835
112 x 59 0.0074673119237531616
112 y 7 0.11278089958619153
112 z 60 0.05877578742249556
