58 26 660
0 0.08485626230193011
0 0.0559435195084943
0 0.01539597026183226
0 0.027263466979696505
0 0.5915761625450386
0 0.3228808449953109
0 0.03337319563907171
0 0.4695404303685138
0 0.05384357349102853
0 0.02208607596508161
0 0.0035137433061697143
0 0.06382139208245541
0 0.08622857483414281
0 0.024075015056549298
0 0.05389090706396338
0 0.05179264220896851
0 0.05515102545563233
0 0.026193850672284857
0 0.0739783930684873
0 0.0772449422752921
0 0.0293625002153296
0 0.10904435071384122
0 0.1281506890603542
0 0.060456787416417024
1 0.009371902986035185
0 0.05947548699490701
0 0.01822624215205182
0 0.05933754642981948
0 0.09635537070283606
0 0.15624850108228416
0 0.46568820882475326
0 0.0333386629596909
0 0.01872187353677557
0 0.41345275873648235
0 0.14644060615729648
0 0.3131659656002186
0 0.026084721087311746
0 0.8016469122448933
0 0.13875511696052745
0 0.390475897144126
0 0.09256905052914144
0 0.06924300608386658
0 0.3745871784033724
0 0.07046596488146017
0 0.9822654396147745
0 0.07030419927732212
0 0.00852518141986891
0 0.5813993229100161
0 0.2938038971955057
0 1.0
0 0.13704300996228258
0 0.07374919164995875
0 0.10546405231712608
0 0.08500975160221613
0 0.11516679664298757
0 0.0208638689185221
0 0.646002899291505
0 0.03848146398452246
0 a 54 0.02460345067659009
0 b 27 0.02548733893057864
0 c 23 0.042153093520034046
0 d 45 0.012288708822991712
0 e 22 0.02326437367065759
0 f 30 0.04316779374268198
0 g 18 0.09658944835336103
0 h 52 0.02405844577521221
0 j 31 0.0238051022303869
0 k 19 0.0032717116645167854
0 l 14 0.11200612664076925
0 m 26 0.030303084041739203
0 n 50 0.003934458313282985
0 o 23 0.020286976231117415
0 p 17 0.09609778639129096
0 q 36 0.029417210905132163
0 r 18 0.11364499188385879
0 s 11 0.0021857873394076632
0 t 39 0.035499591351362936
0 u 35 0.028518946427508185
0 v 1 0.019805607988061524
0 w 23 0.006179833326213524
0 x 7 0.01134764703988389
0 y 30 0.08376782912986547
0 z 31 0.0034583933015649437
1 g 51 0.14543140237888308
1 h 38 0.11244600508896319
1 i 55 0.04973757141022572
1 r 57 0.0025898980024110507
1 t 49 0.2015614358370741
1 w 45 0.2549032962844022
1 y 20 0.17738687148954635
2 d 48 0.22647903387245272
2 g 1 0.758124995865715
3 b 29 0.015415087113992199
3 c 31 0.05050051457435423
3 d 31 0.01448629632585463
3 k 49 0.0396909725002671
3 l 9 0.000961462906678423
3 o 19 0.27087824459382903
3 t 32 0.4378179459970082
3 u 31 0.060147104013087205
3 y 56 0.0828389049952325
4 e 35 0.1473456480154015
4 r 43 0.13682732971457678
4 u 7 0.09034785262175549
4 x 38 0.03390300710322758
5 a 22 0.0021218030708519686
5 c 8 0.02196921221927528
5 d 13 0.008653265232756224
5 g 41 0.0324684207206728
5 h 47 0.0343013744428351
5 j 16 0.009433241855814178
5 l 44 0.0012152768131357128
5 m 1 0.08873823219357446
5 n 30 0.011482988634131441
5 p 12 0.06098457806405555
5 q 37 0.08818289703752935
5 t 15 0.21050374761172364
5 w 25 0.0048074880149321375
5 x 12 0.043609280622112445
5 y 50 0.004740443017117735
5 z 1 0.053906905454171095
6 a 30 0.01837604980162222
6 f 45 0.1481138368048731
6 h 57 0.08966114666994218
6 k 46 0.06826859055386136
6 l 28 0.14959322051793633
6 m 31 0.06193043474452398
6 r 21 0.042780412824923286
6 t 32 0.13284523553710548
6 u 39 0.21588644572924542
6 x 16 0.03917143117689492
7 i 30 0.5304595696314862
8 c 16 0.11115920119094369
8 d 40 0.009082513301716721
8 e 44 0.10778751003804721
8 g 11 0.07685701488914687
8 h 26 0.08294651320418645
8 i 15 0.031016301065761698
8 j 4 0.06592357563405415
8 k 16 0.002786844247546716
8 m 11 0.011227213111481671
8 o 12 0.06303833656028424
8 q 19 0.07157319746492974
8 s 38 0.010707226391324154
8 w 41 0.26361319375639136
8 x 18 0.005356743741305348
8 z 5 0.03308104191185146
9 a 31 0.03198450433907796
9 b 9 0.18870677914543832
9 c 16 0.029014324025937954
9 d 11 0.008929004439858668
9 e 22 0.03758679022883504
9 f 41 0.0014573141307970827
9 g 45 0.0033313666823531207
9 i 8 0.05368693622677789
9 j 40 0.02905603530842016
9 k 24 0.01354791088725793
9 l 3 0.02884951687982662
9 m 2 0.05049751081762921
9 n 7 0.07203730515158002
9 o 51 0.030534165327048668
9 q 6 0.009943103989934032
9 r 15 0.04297804664987381
9 s 5 0.059290535566222546
9 t 36 0.03953489621544526
9 u 5 0.004141139249174364
9 v 49 0.10582152317498217
9 w 33 0.0454413629460817
9 x 46 0.056563002234807924
9 y 13 0.006186916624557726
9 z 30 0.028793933793000215
10 a 57 0.07360498492369338
10 b 2 0.1358174777760992
10 f 23 0.09279297660739638
10 g 5 0.0007225107289425825
10 i 14 0.05669580578557243
10 j 45 0.04109842324473134
10 k 51 0.07755711008804622
10 m 29 0.101491145121123
10 n 37 0.00033305508144265694
10 t 34 0.018800446093528933
10 u 23 0.0468596861036602
10 v 37 0.021156770460601493
10 x 7 0.004651301782404693
10 z 39 0.32490456289658776
11 a 10 0.1607877536423199
11 b 5 0.046625335938260126
11 d 27 0.028851022880043264
11 e 55 0.010916620023904255
11 f 54 0.00998056458240748
11 g 21 0.020260002222838303
11 h 29 0.1283053468948061
11 i 48 0.006005737640668918
11 j 23 0.0025491272667840237
11 k 15 0.01606215147536383
11 l 6 0.049456872440484356
11 m 38 0.010628881126437784
11 n 6 0.09101937557997908
11 p 0 0.0727806789421992
11 q 8 0.04827531246259997
11 r 23 0.01859472521276584
11 s 10 0.0016188207750286177
11 t 46 0.04710921064119267
11 u 37 0.05301808464979185
11 v 14 0.020504806855104585
11 w 45 0.00879425987952398
11 x 41 0.05749790116271569
11 z 22 0.02653601562232477
12 a 28 0.009500842798414233
12 d 45 0.09408439655965428
12 e 12 0.020367508585374505
12 f 27 0.08049634784271098
12 g 2 0.0032242008480788398
12 h 46 0.06540752075755207
12 i 14 0.03359202852312915
12 j 19 0.060423298530051905
12 l 33 0.010987808609114635
12 n 32 0.10670873138624926
12 p 44 0.0877527505730622
12 q 34 0.01863223597133934
12 r 5 0.0023303712070337212
12 s 49 0.008949384359026702
12 t 22 0.011793260618012558
12 u 40 0.028395805015164588
12 v 25 0.01164454710531404
12 w 29 0.009818784979629291
12 x 51 0.12709137123214387
12 y 20 0.026329231536672104
12 z 48 0.09624099812812892
13 e 2 0.14867764408126005
13 h 35 0.04994667318472745
13 p 28 0.19670385862302242
13 q 42 0.02842258651520191
13 y 2 0.5521742225392389
14 a 48 0.030725679228519653
14 b 1 0.12266197590945715
14 e 47 0.022622550231546468
14 f 49 0.03475504969687704
14 h 8 0.005160998840191944
14 i 5 0.02201493468028104
14 k 31 0.14812404070047425
14 l 54 0.04411659844932314
14 p 17 0.011681788300786367
14 s 18 0.003352811982221149
14 v 7 0.13051075295984782
14 x 28 0.09202544053138106
14 y 37 0.27835647142512954
15 a 56 0.06227014603812453
15 b 20 0.05113291377329032
15 c 12 0.1578725374893143
15 d 30 0.0920054506754091
15 e 9 0.018581839459530736
15 f 4 0.01172782476470735
15 g 25 0.028728525138603023
15 h 17 0.01109501431369797
15 i 14 0.0355785095197203
15 j 24 0.014274370263425817
15 k 4 0.013190060561078298
15 m 3 0.031064623649734502
15 n 1 0.055939442465045564
15 o 21 0.11486527577810424
15 p 40 0.05338987587095845
15 q 9 0.01902762442416628
15 r 4 0.013355744875080733
15 s 47 0.04371374251003057
15 t 23 0.008361450898558997
15 u 8 0.010450559570375106
15 v 52 0.004336670308829005
15 w 20 0.003466861523825804
15 x 32 0.05744963518851853
15 y 7 0.0030349538225730166
15 z 20 0.03329370490832895
16 b 21 0.04550529952619653
16 d 20 0.11471745066580985
16 e 8 0.13399303265043794
16 f 56 0.1682218835860254
16 g 2 0.06975853500916351
16 i 57 0.007558869444747596
16 j 14 0.09781581485561497
16 l 39 0.06433371869265325
16 m 52 0.005091337085917913
16 n 47 0.07075774759478215
16 o 16 0.004096763804211645
16 v 19 0.14001280776129943
16 y 33 0.020163448501127834
16 z 18 0.0028222653663796393
17 d 29 0.08909625963001
17 g 31 0.13628600304310867
17 j 27 0.08736403257050473
17 l 43 0.37207894953771514
17 p 17 0.04217286879907911
17 u 36 0.02920383059706544
17 w 22 0.14102294073682586
17 y 1 0.0013920310125407065
17 z 12 0.07518923340086547
18 a 40 0.00868657824181951
18 b 35 0.0362954603950153
18 c 12 0.036727639114308874
18 d 39 0.015256930407465785
18 e 4 0.06289901937178455
18 g 47 0.003970817114958947
18 h 9 0.06935663881184673
18 i 45 0.008472573367961145
18 j 35 0.03457581729720338
18 k 16 0.061345306877421124
18 l 38 0.019381390062729875
18 m 21 0.05737637625329739
18 n 43 0.021707238999937206
18 o 46 0.059415078519960085
18 p 28 0.04824183735970233
18 q 57 0.07843515769751863
18 r 29 0.008132132664979363
18 t 7 0.03693920438450082
18 u 6 0.10241740006945765
18 v 37 0.03091310134470704
18 w 27 0.016590209769749897
18 x 45 0.0217749425181466
18 y 10 0.06766648696229527
18 z 25 0.01944426932474519
19 a 14 0.0077159814743372745
19 d 54 0.34193593497733943
19 e 34 0.005446974231105739
19 i 5 0.10704834919182427
19 k 24 0.022980849589389396
19 l 32 0.004863037419293725
19 p 27 0.42198688309785326
19 x 51 0.010777047743564805
20 a 2 0.014394828259888248
20 b 21 0.073480585565185
20 c 50 0.026145101651430913
20 e 1 0.05040219719035666
20 f 21 0.017313619946318193
20 g 24 0.13908442924165743
20 h 57 0.016410854620289683
20 i 37 0.0036250449765818926
20 j 34 0.019417497595943023
20 k 1 0.017245730088402356
20 l 31 0.08620513572463506
20 m 0 0.02969879804715947
20 n 17 0.03552215177168594
20 o 29 0.0014411436123310528
20 p 35 0.15384779711232444
20 q 25 0.018164769664120173
20 r 29 0.05733541389581309
20 s 23 0.06279496184303146
20 t 25 0.009499445046490584
20 u 33 0.004511544008112156
20 v 24 0.01488938331922296
20 w 42 0.010096287179439667
20 x 54 0.030091574431015067
20 y 17 0.062183319198760745
20 z 4 0.016835885794475147
21 c 30 0.128540169792991
21 e 33 0.010739984332101105
21 j 40 0.27587563544054106
21 n 44 0.060329887144136896
21 q 19 0.017290552895048772
21 v 31 0.23960645085665921
21 y 52 0.15857296882468075
22 d 32 0.13842681276780078
22 e 48 0.22663817491051863
22 h 26 0.051139249679227006
22 i 14 0.01554338034089775
22 n 20 0.0016273559443181762
22 q 6 0.05978542073945392
22 u 49 0.05042890402901379
22 w 53 0.21562682982739567
22 x 0 0.11263318270102007
23 a 20 0.20951817683167084
23 b 37 0.04214226017725431
23 c 9 0.35788252522005803
23 i 1 0.032512825891032326
23 k 9 0.05304422365398709
23 l 0 0.04959182410878826
23 n 2 0.047606758396274484
23 r 38 0.0006957706437056288
23 u 36 0.017155297656191504
23 w 48 0.11267126873392885
23 x 21 0.01672228127069164
24 a 9 0.3383068413924546
24 d 10 0.3871883050076953
24 s 17 0.053693938498780014
24 x 8 0.2114390121150349
25 a 20 0.03086822693486213
25 b 26 0.05006013819923849
25 c 42 0.18344456028364586
25 d 50 0.0061664092581641405
25 h 10 0.015189056368656861
25 k 34 0.06154180709415191
25 l 39 0.009984856265118136
25 m 22 0.03900780239671464
25 n 45 0.19622823262737354
25 p 1 0.13756082647803225
25 u 54 0.10783113864310612
25 v 21 0.04971825489425219
25 w 28 0.03471422883455777
25 y 28 0.01820897472721894
26 a 15 0.08650341093221303
26 b 11 0.005985139775241288
26 c 52 0.0017387570562547028
26 d 55 0.06385470292118944
26 e 13 0.016303613642872472
26 f 23 0.0225300596752398
26 g 4 0.001090144510952351
26 h 47 0.09501163716602501
26 i 14 0.04987408133971838
26 j 2 0.005134990795173655
26 l 27 0.0684450771896058
26 m 50 0.0031106362978815527
26 o 15 0.0100629583873455
26 p 14 0.006531491035093873
26 q 56 0.03691699783731117
26 r 48 0.0031678053117331073
26 s 4 0.028066423549892083
26 t 34 0.012726349601971387
26 u 30 0.01056728657914785
26 v 41 0.01991127766617129
26 w 31 0.06696323972378682
26 x 11 0.26309983804707326
26 y 14 0.05751426560615758
26 z 49 0.04666357319989678
27 a 10 0.024644483371899173
27 b 40 0.13959712074141895
27 c 31 0.015523114654517056
27 d 49 0.004358133946216314
27 f 39 0.023633934444434512
27 h 2 0.002100653715554346
27 j 48 0.016149667045964877
27 k 39 0.07261436797806808
27 l 47 0.0016571307162538407
27 m 5 0.0029716660072770518
27 n 22 0.08712336317409963
27 o 13 0.020819031414617162
27 q 8 0.03581227240823048
27 r 51 0.10988123060950616
27 s 14 0.019542417212674135
27 t 33 0.014992354212827186
27 u 33 0.025615428141805174
27 v 28 0.044041628164522395
27 w 5 0.06263198595355313
27 x 12 0.06169738850428441
27 y 29 0.046547376017434305
27 z 27 0.10870770513502215
28 d 31 0.04020784268135891
28 f 26 0.0798942640982927
28 h 17 0.0045764587157137715
28 m 50 0.007447357841547264
28 p 1 0.22510465615482667
28 q 19 0.09643500356237256
28 r 39 0.07026829107811927
28 s 51 0.08092301656875855
28 u 28 0.12776387333510586
28 v 4 0.1207499482931873
28 x 42 0.05027391696788108
29 a 5 0.017045718473761573
29 b 23 0.04841348540389989
29 h 4 0.13778324618039994
29 m 55 0.055003174159944934
29 n 36 0.057147754174912135
29 o 26 0.37744271950515806
29 q 40 0.08955037057595783
29 r 41 0.00226275798536002
29 z 32 0.05910227245832145
30 c 57 0.02944334844947538
30 l 35 0.03628290257547562
30 q 44 0.08615663075718683
30 r 56 0.07529713342621513
30 s 36 0.10590946237948773
30 u 22 0.007926055853685332
30 v 49 0.02212197673702876
30 x 22 0.17117428099669196
31 b 31 0.13978166689403182
31 c 8 0.01908968329214411
31 d 15 0.08044936337191833
31 e 54 0.051590898682445596
31 g 14 0.17502503709315886
31 h 49 0.006127789704402087
31 j 1 0.035470658040246295
31 k 44 0.15694993018968073
31 l 19 0.006845416518386993
31 m 45 0.011319862396673819
31 o 41 0.07277934042612544
31 p 53 0.035701775131187774
31 r 6 0.01653052416337142
31 s 36 0.043726190298583045
31 t 32 0.0363922960277675
31 u 19 0.007934024839279519
31 v 28 0.02178753936616329
31 w 46 0.0008099684819644626
31 x 27 0.029443080877531225
31 y 8 0.008330128153942629
31 z 23 0.010576163091304158
32 a 45 0.013103205197530943
32 b 25 0.10909580270124597
32 d 19 0.0033852953159978494
32 e 7 0.05391642750514947
32 f 20 0.0044108628958590135
32 g 7 0.05629362806116511
32 h 33 0.010695390185033737
32 i 10 0.08057146845889618
32 j 34 0.042995776043697975
32 l 39 0.11063503956685428
32 m 25 0.06547877474818631
32 n 20 0.003977400544930232
32 p 48 0.11763835593129357
32 q 22 0.014107494328922332
32 r 5 0.031040563847549163
32 s 30 0.03313176340607882
32 t 52 0.09191535027362963
32 u 51 0.0024722538901192914
32 v 31 0.03995984323631685
32 w 1 0.005288368667215715
32 x 28 0.02307244454120594
32 y 14 0.013482870521696944
32 z 34 0.05460974659464912
33 b 14 0.05802889098757247
33 d 4 0.025509624146116128
33 e 29 0.044667072901992455
33 i 39 0.25503963697795096
33 n 18 0.05835815568013092
33 o 21 0.035496519685406236
33 x 32 0.028162835959279375
33 y 23 0.020097075385030028
33 z 12 0.061187429540039084
34 f 41 0.6676567527370623
34 j 44 0.18590264110564125
35 g 29 0.16266612732679486
35 k 35 0.14375731530384395
35 o 36 0.00967225117641457
35 s 27 0.37073834059272803
36 a 15 0.10052061194071105
36 b 25 0.13922300522827857
36 c 20 0.03300747434815443
36 d 7 0.029649286470116665
36 e 24 0.013310257598403763
36 f 51 0.017835735712060208
36 g 17 0.04104225090076685
36 h 21 0.06363906528317587
36 i 39 0.0035657272442107812
36 j 48 0.007512345176411639
36 k 26 0.0350929641255503
36 l 23 0.03331158762114095
36 m 10 0.006396507641164173
36 o 30 0.04380187379197398
36 q 0 0.08453329944448007
36 r 1 0.04822951301540124
36 u 7 0.04890770500853203
36 v 28 0.014169689227561677
36 w 46 0.12604646948174547
36 x 15 0.0367071125740992
36 z 53 0.04741279707874935
37 d 43 0.19835308775510674
38 a 47 0.02566898758862235
38 b 30 0.023009734735552456
38 c 9 0.10957922643268736
38 d 54 0.10724312369728317
38 e 13 0.04473931045807944
38 g 35 0.0013389515665357399
38 h 55 0.02405891791460557
38 k 41 0.0651250530700449
38 m 27 0.1330385124362895
38 n 28 0.050431140308284106
38 q 8 0.08047463512513264
38 r 6 0.014012637949878726
38 s 43 0.009214596689695043
38 t 50 0.016671471925986725
38 u 23 0.04056988664378636
38 v 32 0.07187646105253398
38 y 2 0.04419223544447448
39 c 11 0.017953392313698968
39 d 57 0.1293720087778667
39 e 52 0.011852183499177271
39 g 47 0.008623413588654483
39 h 14 0.06480200195410057
39 k 53 0.023159440663641506
39 l 33 0.08579063839853807
39 o 3 0.05990424116831028
39 q 46 0.07222769740142954
39 r 25 0.03099651628015787
39 v 41 0.06850224655790704
39 z 47 0.0363403222523917
40 a 13 0.027679444373042483
40 b 25 0.046902534166682996
40 c 46 0.12860590604238198
40 f 0 0.03665436265918709
40 h 43 0.005745034985571995
40 j 42 0.05952450139235632
40 l 43 0.002303236863190783
40 m 11 0.17956908304534214
40 o 39 0.08668997791486144
40 q 19 0.002195588504006696
40 r 28 0.05769515463274444
40 s 47 0.051591343796997036
40 t 10 0.017248828709923503
40 u 14 0.011425623390698414
40 v 21 0.1312694706226214
40 x 43 0.03555156342959864
40 y 19 0.015661035915185084
40 z 37 0.011118259026466126
41 d 10 0.0402275123140452
41 h 37 0.10354456827735803
41 i 20 0.009260615433159036
41 k 37 0.0589098473351064
41 m 22 0.1299916638325711
41 n 41 0.0756351439171511
41 o 16 0.012207666403484807
41 u 25 0.1045258331628306
41 v 23 0.19944313593685292
41 w 22 0.19701100730357424
42 y 51 0.6254128215966276
43 b 52 0.07184445438276021
43 e 50 0.35377280290209445
43 f 9 0.03548776618090088
43 g 6 0.01501751084410452
43 k 6 0.05868380192439526
43 l 14 0.07448501625971748
43 m 9 0.06084174317222424
43 p 33 0.0020838618683340915
43 s 11 0.03477623572389188
43 t 35 0.004149480816777351
43 x 48 0.21839136104333945
44 z 49 0.017734560385225473
45 a 44 0.009827315897741107
45 d 8 0.09253865653270466
45 g 36 0.016959401427862453
45 s 40 0.265898630630082
45 w 43 0.5444717962342877
46 a 16 0.3145917413219155
46 d 41 0.038440732288538615
46 e 27 0.09105663053839641
46 g 3 0.44906682664931086
46 i 8 0.010398365051002556
46 l 40 0.0009090240267974892
46 y 26 0.08701149870416969
47 g 6 0.13470247448290318
47 p 10 0.28389820260708076
48 k 46 0.1995027020366027
48 u 40 0.12840415627776647
48 x 6 0.3233956443430248
48 y 49 0.05489360014710032
50 d 15 0.3692365174178953
50 e 13 0.26204699394316944
50 g 17 0.019891627540517764
50 o 1 0.2117818511361349
51 c 39 0.19369347772894496
51 d 8 0.017497385974953428
51 e 44 0.04603923938845622
51 g 11 0.11319989115332518
51 h 42 0.007871690734541303
51 j 11 0.049470908356298304
51 k 36 0.04166096991965684
51 n 42 0.10080012839755403
51 v 3 0.1447985603989429
51 z 49 0.21121855629736808
52 d 16 0.15044465789799477
52 f 13 0.2752457692685305
52 g 47 0.013166492661405793
52 h 10 0.013014078371972992
52 i 28 0.018282470651976857
52 j 27 0.05237688574625099
52 k 4 0.015672142199145922
52 m 26 0.11188452671860094
52 q 0 0.18703130639971755
52 s 51 0.004817150134603709
52 y 23 0.0526004676326739
53 b 55 0.2670207852205382
53 c 9 0.08965973986668496
53 g 15 0.005705613346039362
53 h 9 0.004330105997070177
53 j 36 0.04535936627198689
53 k 21 0.08148015633221672
53 m 42 0.05144336320628495
53 p 24 0.025312241738570607
53 s 49 0.00660217373836669
53 t 17 0.0360708084087803
53 v 53 0.1249661063037274
53 z 21 0.17703978796751763
54 f 11 0.017719208093183725
54 i 33 0.2628968310420201
54 j 36 0.11076683005120058
54 k 36 0.10842855090772441
54 l 9 0.0641627135117836
54 n 39 0.08567894133061127
54 s 36 0.02164318959741096
54 t 22 0.13961955194109832
54 v 14 0.018010526728448828
54 z 46 0.055906860153530635
55 a 48 0.005801189801318163
55 c 57 0.09499463359096627
55 d 6 0.03183822508689982
55 e 43 0.02861543455919091
55 f 22 0.03012758612524935
55 g 12 0.022303951328660032
55 h 43 0.03319014884677163
55 i 51 0.03405530323865702
55 k 40 0.018552189422834542
55 m 15 0.009468175689198222
55 n 2 0.026250535875676162
55 o 28 0.07862489469951861
55 p 48 0.04584193004685089
55 q 5 0.049133602553420475
55 r 51 0.0067279268383934054
55 s 26 0.12533853211259194
55 t 3 0.014878676172551342
55 v 52 0.1382158775059028
55 w 16 0.032272650270894654
55 y 8 0.12749101347354197
55 z 20 0.025413653842389694
56 e 37 0.22945447576614353
56 s 38 0.12454262494235147
57 b 48 0.12810287292739386
57 c 49 0.0024269564153671652
57 h 48 0.0181162676484945
57 m 38 0.22847938974913862
57 r 36 0.03856197623799584
57 u 9 0.22430204685660482
57 v 30 0.1061176350957379
57 z 31 0.21541139108474483
