13 26 210
0 0.06114317866990804
0 0.5885175264123088
0 0.034087372654581616
0 0.09253037252953122
0 0.0187445130549323
0 0.036415798938707944
0 0.1682719054782884
0 0.02335318078181181
0 0.032659912660595536
1 0.005713992762005238
0 0.03395846759140453
0 0.15625518463426935
0 0.2623003886109273
0 a 1 0.0032341178179745578
0 b 8 0.03076118542376749
0 d 7 0.057160338173208425
0 e 9 0.06047830286448064
0 f 2 0.031509331962297105
0 g 0 0.015883198540378674
0 h 11 0.025496176436016316
0 i 11 0.09900948855813196
0 k 0 0.007080032464708674
0 l 0 0.042921431504345464
0 m 12 0.016493239535568582
0 n 8 0.17811998007281915
0 p 10 0.02187278607801091
0 q 7 0.04945065500197843
0 s 2 0.009145991558408673
0 t 12 0.12436970397361702
0 u 9 0.01582176484627107
0 v 10 0.016502373974251694
0 w 4 0.013823643179554757
0 x 3 0.09235618205696516
0 y 3 0.01127957259547785
0 z 5 0.016087324711859363
1 w 3 0.4114824735876912
2 a 6 0.05443165332541955
2 b 8 0.02470410895226849
2 c 12 0.02371598908152006
2 f 0 0.05325955349557243
2 g 4 0.038462727212185466
2 h 3 0.04925198462623803
2 k 6 0.013950775660965475
2 l 11 0.041071086764018494
2 m 8 0.04017047509117455
2 o 1 0.029610138445146594
2 p 2 0.027594039987453578
2 q 4 0.025069862543198762
2 r 1 0.04192082824432708
2 s 9 0.08740975213562163
2 t 9 0.0831661538128059
2 u 0 0.03557622339893329
2 v 3 0.09781010999080553
2 w 5 0.07666616659772663
2 x 8 0.05138239263210309
2 y 3 0.008200971475639585
2 z 11 0.06248763387229417
3 b 7 0.061650397453397954
3 e 7 0.0017394160506732925
3 g 12 0.0031972310654593272
3 k 8 0.08162851748298994
3 m 3 0.14508596981527055
3 n 11 0.06936252764370765
3 p 12 0.058863858528485524
3 q 6 0.15964645791316878
3 s 7 0.06253099820414432
3 t 2 0.05743460261856681
3 v 9 0.10632078188618166
3 x 4 0.05829656476426992
3 y 11 0.010173809595296679
3 z 2 0.03153849444885637
4 a 12 0.029679990316531013
4 b 9 0.11026745080988354
4 c 2 0.13889077432182206
4 d 5 0.006900900135363264
4 e 12 0.04463025402509513
4 f 6 0.02849533112042646
4 h 3 0.09249915181464385
4 k 6 0.019453394188553297
4 n 10 0.028869936990578382
4 q 5 0.020635456014103437
4 r 4 0.06878006737403453
4 s 4 0.014794288329593286
4 t 8 0.1319179762842182
4 x 1 0.08761107399896784
4 y 9 0.04245459774630089
4 z 4 0.11537484347495253
5 b 6 0.007042727360225598
5 c 3 0.039057299782473076
5 e 6 0.14043767585935463
5 f 3 0.01771924510877254
5 g 11 0.008343043046881271
5 h 4 0.061135390294730474
5 i 4 0.07117456586452742
5 j 9 0.016768245514462543
5 k 9 0.04079236208677817
5 l 2 0.019737434136755883
5 m 11 0.05594996313290723
5 o 1 0.04736248831300072
5 p 10 0.08547003875077597
5 q 4 0.07596903040514547
5 r 12 0.020635931664275464
5 s 10 0.03002098223699401
5 t 0 0.026854077177181135
5 u 6 0.01257019488183253
5 v 8 0.034792129083305534
5 w 10 0.01721336181527955
5 x 2 0.07155911926279113
5 y 9 0.01907745027294727
5 z 3 0.04390144500989446
6 g 5 0.11466032262879078
6 j 10 0.13119804955155956
6 n 2 0.16420245866314842
6 p 11 0.17798745684015171
6 t 8 0.01805341793299864
6 v 9 0.08570036439213269
6 y 3 0.1399260245129298
7 b 7 0.08336071690651126
7 c 6 0.03331526297288456
7 d 12 0.11894579343160505
7 f 12 0.11216383799234009
7 g 4 0.10720140170655168
7 h 12 0.004476357877382431
7 i 0 0.018526188693391177
7 j 0 0.06730880966081787
7 k 4 0.03825403062250332
7 l 1 0.016269658306700685
7 n 12 0.017054545329346693
7 o 3 0.0060928509390204555
7 p 2 0.07023278115078102
7 q 2 0.007263490036020559
7 r 6 9.8343314080096e-05
7 s 7 0.017851132738998077
7 t 1 0.04285921367987089
7 w 11 0.020523950614315112
7 x 4 0.1079114890893903
7 y 12 0.01049752215884936
7 z 5 0.0764394419968275
8 a 8 0.08330865367196805
8 b 2 0.04824008931272239
8 c 4 0.02593455073180362
8 d 2 0.11717379173733888
8 e 9 0.013759417776793237
8 g 5 0.017149210804323967
8 h 3 0.02455401495616727
8 j 4 0.026747163577643063
8 k 1 0.1004127064505379
8 l 1 0.06730102837804663
8 o 3 0.027281994453558278
8 q 5 0.10400088564119736
8 r 0 0.06770526862617832
8 s 12 0.1198051015243784
8 t 8 0.073645660979625
8 u 8 0.014408309789731955
8 x 8 0.008066275799147427
8 y 10 0.027845963128242723
9 a 9 0.1422479613111759
9 d 5 0.0173914276596151
9 e 7 0.1343258413111219
9 g 4 0.009538432857495116
9 h 8 0.009114992851717352
9 i 11 0.010106259979255072
9 j 1 0.019001935871245657
9 k 10 0.13872047934792187
9 l 4 0.0002522945153445866
9 n 7 0.13087811768034285
9 o 9 0.013109567274725675
9 p 4 0.15514350052910975
9 q 12 0.007617196540240845
9 r 10 0.012499751232637135
9 s 3 0.00884685437053312
9 t 2 0.13579257652777232
9 u 12 0.024181799682922445
9 x 9 0.007752204429749554
9 y 3 0.0031790781943429325
9 z 11 0.01458573507072558
10 a 2 0.042659265910091615
10 b 0 0.04618163885455717
10 c 2 0.062003418529169796
10 d 2 0.016271159401920143
10 e 11 0.007805015924640779
10 f 10 0.037012738208449636
10 g 6 0.05741100375164332
10 i 1 0.053642714634336564
10 k 12 0.014875125093846031
10 l 12 0.06437784806394597
10 n 9 0.058599775552938604
10 o 0 0.010601257733409142
10 p 1 0.20323462467076747
10 q 0 0.043507032861504036
10 r 8 0.025154291934312734
10 s 11 0.01776122623654719
10 t 2 0.01100330483501255
10 v 7 0.00412597499225964
10 w 9 0.07096514780956431
10 x 12 0.040314745878834324
10 y 11 0.06474474412737374
10 z 0 0.013789477403470696
11 a 12 0.020273225538795625
11 c 9 0.12679726542150205
11 d 3 0.08194789599686347
11 e 7 0.011633046015183335
11 f 1 0.0014159488234477546
11 i 10 0.20758704934332617
11 k 3 0.041875803303341064
11 l 0 0.046717831918486996
11 m 5 0.04077284921540536
11 n 10 0.035472287220501775
11 o 11 0.07076807177937317
11 q 9 0.07353940632990041
11 r 7 0.01975020863661958
11 t 2 0.0072834259428961046
11 v 9 0.04770195863248883
11 w 4 0.004909119329696177
11 y 7 0.00529942191790278
12 a 1 0.01762086299555965
12 c 7 0.16915792183460587
12 k 8 0.18562910781612652
12 m 3 0.10394017937126221
12 o 11 0.07893758279092022
12 r 6 0.038125440946454425
12 s 3 0.064594768437925
12 t 8 0.0796937471962188
