186 26 2197
0 0.032807690313174986
0 0.007154687769239887
0 0.1702876550653828
0 0.15855989833146433
0 0.05640150530618315
0 0.03336079287326099
0 1.0
0 0.014269604116489365
0 0.21825985931317882
0 0.11959282226004342
0 0.09476961624553193
0 0.14238281013931342
0 0.027257310459731343
0 0.12476442344020411
0 0.6298324121973342
0 0.28568374359726845
0 0.1351842456417519
0 0.10393181089732673
0 0.10910685505294926
0 0.026222944338599397
0 0.4449340034175887
0 0.08885959206078697
0 0.052927122674677696
0 0.032054797022869175
0 0.07614414250843116
0 0.06638809099235332
0 0.06964551778568784
0 0.09637721881317995
0 0.2194697175666187
0 0.035851337138773864
0 0.04152966809295222
0 0.12649613634377066
0 0.040204359871149564
0 0.042403085233843174
0 0.022594707211821552
0 0.12107884729177343
0 0.10733957791524917
0 0.03431063929749645
0 0.000971974181722679
0 0.006096961508556431
0 1.0
0 0.03557592531088838
0 0.08655851259925307
0 0.030712468013741945
1 0.11635340175150177
0 0.16905253458363234
0 0.008315863823375569
0 0.04293340673038548
0 1.0
0 0.029810587202230954
0 0.0034915759043316896
0 0.13962157602317926
0 0.11262984464141146
0 0.12850180067967698
0 0.03879124594935823
0 0.03855853489363226
0 0.04422893441805298
0 0.262874509744915
0 0.05595089106201212
0 0.024123381334765992
0 1.0
0 0.010644931973807004
0 0.018781881368376108
0 1.0
0 0.09794322809066336
0 0.08429417022770058
0 0.021661731366535708
0 0.0004042252688234438
0 0.031909325923330734
0 0.09047729380837122
0 0.043801761725723365
0 0.09572979200350007
0 0.003266222146055986
0 0.17042118416016871
0 0.09545980980960533
0 0.022786781145947677
0 0.007294258565386236
0 0.9806074330643203
0 0.00039616494766081534
0 0.030063444356250857
0 0.36056866039305535
0 0.028479144100424514
0 0.5822091420011422
0 0.020587950004522515
0 0.03211523412022921
0 0.007521163712778889
0 0.032932221675538
0 0.5816118175493836
0 0.04977083564905038
0 0.11006672578533239
0 0.0846121977858455
0 0.41425571657254334
0 0.03571785638321334
0 1.0
0 0.02913899085335636
0 0.07193203115524882
0 0.018075650816873567
0 0.13964589615365597
0 0.08703024403104731
0 0.018052101035544443
0 0.2966014866279003
0 0.00416935981148947
0 0.2909855507523711
0 0.07868806276616735
0 0.03813108119123043
0 0.07664434613301996
0 0.02447024819083854
0 0.3289426533866662
0 0.03877048655681237
0 0.061990568587505734
0 0.318045403147308
0 0.15818132403567398
0 0.052289881121790005
0 0.013961817090245243
0 0.13140557794385455
0 0.026421946779589423
0 0.2126572668441914
0 1.0
0 0.2421220441949241
0 0.0046403782234810675
0 0.017906180449684506
0 0.46777243080410846
0 0.009381229628009025
0 0.017360824909131822
0 0.05017764602569863
0 0.313112589681504
0 0.11771760166714973
0 0.17349734460092847
0 0.007593812226511343
0 0.013128971633062148
0 0.05348593845458116
0 0.005026290084238827
0 0.03909462376040829
0 0.02251842158822237
0 0.038072158343957274
0 0.02692328488055995
0 0.0007850639050545061
0 1.0
0 0.025401059010090488
0 0.07222006058408181
0 0.08837693567620342
0 0.13326050883656637
0 0.005517635968762757
0 0.2577707347647801
0 0.039648280458134844
0 0.012954472291454078
0 0.4312195718558658
0 0.0909083959735979
0 0.05010899272249392
0 0.5018343977133483
0 0.31799816772065637
0 0.03483462911138313
0 0.10725260375473922
0 0.05874542574259334
0 0.0758162705228248
0 0.00017870864658109387
0 0.09516360918783451
0 0.20014400197490811
0 0.039803392670284876
0 0.06588861643104005
0 0.06785413615448566
0 0.17666739099554407
0 0.7588991857969289
0 0.06887988159456182
0 0.029881167793346597
0 0.0772731945665146
0 0.14013274047405289
0 0.03773910383219592
0 0.09988980875782238
0 0.03897139192393262
0 0.011461217849530247
0 0.11701416803898534
0 0.049465700493480314
0 0.04775798167587586
0 0.18648724588983878
0 0.12702012116905304
0 0.027950189568200723
0 0.08275734494573572
0 0.015180830189051364
0 0.024724501114507413
0 0.010902409683470227
0 0.17937065560484045
0 0.23717807950888725
0 0.00760225963851846
0 0.07928763178404741
0 0.0011752929805617374
0 a 111 0.040409034004405986
0 f 150 0.1031180639501349
0 h 133 0.14498158470674982
0 i 88 0.2338073083170049
0 m 76 0.08571639218645954
0 n 94 0.03821839987883324
0 o 41 0.0358135025486106
0 s 39 0.20289894283517274
0 v 82 0.08222908125945327
1 b 163 0.10637018493105688
1 c 40 0.01975225135240599
1 g 18 0.02800890989988425
1 i 137 0.01934850450474601
1 j 170 0.03089054412458292
1 l 131 0.06385178628638732
1 m 120 0.0008023096454987666
1 n 99 0.03143917081627323
1 o 8 0.12047291294215867
1 p 112 0.23167676160046546
1 r 127 0.014728459416834316
1 u 99 0.16890218461342388
1 v 4 0.07065459931278806
1 x 142 0.03563990675228468
1 y 174 0.00826201637617241
1 z 90 0.042044809655797266
2 a 82 0.015977079742809375
2 c 84 0.12883645615338746
2 d 169 0.0070694901301849855
2 g 169 0.13081611682913863
2 h 87 0.03946602227569884
2 i 23 0.1197258226233675
2 k 45 0.005545959618559637
2 l 0 0.07992215423074012
2 p 146 0.04232027158107543
2 q 75 0.003442642508744709
2 r 183 0.016090668305588696
2 s 144 0.001291497991813273
2 v 14 0.0629689212944885
2 w 149 0.1033953917609639
2 x 98 0.07284384988805614
3 f 152 0.1910934692075129
3 m 94 0.48662646870539694
3 p 174 0.1637201637556258
4 f 108 0.3459036060385402
4 h 18 0.03506421769096235
4 i 106 0.2632757708363801
4 v 31 0.040056264790439
4 z 1 0.2592986353374952
5 b 132 0.021710562714447712
5 c 27 0.044412290604455174
5 e 93 0.000856493720222895
5 f 75 0.08129828106727055
5 g 178 0.1923531505431466
5 h 95 0.011464257387876264
5 i 90 0.0436375874984084
5 j 86 0.12859665308604673
5 k 53 0.08355046590332516
5 l 168 0.014731259643739891
5 m 76 0.04858050155828675
5 u 129 0.08382163690383537
5 v 90 0.006198406916670618
5 y 128 0.20542765957900688
7 a 182 0.10003237515950414
7 d 168 0.013896611231579592
7 e 24 0.001038355538720781
7 h 77 0.02442819264066287
7 j 139 0.06568538350838449
7 k 179 0.04340966123624579
7 l 115 0.26474468230619463
7 m 43 0.021115950668422423
7 n 88 0.027012550095651067
7 o 77 0.03872390742313281
7 p 68 0.011313261610072622
7 s 158 0.027874232350111106
7 t 118 0.02442849863627017
7 u 151 0.04466815282542669
7 w 93 0.12156902429482397
7 x 136 0.11599921139369795
7 y 123 0.02717588772967716
7 z 86 0.012614457234932375
8 h 146 0.05243104225702533
8 m 13 0.18573581248604787
8 n 172 0.1420952475787911
8 o 97 0.15459226462029874
8 s 155 0.24688577374465814
9 a 16 0.09311899803935653
9 b 62 0.12560580898386808
9 e 1 0.061102133620878574
9 g 65 0.08353859149719056
9 h 110 0.16248751761079228
9 j 84 0.006540551514598425
9 m 66 0.005165460628248297
9 p 136 0.07695091037281321
9 r 16 0.010671737162939232
9 t 93 0.09104823306368681
9 u 135 0.04931139808513074
9 v 172 0.012039382738207038
9 w 172 0.03489126563513412
9 y 100 0.06793518878711269
10 d 76 0.04855425333815433
10 e 185 0.009920945524891978
10 h 120 0.049169067027322155
10 i 154 0.16795132662284873
10 j 63 0.07045368408934127
10 k 98 0.09873476358637756
10 m 121 0.10457317977827751
10 o 111 0.0017664176483362937
10 p 72 0.010924565038077927
10 q 5 0.06779921002424583
10 r 91 0.10114193376694558
10 s 172 0.1094896611688927
10 v 89 0.06475137614075621
11 b 102 0.13121249676515867
11 i 146 0.2897443323111668
11 k 98 0.06091614224598507
11 v 8 0.17048554637864244
11 w 98 0.2052586721597336
12 a 180 0.059274975085241044
12 b 121 0.002070357651401289
12 c 59 0.030462049495729837
12 e 149 0.010601871200519697
12 f 122 0.057880540929806545
12 h 181 0.04863248039101109
12 i 56 0.013332342225706006
12 j 14 0.0024828042321061172
12 k 15 0.09017825355658504
12 l 37 0.014037748865279975
12 m 95 0.00762644696085979
12 n 81 0.0439170445891679
12 o 51 0.01569337198777898
12 p 38 0.04240751461100589
12 q 111 0.02499763800699284
12 r 183 0.1183331262917201
12 s 164 0.02154159429983904
12 t 165 0.009113017792300337
12 u 29 0.1138938233715725
12 v 63 0.05167220405868256
12 w 183 0.11510940320084928
12 x 164 0.01805404658475196
12 y 88 0.04895079195488017
12 z 40 0.012479242196480667
13 r 60 0.8752355765597959
14 q 115 0.3701675878026658
15 a 77 0.3173402839755466
15 b 10 0.025018016486466843
15 h 126 0.1538735793073568
15 p 75 0.21808437663336133
16 c 95 0.3330967206409938
16 h 94 0.4883023711345864
16 l 129 0.03449955439904706
16 o 12 0.008917108183620792
17 a 8 0.038978242725831835
17 c 84 0.032239363299242596
17 d 46 0.07198830206103712
17 e 117 0.03242323505272027
17 f 23 0.045672311151157996
17 g 80 0.011495144126735801
17 h 1 0.018755510636408346
17 i 152 0.031495022087945634
17 k 99 0.0248202762790265
17 l 135 0.010032081535911508
17 o 30 0.14517983207980123
17 p 136 0.05829299837117852
17 q 27 0.0523151805901001
17 r 58 0.001660740379772152
17 s 71 0.0110954772131856
17 t 106 0.006791526166639472
17 u 67 0.037318111763084305
17 v 64 0.11974386392672498
17 w 15 0.014956044973689075
17 y 65 0.13009763380789785
17 z 10 0.000717290874582388
18 b 91 0.13652695835211415
18 e 110 0.020108287198672747
18 h 174 0.18219419068551557
18 l 118 0.01609464712541142
18 s 87 0.11852270330212256
18 t 83 0.07064820431478669
18 v 32 0.3251897935792476
18 y 125 0.021608360389180015
19 a 9 0.016070543615193666
19 b 64 0.08894308875131673
19 c 76 0.10544837710056265
19 h 21 0.003606529050204088
19 i 53 0.03524722935452351
19 k 2 0.413410047702801
19 o 121 0.15679709382693596
19 s 161 0.0714246546867997
19 t 11 0.0192073899292321
19 x 106 0.0636221016438312
20 m 176 0.14010897081477214
20 o 115 0.41495702576763915
21 a 155 0.0008818397641497944
21 b 39 0.0024034732467084208
21 c 45 0.0028080801966519076
21 d 169 0.018189085109947545
21 e 85 0.03485326411898548
21 f 39 0.04756224569819045
21 g 181 0.056449927050907234
21 h 129 0.09146078525841717
21 i 13 0.023531978975945833
21 j 7 0.0876194346820498
21 k 89 0.14384057932959438
21 l 155 0.0126693520554777
21 m 147 0.03680003855856806
21 n 172 0.003423384943970098
21 p 24 0.0353010942701909
21 v 71 0.06062735218667681
21 x 30 0.04052119436737034
21 y 56 0.15737858433144758
21 z 32 0.054818713793963525
22 a 81 0.025136991637299655
22 d 157 0.13714296564704354
22 e 122 0.09280516693019525
22 f 171 0.036790969069087076
22 g 134 0.006465847897353938
22 i 138 0.052386420381819176
22 k 103 0.029678854101339303
22 n 19 0.04021901785006132
22 o 159 0.04072826325523704
22 p 139 0.06265433299576484
22 r 91 0.20513225244982392
22 u 71 0.0010127041656279312
22 v 170 0.08057769574897045
22 x 22 0.021305174804790328
22 y 158 0.10044580416770243
22 z 61 0.014590416223206115
23 j 105 0.17406546584085048
23 p 152 0.6951165340630723
23 v 160 0.09876320307320807
24 a 42 0.07551333073728461
24 b 52 0.05859066213948938
24 c 42 0.02566144042748375
24 d 35 0.058244108483430646
24 e 107 0.03047803958738393
24 f 94 0.0009647896005609002
24 g 72 0.06793265214762367
24 i 113 0.01135711483124524
24 j 25 0.004417170542324045
24 k 54 0.06489250270814406
24 l 148 0.004132747032451589
24 m 143 0.0345037765912205
24 n 146 0.08534064964911725
24 p 136 0.021382789977053007
24 q 20 0.07594564804577486
24 s 111 0.04569656495289598
24 t 9 0.02283237103326141
24 u 180 0.024030769854130662
24 v 184 0.10533677728798507
24 w 24 0.004351846992847186
24 x 146 0.018634878498243634
24 z 82 0.08361522637161745
25 a 153 0.07226949200048716
25 b 2 0.09586339175407477
25 c 97 0.01471802687333934
25 d 33 0.028805066132986057
25 e 174 0.016815403823640662
25 g 124 0.08614845573376684
25 k 176 0.2764103911564042
25 q 109 0.02200668399335759
25 r 44 0.0011567588940185614
25 s 113 0.004682059252249404
25 t 154 0.03994486651464024
25 v 15 0.25305954623261284
25 w 107 0.021731766646069017
26 a 174 0.010337445271082157
26 b 115 0.015456396428841002
26 c 99 0.02846154418715474
26 d 73 0.010912656137432308
26 e 118 0.04256244218443683
26 f 183 0.29787323223328266
26 g 169 0.052136723881270663
26 h 114 0.06652823520170437
26 i 45 0.048486998327136654
26 j 5 0.012785160749368418
26 k 151 0.018775659296255576
26 l 184 0.008679086950605042
26 m 44 0.03115518268313111
26 n 107 0.02853022121621529
26 p 120 0.0073232417775165315
26 q 146 0.04836021841338212
26 r 91 0.005297430829994676
26 s 123 0.005324060457013613
26 t 80 0.046632599224948224
26 u 166 0.08930612925997261
26 v 115 0.01697000482870481
26 w 14 0.015706479429429487
26 x 3 0.015242383956417416
26 y 45 0.006850583854986048
26 z 116 0.0006603654340298082
27 b 73 0.024306418910780225
27 e 124 0.06127036111888173
27 h 116 0.048101246318031254
27 i 14 0.08732618088684474
27 j 48 0.029760432112521662
27 k 135 0.19072734564246108
27 l 23 0.06417595493483164
27 m 90 0.017929550468032462
27 p 80 0.10303851099201189
27 q 138 0.16176643140738323
27 t 94 0.003857747792830546
27 u 133 0.008084259153479434
27 w 133 0.041806062769381924
27 y 54 0.033131463796999494
27 z 59 0.02834081488234874
28 b 115 0.01872659103779717
28 c 20 0.12796134194628683
28 g 106 0.05328805476595777
28 i 50 0.03367190307741619
28 j 42 0.08503577407642193
28 k 104 0.16919041455712014
28 m 133 0.046116131113208114
28 r 132 0.0791118955707033
28 u 162 0.12913325418329447
28 w 46 0.03829492210517538
29 b 126 0.02062887663055546
29 g 183 0.2217496794649212
29 k 63 0.020306537179648365
29 l 160 0.11339215974757333
29 n 108 0.03501593904718103
29 o 17 0.005697212210252878
29 p 89 0.2556105432391551
29 s 181 0.049586082604343384
29 v 152 0.02656388933437792
29 w 35 0.1666175203106317
29 x 31 0.005440888459748661
29 y 148 0.0435393346328371
30 b 152 0.030518193143796335
30 e 166 0.056382350106769286
30 i 173 0.2308991244282309
30 o 153 0.34565099015754097
30 u 44 0.03723544922882194
30 w 158 0.15622012129786733
30 y 81 0.10156410354402101
31 a 183 0.08557312991541843
31 d 155 0.024317621316435112
31 g 132 0.19061786517873336
31 i 64 0.09924499069243176
31 l 169 0.03535862341245544
31 n 147 0.04198152651966125
31 q 12 0.016334107196775305
31 t 84 0.04128619292734648
31 u 92 0.11247138600745576
31 y 87 0.22631842048951645
32 a 42 0.0028573927260818754
32 b 135 0.023160954922797128
32 d 45 0.0024730463769710997
32 e 115 0.02961379622625826
32 f 153 0.015990337046326575
32 g 130 0.021566185821353723
32 h 55 0.008100959391162399
32 i 3 0.0333787235744375
32 j 158 0.12831668269042118
32 k 79 0.00751634991389305
32 l 97 0.05420058418435614
32 m 49 0.042777483180603704
32 n 16 0.11647254382493244
32 p 172 0.0277294600808784
32 q 178 0.04045073756289275
32 s 130 0.099853744175467
32 t 91 0.06562399090462134
32 u 29 0.00995677864916611
32 v 118 0.07841521024716336
32 w 84 0.012488358556889456
32 x 42 0.02993799303631417
32 y 0 0.07552883937572552
32 z 144 0.03338548766013727
33 c 128 0.05231244524297485
33 d 9 0.00906770243586219
33 g 171 0.07625629711762472
33 m 9 0.009087272922441714
33 n 46 0.10654298053548306
33 o 64 0.06949333573926753
33 q 73 0.0343656875602425
33 t 1 0.04460500371064868
33 v 92 0.12023035371087776
33 w 90 0.38020246006417824
33 y 133 0.0250366429884602
33 z 12 0.0303967327380954
34 b 57 0.09427975720658055
34 c 53 0.05985224198028316
34 d 29 0.002568599906667357
34 h 53 0.08272414203104839
34 i 24 0.013537868536109054
34 k 5 0.19500625159370377
34 l 94 0.018717767791572526
34 m 64 0.05818463204591473
34 n 159 0.14447816861609952
34 o 24 0.06478062922646965
34 v 168 0.028251069014633923
34 w 2 0.04353032560172565
34 y 94 0.01934064426180704
34 z 33 0.15215319497556312
35 d 148 0.009388168602651348
35 e 156 0.1670186959134361
35 f 14 0.11198437131854477
35 j 92 0.040679216960594955
35 k 103 0.043447638232311236
35 l 27 0.0134873946702182
35 q 16 0.21821676910838383
35 r 26 0.05388399487840867
35 s 154 0.0319538179119947
35 t 81 0.06696025720699073
35 u 75 0.049481111653638554
35 w 182 0.010375040816195003
35 x 56 0.0031037085396441455
35 z 168 0.05894096689521433
36 a 178 0.18587615576477812
36 f 106 0.2867659833327114
36 r 146 0.13550653740853758
36 u 46 0.2788348081212859
36 w 171 0.005676937457437803
37 j 151 0.5305571739066784
37 v 43 0.2785918811091217
37 y 59 0.1565403056867034
38 a 185 0.11037194115575133
38 b 103 0.026396459793303073
38 c 157 0.030153704704505957
38 d 131 0.12086557908084172
38 e 14 0.029450759750859867
38 f 156 0.004183338128641689
38 g 60 0.0048451337289627805
38 h 34 0.041887268510709896
38 i 23 0.03222216048711002
38 j 63 0.01948935409423236
38 k 31 0.05487289951079999
38 m 16 0.05250533342786101
38 n 162 0.02282482192549007
38 o 43 0.0028592810466886442
38 p 74 0.07814802711875257
38 q 147 0.09638643456223339
38 r 117 0.016663718855675524
38 s 6 0.07542395004059999
38 t 182 0.03207446666269209
38 u 129 0.06346687185208832
38 v 123 0.017439907338227978
38 w 69 0.00035703705233425254
38 x 165 0.02017052181728285
38 y 51 0.03966880702244002
38 z 164 0.006300248150191923
39 c 76 0.03248965458421771
39 d 41 0.029121739429783133
39 e 6 0.010124180394700866
39 g 147 0.004990167340111151
39 h 81 0.08221492807998232
39 i 12 0.025730739998696017
39 j 116 0.09199647674359523
39 k 75 0.050481606459418904
39 l 27 0.00543826210427667
39 m 42 0.10939217942012991
39 o 14 0.13466039831310572
39 q 57 0.008919074590590936
39 r 112 0.08766646632784081
39 s 74 0.06660632602133709
39 t 147 0.00418830683154392
39 u 74 0.07739684416854642
39 w 51 0.15762202336933273
39 x 62 0.007357495015615223
39 y 113 0.007506169298618803
41 a 162 0.1548750847432071
41 c 113 0.09285016149691061
41 d 54 0.14819557473712297
41 f 135 0.005330894963045951
41 g 42 0.0014397190333828025
41 i 8 0.006255808644445304
41 l 104 0.05991590999953089
41 m 117 0.09102729525154762
41 p 139 0.24934283580364747
41 r 67 0.0540131599406839
41 s 131 0.101177630075587
42 a 144 0.1417750417133835
42 d 0 0.15523973891917764
42 g 50 0.5892997989077202
42 i 120 0.027126907860465566
43 c 8 0.03371951530159212
43 e 38 0.12357427292948708
43 f 6 0.2474932485188016
43 i 67 0.12017574795711561
43 l 112 0.015161412999135537
43 m 37 0.06865387891489094
43 r 44 0.26555213646120346
43 y 98 0.0949573189040317
44 a 21 0.19619071817093825
44 e 31 0.0928362735095305
44 g 3 0.5202769253448573
44 z 128 0.07434268122317222
45 a 20 0.16601197519368283
45 c 37 0.08366146877599834
45 f 124 0.009139152981576526
45 j 161 0.13126421064902782
45 k 35 0.07064824980234441
45 p 115 0.14313200415202032
45 v 160 0.0941066069858505
45 x 105 0.13298379687586692
46 f 169 0.0365340651482442
46 i 80 0.1419388011227598
46 k 42 0.5083349791885006
46 m 168 0.02401600322063735
46 r 23 0.024800670592661667
46 s 102 0.007861706880274766
46 w 11 0.1746670104529141
46 y 158 0.07353089957063197
47 a 40 0.027600473430991923
47 d 46 0.00998751937207032
47 e 163 0.012344409867079187
47 f 88 0.003570170847120857
47 g 101 0.16899925819865835
47 h 46 0.0056088435027910055
47 i 86 0.2906559897398908
47 j 2 0.009566706372917233
47 k 107 0.004514276115078375
47 l 65 0.08246074391086755
47 m 0 0.054738662683121
47 n 23 0.06235642131861807
47 o 32 0.012958380546795989
47 p 85 0.0322713286884625
47 r 49 0.0330035577726413
47 t 77 0.012153314665974801
47 v 169 0.08189750419612474
47 w 120 0.010369988173473121
47 x 23 0.037184313202166974
47 z 56 0.004824730664770405
49 a 115 0.2031582292758113
49 c 68 0.12169272989926061
49 e 144 0.23478642564214725
49 h 101 0.14314668514672668
49 n 117 0.10969037303025375
49 q 60 0.1298961706880345
49 t 77 0.027818799115534976
50 b 176 0.04852079591476621
50 c 83 0.008638700082635897
50 g 181 0.025739888201777528
50 h 53 0.04631723324123693
50 i 83 0.02621441163885274
50 j 175 0.06392773454919976
50 k 133 0.137636202552748
50 l 6 9.679017772756815e-05
50 m 20 0.08468301124310984
50 n 33 0.006460658945190323
50 o 141 0.10782256945246893
50 q 105 0.003407502987639699
50 r 69 0.03724729789924086
50 u 106 0.13273333235140927
50 v 13 0.06795540465751337
50 w 121 0.031440648951083894
50 y 170 0.16766624124906748
51 a 59 0.04417159683867733
51 b 19 0.02236421423971291
51 c 26 0.006649152022057847
51 d 101 0.024291917344547942
51 e 55 0.013720046227986171
51 f 128 0.01190877957899672
51 g 184 0.011821917084452904
51 h 136 0.05909805675314517
51 i 60 0.06881911484978542
51 j 49 0.027728298027471454
51 k 36 0.01763615440230959
51 l 178 0.0634202586294147
51 m 113 0.006080457944585449
51 n 132 0.0819565960779145
51 o 136 0.006551602692901004
51 q 8 0.1299401440623521
51 r 1 0.009163759074014788
51 s 173 0.005955567943228268
51 t 110 0.12533863296027048
51 v 52 0.012336605210128915
51 w 141 0.09331092908019567
51 z 23 0.01811462293267141
52 a 102 0.03830254476655437
52 b 69 0.07705564404464693
52 c 133 0.142162892435029
52 d 96 0.04808729411692181
52 e 74 0.032798405704281164
52 g 77 0.10362677766215211
52 h 60 0.004379071072369123
52 i 75 0.007164954402741119
52 j 14 0.007423946157575578
52 k 126 0.09459603671676453
52 l 147 0.018728600072078327
52 m 115 0.009807935499945852
52 n 53 0.018810556531540956
52 o 173 0.012561898276030381
52 p 106 0.01570709724196373
52 q 57 0.04420014827085206
52 s 12 0.009585640448163457
52 u 119 0.0016898785377321701
52 v 27 0.01900261548669968
52 w 11 0.034966561389477624
52 x 183 0.07210794314939983
52 y 94 0.007370884977591641
52 z 70 0.0672328283980771
53 a 132 0.20656703485567018
53 e 11 0.304376203579495
53 s 33 0.29686082717859186
53 v 31 0.006531480408824564
53 x 13 0.018858885731846686
53 z 140 0.03830376756589471
54 a 74 0.15586147885197466
54 c 32 0.12292257003237361
54 f 81 0.015141427642284877
54 g 43 0.003951501625175324
54 i 156 0.10992978665619457
54 j 36 0.028622460042183495
54 l 98 0.0011918694925847628
54 m 87 0.13446737158778355
54 q 157 0.047686477761143986
54 r 74 0.005325732584795295
54 s 68 0.07067290537613191
54 u 140 0.06284378500940846
54 x 88 0.0563281299260916
54 y 85 0.14626325746251567
55 e 146 0.17246927163047043
55 f 44 0.2073607220187602
55 h 155 0.007985818802370481
55 o 134 0.028909841432771755
55 q 177 0.15834913575959686
55 s 152 0.022581973824139512
55 w 119 0.13872122128313902
55 x 157 0.22506348035511947
56 a 0 0.022204498111757842
56 b 147 0.03296440164449055
56 c 11 0.0912261998814975
56 d 162 0.2608739621222371
56 e 98 0.02416022087715486
56 g 8 0.007325047836915122
56 i 11 0.004860033628023563
56 l 140 0.01231373608213926
56 m 104 0.09102636391125574
56 n 66 0.04166930435220173
56 o 137 0.054592275994144734
56 p 54 0.01940488410641994
56 q 12 0.016665374307180625
56 r 6 0.011438393584765283
56 s 115 0.08501975303438325
56 u 118 0.08050044477854468
56 w 139 0.0493522699483141
56 y 60 0.031127764991612517
56 z 183 0.01904613638890862
57 d 104 0.737125490255085
58 a 7 0.1238699875462993
58 b 66 0.02564983310635227
58 c 105 0.10537873177081192
58 e 107 0.03644228673052918
58 g 126 0.003673725393150362
58 i 105 0.057069258504260034
58 j 8 0.06273578834867877
58 k 46 0.0442364510191936
58 l 87 0.02804784051616771
58 r 113 0.05719872158190098
58 s 48 0.035650157580707664
58 t 60 0.07545790937478769
58 w 21 0.020160638737702685
58 x 27 0.07178884716764733
58 y 63 0.1424912161885069
58 z 151 0.05419771537129148
59 c 155 0.039549807749943655
59 d 151 0.022309950732219308
59 e 87 0.14397222374801766
59 f 166 0.06918574727956028
59 g 58 0.04915023312454814
59 h 100 0.04513626627035683
59 i 73 0.06981251797216192
59 k 158 0.02051460015080786
59 n 176 0.0036827097570838463
59 o 73 0.004233691594156874
59 p 33 0.0009518051557494411
59 q 8 0.16313318633455054
59 s 155 0.011083207825261177
59 t 98 0.04296324931091022
59 v 88 0.178029582812139
59 w 51 0.026410461991998813
59 x 0 0.06154119483512743
59 y 6 0.0055162318313305425
59 z 26 0.018699950189310477
61 c 97 0.047612680800668605
61 d 101 0.001472380820549124
61 e 123 0.011078256248819085
61 f 44 0.07820848677103154
61 j 77 0.25032339956080407
61 m 65 0.0806683040804117
61 p 139 0.1395137366905117
61 r 63 0.16781707352745623
61 s 172 0.009852662606472884
61 t 87 0.14206134576591878
61 u 74 0.007233184919888114
61 x 110 0.053513556233661164
62 a 81 0.10759235159295566
62 b 69 0.0014723319838551019
62 c 116 0.034010170528985584
62 d 129 0.041298264258734174
62 e 3 0.016451491154578113
62 f 65 0.06730559283432358
62 i 78 0.0027640039529871485
62 k 65 0.030567334555376635
62 l 82 0.12417386811797915
62 m 113 0.01453077208456599
62 n 89 0.1406003541649734
62 p 34 0.0016618423444506591
62 q 87 0.011627284055140463
62 r 59 0.08792243391058907
62 s 25 0.07377631128229045
62 t 163 0.013606049597449266
62 u 164 0.0660660881267221
62 w 75 0.06913898613861902
62 x 181 0.002938778274944376
62 y 129 0.0658198865539612
62 z 35 0.007893923118142743
64 a 19 0.023909899234471954
64 c 8 0.007871165518053558
64 d 115 0.01774486311775414
64 e 46 0.014349293808427643
64 g 65 0.00695374874869692
64 h 16 0.02981283817048408
64 i 0 0.07445823195018908
64 j 43 0.0663289790486915
64 k 62 0.02348428723532392
64 l 149 0.03413627293261068
64 m 23 0.08304666594071719
64 n 83 0.03346073244697889
64 o 43 0.004622757344919015
64 p 180 0.1165073730839441
64 q 35 0.02799382523178684
64 r 146 0.012277214229900246
64 s 89 0.025125159984085266
64 t 108 0.13057018359681583
64 u 101 0.0694079764788822
64 v 177 0.010869152400563853
64 w 78 0.05012618003677316
64 x 154 0.02092925799739065
64 y 64 0.018070713371875935
65 b 158 0.0202872664198378
65 c 163 0.10441384565509304
65 d 86 0.004562162144884141
65 f 163 0.197035207883008
65 g 137 0.039756302448351266
65 i 175 0.1173044996301984
65 j 59 0.017519535356325666
65 k 48 0.020507446121952766
65 l 65 0.008893552317691289
65 m 25 0.1289203512586673
65 o 70 0.006326425969833016
65 q 72 0.017132374304118514
65 r 145 0.10456133503606158
65 u 164 0.09075143544679487
65 x 15 0.0033902816407017644
65 y 36 0.004784037848092226
65 z 38 0.029559770290687792
66 b 134 0.011933467685460108
66 c 167 0.07570928660899034
66 e 115 0.0014651469477625634
66 g 46 0.09894808062751093
66 i 123 0.13068619846848195
66 j 20 0.052602770532804155
66 k 86 0.10399603637442267
66 n 138 0.01088428410144815
66 o 33 0.053568581883388866
66 p 16 0.03854245979495685
66 q 133 0.0971281472559915
66 r 11 0.013566670574197137
66 t 150 0.05026060995155768
66 u 155 0.0654716848725847
66 w 14 0.013094327126567773
66 x 87 0.025605948329170625
66 y 75 0.09994847295083775
66 z 70 0.03492609454733053
67 b 141 0.025296074682440883
67 c 101 0.05773844385605498
67 e 94 0.02149118388364568
67 g 183 0.046332352131871035
67 h 91 0.056904391780864705
67 i 111 0.08481111531285213
67 j 112 0.06134245057852594
67 k 16 0.14471147139335439
67 l 96 0.11908116299992788
67 n 180 0.04735662112482164
67 o 98 0.008110363963480083
67 r 165 0.019211378262485423
67 s 14 0.007272007639193334
67 u 39 0.049780801188127
67 w 144 0.2331079571214265
67 z 101 0.017047998812104947
68 a 113 0.07197413782895634
68 b 184 0.01194766011953352
68 c 182 0.11423928845943854
68 d 170 0.004869021452004518
68 e 107 0.063851699780333
68 f 115 0.0456066643532147
68 h 57 0.06910191342512462
68 i 115 0.008899548853862238
68 j 27 0.1137847074481656
68 k 116 0.029694934703899167
68 n 148 0.015583482559017425
68 o 57 0.025939553273436333
68 p 71 0.024322291620239245
68 q 7 0.18821930114859153
68 r 24 0.022223144158686536
68 s 70 0.0029792685575276145
68 t 110 0.029442395520585807
68 u 124 0.05237495166408801
68 v 129 0.009217166394023812
68 w 81 6.868878097465725e-05
68 x 19 0.009214412015110196
68 y 181 0.03745778431949642
68 z 171 0.01707865764035943
69 c 99 0.128002185983921
69 e 11 0.06412650072900339
69 f 36 0.022969710898964713
69 g 132 0.0036311847873529146
69 h 92 0.029447212044121596
69 j 62 0.161548509258017
69 k 80 0.06324561137041684
69 l 169 0.0017805091410130203
69 m 5 0.010116593591120604
69 p 90 0.0719325010980062
69 s 3 0.008865666159556862
69 t 14 0.08590705343200322
69 v 153 0.08956641834103751
69 w 136 0.020829631927868686
69 y 71 0.001191218067069899
69 z 54 0.14636219936215533
70 a 33 0.027999139628578695
70 b 79 0.012498315368632662
70 c 48 0.02385443654647068
70 d 148 0.039405849967892426
70 e 63 0.03582629303993767
70 f 140 0.05641578473072728
70 h 20 0.028609400686340547
70 i 178 0.17499156378377678
70 k 123 0.12816805220177585
70 l 123 0.03371361799498984
70 m 81 0.020419936870739286
70 n 22 0.035689736619215484
70 q 112 0.007217181686149043
70 s 155 0.0006923767803788117
70 t 43 0.03178017445696446
70 u 58 0.05530444833269743
70 v 20 0.004121322428995988
70 w 90 0.1685534604899972
70 y 78 0.03590526520194415
70 z 77 0.035031881458072345
71 b 34 0.007043605883830906
71 i 111 0.32494728784679283
71 j 82 0.3292688569589973
71 q 74 0.24301045730687887
72 a 89 0.010342467101685515
72 b 171 0.11174329932619831
72 c 69 0.18540103299693445
72 d 36 0.05716967370613468
72 e 15 0.06169908080914921
72 h 22 0.006433086737123617
72 i 112 0.026979829463198324
72 j 183 0.027541845389130182
72 l 22 0.0547945060136551
72 m 94 0.022751965537915697
72 n 106 0.05482136590194542
72 o 108 0.0019158223006212616
72 q 63 0.0831568695663738
72 r 157 0.09996134270641288
72 v 36 0.003763125576627613
72 x 91 0.08875989650452665
72 y 132 0.08944486062819723
72 z 181 0.01005370758811408
73 c 104 0.002218827660690703
73 e 83 0.13566122898224475
73 g 175 0.3175207290761919
73 j 174 0.035497318125514044
73 m 28 0.20237201323470677
73 r 17 0.0162367039264103
73 s 85 0.10417832388286818
73 y 24 0.01589367095120464
74 a 139 0.0641763117381734
74 f 22 0.1371033103495961
74 g 171 0.18583665700712948
74 h 122 0.020635836928109996
74 m 65 0.016062236250443784
74 p 119 0.0673799121279175
74 r 161 0.01759753382885698
74 t 75 0.0466281672187725
74 v 148 0.269617689353675
74 x 6 0.0795025353877199
75 a 14 0.039831559553407336
75 b 18 0.04647035651063758
75 c 124 0.0701983505133218
75 e 170 0.031633268935627235
75 f 145 0.00022529245047875346
75 g 47 0.05786179792672097
75 i 107 0.22747314603739577
75 j 181 0.07244427216940763
75 l 107 0.023392919940832924
75 o 136 0.09056597919602793
75 p 17 0.004208041630343051
75 s 31 0.07601983703920723
75 t 4 0.031663353747474865
75 u 11 0.1145692634096499
75 x 159 0.004591770989901378
75 y 148 0.08606400880361798
76 a 33 0.024357602918236188
76 b 88 0.0796460794321473
76 c 46 0.018385244788738264
76 e 26 0.11748686692869159
76 f 26 0.0027074565571025833
76 g 140 0.03753536777212496
76 h 71 0.0329946331627512
76 i 14 0.03641764463335051
76 j 73 0.02039241880364806
76 k 64 0.006849625786314317
76 l 147 0.04614572726467514
76 m 184 0.026154708579258834
76 n 172 0.13397150803793967
76 o 165 0.0063937179402976385
76 p 117 0.06170607015243812
76 q 3 0.12200332888563159
76 r 41 0.03249690057314525
76 s 27 0.008900491900575735
76 t 85 0.014724172356611942
76 u 57 0.011215266053567041
76 v 79 0.0045001868478844465
76 w 109 0.013110947608974688
76 x 89 0.0751690016277915
76 y 38 0.05411813142443267
76 z 62 0.005322641398284533
77 x 165 0.0193925669356797
78 d 120 0.4017253299724164
78 k 13 0.359160263017012
78 l 96 0.06366394716954027
78 t 80 0.1208944698160408
78 v 170 0.028786037281511634
78 w 146 0.025373787795818115
79 e 107 0.07686927676401889
79 h 101 0.010699515459732245
79 i 84 0.1745237161579548
79 j 85 0.4263850940850784
79 o 87 0.013520809400544342
79 u 73 0.07023264608317281
79 x 164 0.0966470840626037
79 y 73 0.10105841363064394
80 c 15 0.28045146032945345
80 s 40 0.15498662815398923
80 w 28 0.20399325112350197
81 e 87 0.1529025422364566
81 g 29 0.010468142425059557
81 h 147 0.09278884805570664
81 l 143 0.05358166122744501
81 m 124 0.07380630377900543
81 n 51 6.840711649913622e-06
81 q 105 0.19385163989358545
81 r 134 0.03697360656903248
81 x 102 0.02160618498998379
81 y 135 0.26170391217941913
81 z 27 0.07383117383223148
82 q 110 0.41779085799885785
83 b 49 0.03134622868053283
83 c 185 0.04161348122769315
83 d 51 0.006153376290935264
83 e 8 0.004057697100105062
83 f 31 0.016718456457181285
83 i 116 0.03950712503711018
83 j 9 0.12346990842586059
83 k 94 0.07202136422324412
83 l 67 0.0016429195202892766
83 m 111 0.10494487878283165
83 n 37 0.04679834675229089
83 o 143 0.016290940152710154
83 p 126 0.005655670712444327
83 q 18 0.17639174221454135
83 r 60 0.041208027516347556
83 u 75 0.04076628800121218
83 v 75 0.041937303835280604
83 w 160 0.14177048392637281
83 y 38 0.027117811138494208
84 a 59 0.01875082667793304
84 b 154 0.3146238362214566
84 c 136 0.02204281683513687
84 d 153 0.02672339468668905
84 h 54 0.06990718196197176
84 j 12 0.034036884490522
84 l 80 0.08668749145946131
84 n 10 0.14092788929160915
84 o 48 0.062037348385363456
84 s 56 0.02106196751685674
84 t 10 0.05090414672425492
84 x 123 0.00011870240436540058
84 y 172 0.03171319463521882
84 z 105 0.08834908458893165
85 b 102 0.017432302871656757
85 c 182 0.009722477103038973
85 d 59 0.05696845611755197
85 g 79 0.10080616746480664
85 j 178 0.1498867201134917
85 k 20 0.11172424105890943
85 m 102 0.030843430402383798
85 s 160 0.3220263955332413
85 v 136 0.02159660703016586
85 w 45 0.06137497180689966
85 z 141 0.11009706678507503
86 c 21 0.49990136127665075
86 j 147 0.025240352585129466
86 m 112 0.02149410750784264
86 o 26 0.42043195695483915
87 v 49 0.4183881824506164
88 a 39 0.03137870417027888
88 b 9 0.03478809988435705
88 d 158 0.051729786731094185
88 e 100 0.03270840285277188
88 f 12 0.00871797662777618
88 h 33 0.032464779204422034
88 k 135 0.031830161328764706
88 l 23 0.010119790335681444
88 m 124 0.06224126122405671
88 o 102 0.04136222819918656
88 q 163 0.016115001324264022
88 r 177 0.0380463201669059
88 t 104 0.09898668542814182
88 u 122 0.19110815818242088
88 w 176 0.080562144607641
88 x 148 0.04685258191224295
88 y 57 0.12914086367076472
88 z 47 0.012076218500178704
89 a 47 0.08691084158933549
89 b 25 0.005607156511719058
89 c 115 0.058594937613352216
89 d 110 0.04494593398249491
89 f 38 0.05976568240711533
89 g 71 0.07135881132339317
89 h 111 0.06633738189073501
89 i 45 0.10395477675115639
89 j 63 0.051864085100969626
89 k 176 0.031243768627604473
89 l 43 0.04481053925852163
89 m 172 0.040573189109351926
89 o 74 0.0007351149348979735
89 p 26 0.06808298401967916
89 r 72 0.010203853838989141
89 t 87 0.0640606299199763
89 u 155 0.03217649610652085
89 v 150 0.012591888842310883
89 w 39 0.031351546811054565
89 x 156 0.00273897458879091
89 z 40 0.0020246809866986126
90 a 116 0.1729637686279425
90 b 17 0.03442805670327931
90 c 11 0.04063914005492242
90 d 48 0.12999652101435577
90 g 16 0.13674057299634024
90 h 185 0.05656117066795119
90 i 157 0.019151418651540575
90 m 9 0.025129060315111973
90 p 93 0.030177771765944827
90 q 157 0.07909420464109529
90 r 18 0.018445708341841782
90 t 96 0.010945343123470286
90 u 160 0.05290654801725325
90 v 138 0.03946143321728801
90 x 164 0.06874708407581709
91 a 94 0.11214624804262552
91 d 6 0.16771758302478101
91 f 57 0.04402088731650311
91 g 35 0.08342742150086147
91 k 161 0.035436673023994114
91 n 0 0.008428662283785249
91 u 179 0.09976572348795643
91 w 30 0.03480108474694976
92 b 110 0.0028142628641978362
92 c 138 0.09216568170155948
92 d 41 0.07494768915930383
92 e 153 0.1576315774645921
92 f 141 0.023235041261025158
92 g 22 0.042654884900608314
92 h 109 0.037188189629122737
92 i 163 0.0640859449727853
92 j 45 0.042648884778033525
92 l 61 0.06566185984811712
92 n 136 0.00307199843354522
92 p 22 9.341359862158338e-05
92 q 132 0.03528106543412346
92 r 71 0.04739928254332537
92 s 155 0.020059983088509425
92 t 75 0.05659064127584201
92 u 171 0.06575606527440192
92 w 137 0.011228429732310308
92 y 175 0.024743959412779848
92 z 123 0.0970232882439821
94 c 42 0.00816101970977634
94 d 126 0.1355895375016456
94 e 103 0.05291872864133085
94 f 147 0.030231601198769664
94 h 115 0.013093874717710952
94 j 164 0.10551847279546045
94 k 153 0.09451374748282437
94 l 123 0.02978526842950424
94 m 44 0.019338870443405654
94 q 16 0.004591228760242094
94 t 179 0.03265456898479746
94 u 100 0.05081348120177098
94 v 144 0.02663356646378856
94 x 73 0.017182078043274762
94 y 22 0.34983496477234166
95 c 93 0.006466851035317522
95 f 145 0.30158128752688707
95 i 168 0.05828031855411531
95 j 14 0.15653842509544735
95 k 168 0.041838622758125665
95 r 104 0.17687430364865775
95 t 138 0.03298603043801096
95 v 56 0.012815833452238912
95 z 100 0.14068629633595064
96 a 164 0.035595246844007944
96 b 184 0.05537101085315432
96 c 76 0.10599213009978281
96 d 70 0.04041836591722048
96 e 15 0.07294566149013382
96 f 38 0.0023010354729005034
96 g 125 0.005276795020347613
96 h 110 0.01709372027979983
96 i 167 0.048050448101698784
96 k 16 0.002960816369324548
96 l 42 0.01481754510501243
96 m 68 0.047020113075306846
96 o 121 0.07199209306679377
96 p 124 0.026967131169719938
96 q 149 0.012660058296228516
96 r 89 0.031076233003585085
96 s 43 0.08961592496299087
96 t 52 0.01798622942865591
96 u 35 0.014654927840747733
96 v 30 0.02952399006243589
96 w 13 0.07653460722900074
96 x 71 0.011759915894147377
96 y 106 0.019853941031866107
96 z 176 0.13145640856826457
97 a 99 0.02560656147460383
97 c 21 0.026629488794189693
97 d 109 0.022010225755630497
97 e 56 0.007402306982172924
97 g 156 0.012997095940821879
97 h 73 0.007487335925708383
97 i 95 0.02164460346342545
97 j 3 0.084062122559317
97 l 183 0.038147634311867185
97 m 164 0.013835278315537547
97 n 161 0.13202931302568344
97 o 39 0.03384488056920565
97 p 18 0.0391719873637959
97 q 9 0.04350087117299051
97 s 130 0.07312492479610933
97 u 51 0.11920603791648676
97 w 19 0.08569340943856074
97 y 150 0.07396002604023733
98 a 95 0.0010136992977738402
98 c 48 0.015609141208438149
98 d 41 0.0007749933253895502
98 e 53 0.007176489341851777
98 f 172 0.05658878280039148
98 g 128 0.0189677672010915
98 h 123 0.06605140378030083
98 i 118 0.003334320190714668
98 j 107 0.04456582123959696
98 k 12 0.026073279221319634
98 l 87 0.008706773458984185
98 m 178 0.022939777224993296
98 n 126 0.043493659172488486
98 o 53 0.023820390674672565
98 p 71 0.03213387284465408
98 q 6 0.018586120297753528
98 s 174 0.13651753381995413
98 t 53 0.013903896206323596
98 u 178 0.05447237417666051
98 v 100 0.017651513186724088
98 w 105 0.05913962705135245
98 y 91 0.07805337701792714
98 z 33 0.16339514322959625
99 b 109 0.0326294316021738
99 d 42 0.011384406125589996
99 e 93 0.026542212787810993
99 f 123 0.005420011835644112
99 g 123 0.16668935649604077
99 l 180 0.47332232571050037
99 n 1 0.18093838127770956
99 p 1 0.008305164585949543
99 u 37 0.027140804494965032
99 x 104 0.02718144431431646
99 y 110 0.02239435973375492
100 j 25 0.1297592284796637
100 k 31 0.06716486651391729
100 t 159 0.38521889827084677
100 x 148 0.12125552010767193
101 a 114 0.04662563003035369
101 b 176 0.08998526076647151
101 c 86 0.0278319999873875
101 d 93 0.030050624678776394
101 e 61 0.02916622554367576
101 f 52 0.041025255615732004
101 g 83 0.0005442883854742675
101 h 7 0.03438783743717788
101 i 21 0.06910048560111248
101 j 49 0.12574756228407324
101 k 68 0.011044596258447559
101 l 33 0.0238706811696755
101 m 135 0.044567522760273315
101 n 89 0.02448549840347125
101 o 110 0.10264101569637774
101 p 12 0.012934678082523576
101 q 116 0.14716680629840806
101 r 88 0.026457923294843755
101 s 106 1.7716402827883115e-05
101 t 65 0.025845230535453956
101 u 147 0.02127875146492808
101 v 60 0.031009056391165135
101 w 84 0.0041788398179312125
101 x 46 0.007389131323536469
101 y 106 0.014867409296434264
101 z 125 0.003610612661978041
102 a 185 0.13605541870380078
102 h 183 0.38655996168497675
102 k 86 0.14217652515081092
102 u 1 0.03346181711122198
102 z 113 0.010760726596818482
103 e 141 0.01029958374444162
103 j 142 0.911012353489391
104 c 138 0.08778873806711007
104 e 180 0.06743485936649551
104 h 180 0.05609592995362045
104 i 88 0.03702015440033135
104 j 185 0.16185323750576563
104 l 73 0.19473287640280068
104 m 144 0.11704350458133728
104 p 69 0.038421884100795056
104 v 144 0.1298386852628094
104 w 77 0.024473209461584267
104 y 32 0.04716583970611987
105 a 12 0.1581095665403628
105 b 78 0.08291517867116416
105 e 180 0.009051986922703037
105 h 19 0.00023176845489070175
105 o 79 0.030730938215664083
105 q 56 0.3181861444543881
105 v 127 0.05405105984515457
105 y 29 0.22193510611294665
105 z 146 0.04814390464970597
106 a 148 0.04996933051053942
106 b 27 0.01069769401215459
106 c 128 0.046886031969103126
106 d 50 0.01673774523600491
106 e 115 0.022816447349633062
106 f 21 0.03974048051489243
106 h 66 0.10830559020985808
106 i 50 0.2009802550911306
106 j 145 0.019519715323343623
106 k 113 0.03878714567617303
106 l 95 0.007236650053422999
106 m 78 0.04994816981094341
106 n 71 0.03596215322869922
106 p 177 0.06651852026579907
106 r 10 0.011192216960908996
106 s 76 0.09613493338680346
106 u 87 0.0005389573625037558
106 w 182 0.012217930859065973
106 x 152 0.010314161447118275
106 y 47 0.11804513109371095
106 z 184 0.012980491447352471
107 b 71 0.011550900581701273
107 c 140 0.03160344174843266
107 i 94 0.18587714001013877
107 m 96 0.10239745675640644
107 p 26 0.04330470888748472
107 r 111 0.27948414911429786
107 y 167 0.0168395495148721
108 a 92 0.019005808030903015
108 c 91 0.07920041334660233
108 d 7 0.028895208864518573
108 e 159 0.002341476744236237
108 f 157 0.05079691870318426
108 g 166 0.055454346317356795
108 i 56 0.15665458872496862
108 l 129 0.0008434642589782992
108 m 38 0.022204366046114754
108 n 41 0.05828133324513762
108 o 132 0.006522366958093495
108 p 55 0.06683869930262587
108 q 164 0.11492876073523084
108 r 72 0.010068292700695203
108 s 144 0.0024438342542261182
108 t 74 0.05777177898388419
108 u 10 0.01952246979692518
108 v 139 0.10611690739778024
108 w 60 0.005214572454637967
108 x 165 0.06155636930153463
108 z 165 0.0365675372755534
109 e 24 0.33054762441332364
109 m 13 0.10696156908697396
109 p 112 0.2831016202681841
109 v 104 0.21739861764401258
110 a 30 0.03159831435704019
110 d 73 0.01188279571928541
110 g 81 0.023494559032429696
110 j 179 0.004418789308674009
110 k 147 0.0009581080011106247
110 l 8 0.004253337029459292
110 m 17 0.045254893604996904
110 n 150 0.055857479605428306
110 o 34 0.06915440829137698
110 p 145 0.048595509867925823
110 q 110 0.0047478968623103635
110 s 37 0.016697752939749733
110 t 137 0.003974336966681369
110 u 92 0.05302996007015759
110 v 52 0.0314961943135883
110 w 87 0.020038316819860902
110 z 155 0.2565019440626165
111 n 60 0.39296972110286443
111 t 20 0.0955207977990501
111 u 162 0.17873830670052215
111 x 48 0.0391505746556613
111 z 123 0.13543927570622805
112 b 170 0.009931018849926088
112 c 52 0.032658488068423974
112 d 122 0.04520643465904495
112 h 182 0.009219652399798939
112 l 96 0.15181334052560214
112 n 78 0.08512531041793403
112 o 16 0.06923627967192625
112 s 123 0.00959678871637426
112 u 64 0.006007878924615406
112 x 93 0.05251605294336292
112 y 177 0.05190732718436564
112 z 169 0.4244915465168354
113 a 64 0.019042184877434032
113 d 137 0.08216599064640762
113 g 100 0.08312717753475674
113 h 107 0.07602360265349395
113 i 115 0.00015445126361568473
113 j 43 0.044931924215589225
113 k 130 0.04987725468840398
113 l 110 0.003111621626841088
113 m 172 0.03967692056029526
113 n 89 0.10732497301292443
113 o 98 0.1112291574726455
113 q 65 0.010247720174930808
113 t 31 0.052671264507607174
113 u 3 0.1360404777045202
113 v 55 0.020473018277659683
113 x 6 0.003627031757553967
113 z 91 0.1463134119350754
114 a 180 0.1591260501092624
114 b 96 0.19529819796925652
114 d 60 0.008794290746749533
114 e 140 0.009195711667108641
114 f 3 0.07736482760383312
114 g 166 0.07264729778512091
114 h 139 0.03666487891260373
114 i 123 0.02054374686065219
114 l 21 0.009011664176999945
114 m 144 0.024090675796157868
114 o 105 0.006673953771999086
114 t 170 0.16008774563731298
114 u 69 0.018653546314033043
114 y 92 0.04458131799034537
114 z 102 0.025860516714710124
115 c 139 0.0030087337178845708
115 d 141 0.021887229136567266
115 e 79 0.012084429702807542
115 g 183 0.008322067660853416
115 h 25 0.04486669942571431
115 i 6 0.010066855386043683
115 k 67 0.15698786791734975
115 l 96 0.030386139977497506
115 m 131 0.02485171862136515
115 n 27 0.015411698189241263
115 o 90 0.04599020982630719
115 q 172 0.02105788840778422
115 r 170 0.06329152269644467
115 u 45 0.11973110852683089
115 v 20 0.13905369180617422
115 w 5 0.03783151543936414
115 x 51 0.052936052485157536
115 y 6 0.14393144934627422
115 z 154 0.02188117495074904
116 c 143 0.04268168840982556
116 d 53 0.257818459359091
116 h 71 0.1912350634212323
116 j 177 0.03510255648259697
116 m 177 0.13541359450606105
116 p 114 0.014464315017187368
116 u 50 8.348993481321898e-05
116 z 182 0.11054356602500115
118 d 123 0.11120373353243673
118 g 57 0.5982087448579182
118 r 20 0.020057331119855082
118 t 45 0.00888799021058595
118 v 75 0.019520156084279927
119 a 38 0.03459525830414756
119 b 184 0.03715007459237507
119 c 105 0.06202678837060194
119 d 23 0.07323584237375158
119 h 121 0.09148614110486764
119 i 82 0.012556559082772423
119 j 97 0.18530686024591558
119 k 48 0.27045516060456243
119 m 104 0.04300545244616283
119 o 57 0.0005348574725735356
119 v 23 0.043666112191911854
119 w 134 0.025858143886620888
119 x 71 0.08355551008087148
119 y 115 0.031926861019384134
120 b 52 0.02791838182106754
120 c 81 0.009089553365214664
120 e 123 0.05235469033775253
120 f 125 0.03140680992356393
120 g 132 0.1521195276483338
120 h 129 0.07511122297830419
120 i 52 0.15565820742103054
120 j 144 0.013499564391927343
120 k 165 0.045245562211593704
120 l 8 0.010267575958334274
120 m 43 0.003085809280094387
120 n 72 0.06423036506558277
120 o 132 0.007555217488052324
120 q 149 0.08802838401755275
120 r 166 0.00824278649704624
120 s 43 0.08336067731364216
120 t 162 0.04226497132605955
120 v 110 0.0038653035717052253
120 w 152 0.0489920615984244
120 x 171 0.027140152187301814
120 y 88 0.03211658169328013
120 z 138 0.0005404134544512162
121 a 14 0.21346723234242315
121 b 130 0.015433096679910774
121 j 130 0.1360668455589048
121 r 172 0.1672603946146528
122 b 149 0.022752028382208467
122 c 28 0.039945959077223314
122 e 107 0.00908146160536527
122 f 80 0.012190363764939094
122 g 25 0.04076843293298771
122 h 70 0.030993817188005313
122 j 52 0.02010243901392228
122 l 160 0.04045944878134389
122 n 30 0.03255591355919907
122 q 47 0.03342696017418134
122 r 135 0.5567462968550594
122 s 11 0.14587486622923562
122 u 95 0.005720782808320224
123 a 75 0.09311523527410781
123 f 158 0.027576264786313476
123 g 112 0.1083237747698359
123 i 167 0.01194959522027772
123 p 168 0.11098792066316288
123 r 158 0.33591735917323196
123 s 131 0.015621106502961779
123 u 16 0.0537082017961279
123 v 41 0.15642719488955348
123 x 182 0.06901252201529529
124 b 129 0.1486412321777716
124 f 183 0.021463227705026844
124 g 135 0.2160556513310683
124 i 124 0.06872127714880494
124 k 17 0.11822563187581692
124 p 93 0.14873073825348093
124 q 169 0.03785357264236244
124 r 89 0.07749472399815138
124 s 160 0.11131570248802436
124 x 73 0.0013205963537936682
125 m 95 0.686887410318496
126 b 41 0.10405289678024998
126 c 109 0.1107316104030952
126 d 49 0.11640126321593736
126 f 59 0.03667703341000961
126 g 160 0.08975303419716052
126 o 162 0.1544738049024752
126 s 121 0.04860174012843821
126 v 30 0.2215910152954842
127 d 66 0.264776384009471
127 t 156 0.5617262713896005
128 a 185 0.0543155831620552
128 b 12 0.0337640902922991
128 c 87 0.0008700758226246608
128 d 168 0.023904253228743122
128 e 143 0.018369044792944433
128 f 19 0.012104321642742888
128 h 47 0.15272129667935064
128 j 78 0.00899770487529028
128 k 79 0.02430083406966299
128 l 43 0.0019313231853290702
128 n 143 0.2818508328287713
128 o 55 0.08689610106134515
128 p 74 0.10273924320474881
128 s 41 0.0014209852576602122
128 t 120 0.05927453867373378
128 u 92 0.014640094116152746
128 v 59 0.0903155620714775
128 w 50 0.004674517695979485
128 z 152 0.019315785112577255
129 a 84 0.00990860035849983
129 b 78 0.004251332250829298
129 c 8 0.15081453494338537
129 d 1 0.10514205121933262
129 e 163 0.017258311481456512
129 g 128 0.0029713559681512347
129 h 136 0.034639702052616794
129 i 23 0.015037761997034327
129 j 96 0.036178391298355206
129 k 151 0.07305498379095687
129 l 24 0.03338519027353026
129 m 21 0.009248602088482216
129 n 57 0.047761586072269435
129 o 160 0.014589069416533706
129 p 103 0.10041647505126938
129 q 126 0.010786040562611121
129 r 47 0.01640539578100564
129 s 15 0.001077312264201824
129 t 27 0.08375152943465336
129 u 41 0.04010549609352354
129 v 179 0.12436524948270122
129 w 79 0.012310750883882782
129 x 121 0.0378920573395326
129 y 35 0.005519248262122689
130 c 172 0.03305250190999631
130 f 18 0.14910307638968956
130 h 176 0.17074281374904665
130 i 97 0.030788923233159404
130 j 176 0.04606397726251721
130 k 42 0.05989654094366992
130 l 70 0.10308158789891386
130 m 117 0.03259562532757754
130 n 148 0.0017073519567838424
130 o 179 0.03562148124394804
130 p 35 0.05112892261992752
130 q 89 0.02020555072566188
130 r 135 0.04377599745924465
130 s 46 0.03489570394442265
130 t 149 0.10166749132580122
130 w 176 0.008765484380571564
130 x 174 0.016618176097829673
130 y 26 0.006802855076657344
131 a 121 0.010495275365560164
131 b 139 0.020734540968405768
131 c 14 0.13566712055646768
131 e 81 0.05148295746514919
131 f 18 0.11720226754240026
131 g 169 0.01344723975793749
131 i 141 0.045267041039805944
131 j 150 0.029729488793235226
131 k 147 0.03314204934465981
131 l 35 0.03445780546187949
131 n 58 7.053369526166531e-05
131 q 98 0.08636898540728066
131 r 37 0.011317696367868058
131 s 13 0.0617528360601769
131 t 111 0.00830816091942177
131 u 146 0.026457252687102417
131 w 117 0.0909810492602563
131 x 108 0.21809140922289239
132 b 23 0.5792014156116538
132 m 184 0.18609545805486916
132 x 124 0.19560850257306872
133 a 161 0.029311965038670396
133 b 153 0.03253264986383686
133 c 115 0.0020349188777304406
133 d 64 0.003966665062634656
133 e 4 0.23601522884562054
133 f 78 0.0341925521240104
133 h 163 0.018894628458722584
133 i 31 0.005986995647281557
133 l 140 0.14727408800563446
133 m 37 0.017767035450118596
133 n 153 0.10143873739360232
133 o 172 0.005396921398093668
133 p 124 0.058608493993502875
133 q 150 0.06398418610712053
133 r 88 0.013559987857803213
133 s 86 0.029849976570044956
133 t 155 0.005735429663387914
133 u 4 0.0027888082645212142
133 v 118 0.036915243624173644
133 w 135 0.032517869391540444
133 x 61 0.05582279343238061
133 y 119 0.0281367447175771
133 z 105 0.014749658623768647
134 a 67 0.20765055027707213
134 b 20 0.00944381064482458
134 c 148 0.09308869142484666
134 d 122 0.004796429290731763
134 f 32 0.008190726859669928
134 g 122 0.018955093557582292
134 h 64 0.0400789413267264
134 i 156 0.05978039468755325
134 j 46 0.2402332927712385
134 l 37 0.006878303176984457
134 m 160 0.07859291317051731
134 n 157 0.02102229105653941
134 u 138 0.16011966279725942
134 v 115 0.0008274792904043871
134 w 95 0.0069532182184048885
134 y 2 0.00531604310568734
135 a 127 0.3056908580764567
135 c 50 0.027186953551134097
135 f 180 0.23572866036004914
135 g 182 0.0024196706543845314
135 i 140 0.02210326569222687
135 j 180 0.059383395168982944
135 l 156 0.08450042643513889
135 n 153 0.09546932169557576
135 p 152 0.025276934378286486
135 q 84 0.012705404532485254
135 r 169 0.02442402719097636
135 u 118 0.028532149306582322
135 x 153 0.028283255091021253
135 y 113 0.01946486789233659
135 z 157 0.0019075250938028754
136 i 3 0.5408554614467457
136 j 13 0.0462081174346467
136 n 39 0.005638442912797026
136 t 81 0.09416699548447649
136 u 120 0.2365955814635382
136 v 90 0.07414755987493249
136 z 11 0.0016027774778089032
138 a 76 0.020919348389997983
138 b 36 0.02822843342701764
138 c 179 0.06102323312049385
138 d 145 0.07647976589122751
138 e 18 0.023038852830009948
138 f 145 0.03104837275722716
138 g 40 0.0034742286369100484
138 h 55 0.013476380505190955
138 j 126 0.017424845248898757
138 k 109 0.012631806055867223
138 l 183 0.06297539181944811
138 m 66 0.04276277708643461
138 n 173 0.08754603946245343
138 p 118 0.07992144381243615
138 q 67 0.04986953994655641
138 r 28 0.1537352497550557
138 s 169 0.03713211362527624
138 t 66 0.015210395927760634
138 u 169 0.02783547840913414
138 v 136 0.060067108948960724
138 w 15 0.00043698621228549506
138 x 106 0.0452628683458276
138 y 113 0.01892259062924706
138 z 30 0.0051756901461921245
139 c 181 0.04988071894959267
139 d 112 0.010439861877346024
139 f 72 0.057110276675698346
139 q 104 0.1955093365462507
139 s 16 0.5079850546490581
139 v 131 0.004945489682466775
139 w 3 0.1019092010355056
140 a 125 0.1993187821242982
140 c 108 0.04225382990866133
140 g 73 0.09218368437642221
140 i 108 0.015544071814036164
140 m 58 0.3338691060151012
140 u 41 0.07527496568692538
140 w 185 0.15317862439835206
141 a 32 0.017068740447831243
141 b 79 0.0887294206209237
141 d 34 0.04903333331881732
141 f 88 0.017613566167844152
141 h 98 0.14982363428221046
141 i 53 0.07908491075385282
141 k 171 0.06574033979786154
141 m 54 0.02518640853243259
141 n 36 0.011266140801977076
141 q 83 0.008142432664990928
141 r 45 0.08672402365067866
141 u 11 0.05614535652806829
141 v 177 0.003417203002238245
141 x 29 0.062010216750925995
141 y 4 0.002783720255855271
141 z 29 0.14397004358692533
142 a 57 0.14108656931094676
142 e 85 0.016597641583329215
142 f 92 0.007364180194562753
142 g 136 0.015427820406669457
142 h 164 0.09598414682865408
142 i 48 0.02934688722992429
142 k 5 0.07736079762756465
142 l 85 0.014511049073842597
142 m 145 0.12658172106517118
142 o 15 0.08918918559206368
142 q 63 0.1236325519989886
142 r 46 0.14839109413504292
142 w 47 0.07369542218960146
142 y 124 0.035313296794875604
143 a 179 0.00964861184255228
143 d 116 0.11814164577275121
143 e 54 0.001002860873923872
143 g 172 0.08149846046668752
143 i 117 0.05956281483885484
143 l 125 0.12819312050312626
143 p 31 0.1077842896144724
143 s 13 0.0027190250236936997
143 t 22 0.12634402049468785
143 w 156 0.035748174206452266
143 z 62 0.07158624159801774
144 b 15 0.05175539683886188
144 d 91 0.020908152705659044
144 f 100 0.12553130884873664
144 g 115 0.060513428167419
144 h 82 0.080105021648327
144 i 155 0.0975594853818389
144 j 140 0.10899004201327622
144 k 164 0.015240102140593348
144 l 93 0.009170197298803084
144 m 21 0.04089954676897056
144 n 110 0.003197634533862126
144 o 100 0.07584173744996359
144 p 121 0.05427526741633526
144 q 180 0.023711657045540013
144 r 131 0.010110154354460499
144 s 116 0.02641891018037923
144 u 48 0.035897603679474255
144 v 152 0.029018672672136314
144 w 139 0.009414351062299375
144 x 31 0.0028891221213082074
144 y 16 0.0789039272136206
145 a 80 0.021801918419885213
145 b 56 0.018706868495040774
145 c 116 0.018534761852228132
145 d 101 0.07576970093392232
145 f 170 0.01244779928784956
145 g 4 0.030536399999033792
145 h 29 0.03071534088342598
145 j 102 0.004347868465485405
145 k 14 0.005307611864953321
145 l 175 0.1756863333408587
145 m 99 0.07088261142459551
145 n 150 0.0837499701433797
145 p 184 0.027681353942098252
145 q 124 0.0029160450909549995
145 r 113 0.04775408967323824
145 t 42 0.037299058091195825
145 u 48 0.09398824225240099
145 v 141 0.026207496593302793
145 w 171 0.004026396202980953
145 x 94 0.07512830708325635
145 y 44 0.02026966438549782
145 z 138 0.10328768928296128
146 j 31 0.48503030328839336
146 r 14 0.08375012485574085
147 a 158 0.0019383040874320079
147 b 114 0.06503772637771932
147 d 168 0.012370565231942576
147 e 82 0.05718411897923514
147 f 9 0.124830580693151
147 g 32 0.012138672153890862
147 h 57 0.03405283510556467
147 i 73 0.016555429374537023
147 j 24 0.1930319896773155
147 k 38 0.08819102534501155
147 l 149 0.04214709555151008
147 m 33 0.010871208016008826
147 o 154 0.059488079406863514
147 q 95 0.04393201566085447
147 s 67 0.035552317348882645
147 u 31 0.010496728545279721
147 v 79 0.03412739447374491
147 w 1 0.007212697845515925
147 x 148 0.04466014246011907
147 y 175 0.007977239240787415
147 z 103 0.007295438451035863
148 b 7 0.04081449082926003
148 c 33 0.11145730309862001
148 d 152 0.04904982091719989
148 e 63 0.21384790310100332
148 g 58 0.06794027562017213
148 k 170 0.002957280059048828
148 l 77 0.034493380478170854
148 n 76 0.11334249890539339
148 o 110 0.12588713935784113
148 s 120 0.09763000814107059
148 u 160 0.052678881710774395
148 z 9 0.03979202505895152
149 c 108 0.49816560228665174
150 b 106 0.6820018322793436
151 a 96 0.0764403356999046
151 b 43 0.00852898261869195
151 c 120 0.037815639995075756
151 d 35 0.07282127722888321
151 e 74 0.05936436998498584
151 f 161 0.006061190919908532
151 g 56 0.025366907145541684
151 h 100 0.06467365104824352
151 i 52 0.005782707420260769
151 j 126 0.030430622999108925
151 k 177 0.04884573382376922
151 l 175 0.0038962989202800946
151 m 173 0.01675022874871568
151 n 68 0.06826402424278166
151 o 50 0.018671060058012667
151 p 140 0.011404221347350973
151 q 102 0.07729694579379576
151 r 55 0.018621141169999134
151 s 48 0.0747425899872407
151 t 72 0.020820623638494906
151 u 1 0.01840861002440175
151 v 86 0.05268707920907423
151 w 25 0.012971352858597296
151 x 38 0.014792786920308387
151 y 91 0.03518200278922401
151 z 53 0.08452498629596561
152 a 84 0.08748585370658923
152 b 59 0.08389827387411208
152 i 86 0.22782825165609943
152 l 70 0.017506314292187075
152 y 160 0.47602870271627296
153 d 66 0.026442148105000896
153 g 183 0.08113091016067175
153 h 123 0.16153631731050455
153 i 80 0.17874951550331086
153 n 120 0.014570494750833163
153 r 135 0.08193281943859854
153 s 126 0.08597211711295838
153 x 16 0.26413110835748554
153 y 161 0.0007329969093495814
153 z 133 0.046056146608693393
154 b 11 0.22714959284574276
154 f 24 0.04436363665911591
154 t 19 0.13244550137697386
154 u 155 0.23560574700730552
154 x 79 0.28461925158803714
155 c 181 0.011158151063600852
155 e 166 0.04359901625169649
155 g 77 0.0558554758420261
155 i 28 0.1545859198261389
155 j 43 0.03201386210483437
155 k 1 0.012122187617338964
155 l 3 0.04182689931797501
155 m 122 0.0009350960945309073
155 n 15 0.09848391228023323
155 p 113 0.08145324893152683
155 r 153 0.16098576939550413
155 s 86 0.14908881201373636
155 u 124 0.01875293830341951
155 x 98 0.008282884098649967
155 y 55 0.10618867738646898
155 z 61 0.02448844082573831
156 d 51 0.07773227239401836
156 h 72 0.0663759619701646
156 j 47 0.05727713646739352
156 k 182 0.05345941939852106
156 n 81 0.09055660246087327
156 p 4 0.3112814389662686
156 q 159 0.01710649441560297
156 s 1 0.07486876806872866
156 t 138 0.09324159555551836
156 w 132 0.0629367011150761
157 c 0 0.02450439497705137
157 f 98 0.10025742180232833
157 i 171 0.05305808130898282
157 k 60 0.004745128488673478
157 n 55 0.0488813617997893
157 t 62 0.040128912812595896
157 u 132 0.19451896699335203
157 v 164 0.03323714065637329
157 w 123 0.11341831356073095
157 x 0 0.02731737082728558
157 y 84 0.01822934341128979
157 z 3 0.14155956138663905
158 l 132 0.1429888616817433
158 s 94 0.3397530577431961
158 z 72 0.47745468790477574
159 a 176 0.07726958347105639
159 c 169 0.24453855519701684
159 e 169 0.00660601403794181
159 g 49 0.029136905312408867
159 h 70 0.015183172066652983
159 l 134 0.020647321335004465
159 n 10 0.007973771389228279
159 p 35 0.017989770338778244
159 r 179 0.20433887717459231
159 s 0 0.08624394914943445
159 u 67 0.014731265010956895
159 v 127 0.14900278231174113
159 x 36 0.0575273847631369
159 z 63 0.002922032011010378
160 b 30 0.003307402399865711
160 f 96 0.01870630656887884
160 k 149 0.016101605180793732
160 l 126 0.05518818110929802
160 m 150 0.3394459994847707
160 n 39 0.01009922123536966
160 o 4 0.030577513776159804
160 s 180 0.14091476738404585
160 u 48 0.012587367568298369
160 x 158 0.08437693989127715
160 y 71 0.20933136399561647
160 z 75 0.011509195251140025
161 d 23 0.8233326090044559
162 d 179 0.09568829807897417
162 p 146 0.12202496491884407
162 w 91 0.02338755120525282
163 e 35 0.44683233980465054
163 i 94 0.014073122160443874
163 m 37 0.19500643292753717
163 v 82 0.2511939492097619
163 y 132 0.024014274303044703
164 a 121 0.0048787007065165255
164 b 36 0.06581361943546937
164 c 116 0.04636325000896113
164 d 71 0.0490059664740381
164 e 87 0.11653480600347865
164 f 21 0.008996119001551395
164 g 133 0.017708112229977258
164 h 72 0.055677749825407075
164 j 160 0.02377799371837419
164 k 80 0.05375676673319185
164 m 97 0.07952202358035365
164 n 116 0.031566703623045256
164 o 91 0.05520184490847624
164 p 62 0.030789367300996018
164 q 91 0.060427205712146215
164 r 50 0.004126096431017023
164 s 53 0.01741711976066862
164 t 148 0.001231756864512601
164 v 38 0.007550015882023864
164 w 111 0.06848338777032104
164 x 147 0.08296776745138412
164 y 173 0.031451264713549754
164 z 166 0.056871194071193454
165 a 89 0.049780719778401816
165 c 185 0.051569331367804616
165 d 25 0.021955269465696703
165 e 22 0.11976392978661066
165 f 104 0.06303176309845526
165 g 54 0.013209365349360347
165 h 116 0.026733879300475882
165 k 24 0.1408264838669444
165 l 84 0.04202155041510114
165 m 124 0.04489061731181254
165 n 145 0.08301531211905011
165 o 148 0.022050834573084432
165 q 102 0.013959412660259352
165 r 9 0.015750836153204384
165 s 181 0.09269063310290637
165 u 44 0.03157206410255575
165 v 183 0.04226821121689295
165 w 106 0.022402746901972193
165 x 108 0.007170213531087932
165 z 41 0.01806363133180855
166 b 175 0.0854471857636373
166 g 44 0.007020336909831726
166 h 84 0.14235498163360483
166 i 95 0.2934140181065993
166 p 153 0.010463074799557881
166 q 119 0.0365434793353544
166 t 65 0.13178578130112772
166 w 45 0.13879983961753595
166 z 171 0.014038562058698023
167 a 179 0.0008798408818090353
167 b 21 0.00883440028397553
167 c 57 0.01729667073233221
167 e 136 0.06226849109674737
167 f 181 0.20836434204168086
167 h 46 0.029603927555922005
167 i 19 0.0658370467466195
167 j 97 0.016028833903085737
167 k 52 0.0039356096710730926
167 l 95 0.127653954208079
167 m 74 0.013542700700928445
167 n 69 0.02441059657585809
167 o 19 0.04002834891262985
167 p 138 0.022292297152540885
167 q 53 0.017748884759553607
167 r 145 0.001059719005214177
167 s 170 0.04945613949972927
167 t 145 0.07451933942838329
167 u 10 0.008447820509198567
167 v 123 0.01794932658014914
167 w 5 0.014458989289164115
167 x 26 0.03534398517428716
167 y 144 0.08033779939925056
167 z 14 0.021961832059592568
168 a 36 0.03801364635519511
168 c 174 0.06403693921258935
168 f 93 0.08124330594728257
168 g 162 0.030408597892534917
168 i 7 0.10669135532882212
168 n 102 0.12456366715162903
168 q 110 0.1379796876313114
168 u 96 0.015640577631330754
168 v 164 0.06452708839595633
168 x 137 0.0764093374416619
168 z 87 0.16059598825386412
169 a 13 0.06703800720892816
169 b 101 0.05920428725521687
169 e 84 0.19984450099202367
169 f 13 0.01568690811124651
169 g 12 0.07846168720409963
169 i 19 0.033721976794831576
169 j 31 0.035898928374488714
169 k 121 0.0018101337516381877
169 l 143 0.062881927249822
169 p 130 0.019496299590094024
169 r 123 0.07617756228918315
169 s 148 0.04562013501778783
169 u 70 0.021407200708456142
169 w 3 0.1008004409942661
169 z 179 0.1429786125339848
170 b 113 0.014569670030853188
170 c 181 0.00011781802558985532
170 d 83 0.004348765429936119
170 e 103 0.006993580823508427
170 f 136 0.04373515894742841
170 g 44 0.055074133344869214
170 h 99 0.003039308669465779
170 i 12 0.051954968794087564
170 j 120 0.009806489649318295
170 k 74 0.07269122294425467
170 l 132 0.10557768313615867
170 m 55 0.018152088574790337
170 n 54 0.024372559169171915
170 o 64 0.0017611946109644672
170 p 8 0.019188579434318287
170 q 143 0.0465603165598919
170 r 165 0.02842675759939206
170 s 154 0.022415595518495257
170 t 163 0.19796706825679777
170 u 33 0.004489769435580326
170 v 9 0.1244000974084869
170 w 180 0.038809591467222404
170 x 142 0.08208759190044057
170 y 163 0.006393851410585127
170 z 41 0.005604921008862229
171 c 158 0.026826606757510252
171 d 100 0.06865489553900161
171 e 163 0.04244284698836909
171 f 171 0.011518659419863186
171 h 128 0.042479954115125174
171 j 162 0.03795121400468637
171 l 84 0.004993183431948545
171 m 49 0.032294033704390435
171 n 79 0.16489561729388902
171 o 59 0.018387237757125474
171 p 22 0.019099470349378977
171 q 43 0.011618461540144565
171 r 124 0.0004926337848751849
171 s 3 0.1258926916952715
171 t 22 0.011029297478665212
171 w 27 0.10275070629335026
171 z 96 0.1616583218074198
172 b 181 0.1128770916286237
172 d 90 0.06377670816371528
172 l 103 0.11893113532320554
172 m 145 0.04982277501476273
172 w 162 0.15326339059325156
172 x 19 0.42041630477164316
172 z 26 0.03144689401131773
173 b 102 0.007446920873686147
173 c 85 0.03190461535352784
173 d 63 0.037833822018078056
173 e 184 0.07644865805711931
173 h 157 0.0018300956983045014
173 j 12 0.003653744688890015
173 k 176 0.16453520003004984
173 l 105 0.07445028690200128
173 n 174 0.049172208903656256
173 o 58 0.011502395085650763
173 p 152 0.009909889089851687
173 q 168 0.006879062250457757
173 r 142 0.1461810597731662
173 s 152 0.17141392863353266
173 u 101 0.07364268502359761
173 x 22 0.0854374459425542
174 g 143 0.46577760139754154
174 i 2 0.17612439284071535
174 l 6 0.02266268263229665
174 z 112 0.14894807723960768
175 a 22 0.025139475273457612
175 b 98 0.37376744159371955
175 h 46 0.17320917304172945
175 i 79 0.0627341925011562
175 k 13 0.021036096284462236
175 l 181 0.05975335171124618
175 n 99 0.023048609729009795
175 p 155 0.05930424681821822
175 u 60 0.0322360379469272
175 w 34 0.0013812281421282657
175 y 124 0.04137002578889226
176 a 31 0.04561556340400563
176 c 26 0.0427939029463652
176 d 183 0.1872069395613607
176 e 80 0.023483687082958338
176 f 78 0.02675062613230672
176 g 13 0.017984485851288645
176 i 113 0.1652727742718021
176 l 81 0.036020687866139545
176 n 132 0.18592525951805894
176 o 7 0.007342795178462369
176 p 101 0.05486685938464719
176 r 131 0.059679306798053666
176 u 38 0.0068302565037540175
176 x 31 0.11227666593259622
177 a 52 0.027826994762515933
177 b 171 0.05451601423801633
177 c 162 0.024522858781795054
177 d 14 0.009942692089559557
177 f 38 0.11878774189241159
177 h 133 0.06699024533579068
177 i 2 0.0009241519734899395
177 j 74 0.05009886383581552
177 k 150 0.025292520142676578
177 l 18 0.05419641345582071
177 o 79 0.025953647640465705
177 p 126 0.05563187652828627
177 q 80 0.36027177196784566
177 s 4 0.0013013161584278787
177 u 24 0.027051537904394518
177 v 134 0.012257106769812731
177 x 143 0.0007420148173035157
177 y 150 0.0009348867598361066
178 b 181 0.07656309509943215
178 c 123 0.0017518127158130392
178 d 17 0.04666534651335896
178 g 61 0.1173696647594874
178 j 36 0.1507833129765277
178 k 20 0.019955589691126097
178 l 139 0.05139360422843864
178 m 20 0.023023435963307692
178 q 16 0.03638199957532495
178 r 38 0.09969567372889976
178 s 156 0.006644829849527856
178 t 39 0.012570796259915418
178 u 19 0.12910988067320184
178 v 12 0.05731387352011652
178 w 66 0.09872541439948501
178 x 41 0.014496917398270304
178 y 125 0.020924649797777306
178 z 154 0.02144927266093799
179 g 37 0.06175420711152657
179 k 85 0.20849485751888241
179 n 178 0.32993287675124194
179 s 119 0.1582498319106086
179 u 42 0.16732100646911685
179 y 152 0.04952271912411621
180 a 49 0.0004950944253109268
180 b 183 0.04333483646152747
180 c 171 0.05597557811380571
180 d 166 0.00793968310442339
180 e 34 0.016587943901525737
180 f 146 0.053130856905062696
180 g 144 0.03251530616262066
180 h 173 0.01632110820284216
180 i 40 0.1260115590482468
180 j 125 0.09933318521436452
180 k 176 0.02166503185031765
180 m 108 0.01798151178841023
180 n 128 0.021896479243647127
180 p 127 0.208827029700267
180 q 28 0.030078428912749033
180 r 152 0.04993035269233148
180 s 56 0.04118147913513526
180 t 150 0.041081306484622604
180 v 64 0.03951359635993368
180 y 179 0.06529722260938564
181 f 176 0.8206293443951596
182 a 167 0.06620600632165907
182 b 130 0.16770602972555604
182 c 83 0.06069789923641089
182 d 134 0.03303791825247482
182 l 9 0.05892884818990107
182 n 16 0.007516674627820574
182 o 133 0.018804185507059867
182 q 118 0.07375479169152244
182 t 127 0.019174294798600444
182 v 42 0.1287186082961772
182 w 155 0.10718593658613906
182 x 169 0.021090727257791264
183 a 182 0.03065218951910509
183 j 142 0.04550130604297442
183 k 27 0.1316325487271761
183 l 131 0.04763458074323523
183 m 51 0.14435706657529324
183 n 76 0.0367965751419117
183 p 46 0.32262936738134895
183 t 184 0.013379987559126616
183 v 175 0.1031910139694302
183 z 114 0.11662310470187998
184 l 9 0.5019115142006115
184 m 37 0.1324798928673443
184 o 135 0.09320455431700048
184 q 10 0.1931164068309963
185 c 27 0.12203148546917164
185 f 54 0.006692902807230783
185 g 26 0.05206975721656615
185 h 73 0.08072043132844264
185 j 76 0.06515197331328393
185 k 62 0.05098871611595868
185 l 161 0.13920560994894593
185 m 107 0.14637446722170588
185 n 55 0.012357352563599933
185 q 21 0.11887620869299775
185 r 96 0.007999755388888974
185 w 124 0.10586590484845426
185 x 61 0.05267308671498838
185 y 116 0.037817055389203325
