82 26 1081
0 0.00694176084780429
0 0.05132796666229755
0 0.00035261797953201057
0 0.1222587753607447
0 0.028270517126539163
0 0.05401592180785875
0 0.24724416768628477
0 0.12243875362723078
0 0.02157759749322019
0 0.006680234559351961
0 0.03481923753577332
0 0.07223682187381253
0 0.21297870291848153
0 0.2626499775531431
0 0.04462737905462577
0 0.0001247624598574859
0 0.2228459856956576
0 0.010906885785361142
0 0.15596026844715027
0 0.03426731542205763
0 0.02462693647428016
0 0.005229638258782421
0 0.12081305926990094
0 0.028341156582522675
0 0.025240375653598268
0 0.05831629150315076
0 0.19901476352141
0 0.008578629782563296
0 0.178997401311064
0 0.03263388946074064
0 0.007130361126858942
0 0.03785013749622279
0 0.03246863891483054
0 0.03572481731177879
0 0.05063054899885011
0 0.05010664339532778
0 0.20214950505957885
0 0.5103449261247839
0 0.018999233561378448
0 0.05374605732424631
0 0.06857569302764299
0 0.06493596748780828
0 0.0850177046824383
0 0.0036584027682665665
0 0.0726005389897596
0 0.04118751332447035
0 0.07916723100975764
0 0.002846061998371452
1 0.14563729564248185
0 0.29388939800638336
0 0.08073058095483732
0 1.0
0 0.14975380254269277
0 0.3186908440090386
0 0.28224615265289166
0 0.2733898019115548
0 0.0038296612456293344
0 0.1477554250522639
0 0.08192907977231612
0 0.041521223158096365
0 0.10111813369869116
0 0.01711272559294086
0 0.029690531380818452
0 0.051890430019389755
0 0.0038049702295799293
0 0.2605293879262268
0 1.0
0 0.008582246146821237
0 0.008273148229402394
0 0.20569905795136278
0 0.18618720129710575
0 0.04339784488495457
0 0.024383064258115095
0 0.02155539400668438
0 0.026329098494584757
0 0.00771813579707592
0 0.10587204886530865
0 0.10454876600156904
0 0.5800809743396098
0 0.01472787540808751
0 1.0
0 0.05781316319602681
0 a 70 0.016610988401805638
0 k 13 0.3255712694779157
0 m 80 0.09642942898167828
0 o 12 0.24975957022681927
0 q 79 0.22240854671640864
0 v 78 0.08227843534756818
1 a 26 0.0549317822581844
1 c 3 0.08168653405948656
1 d 0 0.007818877331586038
1 i 24 0.033665354155203886
1 j 46 0.08296511879411328
1 k 38 0.04953280724341935
1 m 59 0.012551148550097424
1 n 69 0.018991736402620307
1 o 13 0.17581438813460415
1 p 4 0.00022520779883228315
1 r 72 0.005094643027332979
1 s 7 0.018231636391210837
1 u 36 0.25068214130680966
1 w 25 0.03723155577079296
1 x 27 0.02666821399479713
1 y 20 0.06447103625443107
1 z 32 0.028109851864180135
2 a 13 0.013913630523863074
2 b 81 0.005258784167513575
2 c 46 0.04364686372751525
2 d 72 0.014956626760756042
2 e 70 0.011073601880667194
2 f 77 0.005841171918046895
2 g 13 0.0036986828335560107
2 h 27 0.08846242254833425
2 i 17 0.15027187039311207
2 j 18 0.038334518560303565
2 k 70 0.0003856700855030537
2 l 40 0.01281564747651942
2 m 75 0.00323055034507691
2 n 5 0.003898439181604929
2 o 75 0.0248427150608036
2 p 26 0.005189720306659984
2 q 2 0.04542813124112399
2 r 48 0.007818423717185552
2 s 44 0.12988127332410448
2 t 18 0.07283609632913257
2 u 51 0.06347503698967105
2 v 81 0.018916656817418498
2 w 71 0.04556793500612466
2 x 19 0.03898741804341577
2 y 36 0.0538962993428066
2 z 41 0.09701919543964899
3 a 52 0.050388340644952345
3 b 38 0.08053422968799473
3 c 59 0.0184760910727515
3 d 32 0.026783549122376127
3 e 13 0.017411965533675966
3 f 63 0.022766914401191274
3 g 74 0.15512584064983548
3 h 45 0.09314110798049668
3 j 75 0.015001722417543606
3 k 68 0.11589480954411524
3 n 16 0.019096235895714186
3 p 51 0.03476882678873516
3 q 2 0.035693956148816874
3 r 54 0.03439566326184784
3 t 57 0.013721658306957818
3 u 54 0.0049555734572870325
3 v 38 0.036524405278865024
3 x 57 0.04123976975231347
3 y 79 0.02509565710685535
3 z 25 0.03672490758692959
4 a 9 0.020524127695531358
4 b 33 0.006752502693979201
4 c 48 0.10092929701477138
4 e 76 0.008950782511248256
4 f 77 0.025665047731679214
4 h 61 0.0893172936391391
4 j 52 0.097573321978906
4 k 17 0.0616386564842869
4 l 43 0.1479502870112145
4 m 9 0.009592403361639357
4 n 40 0.055892598009216976
4 t 10 0.004702562903963536
4 u 77 0.07403093123760351
4 w 3 0.04845929562567419
4 x 11 0.21975037497460737
5 b 58 0.037994014672143694
5 d 60 0.027430771437296553
5 e 32 0.027778138954758336
5 f 81 0.0795969475399444
5 g 43 0.090532072244626
5 h 26 0.007132609178555183
5 i 8 0.049730702398786075
5 k 69 0.012089043120438903
5 m 13 0.15441689685028637
5 n 58 0.032704962735240484
5 o 64 0.09714218246520678
5 q 38 0.06103422402466219
5 r 74 0.034125766330446505
5 s 33 0.020018447953873086
5 t 1 0.06472768843560162
5 u 43 0.0475469459457285
5 v 16 0.001970659894878657
5 w 54 0.03511811636354112
5 y 25 0.0648938876461268
6 a 62 0.019282541381931972
6 d 45 0.1936143164048385
6 f 12 0.03734353325228146
6 h 46 0.0018207168074971802
6 i 52 0.10906439508946919
6 k 71 0.014981289232229966
6 r 37 0.00687132800542678
6 s 52 0.022219579687292157
6 t 77 0.20113554423991065
6 v 61 0.14091957539241784
6 z 13 0.005503012820419539
7 j 8 0.12263616680414835
7 s 40 0.14697079767109966
7 w 33 0.42996876536218165
7 x 53 0.17798551653533956
8 a 1 0.036746336028152915
8 b 18 0.036887830397596244
8 f 14 0.303282591311959
8 h 8 0.06444075098865887
8 o 71 0.017141901323582398
8 q 67 0.09661173266634038
8 s 13 0.19027501874552244
8 t 1 0.03115086569787029
8 u 80 0.07349010813826706
8 w 23 0.052747383483169874
8 y 51 0.008504707925974353
8 z 9 0.06714317579968598
9 i 76 0.15788853027665473
9 j 0 0.14792683558991715
9 q 45 0.13789938089688492
9 t 66 0.5184819681753144
9 u 17 0.031123050501876803
10 a 44 0.08909834977213704
10 b 33 0.019021634169509638
10 c 26 0.021762096460907432
10 d 5 0.0021810533750930006
10 f 44 0.01761667468684991
10 g 14 0.14824988090266722
10 h 75 0.08452618092576847
10 i 46 0.018651967754128584
10 j 76 0.04110117110754685
10 k 19 0.10576301535249899
10 l 44 0.02247656935159492
10 m 18 0.0373487948238006
10 n 2 0.03334030353807904
10 o 51 0.016784672037820636
10 p 67 0.0063568579759325505
10 q 45 0.02861445506309379
10 r 38 0.03467054719509233
10 s 67 0.010777696220114819
10 t 76 0.06015212582640128
10 u 9 0.015222626846674858
10 v 45 0.006032698349026089
10 x 28 0.08890347663151599
10 y 3 0.023831825755254332
10 z 30 0.03269608834271831
11 a 60 0.03378819953714307
11 e 68 0.01852516307752261
11 g 19 0.072965156184024
11 j 59 0.021090772000241342
11 k 13 0.23446559986727766
11 l 75 0.04387085286769865
11 o 21 0.11745572494968026
11 p 38 0.004150597233430586
11 q 65 0.1124219867350692
11 r 43 0.008064983944205628
11 v 9 0.02121170429240493
11 w 8 0.12086837549449814
11 x 9 0.02728535436819124
11 y 58 0.055582603763109195
11 z 62 0.03601610381169096
12 a 2 0.109190911731751
12 c 76 0.004673929196853055
12 d 75 0.007561211622180819
12 i 67 0.01880117312296392
12 j 25 0.09421791924347411
12 k 49 0.07883408628917665
12 m 56 0.004880068905569246
12 n 35 0.19082708992893682
12 p 31 0.0563780911179359
12 r 59 0.018510408116917287
12 s 59 0.06305591065452287
12 u 64 0.00527664042609477
12 v 22 0.0003483443118534879
12 z 21 0.13446551241328852
13 b 44 0.36371141121192563
13 c 1 0.267306073395739
13 r 71 0.10633253783919228
14 a 7 0.030721407247167987
14 b 11 0.02592875843091802
14 c 14 0.03141155755712066
14 d 43 0.05040533556687754
14 e 12 0.17038977587927395
14 g 64 0.005680168398953356
14 i 8 0.005496264383210381
14 j 65 0.0142947989064105
14 l 81 0.011652724332334996
14 m 65 0.032595188292449895
14 n 69 0.08528131198835687
14 o 76 0.030998462231022983
14 q 45 0.04061610269762883
14 r 39 0.015077999127679154
14 s 75 0.03670873709297573
14 t 79 0.07357209478080295
14 u 14 0.0561293229240174
14 v 42 0.14819990056344223
14 x 60 0.07139761608552675
14 y 46 0.01473374479515599
14 z 36 0.004081349664048051
15 b 50 0.11258947960010068
15 f 76 0.051170679204692204
15 g 41 0.025520419578540898
15 k 41 0.20839515515611284
15 l 46 0.004288917524994051
15 o 49 0.017861842022037777
15 t 51 0.10366899663841744
15 v 29 0.05256240258576739
15 w 11 0.1059723847804318
15 x 63 0.2842065585754926
15 y 6 0.003877082330721926
15 z 52 0.029761319542832898
16 u 55 0.45801779749233373
16 z 10 0.31913621681200866
17 b 23 0.07072535293098603
17 c 64 0.040496866763291006
17 d 18 8.223418933872573e-05
17 g 3 0.06855054553657869
17 h 2 0.033410102758803406
17 i 54 0.06106085917663129
17 j 42 0.11117588817772517
17 k 1 0.011985212275027912
17 m 76 0.0282665213928327
17 n 46 0.048317098468721675
17 o 22 0.020554592000867955
17 p 10 0.0856374710199066
17 q 71 0.029003121732921633
17 r 9 0.03651897599088627
17 t 0 0.07585529517664924
17 u 72 0.19624494938445114
17 v 54 0.026483297052472543
17 w 66 0.010747891714699254
17 x 2 0.010043354785003622
17 y 51 0.023933483686844004
18 a 70 0.060809970994778806
18 b 76 0.01586527896608325
18 c 26 0.006989648773830237
18 d 16 0.005581982872327806
18 e 9 0.07399958772958781
18 f 77 0.08351810204726107
18 g 70 0.08265583381681496
18 h 77 0.029065358811886544
18 i 7 0.005266479626488074
18 j 56 0.004242609300627587
18 k 16 0.0017393925582306347
18 l 20 0.02551039645156694
18 m 51 0.04795550738036358
18 n 64 0.034830709449628516
18 o 68 0.008798299291723488
18 p 26 0.029032348589530743
18 q 42 0.04621286679745962
18 r 7 0.0700864858401622
18 s 68 0.010093093570233136
18 t 19 0.05712224480139383
18 u 48 0.004760908719995238
18 v 52 0.0137399527245754
18 w 36 0.018718812850391564
18 x 59 0.060190727121814835
18 y 15 0.029449687376176037
18 z 0 0.017803445089917824
19 c 10 0.40852251266406914
19 g 43 0.052930436993744334
19 h 66 0.03660048744272171
19 l 67 0.04121466744887681
19 m 62 0.21861000923270757
19 r 11 0.18409622207214016
19 t 18 0.015078160231810078
19 u 72 0.0005787522480350527
19 z 25 0.008101436243837523
20 a 72 0.033454613416719514
20 c 76 0.04466406863013839
20 d 62 0.007946602994721164
20 e 39 0.025978786680294186
20 f 66 0.17144305659951198
20 g 25 0.052989543022837426
20 h 77 0.013827033395669708
20 j 50 0.03627027616220124
20 k 66 0.016889264868608866
20 l 53 0.04451018753451286
20 n 2 0.03360251119191293
20 o 26 0.026997777987585403
20 p 26 0.0018316187976520348
20 q 3 0.07960500752357735
20 s 41 0.03767698728919333
20 t 74 0.04532610577888996
20 u 56 0.01140099826271812
20 v 65 0.1617817644631564
20 w 55 0.019748764908429695
20 x 77 0.02682826681968209
20 y 41 0.07430980269912568
20 z 7 0.008290024498581516
21 b 72 0.00823173247795117
21 g 67 0.1268597807247429
21 h 81 0.002822194309475945
21 i 56 0.027719783957320332
21 j 62 0.03678663722182596
21 k 40 0.03390291619636521
21 l 31 0.006116744742319269
21 m 27 0.03876152885693451
21 n 72 0.016634806089769527
21 o 33 0.11375174210800354
21 p 65 0.05872358215270157
21 q 2 0.017085793816558725
21 r 45 0.0547131643651545
21 s 46 0.15177330715365667
21 u 13 0.014029873120849135
21 v 54 0.06221593782064061
21 w 51 0.06819464522355156
21 x 39 0.027265818212858783
21 y 45 0.12918037319053766
22 h 46 0.32421338889541174
22 j 72 0.17786182481549173
22 o 21 0.35967240411283796
22 t 25 0.017439322906357635
23 d 32 0.0018040465278910123
23 e 75 0.22440435980258644
23 h 64 0.04817650561346887
23 i 18 0.12800462388877798
23 j 53 0.18108162036403241
23 k 53 0.06793945799692036
23 l 21 0.1430961499726917
23 p 57 0.10621758078349686
23 q 37 0.05668079054334063
23 t 61 0.010801724686009151
23 u 55 0.003451983238261902
24 b 10 0.03752157897391606
24 c 8 0.08407974133782092
24 d 76 0.05141875463845491
24 f 33 0.024837449535419
24 h 44 0.04908373209436134
24 i 19 0.031148049997535954
24 k 27 0.018531095130879804
24 l 5 0.014043855046789178
24 m 56 0.11365849604781697
24 n 54 0.16422896024028055
24 q 11 0.1289296924446658
24 r 8 0.031545221583752614
24 s 17 0.03704678359952085
24 t 14 0.057630911039454835
24 u 32 0.04207231452652027
24 v 76 0.05740084080401053
24 y 69 0.031582147305202146
25 a 41 0.1369848252479534
25 e 2 0.00822643336037332
25 h 5 0.04176103813459087
25 k 1 0.16425494071569602
25 m 62 0.03879609126410177
25 t 10 0.13346702470925265
25 u 33 0.11196344442263295
25 w 13 0.30622991064224825
26 a 45 0.039279561146229214
26 b 12 0.055923276218101
26 c 6 0.05815275252952068
26 e 12 0.05012943834111183
26 k 15 0.04050293639327274
26 n 6 0.18249317251138242
26 q 76 0.09728520726214018
26 t 33 0.06458839276150607
26 v 78 0.009656192785553852
26 x 16 0.18708332644928938
26 z 6 0.01589098008048262
27 a 42 0.02547844697113455
27 c 31 0.012133793618578248
27 d 2 0.012598642583853015
27 e 60 0.023875405166408736
27 g 10 0.12999591263744192
27 h 44 0.08511591261138307
27 i 50 0.0064504228671540265
27 j 3 0.047132461379172375
27 l 80 0.08212578387762337
27 m 46 0.11176932169573794
27 n 44 0.019398164516096217
27 o 68 0.08794600062471125
27 p 34 0.14545604760872166
27 q 56 0.02631654022055918
27 t 29 0.016963405418199295
27 u 31 0.008421652669269974
27 w 48 0.002156247261239641
27 x 4 0.06339700882141697
27 y 14 0.049182708036515366
27 z 55 0.03550749163221989
28 a 25 0.09074990009067241
28 e 1 0.020794037356861583
28 g 29 0.06469952034498516
28 n 12 0.10556481699981013
28 o 7 0.03909200919100364
28 s 55 0.14665067897755935
28 u 32 0.11624152490957285
28 v 65 0.23362802441957986
28 x 53 0.0035820863988910157
29 a 24 0.10689719195191105
29 d 47 0.03530559086753826
29 j 23 0.13659411454090042
29 k 71 0.1480096707222962
29 o 43 0.17458616600619692
29 q 7 0.007917900006077172
29 s 23 0.29265897057019463
29 x 22 0.0653965058741447
30 a 11 0.09295077740043023
30 b 74 0.007210356173411481
30 c 36 0.18289405275063064
30 d 11 0.01281372461543051
30 e 40 0.0723782666652032
30 f 30 0.03270831052722922
30 h 76 0.20807349700413225
30 i 18 0.044971220274840906
30 j 80 0.024838422041597363
30 k 28 0.09730631170510573
30 p 51 0.04870634722457612
30 r 33 0.02365910669124549
30 t 53 0.029862819646616967
30 u 56 0.05158555747642368
30 w 6 0.030116767799976074
30 y 78 0.0327941008762912
31 b 41 0.035039647137169894
31 c 22 0.034093919974713116
31 d 46 0.03820074545611907
31 g 26 0.297272949742722
31 h 53 0.02893850916460816
31 i 66 0.12874222638183863
31 j 68 0.01491132648324589
31 m 2 0.001492403506223261
31 o 73 0.05929164714910895
31 p 46 0.07145341130733518
31 r 2 0.008440064755608767
31 s 31 0.07395766555256944
31 t 48 0.023609107804691387
31 u 31 0.02670729445230957
31 v 81 0.00444220605563872
31 x 23 0.04648810071880327
31 y 27 0.0690686368610719
32 a 2 0.006648935789798416
32 b 36 0.042984903036581534
32 c 16 0.028887219574929124
32 d 68 0.035171552963567554
32 f 42 0.08774720971689176
32 g 55 0.08808135671284989
32 i 79 0.04268521297395955
32 j 78 0.009922325568203494
32 k 57 0.048621082653033776
32 p 25 0.0011915762713701206
32 q 41 0.023894860685839348
32 r 74 0.0520227571201437
32 t 49 0.04477141965080189
32 v 5 0.11483130576887401
32 w 73 0.0050251901717058844
32 x 58 0.08520562941707299
32 y 3 0.016187842242942563
32 z 22 0.23365098076660384
33 a 60 0.23550875360402745
33 g 7 0.5259655046256625
33 s 60 0.06306065297416696
33 t 24 0.03280308192478021
33 u 70 0.10693718955958409
34 a 69 0.09198254463371369
34 b 26 0.017535366088503812
34 c 46 0.003913904510567279
34 d 71 0.04272160305374839
34 e 70 0.159219533542047
34 j 14 0.05221336846325764
34 l 10 0.4475430124281321
34 o 15 0.07933932060670901
34 q 45 0.015640807878418594
34 r 30 0.030646134000072545
34 y 33 0.008613855795979841
35 a 26 0.020393837004974102
35 b 69 0.04725157775674693
35 c 8 0.03323110829125453
35 d 11 0.025791956685862982
35 g 13 0.028378643627494093
35 j 72 0.008129272831362888
35 k 78 0.015810024127584477
35 l 33 0.0863928438052024
35 n 0 0.19433958751544356
35 o 43 0.038417291515172036
35 p 57 0.05617952825412875
35 r 7 0.14540050728334308
35 s 79 0.008985410804635996
35 t 17 0.01947519841195433
35 u 42 0.04117815085357113
35 w 27 0.09996033912065705
35 x 12 0.012909507338957238
35 y 42 0.05759410660655728
35 z 48 0.010074464769769365
36 c 70 0.0026570366870227735
36 e 31 0.10115688235765308
36 f 21 0.4222187144115688
36 g 57 0.02689695573363471
36 j 10 0.09891038722468082
36 l 14 0.06465208901038222
36 q 2 0.08135842951547878
37 b 8 0.07707885709233686
37 c 2 0.41257621678287926
38 c 21 0.44687313070568535
38 g 48 0.06800922518539754
38 k 76 0.06050035366758799
38 w 14 0.4056180568799507
39 b 57 0.2436970411255024
39 g 14 0.05121356948107347
39 h 48 0.0095704721755131
39 i 42 0.022370334519254187
39 j 8 0.032646452681242666
39 m 3 0.2519103733470718
39 n 78 0.2402526976701228
39 t 34 0.018158639790661568
39 x 56 0.06277233658407255
39 z 3 0.013662025301239167
40 c 39 0.12917959080645303
40 e 65 0.2686733073924855
40 g 34 0.1751902130601194
40 h 19 0.15734061436046087
40 l 15 0.031636176831484564
40 n 64 0.06229001082020125
40 v 67 0.10711439370115239
41 b 44 0.050360853962162944
41 c 29 0.07662310578592135
41 r 25 0.3180683164621194
41 s 53 0.2474264751855767
41 u 41 0.2425852811164113
42 b 46 0.20557823018431443
42 f 41 0.1584484247430492
42 h 0 0.03636907039136161
42 j 33 0.0779178571108019
42 n 14 0.013957032568472028
42 s 79 0.02929814931505592
42 u 20 0.0027889008409311966
42 v 42 0.013008081220034273
42 w 59 0.11273518355433532
42 y 44 0.13222278286400246
42 z 17 0.13265858252520335
43 a 76 0.012447885600028186
43 c 0 0.04597054850403837
43 d 23 0.023546984201575527
43 e 43 0.032897468061864776
43 f 1 0.12648211852307722
43 g 72 0.021305853118457563
43 h 13 0.003586285796920663
43 i 19 0.0034894553742287338
43 j 6 0.05630942573286235
43 k 36 0.1345715735936689
43 l 37 0.016433965369609727
43 m 18 0.00444918501114433
43 n 53 0.021911392876079017
43 o 53 0.03288036050806664
43 p 7 9.01676565061571e-05
43 q 60 0.013428528607873802
43 r 76 0.00014416861679400483
43 s 44 0.041263074486247
43 t 31 0.09777301328832866
43 u 61 0.08176035534944592
43 v 7 0.02253356779746052
43 w 29 0.023403783284185242
43 x 29 0.11068027256660296
43 y 25 0.06220443599583303
43 z 26 0.006777727310834147
44 a 45 0.06906665561495684
44 b 33 0.12985617644164604
44 c 2 0.051468549938667896
44 e 80 0.0673084520422913
44 g 62 0.10232457833884712
44 j 18 0.003383257235475834
44 l 9 0.004767074629212886
44 p 22 0.10121940747414737
44 q 57 0.0324186403026544
44 r 22 0.07217376332867331
44 t 38 0.015413780710352154
44 v 32 0.058334584692841474
44 w 36 0.11838936316506021
44 x 28 0.008742666016525624
44 y 11 0.06754988815837348
44 z 66 0.024982622920514452
45 b 9 0.029848519338480095
45 c 76 0.006826031986747472
45 d 17 0.04266046899022813
45 e 37 0.05198959756617927
45 f 73 0.02014824821367267
45 g 51 0.07488833046224985
45 h 46 0.08250883115254937
45 i 57 0.039432832064228096
45 j 62 0.06191805471684886
45 k 54 0.00909194080535447
45 m 7 0.03816873054191883
45 n 48 0.016579575365348487
45 o 50 0.0014923857663143858
45 q 49 0.020363077852279643
45 r 58 0.06152534124537168
45 s 30 0.12703760238736772
45 t 63 0.05225070087007333
45 u 38 0.05119185247920455
45 v 25 0.002507438465058631
45 w 20 0.03400771376555456
45 x 38 0.08331245507832918
45 y 65 0.03246503561248515
45 z 51 0.01859772194968523
46 a 60 0.1096944630872363
46 b 64 0.038196934357546675
46 d 75 0.09724236556129406
46 g 72 0.10679178208254347
46 h 7 0.0354628210559047
46 j 15 0.027229671850922066
46 m 20 0.034755771840486394
46 n 66 0.04951343222017146
46 o 24 0.0048640063966378655
46 p 31 0.1155749910192263
46 q 23 0.04605432503354234
46 r 41 0.03682801038889516
46 s 72 0.05287137853285506
46 u 38 0.04725300020598011
46 v 10 0.026545945504814705
46 w 61 0.008908707309398411
46 x 35 0.03066085519715167
46 y 29 0.052384307345635595
47 a 9 0.13975992651831082
47 b 4 0.032683855488727986
47 c 31 0.12477720345004106
47 d 47 0.018429780719059763
47 e 80 0.006811759738564183
47 f 0 0.030952217152242723
47 g 13 0.0009650463503272366
47 h 33 0.01920178460488664
47 i 42 0.001230007219708673
47 j 16 0.025381306385501845
47 k 39 0.08984940881869508
47 l 33 0.041281648019127704
47 m 46 0.03225133056263707
47 n 21 0.0011211747897138524
47 o 52 0.026568197566071428
47 p 29 0.08239023476851126
47 q 24 0.0658120027306287
47 r 15 0.14928294291690614
47 s 37 0.005142455120008771
47 t 78 0.011518268519033148
47 u 17 0.024651695556792252
47 v 11 0.013119181733712515
47 w 54 0.018387486711774703
47 x 55 0.0040804315766254096
47 y 36 0.03150459098401959
48 a 58 0.024752243186652145
48 b 13 0.03701584197610164
48 c 72 0.06552427701665198
48 e 63 0.10249454851989792
48 f 35 0.06228838095794231
48 i 8 0.03812612323616549
48 k 52 0.1256044505807662
48 l 70 0.05456470675270797
48 m 24 0.1472687169061453
48 p 77 0.023160415401247136
48 q 76 0.0035829296527303267
48 r 34 0.0033410335999445318
48 s 58 0.08102580881835486
48 u 70 0.027912870053066086
48 v 29 0.00541637248335014
48 x 58 0.007184574371118524
48 z 37 0.045099410844675614
49 t 36 0.7061106019936166
50 a 21 0.10638360548227832
50 c 60 0.008567051798330505
50 g 31 0.006664235388395334
50 h 54 0.11483165086643043
50 i 50 0.0032823689184757754
50 j 62 0.0039291912887206015
50 k 39 0.020506549751844738
50 l 55 0.011727093778413411
50 m 38 0.08142920506930551
50 n 30 0.013002941731293571
50 p 77 0.034063689817474874
50 q 43 0.05188212182162277
50 r 10 0.07753692982830351
50 s 38 0.047975122700171235
50 t 58 0.012062135220920034
50 u 50 0.07907371915198513
50 v 75 0.03544502840024155
50 w 27 0.043715629629073605
50 x 41 0.07054791987390752
50 y 75 0.05810136708703362
50 z 21 0.03854186144094063
52 a 52 0.06654268102718741
52 e 2 0.016948150607291934
52 f 4 0.06843497112759711
52 g 25 0.006740063829349774
52 i 73 0.07374246807134088
52 k 59 0.034603862154886644
52 l 25 0.06255377236233195
52 n 72 0.001708080288876035
52 o 7 0.23896580206879314
52 r 43 0.04259938087123183
52 s 54 0.0017567637921029888
52 t 67 0.01663855678802273
52 w 68 0.07979099367000853
52 x 9 0.05397202754525399
52 y 68 0.0073040584582493295
52 z 46 0.07794456479478296
53 g 34 0.30618201855794624
53 m 76 0.05493906702281948
53 q 20 0.2802272908686051
53 x 33 0.0005529201205831669
53 y 13 0.03940785942100744
54 b 50 0.04680898284646473
54 c 29 0.024303218661776982
54 g 46 0.061644743423062476
54 i 32 0.03619528492989332
54 j 68 0.022604847802488504
54 m 69 0.03227099603396821
54 n 16 0.004264203636053621
54 o 63 0.010287862994081576
54 q 64 0.04455514164068064
54 r 39 0.03262969285921469
54 t 62 0.0956477060151385
54 u 75 0.062109952995687445
54 v 76 0.04779684527623962
54 w 26 0.017434532463889485
54 x 29 0.03258488483285071
54 z 22 0.14661495093561783
55 d 59 0.22079128659118918
55 j 73 0.13702142065093914
55 k 74 0.06290434018453717
55 o 17 0.03421196197742937
55 s 44 0.02012903977420033
55 u 6 0.23034650626035869
55 w 75 3.26026919913458e-05
55 y 58 0.021173039957799955
56 c 22 0.16835713690583332
56 d 74 0.16007549800105436
56 g 77 0.07759772587914193
56 h 73 0.1839250445165408
56 j 68 0.17899739458175823
56 o 64 0.1697590774233141
56 p 13 0.05745846144672795
57 a 60 0.10411381627453165
57 c 61 0.0011683752145241755
57 e 7 0.02133762344415202
57 f 45 0.04538207501929603
57 g 37 0.009186342031677897
57 h 56 0.2152312022124232
57 i 20 0.012535816206331596
57 j 46 0.0015961190944522308
57 k 11 0.09022684804015824
57 m 70 0.03568095758990941
57 o 74 0.017402181946930106
57 r 47 0.17293998765054108
57 t 31 0.060077919532842916
57 u 10 0.030702698676906892
57 v 14 0.0018347541281815705
57 z 80 0.032827857884877076
58 b 0 0.9180709202276839
59 b 66 0.08165965596774238
59 c 62 0.04774780956831293
59 d 15 0.08111521485811302
59 e 22 0.012680448124383736
59 f 58 0.046084828977248415
59 g 53 0.02438629322453456
59 h 15 0.03357284871542299
59 j 33 0.009142433354087265
59 k 10 0.10588740618002235
59 l 53 0.050248128653619384
59 m 33 0.07682918348717027
59 n 12 0.025475598193837157
59 o 16 0.006706345115641721
59 p 6 0.010821844425155769
59 q 30 0.010610920527387768
59 s 36 0.0689507598641389
59 t 7 0.0227242007188998
59 u 27 0.03690745197971712
59 v 8 0.014282588974313892
59 w 57 0.1483179532281116
59 x 4 0.016724573473196003
59 y 62 0.01231013532319769
59 z 34 0.015292153907648931
60 a 21 0.024043790977757995
60 b 36 0.001179649115252701
60 c 56 0.12705843568487007
60 d 46 0.08230787322380562
60 e 54 0.005515793491931986
60 f 20 0.0671782772274303
60 g 0 0.03651723777981719
60 h 81 0.028635370114422964
60 i 11 0.013411721357515116
60 j 80 0.017254922630980718
60 k 75 0.032321530219563854
60 m 75 0.007440642947926346
60 n 63 0.015487552800165005
60 o 54 0.015010468468955263
60 p 27 0.04171650170123786
60 q 40 0.10520462834513755
60 r 33 0.005620402586880013
60 s 45 0.012153519448345862
60 t 32 0.05275782243080274
60 v 30 0.0317759599907258
60 w 46 0.08174831005193905
60 x 52 0.05342818308742614
60 z 4 0.041113272618418684
61 a 12 0.06917928370422488
61 c 17 0.030768702557168903
61 e 19 0.12555293267937595
61 f 8 0.030464084742154673
61 g 48 0.012873397828333633
61 i 26 0.07751670756228157
61 j 73 0.006842574633554088
61 k 34 0.03680124367684401
61 l 79 0.011552621380967576
61 m 76 0.15791772216559463
61 o 5 0.004374634339533001
61 p 11 0.08182793773313979
61 q 7 0.13618350915257438
61 s 43 0.08166042493033399
61 v 58 0.020989684612535142
61 w 2 0.023864721236082742
61 y 40 0.0013635180340922926
61 z 65 0.0731535734382679
62 a 8 0.02670821233028553
62 b 73 0.019980820654131537
62 c 37 0.09712035986009893
62 f 74 0.1848301625559705
62 g 52 0.019715362692283578
62 i 32 0.02277158713537364
62 j 24 0.05207214591763809
62 k 72 0.0038111547922194955
62 l 73 0.037323629316806994
62 n 50 0.0005894612663369658
62 o 11 0.009990474868600274
62 p 19 0.02006327316680978
62 q 51 0.018846628802982046
62 r 25 0.04162673113884763
62 s 33 0.005383571498500772
62 t 1 0.16707185028379212
62 v 50 0.06143713274421336
62 w 55 0.02661958306131218
62 x 71 0.1159621757756415
62 y 26 0.013026988896873926
62 z 26 0.02535816186046269
63 a 43 0.030036818595987058
63 b 48 0.009084486803349612
63 c 74 0.018452578559141064
63 d 61 0.02552806538665464
63 e 9 0.04985615418553491
63 f 58 0.0239722913418019
63 g 52 0.016765377899526923
63 h 21 0.011831894278985677
63 i 27 0.050553665109919765
63 j 69 0.04144448355374686
63 k 3 0.024178645792881204
63 l 58 0.0685797202176589
63 m 1 0.0029256311895515807
63 n 64 0.01113381308438921
63 o 56 0.10723058714848432
63 p 71 0.042810431340889465
63 q 9 0.03451952244897594
63 r 15 0.07817559674693253
63 s 14 0.04959414547067187
63 u 28 0.04076912732189264
63 v 38 0.04095143153345504
63 w 23 0.008453053986494541
63 x 1 0.0515217741707269
63 y 31 0.04643151439369375
63 z 75 0.06330875941926395
64 a 66 0.0491253483450782
64 b 8 0.07128450193779234
64 c 41 0.01273596191204418
64 d 16 0.03269424346162619
64 e 57 0.022830880252693198
64 f 24 0.04693545146228817
64 g 79 0.07606245213600416
64 h 63 0.0576352393191818
64 i 3 0.06764620916603137
64 j 26 0.002579305862719372
64 k 7 0.02374831431360991
64 l 78 0.0010171222304304894
64 m 56 0.048068915418028046
64 n 62 0.018831646347943765
64 o 62 0.007410569816488133
64 p 33 0.037301294711502564
64 q 10 0.08675488252262509
64 r 44 0.011659885000471326
64 s 71 0.00601311455290543
64 t 46 0.11303078938987887
64 u 79 0.04113410639359072
64 v 28 0.032216236805949316
64 w 80 0.025655952310883023
64 x 0 0.016411179417994082
64 y 38 0.0064465505330504325
64 z 59 0.0809648761496099
65 j 22 0.289624949081315
65 m 7 0.1865700484118451
65 q 34 0.2632756145806131
67 a 42 0.02424192754943022
67 b 52 0.1228319447730184
67 c 49 0.07089937668421231
67 d 76 8.093774985762359e-05
67 e 22 0.03263212121703374
67 g 33 0.016566134282480438
67 h 74 0.009361920237733967
67 i 21 0.005038736523819476
67 j 76 0.016219568976227783
67 n 48 0.027025241894381602
67 p 55 0.08161795350898393
67 q 14 0.06532432269659039
67 r 34 0.07462053924024536
67 s 59 0.013908869215578767
67 t 66 0.12331599501108415
67 v 53 0.2232697980249888
67 w 80 0.010460950669615166
67 x 59 0.012334386207170867
67 y 49 0.024367881831976135
67 z 64 0.037299147558749635
68 h 21 0.23432272938632892
68 k 4 0.26460665017626894
68 q 49 0.20470394645232382
68 w 27 0.012471314298109104
68 y 60 0.2756222114575668
69 c 64 0.06958875142964882
69 f 4 0.1486876426651249
69 i 74 0.13754400027476998
69 j 35 0.05051324148246439
69 l 31 0.007739152926181214
69 n 20 0.15077704846987738
69 o 38 0.03952198275046015
69 q 49 0.023487029294094186
69 s 63 0.00034367454608186243
69 v 9 0.1542104931474786
69 w 74 0.0017094759222859857
69 y 59 0.010178449140169743
70 a 47 0.030437242412763688
70 d 14 0.05964810327687664
70 e 53 0.0673218863228513
70 f 63 0.03491815538855125
70 k 48 0.040719321862376034
70 n 57 0.07338499395200293
70 o 53 0.046105450718588514
70 p 22 0.10242547081856002
70 r 37 0.054577667412148534
70 t 20 0.136668915376422
70 w 35 0.13321027426269694
70 z 40 0.034395316899056394
71 a 29 0.0004922461802290279
71 b 32 0.07449147645038667
71 c 15 0.19644442876357804
71 d 31 0.041787231591175034
71 e 47 0.03022603460908302
71 f 79 0.05426734802436306
71 g 58 0.008292612910323127
71 h 3 0.009307824262552389
71 j 17 0.03523472448678189
71 k 19 0.01259248570085314
71 l 47 0.10351063242542047
71 m 23 0.003614607718760765
71 n 17 0.026626762697592676
71 o 41 0.007601406791633014
71 p 29 0.018246642922732037
71 q 73 0.011825275749383635
71 r 61 0.010826397448853609
71 s 36 0.05085344927121849
71 t 3 0.011222367406358846
71 u 70 0.10231446732989014
71 v 9 0.05119230219432824
71 w 64 0.017183143834606285
71 x 21 0.006061813403477667
71 z 54 0.07238647294146416
72 a 5 0.045590816763622644
72 c 47 0.006869605663455403
72 d 77 0.2134919267182558
72 f 37 0.04894232837927681
72 h 79 0.10991271342073239
72 j 76 0.07912828639289715
72 m 10 0.04768979426559716
72 p 65 0.052908776642078714
72 r 74 0.03175388157344372
72 s 25 0.049684736831110965
72 t 78 0.006776483324981042
72 v 18 0.14561998621358874
72 y 45 0.07159154528094669
72 z 20 0.06565605427189769
73 b 18 0.012835712739930338
73 d 43 0.035365940867682855
73 e 67 0.016019321540908127
73 f 34 0.15640243035769086
73 h 59 0.05574567580707901
73 i 28 0.04538035667763307
73 k 67 0.09353509750745781
73 m 48 0.01860961097047864
73 n 68 0.028158101975766847
73 p 58 0.06521685155190804
73 q 35 0.048888728788280655
73 r 55 0.04990116574615899
73 s 60 0.03688340214699837
73 u 38 0.021430569390429866
73 v 34 0.011611525748186025
73 w 38 0.2321303857864161
73 x 29 0.02702257671726438
73 y 81 0.016991960791999605
73 z 52 0.00631519088104604
74 d 79 0.0598390715828353
74 i 18 0.11073438448247042
74 k 27 0.5247563046883115
74 m 73 0.06561527358599972
74 n 8 0.10435490563699368
74 u 72 0.005021150524005646
74 w 36 0.052648529932614374
74 x 35 0.013422685119141797
74 z 20 0.03727859595304284
75 a 30 0.06719490275399187
75 b 35 0.07507128651011952
75 c 29 0.22809672907604184
75 j 50 0.028894772097509458
75 k 78 0.034144889636721465
75 m 70 0.21068113251766274
75 n 72 0.011411289996337448
75 s 67 0.3314135834906855
75 x 72 0.0053732781238542415
76 c 80 0.04199448230124447
76 e 7 0.24351566409327985
76 p 41 0.3158136469695473
76 t 55 0.2856552645241993
76 w 70 0.007148893246420429
77 a 47 0.08026678965958078
77 b 24 0.015353657607003579
77 c 73 0.05424789252141837
77 d 35 0.114862395618468
77 e 28 0.04390512620019271
77 g 65 0.0036125178812199676
77 j 37 0.043335428464157943
77 l 77 0.04435005655801216
77 m 39 0.06831864475744587
77 o 12 0.08516626253855786
77 p 73 0.008593653922187028
77 q 42 0.07703484200345101
77 r 44 0.05951814983538617
77 s 59 0.041307365197333135
77 t 18 0.003528062321876302
77 u 72 0.10195971984569296
77 v 78 0.0500906690664471
78 l 80 0.4199190256603902
79 a 25 0.0371684507278639
79 b 78 0.022831876376115057
79 d 72 0.06264184571442599
79 e 23 0.030493557453084907
79 f 35 0.08402612118730268
79 i 66 0.0718350586550176
79 j 65 0.018362964297287565
79 k 27 0.05289481338586843
79 l 78 0.02334631621122296
79 o 37 0.010445968580752862
79 q 11 0.024309045419166786
79 r 52 0.00554182482720611
79 s 67 0.06248136861301079
79 u 12 0.10844265836298661
79 v 72 0.05883416190338453
79 w 2 0.14068890573259796
79 x 22 0.12994513178190004
79 y 43 0.03863710903715545
79 z 20 0.0023449463255622582
81 b 65 0.0011998260071128808
81 c 80 0.07099626540978698
81 e 57 0.04719427369133489
81 g 28 0.013406270910847118
81 h 63 0.027618233442752382
81 i 13 0.14430477510076511
81 j 79 0.027581183925086683
81 k 19 0.030386470780852992
81 l 79 0.0186968980784068
81 m 36 0.01819414138528641
81 n 56 0.03505033169892535
81 o 34 0.08316603914605292
81 p 81 0.0013073010894071313
81 q 17 0.05720856586923828
81 r 2 0.01692255595266945
81 t 76 0.1188009687111996
81 u 28 0.12031100325336141
81 y 10 0.05183631152145207
81 z 15 0.05800542082943472
