97 26 1419
0 0.14044254167937864
0 0.007624989679551053
0 0.04240702289618936
0 0.06918961010674407
0 0.13241950074673914
0 0.24801137912931748
0 0.02852315934395122
0 0.03467351785196804
0 0.144287829614416
0 0.020338942994822973
0 0.025904920896365646
0 0.30018944295917505
0 0.06312247283380257
0 0.021211512160840162
0 0.08333470597332371
0 0.0032908488544463044
0 0.006634066137616412
0 0.3563172442781882
0 0.006791987094976193
0 0.019313010918779572
0 0.0042243980389228275
0 0.011042739688135406
0 0.0024558768434203015
0 0.022992385619298505
0 0.06140742051971981
0 0.11190370892890167
0 0.012094497392779013
0 0.2181777305674546
0 0.030951978391321355
0 0.10060378861302688
0 0.14089817635635382
0 0.49175771835184645
0 0.06729265901282666
0 0.07756382412067231
0 1.0
0 1.0
0 0.2510031677023782
0 0.08662445812136754
0 0.07227831470206747
0 0.11842879290041508
0 0.011866476474830967
0 0.04369623618947105
0 0.09182756115923052
0 0.009497923885956716
0 0.12287241576719754
0 0.009879546263439232
0 0.03494742923311944
0 0.07701161024480885
0 0.010945764138219682
0 0.002286027003037372
0 0.2191996467369306
0 0.0226738948553179
0 0.020443261500225685
0 0.6567710231473887
0 0.008225427582175815
0 0.061219732702158636
1 0.05353337194315211
0 0.004573509618325811
0 0.017262779590493715
0 0.14280531815345798
0 0.03881933837741547
0 0.03850167134854399
0 0.29950085460302844
0 0.006898458430383281
0 0.24834355226613358
0 0.03944119759690812
0 0.06435896557734855
0 0.025761570223758246
0 0.09805016019520552
0 0.005628498509080759
0 0.017858263173238242
0 0.12134714715076722
0 0.1482622847572268
0 0.0175298417854578
0 0.6448082194861129
0 1.0
0 0.8941139527457139
0 0.017974709631385033
0 0.16718207801419804
0 0.04914984991612936
0 1.0
0 0.020495238943960326
0 0.03621386878058508
0 0.007202369436513756
0 0.0837418337115503
0 0.0785317191842414
0 0.053223965190591804
0 0.034618276925353464
0 0.11175473655138557
0 0.026847773578134504
0 0.19261474054571748
0 0.011275522450125752
0 0.11198345590033199
0 0.05040687128191901
0 0.010554429288830547
0 0.20223155361913314
0 0.18698110169486726
0 m 68 0.1440996514472962
0 p 39 0.27725489292020367
0 s 82 0.009215467833077473
0 y 76 0.3286424200400855
0 z 66 0.10034502607995854
1 a 15 0.08979049644436743
1 b 24 0.05693967504590258
1 c 63 0.00818488018747987
1 d 16 0.0040169820428619385
1 e 79 0.03472324740793642
1 f 14 0.05797047336878658
1 h 81 0.020709603747385064
1 i 28 0.055943474687615735
1 j 25 0.022417248437130666
1 k 55 0.04167720690764154
1 l 56 0.025672123742505715
1 m 54 0.046999231789030205
1 n 82 0.0059950776875961065
1 o 85 0.02313945937653561
1 q 43 0.06791006390445098
1 r 48 0.09051537661867382
1 s 57 0.06070716806687981
1 u 46 0.04398306047122247
1 v 62 0.02551055959873394
1 w 70 0.06321814246601576
1 x 7 0.07957022153369098
1 y 23 0.042524566614765
1 z 66 0.024256670173240735
2 a 16 0.09460791616952058
2 g 68 0.05265762765452764
2 h 6 0.06982324046346422
2 i 92 0.2773843262817073
2 k 95 0.08689779172850232
2 l 4 0.03138076949519586
2 o 38 0.16683857708970629
2 t 63 0.10002148608684736
2 v 25 0.0779812421343391
3 f 1 0.03265015391234993
3 g 22 0.22129218271126894
3 h 8 0.14572138710078164
3 k 73 0.12514132890502738
3 l 9 0.1364699680687691
3 p 25 0.08095625305507093
3 r 9 0.08120799309606408
3 s 44 0.10737112304392393
4 b 3 0.26605446688352186
4 h 8 0.003986844136186107
4 n 87 0.008043734813447778
4 p 43 0.13397541980036687
4 q 13 0.011928437075920617
4 s 38 0.05751109489145878
4 u 39 0.01686540998976105
4 v 0 0.23908024148123752
4 z 83 0.13013485018136028
5 i 24 0.1665578129351184
5 k 43 0.14437562299387663
5 m 74 0.025491598416774286
5 n 14 0.3449613698606232
5 q 82 0.02543623588841193
5 r 54 0.04516598077587808
6 a 61 0.0724796589126977
6 b 48 0.05211441207620682
6 c 28 7.782910308973268e-05
6 d 45 0.008090955173681191
6 e 17 0.003220243639982745
6 f 71 0.025361115399416878
6 g 48 0.09539815108227101
6 h 59 0.016441946203581193
6 i 17 0.025023053831116693
6 j 27 0.0340001050274501
6 k 26 0.04451266128942144
6 l 46 0.04139467592835755
6 m 18 0.018365593187786855
6 n 91 0.007421805023455241
6 o 66 0.007295379236471833
6 p 37 0.16484587129528883
6 q 17 0.06222415752406296
6 r 21 0.07344332316102498
6 s 80 0.06834709368045
6 t 23 0.0030755907185215925
6 u 44 0.023243677893418746
6 v 67 0.03414911866692394
6 w 64 0.006602723832927815
6 x 39 0.0037205002676732324
6 y 21 0.0658965630356727
6 z 11 0.014730635465097008
7 b 67 0.12381357934561532
7 d 6 0.06803439603909434
7 f 65 0.18713168372511657
7 h 66 0.08886002604319065
7 i 20 0.20638011520831379
7 l 40 0.012952914746676258
7 p 21 0.03483017055503401
7 s 39 0.0002967344126886262
7 v 84 0.028031605620463806
7 w 12 0.024016387938426864
7 x 68 0.004120244508934556
7 z 68 0.18685862400447717
8 a 83 0.047490143696922615
8 b 61 0.005798762724847695
8 c 85 0.012181386096070224
8 e 73 0.031496101296498824
8 f 58 0.039295262418211574
8 g 47 0.0034428402994116647
8 i 35 0.01863992241735557
8 j 80 0.04731370562800641
8 k 4 0.09108083490828178
8 l 49 0.022750166986852838
8 m 74 0.05194799906781222
8 n 50 0.016003234204672645
8 o 23 0.00587122436457177
8 p 69 0.08217947980847473
8 q 49 0.013455548850298649
8 r 42 0.05469889261245087
8 s 68 0.04197916532458057
8 t 31 0.02911060273508337
8 u 44 0.06121684295705743
8 v 58 0.028287265064745104
8 w 63 0.030826009520674602
8 x 81 0.02071336863656903
8 y 71 0.041008844601703065
8 z 0 0.05892456616443076
9 a 3 0.10333784590523276
9 e 34 0.04114406818983174
9 h 40 0.030417803123092613
9 i 0 0.059930047923666185
9 k 53 0.08563969296894702
9 l 14 0.014395710199460288
9 m 76 0.059819880372424805
9 n 91 0.048046662690959585
9 p 57 0.14961659067228805
9 r 45 0.054005647423329584
9 t 26 0.2333907064026941
9 v 4 0.09991640113325029
10 c 73 0.009701570669167436
10 f 21 0.020905021439075355
10 i 79 0.06733058084940857
10 j 59 0.06995514302297312
10 k 89 0.045082488200200777
10 l 52 0.019065781172773355
10 m 73 0.04091516240095494
10 n 83 0.15764920111528624
10 o 84 0.023475042232902532
10 r 17 0.1479217209140985
10 s 30 0.17253096632212206
10 t 69 0.09340622946493282
10 u 52 0.00801922470573646
10 v 41 0.05340450145898379
10 w 4 0.0341728606308237
10 x 13 0.004014470601219067
10 y 47 0.003949139534368928
10 z 14 0.0025959743686067016
11 j 43 0.4477810597249433
11 m 24 0.25202949731588165
12 a 72 0.02883883535752052
12 e 39 0.1340550035134358
12 h 85 0.22652180394995325
12 m 14 0.10928478865428881
12 n 45 0.10321497756295372
12 p 2 0.057742132387672784
12 r 42 0.13968075500173815
12 y 86 0.1375392307386344
13 a 10 0.060640430307700055
13 b 16 0.13958892888860597
13 c 26 0.019901282454090286
13 d 29 0.047256368277015626
13 e 40 0.004198129502589354
13 i 4 0.019158325546464128
13 j 49 0.00010802257206543597
13 k 15 0.013580238706799697
13 m 54 0.01000799391386853
13 n 43 0.09702185756807691
13 p 66 0.018530361353111036
13 q 2 0.16671646364862447
13 r 48 0.10954923645740478
13 s 90 0.15002833305116325
13 t 27 0.06146801493640974
13 u 80 0.0007167575630219192
13 v 71 0.04237737116329665
13 w 12 0.016577564256226918
13 x 14 0.0013628076726250882
14 a 35 0.14176571804632654
14 b 18 0.047797818142333415
14 c 84 0.034010575087047856
14 d 4 0.02135770449660257
14 e 81 0.0049236456663735995
14 f 87 0.06776634769916945
14 g 43 0.07528569609346125
14 h 93 0.03395396734377387
14 i 25 0.009495199383249608
14 j 26 0.09760570921162437
14 k 28 0.05638317782484625
14 l 27 0.004133419888766143
14 m 74 0.11434574274666043
14 n 15 0.005521995947996072
14 p 60 0.03064072760994241
14 r 30 0.029834051289420405
14 s 19 0.0036559818330956784
14 t 12 0.004170957435155498
14 u 23 0.054835913663565994
14 v 9 0.005431971515154954
14 w 25 0.02021673188652595
14 x 49 0.015480283454923138
14 y 23 0.03805195776066084
15 a 58 0.010710395675944673
15 c 45 0.012009116248547058
15 d 54 0.07787615874698683
15 f 91 0.03798333508355212
15 g 55 0.01585444207067188
15 h 15 0.08712863543400629
15 i 40 0.04104466460891232
15 l 32 0.029958443076158137
15 m 58 0.1836262011447033
15 o 89 0.02790167678957911
15 p 43 0.0030911532990586243
15 q 13 0.06695675429282899
15 r 92 0.10835209912327637
15 s 90 0.13772232078187852
15 u 83 0.007322827338595461
15 x 6 0.01434566619869504
15 y 69 0.04607712476114523
15 z 75 0.08874813647101376
16 a 64 0.018384897944778822
16 b 29 0.10661424181166002
16 f 77 0.055349219237015745
16 i 60 0.005488959287756723
16 j 42 0.04051952415172044
16 m 51 0.03290241356654644
16 n 85 0.06745637215882794
16 o 66 0.06634686999650807
16 p 49 0.0021750489864046374
16 q 46 0.1216023365633172
16 s 8 0.004550940424704164
16 u 87 0.021073662927036385
16 v 74 0.06037502163176067
16 w 89 0.08223251804644771
16 x 83 0.04238465981897965
16 y 24 0.2517699988287704
16 z 95 0.01413924848014858
17 j 47 0.6436827557218118
18 a 84 0.011024600434367815
18 b 51 0.06680859549922447
18 g 77 0.04277298316590561
18 h 53 0.05891943552267043
18 i 42 0.16694963795251772
18 j 19 0.015987408100614164
18 k 83 0.01252788480967415
18 l 53 0.07286299028705567
18 n 86 0.0024307583021658807
18 o 45 0.07291848977942206
18 p 5 0.12127283200625616
18 s 12 0.10399017240292596
18 t 72 0.13534999352678412
18 x 87 0.09404293423544074
18 y 85 0.009271121866029963
18 z 77 0.006078175013968901
19 a 94 0.14925958566418196
19 c 43 0.049347127710642424
19 d 44 0.0002619685019256135
19 f 7 0.19637697791720898
19 g 77 0.10634458743099096
19 h 53 0.04035928746209538
19 i 74 0.052376007709414085
19 j 1 0.09174815440458917
19 n 4 0.08940149359110938
19 o 39 0.0033854444018440732
19 t 25 0.060981564789080456
19 w 42 0.08168438572835246
19 x 15 0.032775384548851316
19 z 72 0.02638501922093417
20 b 65 0.04854852069198001
20 c 43 0.28481318162653
20 e 61 0.028287895631968762
20 g 73 0.03256381822336618
20 i 24 0.045852449080237556
20 k 50 0.0357765397806884
20 l 14 0.1192483738235951
20 n 54 0.2637668519463643
20 t 46 0.058318816483631686
20 v 89 0.048099944055439825
20 w 65 0.02349614107140119
20 y 58 0.007003069545874152
21 a 95 0.005555458463298968
21 b 30 0.017819270391977726
21 c 74 0.0355642506881263
21 d 11 0.039824312446238186
21 e 44 0.05693287783978762
21 f 49 0.001851020415463367
21 g 91 0.025215395037705424
21 h 27 0.021694317196008783
21 i 85 0.004004497531350237
21 j 80 0.02193564458495567
21 k 87 0.04139897136909321
21 l 46 0.011432686912803414
21 m 39 0.028493781614243097
21 n 44 0.06356007802041463
21 o 79 0.027353674920889137
21 p 58 0.06339035682599581
21 q 82 0.1075371209607684
21 r 33 0.05391607745444338
21 s 93 0.06680194134289352
21 t 59 0.029710356349465505
21 u 55 0.07368636383654392
21 v 22 0.013724408491586626
21 w 71 0.017927382655015145
21 x 13 0.13984580037553818
21 y 87 0.012997676240812939
21 z 52 0.006783538346445406
22 a 46 0.0968247535874096
22 f 94 0.13341832539280862
22 h 11 0.009354763562877566
22 i 79 0.005745250709507488
22 k 68 0.044849471878881664
22 m 70 0.17167702054724188
22 q 58 0.11085721429624318
22 s 72 0.04866440281666096
22 t 56 0.018416184594456375
22 u 21 0.06489250080986175
22 v 56 0.15198858524278025
22 y 83 0.10499473837777806
22 z 33 0.0358609113400723
23 a 48 0.08504603066201422
23 b 60 0.03911242816475091
23 c 96 0.01794048965828776
23 d 8 0.07966400273789209
23 e 0 0.005168155760073678
23 f 2 0.052407063134846
23 g 50 0.01585414477661984
23 h 42 0.019730764204843432
23 i 21 0.034100843322526386
23 j 21 0.05504052277463256
23 k 56 0.030009677919694555
23 l 36 0.11618321957364242
23 m 58 0.024762433212226265
23 n 39 0.030932835690201332
23 o 28 0.0006789784743876925
23 p 62 0.0906911221902611
23 q 23 0.04604151165463666
23 r 69 0.09537936026294191
23 t 38 0.03933104368045959
23 u 18 0.03192822657929928
23 v 3 0.05769688196223022
23 w 4 0.009307877984233603
24 a 65 0.03133411200606506
24 b 23 0.017691019313470724
24 c 64 0.11795924188939177
24 d 2 0.01671106059894134
24 e 22 0.011464709036207665
24 f 95 0.1025568966541871
24 g 62 0.004928913384891764
24 h 54 0.02192414853012481
24 i 91 0.00304122787241623
24 j 88 0.07365529532233239
24 l 93 0.0100178607053788
24 m 89 0.004669799056512991
24 o 65 0.08219079172971189
24 q 34 0.08689212590920492
24 r 25 0.058372021682905895
24 s 69 0.0049895034490892165
24 t 58 0.04415589680914589
24 u 50 0.10782556454932579
24 v 81 0.013625871638027864
24 w 6 0.02250503855213315
24 x 52 0.01868326297812606
24 y 53 0.021028210930876923
24 z 34 0.062370006881811935
25 b 66 0.12969767553762834
25 e 33 0.023884662679151902
25 i 45 0.07868510349715652
25 p 69 0.1242605043429369
25 v 36 0.06023690884997379
25 x 73 0.3438616448634537
25 z 61 0.12746979130079716
26 a 67 0.009562501974436866
26 b 39 0.14110632944005386
26 c 4 0.08948227664887076
26 d 37 0.0374370806778247
26 f 21 0.018101296506163878
26 i 41 0.031495621944079844
26 j 69 0.06607819390556313
26 l 90 0.035339367902224694
26 m 57 0.0105672994762247
26 n 55 0.15348932112885982
26 r 39 0.21726516932606454
26 t 24 0.02013105639160706
26 u 22 0.019029452851858752
26 v 44 0.06242740173161254
26 w 65 0.05893962018863652
26 y 60 0.017453512513139313
27 d 96 0.2461669572403853
27 e 10 0.286610038017725
27 g 40 0.15562370797481984
27 m 60 0.06674106740241492
27 u 86 0.026680498797200358
28 a 44 0.02802133294217468
28 c 33 0.024033049553909835
28 d 31 0.09009273156347353
28 f 65 0.11213512492280142
28 h 53 0.025367863036151905
28 k 16 0.03553768972631244
28 l 44 0.17926374485642715
28 n 31 0.029856341576120382
28 o 10 0.008714057599294223
28 p 69 0.09632745860857439
28 q 16 0.0012463577437366036
28 r 36 0.11418270175058298
28 t 7 0.03558544046341505
28 u 11 0.015637375291654654
28 w 87 0.08896101818239477
28 x 79 0.06234046932122239
28 y 66 0.021745264470432235
29 a 79 0.0403418149440159
29 b 22 0.03233126136537978
29 c 42 0.011428862621054248
29 d 29 0.11589032827467627
29 e 86 0.06859291414736557
29 f 60 0.0008183825305396741
29 g 22 0.0006667816389595016
29 h 33 0.06785522799469923
29 i 61 0.07244096769512531
29 j 27 0.022317239218400897
29 k 73 0.0006590551816102463
29 l 54 0.004942373539398304
29 m 51 0.01710998364424643
29 n 59 0.055155322778683735
29 o 34 0.047530635964938006
29 p 26 0.05772557996242733
29 q 53 0.03087830623938448
29 r 13 0.024762915158715537
29 t 94 0.030248582456887108
29 u 23 0.04254135199917919
29 v 65 0.03345728662895775
29 w 84 0.044147479238948906
29 x 15 0.04690636551311411
29 y 42 0.029701584077869936
29 z 39 0.0009456085723956731
30 c 49 0.08939675883128773
30 e 91 0.06200937863532374
30 f 14 0.05023154791385942
30 g 95 0.030172091354970787
30 h 14 0.057610720991751574
30 j 79 0.07360772869101273
30 k 56 0.19267260056735647
30 m 69 0.07792501625685933
30 s 40 0.11743668353464043
30 t 47 0.07716881470321468
30 x 94 0.030870482163369295
31 z 84 0.5082422816481535
32 b 70 0.014330859002931073
32 c 40 0.021893809327600433
32 d 17 0.058270990896659436
32 j 91 0.015235094797965809
32 k 91 4.600595465031887e-06
32 l 47 0.09378705829023537
32 m 6 0.11448188074657273
32 n 1 0.011601021546059798
32 o 85 0.06789167705778987
32 p 67 0.0014746083623715656
32 r 91 0.07079288493250613
32 s 20 0.09479425508640105
32 u 41 0.027323991238761614
32 v 22 0.11750405443830847
32 x 61 0.05389589235113146
32 y 1 0.08145751913701316
32 z 35 0.08796714317940035
33 b 63 0.039089845822959934
33 c 77 0.07936823137009141
33 d 31 0.041112011137111715
33 g 81 0.010644645201260183
33 h 89 0.09089109226736891
33 i 70 0.12474946530831366
33 k 95 0.12345654956996632
33 n 11 0.09350597687536522
33 p 53 0.2729102171742088
33 y 22 0.046708141152681515
36 c 39 0.051003807948223234
36 g 54 0.04090530449240759
36 t 29 0.6509068808169945
36 z 91 0.006180839039996444
37 b 47 0.07289966272164361
37 c 79 0.02429225609360619
37 d 94 0.02025455719980973
37 e 45 0.09898512079427446
37 f 81 0.006400337159105263
37 g 40 0.005458737823040516
37 j 15 0.029793243909434608
37 k 84 0.0564580971114409
37 l 92 0.23876906213476778
37 m 96 0.003247942555937522
37 n 26 0.010542432548598102
37 o 21 0.004821320604683876
37 p 35 0.02310102168638639
37 q 86 0.12487083850955638
37 r 26 0.058910164735371584
37 t 90 0.021322991596165797
37 w 42 0.06415816833556032
37 z 26 0.049089586359249426
38 a 16 0.03958672026708865
38 b 16 0.06238551318244068
38 c 43 0.04872328879273691
38 d 22 0.0616587498019201
38 e 58 0.011998416901319309
38 f 88 0.02270577320531053
38 g 40 0.06675668432777737
38 h 37 0.11986103265159787
38 i 35 0.03426565000754256
38 j 34 0.008643810227499715
38 k 56 0.11585656448955273
38 l 52 0.0858115823886898
38 m 73 0.0048446801355758184
38 n 15 0.06399254550704148
38 o 36 0.00223723597561154
38 p 91 0.012408232736978886
38 q 60 0.0008064691691496151
38 r 53 0.003367740252453677
38 s 33 0.05046112954269388
38 t 9 0.010213049871151791
38 u 32 0.004690477078147293
38 v 65 0.04838963384636963
38 w 4 0.02851524729427979
38 x 79 0.0026962699736224893
38 y 25 0.008448503320999112
38 z 8 0.008396684350381323
39 a 85 0.10370452581298883
39 d 42 0.05767874952174623
39 f 56 0.05549887997379099
39 g 10 0.013404753882377274
39 h 40 0.09017612962212729
39 i 69 0.29273144013176
39 l 34 0.1528573140682843
39 n 1 0.05030695464507717
39 w 10 0.06521245944143284
40 a 62 0.02304843051620764
40 b 11 0.0023964433398867557
40 c 70 0.003278253772111772
40 d 87 0.00031704232593821047
40 e 83 0.035732069796787
40 g 80 0.029090661984397692
40 h 37 0.025942977120465227
40 i 69 0.0790935546219309
40 j 2 0.030282820373814134
40 m 54 0.0828772491043599
40 n 66 0.052385785659686546
40 o 61 0.030614610036881595
40 p 77 0.06989564148780925
40 q 74 0.01880835884354204
40 r 88 0.17191690926478553
40 t 37 0.0015962985376086758
40 u 45 0.06531573326133522
40 v 10 0.12307928942708835
40 w 94 0.029636535906318984
40 x 44 0.0052230961809532905
40 y 36 0.10110778958773958
40 z 42 0.00649397237552074
41 a 90 0.38111032366447384
41 c 64 0.20924524788576582
41 f 74 0.11362393880830057
41 i 17 0.04918706617636737
41 n 61 0.01551623546944092
41 o 3 0.002418064511379825
41 p 6 0.11381254097317695
41 t 88 0.001117200725028633
41 z 2 0.07027314559659503
42 a 55 0.009684964198808377
42 c 64 0.01946012702771882
42 d 51 0.0017160919195148283
42 f 29 0.020150495381296762
42 g 68 0.008515775370969814
42 h 45 0.038010613456877285
42 i 74 0.09118737872200955
42 j 68 0.013162455257220596
42 k 92 0.013815791109208941
42 l 31 0.09299850539954935
42 m 17 0.149241261416177
42 n 60 0.031167718506345254
42 o 48 0.02878341868685874
42 p 0 0.059349388552799254
42 q 6 0.008442005289041488
42 s 50 0.0368805327232844
42 t 71 0.07368127304808247
42 u 27 0.004919859435522311
42 v 19 0.01702295023409628
42 w 0 0.17193368393056008
42 x 13 0.00012168356445918516
42 y 70 0.017926465610368703
43 a 77 0.15929544344201263
43 b 78 0.07685177997074177
43 c 62 0.0031489661122883206
43 d 90 0.006436550335580216
43 e 2 0.06951082446843282
43 f 6 0.047079032610065186
43 g 75 0.07548418220255126
43 h 88 0.03309999886630999
43 k 90 0.07026918579449615
43 l 76 0.0011150742605179342
43 m 50 0.053330155963488
43 n 50 0.005121525154381912
43 o 74 0.0002302353992739148
43 p 23 0.13503452214078893
43 q 81 0.029441430503344468
43 r 57 0.04945139281144095
43 s 80 0.034238005538073435
43 t 29 0.0351873118749193
43 u 61 0.021597101148656095
43 v 63 0.007434309574697706
43 w 82 0.02100023074370605
43 x 11 0.023761057539599006
43 y 19 0.018595828964249717
43 z 71 0.01378793069442752
44 a 20 0.005791362558372426
44 d 38 0.03286455961577328
44 e 48 0.18659249155766588
44 h 22 0.1456694345879782
44 j 29 0.16029161665541436
44 k 78 0.01949684378466421
44 m 90 0.1129837135715237
44 q 28 0.14590952168145088
44 r 32 0.05909259687328261
44 x 12 0.008435443346676896
45 b 47 0.016808155716376394
45 e 48 0.03950223993988666
45 f 88 0.014720956497492166
45 i 85 0.06006940780303727
45 j 35 0.05945096079129386
45 l 35 0.014893602177823984
45 m 61 0.0023109498681448404
45 n 18 0.0015510298874483741
45 o 19 0.014030519234303873
45 p 18 0.027613497745142324
45 q 52 0.07106894598142732
45 r 91 0.0782386011482813
45 s 36 0.06456652534827667
45 t 27 0.0175562320361089
45 u 64 0.04641995943412369
45 v 32 0.20947721587530987
45 w 43 0.007367266830961561
45 x 79 0.028950096909589718
45 z 14 0.215524290511532
46 a 33 0.030792026823026397
46 f 31 0.09703970378149296
46 g 50 0.02430410048274745
46 h 21 0.13303883484452217
46 j 45 0.04359939442601224
46 k 15 0.03511042563988831
46 n 5 0.23795765211751452
46 o 0 0.008299564846930063
46 r 75 0.026609118866537496
46 s 59 0.19368456272106038
46 v 24 0.021310011211764124
46 x 2 0.023931965289490376
46 y 31 0.03147759623162272
46 z 75 0.05789761348427136
47 a 70 0.0222695443966745
47 b 32 0.10315381093373988
47 c 50 0.016976817541772715
47 d 87 0.04203206624070088
47 f 51 0.07393124137762108
47 g 26 0.04192288223115492
47 h 73 0.06997965906897696
47 i 46 0.02196065257901858
47 j 12 0.0020169566868666333
47 k 45 0.011082188782379987
47 l 20 0.008986407834281285
47 m 54 0.02795875817132598
47 n 35 0.013943386147183046
47 o 6 0.014704738263180417
47 p 52 0.02910461177749646
47 r 50 0.05963907870767915
47 s 30 0.06702600454868013
47 t 69 0.192451987744248
47 u 94 0.01720853670117195
47 v 59 0.026535975876405882
47 w 89 0.009225626879952431
47 x 61 0.04581760521575495
47 y 31 0.00505985204892534
48 a 70 0.01901857470224544
48 b 59 0.08313744634870746
48 c 34 0.07883106154695263
48 d 69 0.004523810247067939
48 e 13 0.1300079617493357
48 f 70 0.04668879760989997
48 g 40 0.004021861456270148
48 h 29 0.020580961048400348
48 i 47 0.008355295636079174
48 j 44 0.03256726430656154
48 k 9 0.056538944393992874
48 l 0 0.08457279051181787
48 m 18 0.016601503807659457
48 n 51 0.1069519241402439
48 o 87 0.1110975640437255
48 p 16 0.025867866404392537
48 r 11 0.08785404584677081
48 s 20 0.013533088729007381
48 t 30 0.003349930866443085
48 v 20 0.0032528894007533005
48 w 53 0.002899213714860349
48 x 83 0.008116826767658347
48 y 39 0.03164397376137318
48 z 14 0.009040638821561364
49 a 17 0.00045496902152442065
49 g 63 0.009256410337025733
49 h 67 0.12851502737443932
49 i 75 0.03216828666052185
49 j 34 0.09741618157143361
49 m 47 0.041908069186778696
49 n 44 0.019953713182289334
49 o 62 0.1077689836101895
49 q 32 0.04725635368792658
49 t 49 0.14473711729446148
49 u 10 0.0047829657682050275
49 v 30 0.09870271504016037
49 w 16 0.10797836818197659
49 x 23 0.010538951806066454
49 y 82 0.08029546074421345
49 z 75 0.06598039952975021
50 a 63 0.011026134072225857
50 b 49 0.008484549140565067
50 c 62 0.0508521558081132
50 e 49 0.020149031720504418
50 f 84 0.025221931642264606
50 g 51 0.030355120613910103
50 i 89 0.002372798159638534
50 k 85 0.014808779828698215
50 l 61 0.06475332580404791
50 m 64 0.033965962356360846
50 o 2 0.09351563420364761
50 p 52 0.003697125887214714
50 q 3 0.03973025083603199
50 r 9 0.15611301919122844
50 s 27 0.03438561135882756
50 u 57 0.08040381553071274
50 v 64 0.010492957645414802
50 w 19 0.03404106072453916
50 y 63 0.02510453576330418
50 z 91 0.04132655297581944
51 a 77 0.08537448556880778
51 b 40 0.15361113900056056
51 c 59 0.022934276333460568
51 d 51 0.014742045214148458
51 e 33 0.06242065558682264
51 f 44 0.01996783021459192
51 g 31 0.001455340964970131
51 j 28 0.026683213170610842
51 l 35 0.10085491644652067
51 m 42 0.0020222342472232535
51 o 42 0.0767713513126771
51 p 95 0.005339410602251515
51 q 64 0.014731260951610259
51 r 68 0.02742065968844598
51 s 25 0.017537015203599737
51 t 69 0.00905127205524181
51 u 58 0.11838674445656716
51 v 42 0.005904685609572469
51 w 92 0.0015278049912191838
51 y 63 0.12400096354055523
51 z 36 0.08658879998522484
52 c 87 0.01050432674732038
52 e 61 0.15628197563611235
52 f 61 0.14715731355594053
52 g 41 0.1253355446371105
52 k 66 0.06663632046219681
52 l 39 0.13891519960378418
52 m 48 0.059482946774856216
52 q 20 0.09924972646111951
52 r 24 0.010296775374091238
52 t 27 0.06939243684876306
52 u 36 0.03699585478707346
52 x 66 0.05930831761140609
53 w 6 0.34322897685261133
54 b 69 0.1940502357739996
54 c 40 0.11738957921902515
54 e 18 0.025050639549762277
54 g 76 0.06920315386129638
54 i 32 0.128873011734716
54 j 19 0.005628142320698082
54 k 87 0.13464299498297427
54 m 30 0.1857128177903059
54 t 48 0.002154679556196304
54 w 57 0.1182148372726084
54 y 8 0.010854480356241814
55 a 54 0.004243008889935673
55 b 73 0.0072733538959161015
55 c 19 0.003873312201928103
55 d 95 0.05311318226640094
55 e 53 0.0910564880597371
55 f 31 0.0030211654349228123
55 g 7 0.14045516603058184
55 h 23 0.00721220828967728
55 i 2 0.01394683771379246
55 j 2 0.052838820511497686
55 k 82 0.048634614103809426
55 l 19 0.008992162875067655
55 m 85 0.013938422286673746
55 n 36 0.09223785451024491
55 o 5 0.009645724227893226
55 p 94 0.0002486334931997014
55 q 24 0.000562061067374553
55 r 64 0.028171245346366613
55 s 70 0.012136744438278835
55 t 82 0.11322173907841171
55 u 73 0.016741567335395002
55 v 14 0.03773288985315093
55 x 63 0.057136438242876286
55 y 25 0.08366336154083176
55 z 67 0.038683265603877026
56 d 80 0.13846474137274933
56 f 7 0.00048783875763225293
56 g 30 0.03997467747881389
56 h 87 0.06890433704313148
56 i 58 0.1087484595705065
56 j 61 0.06086589738083592
56 l 41 0.03853813373655435
56 m 88 0.01353019714778425
56 p 74 0.03259475562034164
56 q 59 0.12364273139555138
56 r 9 0.0073508238471420295
56 s 70 0.06260011325889248
56 t 39 0.07166729425208762
56 u 82 0.047182701132719274
56 w 69 0.07072987939722875
56 y 1 0.020101303620612798
56 z 96 0.04108274304426396
57 a 39 0.049499758377244296
57 c 61 0.1864774426302357
57 f 63 0.02179888233528182
57 j 71 0.05130226602069066
57 l 7 0.002291055440018286
57 m 47 0.006872585736284353
57 n 13 0.09434450546435158
57 o 14 0.0363504388536795
57 p 35 0.02838608097779849
57 q 84 0.11862891565465783
57 r 6 0.24479330573082303
57 s 52 0.04327133506120373
57 x 84 0.00780818985596432
57 y 86 0.1036017282434406
58 a 76 0.0592500390227394
58 b 8 0.04766389524003045
58 c 58 0.00898726176887299
58 d 94 0.013158483866503201
58 e 57 0.021220867866215465
58 f 83 0.01958720238848899
58 g 49 0.015095063282868693
58 h 15 0.1253788764748346
58 i 90 0.005756057087298649
58 j 57 0.007362402480181718
58 k 13 0.0021318506725929165
58 l 8 0.08033590156906367
58 m 50 0.006833191905033842
58 n 25 0.025177400089972934
58 o 92 0.0030876948053820685
58 p 70 0.07750882061449116
58 q 22 0.10799204387042838
58 r 75 0.00920082998905658
58 s 88 0.03946373735393549
58 t 57 0.1138758385738542
58 u 91 0.011816024280674853
58 v 23 0.02414267317124308
58 w 82 0.05532831253652559
58 x 85 0.001137370106528257
58 y 95 0.05563788990206742
58 z 83 0.04560749149062171
59 b 10 0.06096964486155254
59 f 58 0.14349540689292617
59 g 37 0.03699631804456038
59 o 55 0.328021896331834
59 r 26 0.18838841933100636
59 z 1 0.09932299638466258
60 a 65 0.008779795620688535
60 b 75 0.026144894778479033
60 c 69 0.1573161453769869
60 d 53 0.13369323133699318
60 g 61 0.005483234399674686
60 h 13 0.015421760715271238
60 i 54 0.034968530489542404
60 j 88 0.04377526907085416
60 k 66 0.10451971413834826
60 l 92 0.013534967529575392
60 n 67 0.02609028867500396
60 o 86 0.00699396007435682
60 p 77 0.025768427377549696
60 q 39 0.03355936230463341
60 r 40 0.016091618928435025
60 s 12 0.056251933195929804
60 t 95 0.061194944977027155
60 u 87 0.05108193183640075
60 v 12 0.05538947423245655
60 w 0 0.01742221222200191
60 x 63 0.03980172945974114
60 y 58 0.02228290878942374
60 z 58 0.005614326093210775
61 b 69 0.04207414401523668
61 d 88 0.0055519121763211166
61 e 22 0.1917029110444909
61 f 68 0.042818955058315344
61 g 44 0.06476683516150417
61 i 36 0.002065173585617752
61 j 43 4.691872068462999e-05
61 k 77 0.011929595931316261
61 m 28 0.010950288238115946
61 n 46 0.04674791855594407
61 o 52 0.022834699402496828
61 p 28 0.006311541637624152
61 q 0 0.0030089187892997638
61 r 58 0.06552717676671638
61 s 71 0.05509917627793548
61 t 41 0.016892686838505866
61 u 15 0.18332119907914235
61 v 9 0.03342897741222273
61 w 54 0.035171571455790085
61 x 21 0.017081803495854198
61 y 90 0.0030560604466051133
61 z 73 0.10110986456171622
62 h 32 0.7004991453969716
63 a 3 0.016503439169741174
63 b 54 0.04844688110749262
63 c 52 0.012655885958598012
63 d 16 0.048685942702696994
63 e 21 0.06763010691506743
63 f 80 0.05156386968270543
63 h 68 0.1519536842400211
63 i 27 0.08048845664982351
63 j 82 0.05335978937583408
63 k 54 0.004436453892172176
63 n 23 0.05112273496438846
63 o 57 0.08722489838986802
63 p 60 0.01906770168304117
63 q 87 0.08499522758293288
63 r 10 0.0847362288544039
63 s 68 0.01649555447081863
63 u 81 0.019323829397405845
63 v 25 0.03737043617584401
63 w 54 0.012455722927416368
63 x 92 0.021105424538778506
63 y 58 0.019405189555551816
63 z 10 0.004074083335014578
64 d 49 0.13955079227746414
64 k 20 0.16448025726740856
64 o 62 0.0833761497480836
64 r 15 0.2574886712434331
64 u 10 0.106760577197477
65 c 65 0.1888533796839078
65 f 72 0.016036798210837033
65 i 0 0.06875249421580332
65 m 56 0.002562233174650319
65 p 41 0.10051987285921127
65 q 62 0.17594516404563942
65 s 82 0.0007070280959822206
65 t 38 0.12270940946338293
65 u 90 0.15892308639308983
65 w 89 0.11686219310470203
65 y 88 0.008687143155885702
66 a 17 0.0043875936405854965
66 d 31 0.19941323814974043
66 e 53 0.023524584298635576
66 i 16 0.011647290273813726
66 k 73 0.008534706942594061
66 m 78 0.028192339581416093
66 p 36 0.053512718741102305
66 r 55 0.15643772336425776
66 t 82 0.04262676992216474
66 v 52 0.32178910935127125
66 w 90 0.08557496015707
67 b 84 0.004358237569065948
67 c 95 0.05063324587557794
67 d 91 0.037656320180773806
67 f 33 0.05043574877940382
67 g 44 0.021177650786861735
67 h 75 0.07873599059027114
67 i 28 0.013568929211918102
67 j 14 0.07580976516019233
67 k 91 0.001037586576337901
67 l 0 0.1820271913578807
67 m 80 0.009418741410245568
67 n 83 0.021619296121157205
67 o 53 0.0211160517916108
67 p 27 0.02124663356138312
67 q 66 0.0141678093610067
67 r 26 0.0012598446595121215
67 t 21 0.022499691559360713
67 u 73 0.0664259561491265
67 v 34 0.1254734463194226
67 w 50 0.09126854544481922
67 y 86 0.05660689520456619
67 z 39 0.007694852105747607
68 a 78 0.005118892364174843
68 b 90 0.16440489018056204
68 c 51 0.05449702194023198
68 d 89 0.006087681826942859
68 e 50 0.05140155321019291
68 f 75 0.00602725876321597
68 h 23 0.05538427909337584
68 i 96 0.010892925901265005
68 j 90 0.10258811235391696
68 k 94 0.04374340393368081
68 l 74 0.009724751763224071
68 m 35 0.010362707163529272
68 n 1 0.03969228527088042
68 o 59 0.04308846327041305
68 p 52 0.002872357907151124
68 q 60 0.025529502420812533
68 r 28 0.045917404964839426
68 s 29 0.02943698671487771
68 t 63 0.04809696208638381
68 u 64 0.0446573987228952
68 v 73 0.020789601868668295
68 w 80 0.03201838605231899
68 x 29 0.012087073235432233
68 y 31 0.004420987715476166
68 z 1 0.03310895108033296
69 a 5 0.009716404279986546
69 b 23 0.01877121833843831
69 c 58 0.04696465322546395
69 d 45 0.05744898516344965
69 e 68 0.018475953429975545
69 f 72 0.06568685300235977
69 g 53 0.004054956361859041
69 h 86 0.02018268608186291
69 i 2 0.04547925320312496
69 j 89 0.016491589922101646
69 k 92 0.026690029621857403
69 l 24 0.03572419212628197
69 m 62 0.060805869292357095
69 n 20 0.07544161614712108
69 o 77 0.025844045533773286
69 p 11 0.0013995441585229473
69 q 61 0.023571688500547472
69 r 78 0.06331389735390824
69 s 17 0.002178764024271973
69 t 13 0.004156205435106863
69 u 80 0.10548017176039393
69 v 14 0.0595241380970053
69 w 72 0.19777551624780976
69 x 41 0.002661204916176829
69 y 13 6.40095412017816e-05
69 z 67 0.006468055725960986
70 b 58 0.057320914219667785
70 c 74 0.08142801110986797
70 d 92 0.053365088548748774
70 f 80 0.05685162661978993
70 g 85 0.05407997538932119
70 h 1 0.05516952547082765
70 i 52 0.027844990003380476
70 j 26 0.07725352120680373
70 k 60 0.0033630779442463954
70 l 92 0.03042829340057407
70 m 15 0.004169311935464215
70 n 61 0.006618099340025552
70 q 86 0.020156003358701713
70 r 83 0.14660763856030123
70 s 88 0.02301803879370179
70 t 46 0.13646171588543976
70 u 28 0.01413782800804575
70 w 22 0.0013227348074558165
70 x 5 0.026293766868577095
70 y 29 0.09041058939063751
70 z 47 0.015840985965183352
71 a 17 0.05786670618762768
71 b 54 0.11171758682969402
71 e 80 0.024577814575624246
71 g 3 0.11690149273142048
71 k 31 0.000798501954820563
71 m 39 0.08082415543993027
71 o 65 0.17932845653775564
71 q 87 0.06388662657047028
71 v 19 0.07949904520285866
71 w 36 0.021976620610824282
71 x 28 0.0047741019604776724
71 y 46 0.003875705329998924
71 z 87 0.13262603891773006
72 b 62 0.006928328651690019
72 c 80 0.038780358059911646
72 d 62 0.028950624990208507
72 e 19 0.12700224180235198
72 f 62 0.012071002319064217
72 g 11 0.03962804723728819
72 h 46 0.2395788492367522
72 k 21 0.002546751849168083
72 l 80 0.0034594148463981123
72 m 40 0.01957104273970056
72 n 86 0.060943624886994896
72 o 65 0.03269411829097091
72 q 73 0.012464583424132036
72 r 28 0.023240831994148836
72 t 35 0.05186498776261794
72 u 86 0.023702968055780316
72 v 57 0.03497184224537553
72 x 56 0.01999828669907311
72 y 85 0.02602956860671668
72 z 35 0.04731024154442942
73 a 8 0.030076448274982792
73 b 60 0.0007856693256180769
73 d 62 0.01682624910950281
73 e 25 0.04238885738364073
73 f 42 0.0074915708724967445
73 g 30 0.14171482582374928
73 h 50 0.030161341501892203
73 i 77 0.1002547079294317
73 j 66 0.06607698010553642
73 k 3 0.09449724669970794
73 l 46 0.0512454117187503
73 n 64 0.040741888494982836
73 o 88 0.0018845005608477683
73 q 66 0.03139782582558326
73 r 20 0.07015086978730434
73 s 6 0.06692753105258265
73 t 79 0.010706262082000872
73 u 63 0.007676778470880552
73 v 89 0.004236551040324388
73 w 65 0.0537038099041528
73 x 43 0.03307289844099215
73 y 34 0.0587191889642672
73 z 17 0.0217327448453144
74 d 4 0.08605776179998914
74 z 45 0.26913401871389797
76 g 60 0.10588604725428608
77 a 26 0.022258999838068005
77 e 31 0.06148310424118064
77 f 72 0.03909544295313261
77 g 60 0.0036234948077858986
77 h 80 0.18584203270503097
77 j 16 0.07961950654162275
77 k 85 0.028502162578957657
77 l 33 0.033377973049432685
77 m 20 0.002754730149164497
77 n 13 0.04838710337131236
77 o 10 0.05296000167795589
77 p 33 0.053066428650998865
77 r 13 0.11167069780079941
77 s 29 0.048848038484106904
77 t 14 0.13064583970446675
77 w 53 0.01879766832014329
77 x 73 0.000967231464970908
77 y 45 0.01556163996156057
77 z 68 0.044563194067924305
78 f 73 0.22708358680414353
78 h 80 0.6057343351816584
79 a 6 0.05853133972222224
79 c 87 0.01969205107621841
79 f 40 0.013660869331722836
79 g 89 0.0021530079574377803
79 i 56 0.047499587883410244
79 j 39 0.04186056032969543
79 k 75 0.022870021329332246
79 l 72 0.0333505312884399
79 m 18 0.054679691133194486
79 n 87 0.12326383345553027
79 p 86 0.12570036571356225
79 q 17 0.00831244364325101
79 s 82 0.09461010669650816
79 t 38 0.13018402585839217
79 u 12 0.020617672509256058
79 v 29 0.08366614707212738
79 w 81 0.03894375322040611
79 x 89 5.769815790068744e-05
79 y 68 0.031196443705262977
81 b 26 0.08446589263855897
81 c 24 0.022964574557388095
81 d 17 0.015002920108733275
81 e 60 0.019089959987672156
81 f 44 0.0188071392179312
81 g 9 0.05079604957088246
81 i 85 0.029516243612338955
81 j 35 0.03805145054210535
81 m 28 0.034350248845189446
81 n 28 0.03919371623001855
81 o 63 0.000909572156988836
81 p 84 0.021781502078139114
81 q 70 0.013879567577290586
81 r 8 0.1118685848858545
81 s 50 0.08686561453566044
81 t 74 0.017990159915443615
81 u 26 0.2553785657668458
81 v 0 0.05114024691508057
81 x 25 0.0363192039773802
81 y 44 0.031133547936537553
82 b 61 0.001735509601721974
82 d 47 0.011388567848560904
82 e 57 0.010245213501171468
82 g 65 0.23710289164624787
82 h 51 0.06702927042253437
82 i 77 0.032344124027843923
82 j 96 0.15884214226604498
82 k 72 0.011378599536407963
82 l 54 0.007847341102174221
82 m 22 0.10237978120798452
82 n 55 0.009541496162670748
82 o 8 0.016948038376875307
82 p 42 0.02126458898977135
82 q 40 0.015418866509142148
82 r 76 0.019248077140614606
82 s 58 0.001348900647834994
82 u 95 0.09618362792377222
82 v 69 0.023048991663710217
82 w 85 0.01813942024885351
82 x 39 0.027756451596027132
82 y 82 0.009296400998478394
82 z 37 0.0652978298009721
83 a 1 0.08042415106801892
83 b 3 0.04527198399062671
83 e 44 0.03184144306959624
83 f 66 0.008880387124265421
83 g 37 0.019740186072560117
83 h 4 0.048209136904718286
83 i 19 0.10708233817881274
83 j 55 0.030846875393073292
83 k 23 0.03260536058949348
83 m 86 0.06062792052503241
83 o 69 0.06079862134068981
83 q 52 0.016804185554368023
83 s 6 0.04844061209763828
83 t 96 0.1183642773902932
83 u 67 0.04469557508203981
83 v 75 0.0033280834362228173
83 w 46 0.13276678301304934
83 x 29 0.0167936013471921
83 y 55 0.04977105452964803
83 z 50 0.03550505385614722
84 a 29 0.04046960932129928
84 b 93 0.09148789845181993
84 c 96 0.009774831741549805
84 d 3 0.011152685641769078
84 e 89 0.014181983195178716
84 f 63 0.02476058193914621
84 g 68 0.026994243652930017
84 h 42 0.1327718351634234
84 i 94 0.0037362596886917343
84 l 54 0.018170191458077523
84 n 46 0.08652538747507277
84 p 56 0.06533045403218274
84 q 28 0.045461207303500006
84 r 95 0.09685282356402869
84 s 56 0.0003867770567818063
84 t 88 0.06299053529531229
84 u 18 0.005867000085873153
84 v 17 0.01925358775203334
84 w 8 0.07683514177587436
84 x 32 0.025456582634240665
84 y 11 0.011425086091333081
84 z 81 0.046373462968331114
85 a 82 0.18738523216905723
85 b 56 0.017044795750369768
85 c 23 0.02090549562801325
85 f 36 0.012686128591830381
85 g 49 0.10119510192518966
85 i 6 0.04316585609537027
85 j 6 0.09550048241229236
85 l 96 0.0917997200891495
85 r 10 0.02498873890863562
85 s 71 0.1543320043401637
85 t 27 0.022898910399543726
85 u 80 0.03312153014287755
85 v 65 0.08735605618982512
85 x 93 0.029088228173440478
86 a 88 0.01440502226298257
86 c 25 0.017312215780493467
86 d 34 0.0921520082216487
86 e 28 0.11259606855409321
86 f 11 0.13747525443594877
86 h 14 0.017491966814626725
86 i 0 0.039279420028877854
86 j 66 0.10005035529790318
86 l 1 0.011237992753150627
86 n 64 0.005860954138977581
86 r 6 0.007227500609589987
86 s 45 0.04899459441164411
86 v 38 0.09789373777278487
86 w 93 0.10856274753676864
86 x 65 0.12633745296824916
86 y 0 0.006052513676798932
86 z 85 0.0038462295448697947
87 c 57 0.22361455168455757
87 k 70 0.08043577179699535
87 l 29 0.21420124806316598
87 m 27 0.03447439055290069
87 n 41 0.3180844583413651
87 p 47 0.09457130263566182
88 a 52 0.0925055362257079
88 c 73 0.03538303175009461
88 d 52 0.03333655245682354
88 e 29 0.011687327343903653
88 f 23 0.07964965243249755
88 g 73 0.1264060316905763
88 h 95 0.06483743616657167
88 j 25 0.015062043894909838
88 k 59 0.015698703184641172
88 l 33 0.05225396859405518
88 m 18 0.006529785895332929
88 n 28 0.015404133592740732
88 o 0 0.13627561959533963
88 p 33 0.007043384333513147
88 q 53 0.015275683758778746
88 r 13 0.012465601159594275
88 u 51 0.07866798977966072
88 v 50 0.025674339313409567
88 w 95 0.004046269856604168
88 y 85 0.046380511525240586
88 z 0 0.013661660898618533
89 a 94 0.035014288601249555
89 b 43 0.10499241905350098
89 c 84 0.006817430217682663
89 d 48 0.0056742542093950465
89 e 29 0.037075386148867295
89 f 65 0.005343132038514553
89 g 33 0.08384243055884033
89 h 42 0.003613002753917627
89 i 49 0.062161302634903826
89 j 23 0.01591750295700156
89 k 78 0.0021559374223675265
89 l 79 0.0028081361799175975
89 m 24 0.013405017781738082
89 n 96 0.06357417798274756
89 o 47 0.047623675048543146
89 p 1 0.023534809270364665
89 q 15 0.05779027914317858
89 r 83 0.06330923714821635
89 s 24 0.055274014462019516
89 t 52 0.002269340029770861
89 u 1 0.00941309997691131
89 v 44 0.04791841778082673
89 w 65 0.0002634191133135122
89 x 58 0.004885825777894759
89 y 48 0.04378313261095568
89 z 61 0.1746925575192262
90 b 51 0.03398111566527984
90 f 23 0.016232487878988233
90 g 59 0.12718900537863131
90 j 72 0.009675182227428358
90 n 70 0.2366630237235331
90 p 36 0.0891454889392691
90 r 10 0.16599224750100883
90 s 90 0.09541599639463472
90 w 14 0.03309071174550904
91 b 91 0.00474137932889096
91 f 57 0.01079053043913536
91 g 55 0.03693673091557326
91 h 43 0.0928978960621889
91 i 8 0.1954804399448653
91 j 74 0.002500516079388171
91 k 31 0.010474665246906989
91 l 36 0.0538917336135557
91 o 25 0.09619889208737553
91 s 46 0.11951164826945648
91 t 30 0.08817537767431138
91 u 28 0.05991591103491367
91 v 50 0.05101272165004722
91 w 92 0.007158231052880604
91 x 75 0.1360393243983905
91 z 95 0.022998479751994205
92 a 47 0.12735238604498356
92 d 56 0.48414393406173273
92 z 19 0.27652022399295173
93 a 80 0.011655991327532256
93 b 64 0.05261933081058934
93 c 19 0.008510582476567663
93 d 9 0.05855399456964683
93 e 45 0.029001385517510747
93 f 18 0.029419812806825707
93 g 51 0.09911421201059112
93 h 30 0.04531141009959738
93 i 32 0.008702391479347038
93 j 2 0.01141864719931962
93 k 42 0.02517133010800654
93 l 53 0.028643233004466806
93 m 28 0.0271307859147768
93 n 0 0.008259169482097262
93 o 24 0.07818666745997305
93 p 55 0.039663227297158765
93 q 34 0.00494230041776389
93 r 20 0.10241340457324655
93 s 57 0.013442671431762476
93 t 63 0.006320690657802719
93 u 92 0.04342349508991039
93 v 36 0.02167966610350336
93 w 44 0.005327893559491703
93 x 38 9.22825697683427e-05
93 y 93 0.09949644415721048
93 z 26 0.09109210859361416
94 a 42 0.026320634594434567
94 b 85 0.026468348894946425
94 c 26 0.026586118452496588
94 d 27 0.04401763396303071
94 e 73 0.14510002011918754
94 f 33 0.029699714043364467
94 g 8 0.08369612178192576
94 h 32 0.07021219983340476
94 i 11 0.020616069805594384
94 j 19 0.039871014443658925
94 k 11 0.012650858412158517
94 l 23 0.029443380532744534
94 m 50 0.028615883887798566
94 n 6 0.002903863210742541
94 p 86 0.08059787882606928
94 q 82 0.07064468038764316
94 r 3 0.05952107404662732
94 s 38 0.016204631756329024
94 t 14 0.08741509296668892
94 v 17 0.001519473648022407
94 w 23 0.015192130133764081
94 x 48 0.06117309747645383
94 y 50 0.010041271073038871
94 z 85 0.0009343784210442685
95 e 47 0.17998809951415629
95 o 36 0.6177803468667106
96 b 30 0.14161260067738735
96 e 46 0.019922022572401055
96 g 91 0.041093487388995986
96 h 12 0.052704967425296734
96 i 21 0.06341291011699712
96 j 86 0.020094621300193016
96 k 29 0.04425724345341653
96 n 42 0.016767985452618817
96 o 17 0.04072582660019708
96 p 64 0.05444431015504969
96 r 85 0.10255874871599746
96 s 1 0.03714453489676117
96 u 37 0.006014591228015065
96 v 49 0.0409929277580825
96 y 20 0.13127212056372317
