68 26 941
0 0.08995717618286281
0 0.007485734900761543
0 0.24651064317058047
0 0.023203252429800703
0 0.006549572272507964
0 0.01503230959664792
0 0.013962446457098987
0 0.18769463499328343
1 0.3208753021148688
0 0.003530860061943475
0 0.0395381649562454
0 0.08632949729323958
0 0.021871340975301745
0 0.1527455660201773
0 0.013282619558778297
0 0.11226231221777072
0 1.0
0 0.009976957037512335
0 0.27942383485441835
0 0.03156403387398976
0 0.09754981928028139
0 0.047990097182989855
0 0.05411171598220077
0 0.0933854247442405
0 0.049913342540789496
0 0.023819932462520232
0 0.006882019371723724
0 0.05272180957393047
0 0.02941548590124521
0 0.06269419550069166
0 0.01676461679390462
0 0.8666267581590075
0 0.25294664170490255
0 0.007897265605777415
0 0.025591813213996173
0 0.007305575723416613
0 0.07348886692423584
0 0.06687062316731562
0 0.07411865648242388
0 0.04904725959303624
0 0.0666391371159708
0 0.20192329252830132
0 0.003595939839941553
0 0.07990244285900416
0 0.005862471605799224
0 0.1342044373750172
0 0.011294681987170763
0 0.09604428411843091
0 0.023774324677378944
0 0.006778640309169415
0 0.023239663296518054
0 0.0014876248971180672
0 0.025810939213313677
0 1.0
0 0.03927862750232669
0 0.05563354715261415
0 0.3672100980952272
0 0.035416157786729796
0 0.07885845523113255
0 0.0196164233022027
0 0.007156425620353679
0 0.17196558771998327
0 0.06544089543873777
0 0.15150533693030177
0 0.6962426078600307
0 0.7872701670881627
0 0.19435873436521045
0 0.002883228624310341
0 a 54 0.13617840289725391
0 f 66 0.08945511001772255
0 g 37 0.13991190274272847
0 j 39 0.09612289428342669
0 k 43 0.06925530182720363
0 l 18 0.07899875305292281
0 o 15 0.005986496596668278
0 v 48 0.012542168222756
0 w 15 0.2540036232588966
0 y 8 0.027588170917558275
1 a 16 0.0013693086087732675
1 b 36 0.015438438787204523
1 c 36 0.029844460635375603
1 d 8 0.024675753184354776
1 f 9 0.022001704145862888
1 g 11 0.04493635454477862
1 h 43 0.02149969761899717
1 i 17 0.002664455649601827
1 j 14 0.026404060193545575
1 l 27 0.03039853805923698
1 m 40 0.01480679942884744
1 n 23 0.16331433641034465
1 o 32 0.0003294331815760776
1 p 41 0.0033391741931554364
1 q 26 0.1520694226352095
1 r 19 0.04219462085847436
1 s 6 0.10252301771287009
1 t 34 0.13882117405705696
1 u 29 0.008597830751661317
1 v 12 0.023812901592012437
1 w 14 0.013490169299526178
1 x 52 0.037700173017044536
1 y 1 0.013015030053565524
1 z 42 0.05926741048016271
2 g 54 0.30808746155710043
2 j 62 0.2603480896059136
2 n 1 0.06173302629631838
2 z 55 0.12332077937008712
3 a 3 0.00594868903163126
3 b 60 0.15440768653314185
3 c 57 0.14554058039648432
3 e 0 0.04224885820377877
3 g 40 0.02531400522778915
3 i 29 0.011006091076954494
3 j 23 0.020600410447660145
3 k 13 0.02477445080201024
3 l 23 0.018098666408222996
3 m 4 0.026768998156245116
3 n 48 0.020532436460446113
3 o 38 0.018637488765885113
3 p 31 0.04775176929715408
3 r 39 0.016336330179169467
3 s 39 0.05225244080402691
3 t 7 0.026123004224838153
3 u 0 0.016068868226153055
3 v 11 0.025529592011515723
3 w 42 0.02227468148992895
3 y 46 0.034892527131497486
3 z 59 0.2216891726956659
4 c 52 0.00647576365670699
4 f 64 0.07050350633507241
4 g 7 0.008791978296281311
4 h 37 0.07196433507552702
4 i 14 0.05735274961935821
4 j 2 0.097208626321029
4 l 67 0.049687760016657534
4 p 46 0.011329978962777765
4 q 38 0.07212560282233293
4 s 22 0.056751246048228565
4 t 29 0.17429702974462602
4 u 6 0.11638879717934936
4 v 40 0.03805856397031515
4 w 40 0.02554520560452833
4 x 24 0.05380982574657911
4 y 56 0.08315945832812233
5 c 9 0.014786602006557348
5 d 13 0.009416294388679192
5 e 46 0.05976803782054818
5 f 65 0.044982245808164345
5 g 52 0.02728364370449854
5 i 21 0.01708858780496747
5 j 33 0.025850334997660096
5 k 50 0.0057059224256023056
5 l 53 0.04653220043865858
5 m 64 0.12728583516703507
5 n 20 0.020707253992764296
5 q 36 0.1669368547256841
5 r 14 0.08637812078234719
5 v 18 0.008759172498780443
5 w 39 0.047129243635287255
5 x 33 0.15489830420458628
5 y 38 0.11569355680996896
5 z 19 0.00576547919156245
6 a 56 0.02642413231970553
6 b 48 0.02091572900033889
6 c 52 0.007399532353911997
6 d 63 0.07003348604979265
6 e 12 0.03005479720616666
6 f 26 0.06223832478149638
6 h 40 0.02456674963688743
6 i 46 0.07357947932386522
6 j 31 0.008634826288928754
6 k 65 0.04272564840704873
6 l 46 0.047196809437848763
6 m 58 0.13453684506296382
6 n 50 0.12298082228271956
6 o 22 0.03861305757889144
6 p 39 0.011108162818378009
6 q 42 0.03700228275723516
6 r 18 0.020095747049557855
6 s 64 0.013919016260924622
6 t 44 0.011742949511294842
6 u 4 0.07998294138557882
6 v 27 0.0032230867772437
6 w 25 0.020974262113579556
6 x 32 0.004072290611587648
6 y 23 0.07401657452695498
7 a 53 0.0066926674075986625
7 b 21 0.01289765520724706
7 c 39 0.029863350371500785
7 g 37 0.033470766691089615
7 h 18 0.07136975222471176
7 i 1 0.03256829569171249
7 j 22 0.06977339753733669
7 k 10 0.027916362769837333
7 l 43 0.08614499939669895
7 m 55 0.00897402610032616
7 o 35 0.021844609737257104
7 p 27 0.11419901237695329
7 q 29 0.143355192087103
7 r 12 0.04760424191159318
7 s 34 0.07858773984082312
7 w 65 0.0004863180090177721
7 y 53 0.012591330506249943
7 z 22 0.013965647139659643
8 o 41 0.47963629951305564
8 z 67 0.19948839837207555
9 a 54 0.0377492805977071
9 b 3 0.05039016081263803
9 c 29 0.0787831039388035
9 d 18 0.053891018241742694
9 e 32 0.018050796585312945
9 f 4 0.05636019194638364
9 g 35 0.012457879150182705
9 h 26 0.12553588328446952
9 i 56 0.005180912931718407
9 j 53 0.031856775099298296
9 k 64 0.07484992417420422
9 m 47 0.042875953791336685
9 n 44 0.0874723288729492
9 o 2 0.029305400492740108
9 p 55 0.01702783280356912
9 q 29 0.13153799125285437
9 r 50 0.01034614525743649
9 s 30 0.015355886667877683
9 t 53 0.002790643720506525
9 u 28 0.0032281850020705605
9 v 47 0.007178076912493281
9 w 28 0.04405770889378369
9 x 8 0.05410149059791247
9 z 4 0.0060855689100652866
10 b 34 0.04609299972729086
10 c 1 0.04770130904967296
10 d 37 0.002759049241566447
10 e 51 0.02468933825266062
10 f 44 0.10229106127204068
10 g 6 0.006700244365634878
10 h 16 0.005407334854874213
10 i 6 0.10798489281695278
10 j 45 0.04347191040737963
10 k 22 0.05200999439890297
10 l 26 0.05305657104711692
10 m 60 0.03528694112986164
10 n 17 0.09102589914490256
10 p 4 0.012021969242446473
10 q 65 0.035694671339383754
10 r 39 0.036244087737877684
10 s 20 0.02191938844573238
10 t 58 0.006430684702304013
10 v 4 0.023420109139797418
10 w 35 0.07491094633993134
10 x 60 0.000348402915181234
10 y 65 0.13099402947224315
11 p 6 0.9136705027067604
12 a 65 0.004049477892285935
12 d 43 0.09822683994391312
12 e 50 0.017851382091434664
12 h 36 0.07573066476759427
12 i 43 0.14373390100330208
12 j 1 0.14308537937848553
12 k 30 0.04299790971686357
12 o 55 0.05221872571439701
12 p 0 0.1890192576277948
12 r 24 0.006526047874477969
12 v 16 0.05596378851321371
12 w 57 0.06449285106014957
12 x 27 0.008411219513813295
12 y 27 0.017751696504917147
12 z 43 0.05806951742205557
13 a 36 0.0220706719687076
13 b 47 0.046121321688053496
13 d 60 0.021369283937787253
13 e 38 0.10731497632447362
13 f 60 0.12663662487274296
13 h 67 0.0523238293661239
13 i 66 0.021514056900248768
13 j 2 6.843811049295212e-05
13 k 1 0.08395564866278804
13 m 67 0.0296663766493791
13 n 55 0.018798331548836034
13 o 36 0.15621487592129002
13 u 15 0.043020970826507576
13 y 57 0.021684721683513986
13 z 17 0.09649430551887739
14 a 62 0.034402972493559836
14 b 9 0.015230365491769704
14 c 15 0.035482841894696304
14 d 47 0.013035121568964914
14 e 12 0.0040320421456002675
14 g 29 0.11107266807440486
14 h 35 0.030000851980536924
14 i 61 0.0731373634565119
14 j 33 0.027686363871225805
14 k 22 0.00378122296392136
14 l 50 0.1278254422840147
14 m 58 0.058237869790989216
14 p 5 0.04977208402720934
14 q 60 0.020407397512829606
14 r 29 0.0348404638426032
14 s 58 0.008133099414077583
14 t 19 0.10925326328520912
14 u 10 0.041827734898840174
14 w 6 0.005356394896145367
14 x 3 0.04088505593409841
14 y 53 0.09986150959563611
14 z 46 0.042455251018376994
15 a 28 0.09573897364052009
15 b 43 0.014501819569232688
15 c 55 0.08041311635400439
15 e 7 0.08654149099300523
15 f 42 0.09121940867343947
15 i 3 0.031589094968846876
15 j 41 0.08781924602134183
15 m 36 0.21725525100620224
15 n 55 0.01728530443390819
15 o 52 0.060738995324094436
15 q 57 0.010629389010603063
15 r 62 0.01971309003801902
15 s 22 0.020361818540522214
15 t 55 0.022279678864522978
15 w 39 0.018912515268671437
15 x 27 0.007267942619397338
15 z 4 0.005470552455897781
17 a 19 0.005264840343740529
17 c 67 0.05130520076869538
17 d 23 0.08538809007750237
17 f 22 0.014774108105588657
17 g 30 0.020137217364554538
17 p 11 0.010695858129484037
17 q 12 0.42270339314878846
17 s 3 0.16704266375350385
17 t 6 0.02551065086259008
17 u 36 0.003929951313284774
17 v 60 0.05012851338432456
17 w 20 0.043408551449101274
17 x 7 0.03124036932190377
17 z 61 0.05849363493942539
18 i 31 0.32682449593718943
18 m 55 0.1946341062834237
18 x 2 0.19911756292496852
19 b 58 0.05436527483244746
19 d 56 0.1986129865561148
19 e 56 0.07633834643292658
19 f 29 0.035926575557576945
19 g 49 0.02766756226223155
19 h 15 0.0351111031340523
19 i 20 0.0303867696283453
19 j 43 0.02139786228704532
19 k 59 0.009771419889179955
19 l 4 0.06011981873958272
19 m 31 0.04924958420327197
19 o 25 0.03243729408801421
19 s 39 0.022982712798034433
19 v 13 0.015355554560592566
19 x 39 0.21501848078074404
19 z 63 0.08369462037585007
20 a 41 0.018147105892439397
20 b 32 0.03765475804481033
20 c 52 0.17458199657137818
20 d 43 0.09417650781127895
20 e 25 0.022078910194587298
20 f 7 0.026066372502916657
20 g 28 0.005168840099587291
20 h 16 0.001170550664081782
20 i 36 0.003921155711504087
20 j 3 0.027155653054505513
20 k 11 0.06490279547570388
20 l 41 0.006054769804828886
20 m 50 0.005272773825651389
20 n 22 0.04252209675217011
20 o 32 0.01941425641390937
20 p 21 0.005545715188942757
20 q 59 0.03790911580050571
20 r 66 0.048610865941733694
20 s 31 0.008071082741038182
20 t 17 0.018426431238862784
20 v 15 0.01757564002397205
20 w 21 0.10673547849849196
20 x 0 0.021979170736737053
20 y 17 0.08930813773008128
21 a 35 0.053869531850810115
21 b 35 0.0073367249564604275
21 c 13 0.023891339010448376
21 d 2 0.03389349373732253
21 e 43 0.060762755801478385
21 f 56 0.06548085077418608
21 g 46 0.06856612001254236
21 h 53 0.050462014397466226
21 j 47 0.047109612022976255
21 l 16 0.04709472916549606
21 m 10 0.031760319112589364
21 n 30 0.07494785833475537
21 o 40 0.010585799192664114
21 p 3 0.0019016202766934942
21 q 35 0.0903090850678675
21 r 46 0.008042495442843967
21 s 27 0.046952620051397664
21 t 43 0.002243550293772989
21 u 66 0.0030702151226568164
21 v 23 0.014631287441112528
21 w 45 0.031242991815214838
21 x 8 0.15581479406534082
21 y 17 0.006843400255076237
21 z 7 0.015196694615837614
22 a 57 0.12195230127232315
22 b 37 0.019665214660163133
22 c 23 0.017363527345061858
22 d 40 0.010453075653568233
22 e 66 0.0226946246505757
22 f 31 0.12377425670727149
22 g 46 0.06615033145577487
22 h 18 0.007691697494508931
22 i 65 0.048801319469386484
22 j 63 0.030399753861846457
22 k 40 0.022670388653612816
22 l 44 0.021495068024465436
22 m 52 0.0036509067592186417
22 n 18 0.028037660325783587
22 p 18 0.003142244853378995
22 q 37 0.021411632686783477
22 r 37 0.03775250935903751
22 s 28 0.027095051780699153
22 t 56 0.014656085827471577
22 u 54 0.10733383184921064
22 v 4 0.005639387261873741
22 w 52 0.003831640822847815
22 x 22 0.060033005077399615
22 y 15 0.05706146183466709
22 z 24 0.06313130633086883
23 a 61 0.01048475946967764
23 d 26 0.10045863970684843
23 g 16 0.040975152522314096
23 k 16 0.14343065916517006
23 p 56 0.6112653643917493
24 b 14 0.10416878548677111
24 c 2 0.08782954412346278
24 d 3 0.0015883404896382958
24 g 44 0.12045250972704724
24 i 8 0.08665234993243565
24 j 28 0.14534671071136473
24 l 45 0.02838218201502507
24 m 61 0.11060161989679163
24 n 3 0.049544862775153686
24 w 53 0.08273712825040247
24 y 66 0.10478562622028298
24 z 4 0.02799699783083487
25 a 57 0.004037360552435421
25 b 62 0.021836717419661977
25 c 66 0.11759463697161754
25 d 23 0.021697920298145212
25 e 8 0.060405625176013
25 f 57 0.08496814374100992
25 h 58 0.012438744297800786
25 i 2 0.05097760323122691
25 j 39 0.004922033924820601
25 k 56 0.00439181755440099
25 l 25 0.14037998005440488
25 m 6 0.026112006102912533
25 n 32 0.00030166513403317996
25 o 28 0.07630275856523883
25 p 21 0.02175289433139671
25 q 0 0.07798313101440635
25 r 25 0.005873591199491712
25 s 20 0.02300428280471367
25 t 62 0.06572195158246197
25 u 7 0.028970583109451442
25 v 41 0.055373323918773365
25 w 16 0.03803242337732948
25 x 15 0.031265643501286355
25 y 38 0.0006861567545470848
25 z 57 0.0011490729198998517
26 c 8 0.17018314939596801
26 d 51 0.17470630630668416
26 f 2 0.11325110166792629
26 i 38 0.13430170672556474
26 s 65 0.09206813141605041
26 x 49 0.30860758511608266
27 a 57 0.03871412550783504
27 f 18 0.04471138778382022
27 g 62 0.015739108411457536
27 i 27 0.0698750363981907
27 l 58 0.12460115524435278
27 n 9 0.08339326347408749
27 o 8 0.1070751866002222
27 p 20 0.07930583548538961
27 q 58 0.035932481022115104
27 s 64 0.017193105772887574
27 t 60 0.0796620102043386
27 v 32 0.12562777153869142
27 x 55 0.09009642861029143
27 y 53 0.03535129437238982
28 i 20 0.1237674604847172
28 k 24 0.03377882731894766
28 r 28 0.36357810020033166
28 z 62 0.44946012609475827
29 a 66 0.11726914414372847
29 b 62 0.03884617460923423
29 d 60 0.03208027796333912
29 e 5 0.02059781310559783
29 f 60 0.0063638869498163775
29 g 7 0.023682240456808445
29 i 64 0.0017803649670572463
29 j 67 0.03059384315248692
29 k 17 0.03839415457063522
29 l 14 0.0275517589892742
29 m 7 0.12375151686063535
29 o 2 0.09404075987564586
29 p 0 0.0024569555244420282
29 q 42 0.018880082028235434
29 r 39 0.038789856164422876
29 s 20 0.11668367115317557
29 u 18 0.0794409973015252
29 v 21 0.05959008597042725
29 w 60 0.008740623871280051
29 x 58 0.02076517945345513
29 y 18 0.022194002845195793
29 z 54 0.01481241454288973
30 a 20 0.019204394510555
30 b 45 0.014943964721566338
30 c 31 0.0007321400556147273
30 d 49 0.07993225418501781
30 e 38 0.02419161547285853
30 f 40 0.020275852401976824
30 g 52 0.029357334742474372
30 h 11 0.012493489311409145
30 i 2 0.023922683816544388
30 j 60 0.052161207634766615
30 k 12 0.03422955168812625
30 l 48 0.005993766793505717
30 m 48 0.004376001844800248
30 n 56 0.12937555318997562
30 o 52 0.003998583071033179
30 p 21 0.03430797669658214
30 q 63 0.11424805871465282
30 r 61 0.06201644823748809
30 s 53 0.015533550370712246
30 t 10 0.08119853927655318
30 u 51 0.05042146770102185
30 v 33 0.14412899341462593
30 w 20 0.007370474914807246
30 x 19 0.003125528491125684
30 y 27 0.013597423710424827
30 z 42 0.0020985282378765957
31 j 27 0.13337324184099253
32 e 40 0.10851966077144637
32 f 35 0.014515494932782702
32 h 26 0.08091379098514984
32 j 37 0.028036769714012033
32 k 55 0.04830655587636745
32 m 51 0.0214376417904516
32 o 43 0.05750744770668281
32 r 67 0.06142815713375005
32 s 14 0.047775948201632
32 t 46 0.1289564267066039
32 v 10 0.04719550997294597
32 w 25 0.10245995450327272
33 a 5 0.05708796140521988
33 b 30 0.026211555218737748
33 c 46 0.03460088231142133
33 d 51 0.05284096610700262
33 e 39 0.14094349720594002
33 f 38 0.00852629279850503
33 g 24 0.02507559161112838
33 h 41 0.0407418401784746
33 i 23 0.0015917933140658924
33 m 38 0.06845075312532611
33 o 21 0.2738871961024324
33 q 56 0.01268782540659974
33 s 30 0.018355521148915477
33 u 39 0.04824759383227317
33 v 26 0.03631286930057276
33 w 16 0.014405283992584783
33 x 47 0.07326555934743861
33 y 66 0.05045745544563096
33 z 34 0.00841229654195308
34 b 36 0.11102372346958367
34 d 63 0.013666153059613162
34 h 62 0.25577528974649355
34 m 8 0.036263341988176157
34 p 50 0.5576796785221373
35 b 28 0.041704053420038245
35 e 35 0.2789412165272941
35 f 11 0.00617461248646578
35 g 16 0.03532086798735801
35 i 3 0.00836607880877005
35 j 47 0.13045994158571772
35 k 20 0.006782249820667774
35 l 18 0.009217350720458817
35 m 41 0.015803714472197194
35 n 28 0.0731742821164989
35 q 48 0.03100608198105903
35 r 1 0.02699553048210901
35 s 50 0.014053998437564497
35 t 49 0.057386691261940515
35 u 58 0.01615671206307623
35 v 52 0.10321289498333563
35 y 20 0.11382594437125426
35 z 13 0.024112202750777634
36 b 17 0.10299026868718375
36 c 10 0.013375926811842187
36 d 44 0.10544547400869275
36 e 1 0.0036239859764791715
36 f 45 0.00327359229602997
36 g 23 0.05987525852589748
36 j 29 0.022639095690703548
36 m 47 0.11950949265978728
36 p 42 0.019301534372610507
36 q 22 0.17328567342818413
36 r 49 0.10076597598993797
36 t 7 0.05035735670033015
36 v 15 0.03926303121999242
36 w 0 0.054788294135472815
36 x 1 0.01135652696994549
36 z 67 0.04665964560267455
37 h 28 0.0306486243601789
37 j 12 0.04137287904062925
37 l 51 0.0080990635657614
37 m 37 0.0033448709497528872
37 n 20 0.053762224292301264
37 o 21 0.22049255384155275
37 p 24 0.08811940884513125
37 r 67 0.1912561278432895
37 s 24 0.017109176199287868
37 v 55 0.2264400976104235
37 x 27 0.052484350284375814
38 b 31 0.08626076123451543
38 e 1 0.16607718462269083
38 f 40 0.0066166825378194405
38 h 65 0.040755841599093956
38 j 59 0.07200379586852212
38 k 31 0.08274302398334388
38 m 67 0.20874253476546623
38 n 48 0.013811381079289142
38 r 56 0.029110665227399246
38 t 6 0.10231064269041834
38 y 4 0.03303068023861189
38 z 50 0.08441814967040562
39 a 5 0.09012696926307928
39 b 27 0.03718022384762232
39 c 66 0.07785805506148102
39 d 15 0.04209874694297522
39 e 43 0.029676795301292636
39 f 12 0.02940863910804259
39 g 63 0.014386204257417101
39 h 33 0.037579893205648585
39 i 25 0.0006128346315813493
39 j 26 0.14988658962555412
39 k 61 0.015718073992231796
39 l 64 0.0019435796396193306
39 m 29 0.0023893516839909035
39 n 64 0.02214918347849104
39 o 30 0.042251835623919765
39 p 34 0.019030417450633275
39 q 30 0.10664056123892951
39 r 10 0.09391458072324832
39 s 18 0.04330558217413538
39 t 10 0.055590940054737636
39 v 44 0.014624713755306162
39 w 58 0.007792463127462512
39 x 43 0.008355041453589895
39 y 24 0.004094862610503736
39 z 5 0.0043366021554702705
40 d 55 0.006545455068841521
40 e 66 0.02676570576751458
40 f 56 0.03635290769950572
40 g 15 0.05328447630949584
40 h 43 0.01914618883987962
40 i 67 0.0019103738078758425
40 j 0 0.12722767488217712
40 n 66 0.01112178177431733
40 o 34 0.05608677228348624
40 r 40 0.10595898489595523
40 t 23 0.001200053063597828
40 v 38 0.054069717343140034
40 x 66 0.021260688980244913
40 y 48 0.24675256374425703
40 z 55 0.16567751842374034
41 b 6 0.0025488140382045055
41 c 55 0.022296623232059942
41 e 21 0.014002463730839132
41 g 17 0.058613823355060046
41 h 9 0.01808734200449258
41 i 35 0.014631206380417816
41 j 9 0.045844724934135495
41 k 12 0.04226169095591681
41 l 42 0.06162760438179171
41 m 51 0.05415569247459717
41 o 18 0.017619298473537937
41 q 9 0.10990931412482419
41 r 29 0.03208511115975343
41 s 29 0.022228303862745435
41 t 48 0.04826258857212362
41 u 31 0.05349291103485976
41 w 19 0.15961367339582688
41 z 36 0.020795521360512215
42 a 7 0.10592704650928375
42 d 55 0.15531216008462678
42 e 57 0.10408664216191577
42 f 56 0.0015554435531142108
42 g 24 0.04356801741246896
42 h 64 0.09999587130814447
42 i 56 0.0374236643409811
42 j 22 0.008559258026071603
42 k 21 0.007632658423658345
42 l 53 0.0259751107571784
42 m 63 0.005272291693025899
42 n 11 0.05461894422851665
42 o 23 0.029806377137616025
42 p 14 0.01245257538030553
42 q 17 0.0022106052378464414
42 r 44 0.10516717921336449
42 s 24 0.06590968902418537
42 t 61 0.05223946076743102
42 v 61 0.012661723465532404
42 w 64 0.0012477282339993234
42 x 25 0.05823455484073703
42 y 1 0.006547058360054869
43 a 50 0.02879430689339557
43 b 59 0.1541930257379257
43 c 34 0.09105380575809818
43 f 57 0.02767048359116775
43 g 57 0.03881965558326672
43 h 53 0.1378780765770502
43 i 67 0.0010257827264399388
43 l 40 0.011444360370335138
43 m 31 0.07163965146966345
43 o 13 0.004313817335542036
43 p 21 0.03614196047360063
43 u 47 0.16364152105311092
43 w 16 0.0483856828858531
43 x 33 0.022233733713804438
43 z 49 0.08286169297174206
44 a 65 0.0031233674119309773
44 b 27 0.004945630253240463
44 f 56 0.028091617491942555
44 g 34 0.1786945980859478
44 h 54 0.11882777137084888
44 j 45 0.008635547440832725
44 k 52 0.01826541291697792
44 l 47 0.007649471812454456
44 m 65 0.032229745705248725
44 o 8 0.06872814457433618
44 p 54 0.08303722517332424
44 q 18 0.004469824487240204
44 s 67 0.014424823360657202
44 t 34 0.10665003154427266
44 u 7 0.17823180899358038
44 v 36 0.029319302735096198
44 w 19 0.06993440185626953
44 z 41 0.0388788031799997
45 a 48 0.8625037646240027
45 d 56 0.0032917980009801173
46 i 37 0.05516697737548604
46 k 50 0.048966083289660456
46 p 39 0.03642700791238074
46 v 66 0.5317107605257715
46 w 6 0.09357071876951117
46 y 17 0.22286377014001935
47 b 33 0.024170569615126758
47 e 53 0.15043737773836685
47 h 57 0.07325384060354923
47 k 26 0.0637357958805469
47 m 14 0.09597094209014467
47 s 61 0.20108882230626413
47 x 40 0.29529836764757056
48 a 44 0.09059230052188072
48 c 30 0.14794744301592822
48 e 50 0.1603787852019437
48 f 35 0.05678029538391893
48 g 57 0.09534765762653297
48 k 6 0.10336755212154525
48 m 39 0.028343331945105965
48 v 61 0.08638009265033408
48 y 39 0.08731714515282696
48 z 25 0.11977107170260426
49 e 42 0.08755751461865002
49 g 26 0.07669858718870803
49 h 50 0.15625611559301122
49 i 56 0.07110124607175872
49 k 19 0.02338586815419974
49 r 58 0.05512505868737072
49 u 18 0.21021988104561684
49 v 5 0.26175465175381396
49 w 35 0.051122436577701325
50 a 40 0.03674640958029329
50 b 61 0.017866354586778654
50 c 9 0.0024807122520149605
50 d 54 0.06581673110243047
50 e 15 0.06404377190636124
50 g 50 0.010264773556957763
50 h 0 0.039658395223848064
50 i 38 0.09689503650683906
50 j 20 0.02088212972259973
50 k 21 0.059878286634734046
50 l 13 0.07522729845776321
50 m 58 0.008163031602399173
50 n 36 0.08938141220089668
50 o 8 0.07044698048441667
50 p 28 0.017649526071325194
50 q 67 0.053699322697635
50 r 63 0.00814729529818592
50 s 49 0.01364619027148739
50 t 11 0.02214232173024544
50 u 19 0.012181807695117453
50 v 0 0.027510892783091045
50 w 22 0.020417293535882397
50 x 32 0.12488135722555305
50 y 12 0.013340319950688295
50 z 64 0.005392685625937754
51 a 28 0.017395176202409823
51 c 52 0.11322917415076528
51 g 46 0.08022294176801936
51 i 44 0.18531124877727945
51 l 52 0.1439028217212629
51 o 53 0.10555837089847553
51 u 51 0.20332367953674768
51 v 47 0.024640286570595027
51 w 16 0.12492867547732689
52 c 21 0.049135507298881276
52 j 42 0.13793977088358922
52 k 11 0.060269084424048325
52 l 39 0.01232592201427607
52 n 27 0.07096647864553773
52 o 46 0.3894677271636172
52 s 40 0.09447618806767111
52 t 18 0.01670490870249397
52 u 30 0.0538698111060657
52 v 57 0.07121023559428541
52 x 42 0.017823426886220295
54 d 67 0.1445144570479323
54 f 14 0.4336825465581653
54 k 17 0.06877328175993391
54 s 40 0.15273513928230298
54 t 10 0.08611457741837236
54 x 62 0.07490137043096645
55 c 61 0.0014206758788972706
55 d 10 0.07819712059624195
55 e 6 0.027167827040146975
55 f 44 0.019703404640678546
55 h 15 0.08419558966224061
55 i 32 0.01352835466960467
55 j 33 0.04639561235578504
55 k 55 0.05171761916652595
55 l 53 0.04549075111889622
55 p 25 0.15507605019908566
55 q 44 0.012630231715656914
55 r 62 0.07071699505992124
55 s 10 0.12645905719143213
55 u 60 0.16814440207616443
55 w 60 0.032335602904804084
55 x 32 0.0077357426588876566
55 y 30 0.003451415912416489
56 m 56 0.27977645641046867
56 p 55 0.1118253866941068
56 u 2 0.09423708520370455
56 w 51 0.14695097359649278
57 a 39 0.0009554589943704395
57 b 0 0.0881274778756802
57 c 28 0.027141263836047425
57 d 1 0.011809146442129048
57 e 65 0.08931579662070543
57 f 46 0.01988627211726579
57 i 31 0.020898444668922544
57 j 31 0.021505724407620663
57 k 21 0.017359168852575935
57 l 12 0.03622396558983709
57 m 62 0.02008745458419614
57 n 51 0.1496305391920768
57 o 34 0.021237894378594024
57 p 61 0.010752353197128306
57 q 64 0.008105230222704596
57 r 58 0.004128856435731798
57 s 3 0.03531075712221565
57 t 32 0.07840684151358146
57 u 23 0.041357621289066726
57 v 6 0.06616082006056412
57 w 55 0.024067130238878076
57 x 9 0.16161107724505108
57 y 43 0.00913533040039416
57 z 66 0.0013692169279326816
58 a 6 0.16226296598874979
58 b 43 0.10896643675814977
58 d 21 0.02951961116631041
58 e 38 0.0059516040518353686
58 f 30 0.004076000095724619
58 g 37 0.027766992678270652
58 i 13 0.0217698383083883
58 j 43 0.04684191721367914
58 k 4 0.07552520164840004
58 l 24 0.1290599025732565
58 m 12 0.008728376350512379
58 n 15 0.08412926087950479
58 o 52 0.13473632157398863
58 p 9 0.043854369059260656
58 q 58 0.014961463025972344
58 v 34 0.00886452109245417
58 z 48 0.014126762304409901
59 a 46 0.013116810897557563
59 b 3 0.042811157207899186
59 d 31 0.05393496403059228
59 e 24 0.16032034258916905
59 f 65 0.014567505101042877
59 g 22 0.0005999366743777435
59 h 17 0.008977645015812219
59 i 25 0.017789709743666338
59 j 47 0.03539622831408218
59 l 24 0.00019951602710832628
59 m 59 0.11989773346166943
59 n 4 0.014848739060270177
59 p 30 0.08911619305543728
59 q 29 0.07741633727477304
59 r 43 0.015239681241276837
59 s 6 0.05488830315461779
59 t 30 0.006199599977883663
59 u 31 0.08312740735125612
59 v 31 0.045851455376457184
59 x 52 0.0007422281873423753
59 y 8 0.0024466195163661553
59 z 60 0.12289546343913949
60 b 25 0.06182458887378672
60 e 67 0.05435443980905097
60 f 54 0.1927119273397333
60 g 49 0.009390231557698248
60 h 34 0.12793750839179951
60 i 40 0.020938024727897186
60 j 23 0.0461099682077305
60 k 20 0.012464884675364996
60 l 62 0.019030070241161434
60 n 50 0.055108643241170374
60 o 32 0.028229132220325304
60 q 23 0.06144978682658153
60 r 19 0.06445365445415774
60 t 1 0.053043602319020056
60 v 51 0.01194632331272416
60 w 53 0.0548504139331607
60 y 17 0.037550498616270245
60 z 44 0.08144987563201334
61 a 62 0.0768708564298296
61 b 36 0.026748509823636524
61 c 32 0.0008521738097222453
61 d 31 0.0001138349333896782
61 e 4 0.04403841035644618
61 f 3 0.0237867834259059
61 g 22 0.048013892239863076
61 h 44 0.005523701910501777
61 i 48 0.008892933003946335
61 j 9 0.03418831793523769
61 k 42 0.07224331587713018
61 l 17 0.010894513911768322
61 m 37 0.07189334290522331
61 n 57 0.1219337653083542
61 o 33 0.001997048121108569
61 p 33 0.006411110742899129
61 q 43 0.009290754108457033
61 r 53 0.09012277262363289
61 s 35 0.01250785021014289
61 t 23 0.020951614550197784
61 u 40 0.01794259359479189
61 v 22 0.00987240689976443
61 w 55 0.03047430085088232
61 x 10 0.038957071928792164
61 y 52 0.0009940737745608441
61 z 7 0.042518463003831775
62 a 17 0.027422456042832333
62 d 63 0.1680724982593994
62 e 43 0.05538399223079293
62 f 42 0.1551030189585798
62 g 3 0.018222319478037652
62 h 30 0.04398181955160407
62 i 16 0.014246600910066909
62 m 21 0.10652102703066824
62 o 66 0.011069920264286992
62 q 15 0.01828482188258862
62 r 8 0.0023629880115756396
62 t 41 0.008835672608440204
62 u 34 0.02315934773426498
62 v 60 0.006106459467225989
62 x 0 0.0138896497138713
62 y 53 0.23576410864458996
62 z 17 0.026132403772437196
63 d 18 0.05569824280294433
63 f 6 0.04577489433960369
63 i 18 0.04028681731676298
63 j 29 0.09696673485915763
63 k 60 0.014749881829154265
63 l 54 0.06453841855497844
63 m 7 0.12042579471473447
63 n 15 0.028422805781663785
63 o 5 0.10307737613113566
63 p 13 0.02472995098329478
63 q 50 0.02552331259115448
63 r 52 0.020365334441520555
63 v 59 0.0031772025241512125
63 w 7 0.18487391648772733
63 x 16 0.019883979711714628
64 d 10 0.005612818052435631
64 y 7 0.2981445740875337
65 f 12 0.033431770161223784
65 h 32 0.02230001451564767
65 n 52 0.15055649122940395
65 o 24 0.0064415570055619265
66 c 60 0.02009387839858323
66 d 36 0.2252740357331332
66 r 0 0.5602733515030731
67 e 15 0.07585589114978808
67 j 63 0.13461759779014293
67 n 43 0.07359194534156044
67 q 28 0.025439991354580083
67 s 20 0.33839109268450496
67 y 58 0.19722786669271697
67 z 8 0.1519923863623962
