125 26 1508
0 0.016358874131179868
0 0.08921928360652176
0 0.06642662699729718
0 0.3018829385463834
0 0.1252794555365262
0 0.10686868812053041
0 0.7685354942900573
0 0.19622892212493548
0 0.19659050918014043
0 0.0393820316166813
0 0.8505815799091762
0 0.7137684429748578
0 0.12553412837765343
0 0.11434925331655355
0 0.008210222735567152
0 0.18050864795232313
0 0.005522005152184817
0 0.28551896034569646
0 0.1505120614727523
0 0.027330647086182713
0 0.034266980985993234
0 0.05443045204064445
1 0.009402845486018108
0 0.05719391924903616
0 0.07507088967546183
0 0.05720915118863035
0 0.08879236795919687
0 0.14318489058913264
0 0.050778224627993196
0 0.005138741299886229
0 0.141792710699142
0 0.49367071039710175
0 0.08130516775006302
0 0.2163551157942346
0 0.9924173618810285
0 0.03875120460460979
0 0.008283307648552785
0 0.011945770835181446
0 0.038258444818639825
0 0.00980455214160536
0 0.029030417377680195
0 0.10888738727185743
0 0.06348868601804514
0 0.07229548909041728
0 0.03665626638504249
0 1.0
0 0.1560671830182775
0 0.5537951408172972
0 0.4308659245259695
0 0.003776389893248022
0 0.10196216215309784
0 0.154241383261578
0 0.011008854886468189
0 0.019591114921205577
0 0.1255997155668097
0 0.05493862877050171
0 0.0431655530162911
0 0.1781164006868604
0 0.028706519619075
0 0.0044904847688077565
0 0.02201220459670017
0 0.012522368408640072
0 0.00774576090293333
0 0.27807920276234055
0 0.016134621178289454
0 0.019343267245323092
0 0.023517078978319894
0 0.00357427477797867
0 0.06804867992024632
0 0.04849725253351711
0 0.0057566673178589545
0 0.006954219864462319
0 0.15362876200512743
0 0.2857103225784402
0 0.05436195002583788
0 0.03779812261686599
0 0.22924623170380376
0 0.002050793191424649
0 0.048132911823811186
0 0.01215919891217454
0 0.014477807687648947
0 0.4897266144082294
0 0.011584074673515077
0 0.05829102519860263
0 0.4226788918024347
0 0.019720976653887057
0 0.01495012997420897
0 0.3741231820194262
0 0.12181776285819612
0 0.12008311237398939
0 0.000910289667451214
0 0.14001147740106223
0 0.24498673212450495
0 1.0
0 0.06031896516501811
0 0.2808041291425307
0 0.198866872763809
0 0.015500341527892036
0 0.17651852954465586
0 0.09117773116602268
0 0.047169321243154094
0 1.0
0 0.7799577855193526
0 0.07426718366634644
0 0.009687829394553482
0 0.001914627159420701
0 0.045804760165736313
0 0.013476711820800236
0 0.1253571389577568
0 0.024789614407341953
0 0.039312296535030544
0 0.06185647903163205
0 0.018118441926866846
0 0.03440958799296012
0 0.09202387989507499
0 0.060544670892670016
0 0.10934235892408684
0 0.2788069145908588
0 0.08116162952974426
0 0.030409504553853384
0 0.019674237576694065
0 0.04853361197118067
0 0.03761344080621898
0 0.03837613150521335
0 0.03157428716641275
0 a 18 0.01821340843099517
0 b 107 0.010743245643457855
0 d 85 0.3031338225575466
0 f 116 0.052042281548217995
0 g 80 0.015228933140422063
0 h 58 0.13077305392180383
0 i 33 0.021688696752194203
0 j 116 0.0009894225754433217
0 l 57 0.0060098463273358105
0 m 2 0.06015815864620544
0 n 15 0.0089093453193263
0 o 124 0.022499109658307037
0 p 119 0.04104458819733725
0 q 28 0.0328777427037954
0 r 4 0.0015629076113968798
0 t 13 0.1139841933617689
0 u 115 0.03953184509449703
0 w 39 0.00667816680296307
0 x 117 0.05256617294313759
0 z 115 0.04500618463266837
1 a 46 0.001872055651561344
1 b 91 0.12324205391076548
1 c 22 0.10887342242125042
1 d 31 0.03906660351641433
1 e 7 0.039012828937444066
1 f 103 0.005666425518214502
1 g 51 0.00819037857353433
1 h 47 0.003770539902146708
1 j 49 0.387048338000466
1 k 35 0.0026964386806708207
1 l 43 0.028673319264245767
1 q 52 0.02367285101836014
1 s 98 0.01960173620179162
1 w 11 0.0042870823280093395
1 z 1 0.11510664246860336
2 i 31 0.10324518538973604
2 o 41 0.6229784511645771
2 q 68 0.09060913093446377
2 u 90 0.11674060551392595
3 a 4 0.6823069129826703
3 m 33 0.015810148470946306
4 a 22 0.03254077637449815
4 f 79 0.029563112667379543
4 o 95 0.08569302934150602
4 q 115 0.046523580961844724
4 s 119 0.21556103393960613
4 y 18 0.09904685585458406
4 z 43 0.3657921553240552
5 j 8 0.36317946708104043
5 o 59 0.30600428330655616
5 q 61 0.2072292141594907
5 s 19 0.01671834733238231
6 l 52 0.01764748588122944
6 s 69 0.21381701982871326
7 b 38 0.02362677021530435
7 c 3 0.2076447628243746
7 e 101 0.036623619674839736
7 f 121 0.4867863167824409
7 g 34 0.04908960837810494
8 m 73 0.2175239453315182
8 p 42 0.42074469358516386
8 x 73 0.1651408519031775
9 a 24 0.09825602770293662
9 b 73 0.031210352754552306
9 d 40 0.004742344194200165
9 e 2 0.005378882902949078
9 h 80 0.022751328708401464
9 j 44 0.016677170023059906
9 l 64 0.09492934232973427
9 m 3 0.09641851638975008
9 o 20 0.028260800366672223
9 p 70 0.17605880741694901
9 q 72 0.0010442504584419199
9 r 70 0.0933832564190128
9 t 43 0.02315463988680655
9 u 84 0.15023641100804808
9 v 46 0.04054158631472904
9 x 35 0.0030267880524341706
9 z 112 0.07454746345464103
10 x 93 0.14941842009082384
11 p 39 0.28623155702514225
12 g 115 0.7622222472932109
12 z 92 0.1122436243291357
13 a 46 0.047596760012060035
13 b 96 0.010678200915883673
13 c 101 0.11611025427331767
13 d 43 0.00077816232171668
13 e 12 0.011539782417473221
13 f 10 0.03550312336167971
13 g 54 0.031066177276756646
13 h 37 0.03800515645508318
13 i 77 0.05253992331852941
13 j 6 0.017453002747172763
13 l 59 0.021198735109790312
13 m 66 0.04789524146551882
13 n 94 0.05655423313705987
13 o 39 0.03524056882973037
13 p 22 0.006245350212194634
13 q 12 0.0826401182899753
13 r 68 0.014130053725719294
13 s 79 0.012941796062364452
13 t 101 0.02032448078122817
13 u 26 0.02096471658710608
13 v 102 0.015126067242112406
13 w 19 0.13295976967932654
13 x 47 0.02961259124958404
13 y 47 0.014897007220661451
13 z 24 0.013649473991401706
14 a 21 0.037411921505066226
14 b 122 0.014274485358383382
14 d 86 0.03891256784146668
14 e 69 0.001731080386803474
14 g 60 0.0662496113238864
14 h 75 0.06656748692831083
14 i 20 0.025382091693475828
14 k 120 0.06554834306444379
14 l 1 0.04923152446096235
14 m 94 0.05860240285310281
14 n 112 0.06545041227813675
14 o 53 0.09059628820967425
14 r 52 0.11692539480242448
14 s 93 0.00016783715441004432
14 t 40 0.029013398471640195
14 u 50 0.03021643941797514
14 v 59 0.015280417184944661
14 w 63 0.005265823249923862
14 x 63 0.020648746941789198
14 y 102 0.06592319190934448
14 z 60 0.12839031222826802
15 a 30 0.05210036873363444
15 b 1 0.010614534786235086
15 e 42 0.008375184645168732
15 f 12 0.05016516800921533
15 i 54 0.0794293798145298
15 k 16 0.09153166027232318
15 l 42 0.006875811559392764
15 m 60 0.10047621961374587
15 n 41 0.045642442621346535
15 o 49 0.00974068480236523
15 p 45 0.05023274378852027
15 q 3 0.014818065228246913
15 r 70 0.016902773270952576
15 s 90 0.05983371145671179
15 t 55 0.021729194131264062
15 u 106 0.007489157755463327
15 w 100 0.011031956273403587
15 x 3 0.047888909419114056
15 y 100 0.13461338586604332
16 e 61 0.05575506914483741
16 h 40 0.026272688619666695
16 k 108 0.24661662858867395
16 l 51 0.03319922108913176
16 n 116 0.04588109594255463
16 o 45 0.05407361241227937
16 p 32 0.1751246786375581
16 q 124 0.03532555479711441
16 r 31 0.0416934552911733
16 u 19 0.07238205869524394
16 v 22 0.052420193772623636
16 w 96 0.05891815790533139
16 y 123 0.034922752505266774
16 z 27 0.06189282744635982
17 a 24 0.7144810396543035
18 c 50 0.021537639205543968
18 e 28 0.007153181506657003
18 g 116 0.10085305318260629
18 j 74 0.09123967814046119
18 l 85 0.029232927183992397
18 m 71 0.3046376730705854
18 o 51 0.0032595873164563693
18 r 39 0.004434472434261316
18 s 82 0.1087039424465166
18 t 116 0.002703894913856808
18 y 118 0.06227239595506462
18 z 118 0.1134594931712457
19 a 72 0.007194465999668553
19 b 45 0.0907571207172101
19 c 20 0.02019836387764773
19 d 73 0.05087497718121048
19 e 118 0.07977510630501683
19 f 98 0.041903011978869587
19 g 101 0.01789679646775244
19 h 56 0.057519913633375275
19 i 121 0.06707634874865609
19 j 113 0.05739531949074261
19 k 107 0.001660127057527272
19 l 25 0.0022447513791516993
19 m 102 0.05555529126686709
19 n 13 0.04225753290411005
19 o 90 0.01710785069539522
19 p 76 0.09542305916111193
19 q 42 0.011284518966532708
19 r 29 0.047105337623377985
19 s 54 0.022454301624799333
19 t 111 0.041099899160247144
19 u 13 0.008983799400670622
19 v 57 0.007104708687710182
19 w 113 0.013107757052451485
19 x 41 0.03435016414755798
19 y 115 0.0464283968265955
19 z 108 0.03591043255956139
20 b 47 0.04181783423756047
20 d 4 0.009659410101124699
20 e 27 0.20364797544923074
20 f 62 0.011528328064765891
20 i 73 0.3300291750020743
20 j 24 0.058793777639242095
20 p 95 0.006879644048630396
20 q 56 0.13505058136490544
20 s 71 0.0829227703221288
20 u 22 0.08540352278434393
21 a 63 0.01706729229245496
21 b 123 0.06233202558020923
21 c 2 0.0619161581432196
21 f 82 0.008564971306924574
21 h 114 0.18279526762771403
21 i 81 0.01024914999698856
21 j 13 0.039269103829504326
21 m 39 0.2281640979276489
21 o 66 0.026386235599695218
21 p 26 0.004871913748335288
21 t 98 0.032224500691307445
21 u 88 0.01608962537528802
21 v 53 0.013010084227159213
21 w 62 0.0031596457701061897
21 x 1 0.16162596945395158
21 y 58 0.0778435063888484
22 a 5 0.006737294269969718
22 c 63 0.040027146468486374
22 d 117 0.06406509608939481
22 e 59 0.03856598462642602
22 f 2 0.024572433444637665
22 g 100 0.08597822766750907
22 h 3 0.037295470284729015
22 j 105 0.02936667231396506
22 k 119 0.012526758831602147
22 l 18 0.010766920808854219
22 n 95 0.02657229020570484
22 o 0 0.04707464884081358
22 p 94 0.06571518627768769
22 q 44 0.08741663519039378
22 r 18 0.058308583361169286
22 t 87 0.006073068960078309
22 u 63 0.17464018642344104
22 v 0 0.009281026916216684
22 x 72 0.014213265888039617
22 y 1 0.0167432785384799
22 z 21 0.13465697910638308
23 a 106 0.04752908186278648
23 b 109 0.05341408985588425
23 c 15 0.00807913578370778
23 d 108 0.03478476192340152
23 e 76 0.015946673928740496
23 g 57 0.019142311975184123
23 h 22 0.03850378008687316
23 i 73 0.017226402949916397
23 j 78 0.0036428473621772373
23 k 122 0.055144835455790076
23 m 45 0.0008094565740761617
23 n 37 0.12231357200120263
23 o 78 0.15306606415516422
23 p 6 0.02224509979992806
23 q 60 0.06910528281604
23 r 8 0.01760402777145842
23 s 124 0.04244003613027014
23 t 45 0.021370575740501052
23 u 115 0.0438738663302114
23 v 120 0.09813988510602023
23 w 64 0.007308153158753994
23 x 36 0.008095723516292175
23 y 120 0.03625887291117158
23 z 21 0.006761543555412253
24 b 116 0.13505433895882668
24 d 7 0.007409329546872789
24 e 124 0.024417489633724143
24 f 61 0.03148595957751199
24 j 58 0.05460254226386818
24 k 60 0.1407035395453634
24 l 5 0.07807305853274482
24 n 5 0.014943133752690185
24 p 78 0.020459777569926674
24 q 67 0.135890820631692
24 r 23 0.033809011302865954
24 s 43 0.11061789702495284
24 u 48 0.11181387986113767
24 x 114 0.02564833212236084
25 b 61 0.06368327206929392
25 c 79 0.019494597901456023
25 d 53 0.05870212169723965
25 f 120 0.01791429451614801
25 g 95 0.0032190789722659208
25 h 49 0.026336753470070806
25 i 29 0.06448794357249943
25 j 120 0.002938711948170747
25 l 118 0.22391012649010744
25 m 91 0.020679390091477012
25 n 112 0.08286496996832915
25 s 107 0.008604227630751304
25 t 11 0.08672867695980913
25 v 93 0.0009619202276441863
25 w 67 0.0709289835000474
25 x 44 0.07133452163661236
25 y 17 0.11755293338187123
25 z 105 0.00244832477757595
26 e 72 0.09707516599676436
26 n 29 0.45681533707334376
26 w 107 0.248436637687526
26 z 28 0.10888049128316901
27 a 26 0.007614030398065741
27 b 10 0.06733551105129565
27 c 55 0.054770107477746244
27 d 114 0.11083078421367376
27 e 123 0.08448581073013839
27 f 28 0.04326609208508814
27 n 55 0.09158459795224905
27 p 116 0.008329528489763538
27 t 24 0.0005383308876744097
27 v 53 0.12117938258675076
27 x 65 0.0731317619503401
27 z 56 0.19374917158808158
28 a 120 0.034551000484841166
28 b 44 0.03738128515188632
28 f 84 0.22137195142349197
28 i 50 0.0010528033879035892
28 l 85 0.07620820689200691
28 m 60 0.2669357880022334
28 n 19 0.03278837240199162
28 p 91 0.05966471288878128
28 r 73 0.0859453905525881
28 x 24 0.13332226418628246
29 b 44 0.017411961313980484
29 d 91 0.03204631278603931
29 e 55 0.002444491621999889
29 f 81 0.07551719689831493
29 g 38 0.06329039598335906
29 i 90 1.9419086275784814e-05
29 j 116 0.048487335878671156
29 k 99 0.03669655201480371
29 l 86 0.15133163098287872
29 m 89 0.0635040193473646
29 p 69 0.03503809908668809
29 q 13 0.005422284172067249
29 s 19 0.13521733147292958
29 t 79 0.08254432420024083
29 u 111 0.010345506760443102
29 v 50 0.03723907640890267
29 w 27 0.01744062595196061
29 x 10 0.020978157509632167
29 y 120 0.14300027952138772
29 z 73 0.016886257702174112
30 a 116 0.0031354968944565798
30 b 102 0.0045825183899269595
30 c 108 0.0031983991968199676
30 d 49 0.025441760225452303
30 e 52 0.016993208657388292
30 f 109 0.021881864733534373
30 g 112 0.020126609650808924
30 h 42 0.019488366282800373
30 i 100 0.03085867983058177
30 j 13 0.049474642263753865
30 k 118 0.0485534429825375
30 l 79 0.018848797063650835
30 m 59 0.10004093425543537
30 n 113 0.03522357807020704
30 o 102 0.08666930967907527
30 p 52 0.04135998901461968
30 q 33 0.053133690093527974
30 r 48 0.01181572379064455
30 s 74 0.04497184382337205
30 t 44 0.0013660930495771328
30 u 40 0.06745872236976647
30 v 80 0.02764150711025326
30 w 12 0.010614676469094753
30 x 72 0.06341785075594408
30 y 55 0.0016548218377071544
30 z 87 0.05025476280992147
31 o 43 0.2029871959645443
31 w 28 0.30334209363835396
32 c 99 0.23381163887662648
32 f 38 0.02254495525942024
32 h 8 0.18207392912348674
32 l 63 0.12447052173573347
32 m 80 0.005971211657966657
32 n 46 0.20711444213957952
32 p 78 0.07425234816594828
32 u 70 0.05313457426284329
32 x 1 0.015321211028332282
33 a 66 0.030908594272857526
33 b 0 0.19665152598205926
33 l 31 0.0642731642466986
33 p 60 0.49181159970415
34 e 39 0.00758263811897153
35 h 115 0.11240330965547274
35 n 83 0.15539349991266227
35 o 38 0.1341292392656812
35 p 81 0.052716194448571785
35 q 1 0.0924379497513349
35 s 0 0.00882612619887202
35 t 41 0.18627205033846095
35 u 120 0.1325673132790547
35 v 3 0.036642670028820934
35 z 72 0.049860442516458714
36 a 54 0.034768998458845735
36 e 90 0.03401047617584063
36 f 50 0.15393700737234672
36 g 52 0.03833106852243173
36 h 2 0.03466150172606586
36 l 61 0.005133067936742952
36 n 63 0.03609747653889228
36 o 46 0.005106041829911034
36 q 43 0.31457043195339773
36 v 62 0.015103702076546544
36 x 61 0.14908267816664889
36 z 69 0.1709142415937771
37 b 36 0.08077922777982327
37 c 42 0.10342996874592203
37 e 13 0.08850400245081602
37 g 103 0.2987085575321823
37 h 50 0.027291892367159343
37 l 108 0.05226660886913048
37 m 6 0.021953984691183037
37 q 31 0.03392674874922652
37 r 74 0.011368687686755363
37 u 37 0.11936793985396543
37 v 74 0.02996590847558389
37 x 83 0.06354101414190483
37 y 83 0.05694968782116605
38 e 61 0.33819614289069155
38 n 95 0.021461515164315825
38 o 75 0.052119652855496135
38 q 80 0.0295781573040087
38 w 22 0.5022012601048597
38 x 45 0.0181848268619883
39 a 60 0.061439598488224
39 b 9 0.04020238782436314
39 c 109 0.06421314489693963
39 d 55 0.02046566840371855
39 g 120 0.07246997139916711
39 h 44 0.06938368730176192
39 i 28 0.08311995021024032
39 j 54 0.001292475299545237
39 k 27 0.06358978660484915
39 n 81 0.05486968462607378
39 o 39 0.010342991471144591
39 p 35 0.058647943727933916
39 q 97 0.05077157435354818
39 r 86 0.005660050937078331
39 s 17 0.06883806615837318
39 t 18 0.003939638871485962
39 u 40 0.013444901741563875
39 v 89 0.07092265246972407
39 w 77 0.026061163417729905
39 x 52 0.08761406130280969
39 y 82 0.014559363217403809
39 z 70 0.048346685134716294
40 a 46 0.20201345143811866
40 c 108 0.02719793888018429
40 d 115 0.0051399442436129705
40 f 70 0.5222971856546262
40 g 88 0.015327208374217749
40 h 121 0.02975435324326725
40 m 43 0.15794118510875832
40 q 73 0.011298315679534321
41 a 38 0.05688516138580124
41 c 14 0.1376884975506355
41 g 50 0.13883796849816055
41 j 25 0.2568205600004224
41 k 113 0.0733299929407425
41 o 81 0.028351835835699113
41 x 45 0.11935261728564084
41 z 34 0.07984597923104042
42 a 64 0.0008228148610612829
42 b 75 0.059835725336146006
42 c 21 0.012669911086581664
42 d 43 0.061644841484100654
42 e 33 0.031303233759153226
42 f 56 0.0493942738587585
42 g 82 0.03565907434840343
42 h 7 0.055539205655976254
42 i 20 0.0350116208436001
42 j 34 0.06559964780877858
42 k 35 0.016147072752551894
42 l 85 0.09391164749722292
42 m 118 0.01427284356078995
42 n 23 0.01541426413774416
42 o 114 0.11182931942864194
42 p 103 0.0028150349273331488
42 q 39 0.043696124765664535
42 r 1 0.028860554085154644
42 s 35 0.0008203994885270793
42 t 61 0.015949493202440324
42 u 112 0.009497476260892812
42 v 21 0.014499037858327957
42 w 32 0.07120801812780819
42 x 25 0.0156499802493556
42 y 112 0.035805950593325475
42 z 57 0.03865374800361454
43 b 96 0.05736225130059003
43 i 28 0.20515392204847904
43 j 66 0.2997509874498613
43 o 24 0.17745225825264277
43 q 1 0.05382031283698263
43 x 64 0.13416477902102697
44 b 1 0.17769644211343638
44 c 59 0.02014088706849404
44 d 92 0.06177615528481417
44 g 60 0.07981871446972133
44 k 81 0.06707481207696475
44 p 46 0.0010446304183151511
44 q 112 0.012076182288518478
44 r 19 0.0998561544332065
44 t 63 0.20292838361624488
44 u 53 0.16573558380452225
44 v 66 0.01791452836124363
44 x 119 0.018621199435907676
44 y 15 0.0003726250210972504
44 z 87 0.03828743522247102
46 e 99 0.4787588157551408
46 i 10 0.002929135224821189
46 k 85 0.21364350385588393
46 u 36 0.1486013621458766
47 l 122 0.4462048591827028
48 b 66 0.053482523722111375
48 c 27 0.09898035345409018
48 e 55 0.10100308724272011
48 h 51 0.06536991726715169
48 n 19 0.024477037352178432
48 s 79 0.031057261563166683
48 t 51 0.14592751087318312
48 v 35 0.013120218833833741
48 y 35 0.03571616516559517
49 a 7 0.0007702249421820406
49 b 48 0.01616081008748571
49 c 7 0.08516303943233505
49 d 101 0.034634176967000774
49 e 58 0.06528783514226488
49 f 36 0.03405789417808813
49 g 18 0.04438060222975815
49 i 101 0.018986692525933102
49 k 71 0.05350841731695544
49 l 44 0.05749734344365298
49 m 20 0.016897441479232223
49 n 101 0.06469236702329362
49 o 106 0.02250666208775276
49 p 84 0.009079911598667278
49 q 121 0.19615990264740402
49 r 56 0.0047457675409831035
49 s 14 0.0017097996477102306
49 t 20 0.10663732404592463
49 u 43 0.03391660655624695
49 v 117 0.013129751396451894
49 w 55 0.059482117250836186
49 x 94 0.022223144297970787
49 y 37 0.024291593423064528
49 z 61 0.010304184845557507
50 a 36 0.5038347869017223
50 v 91 0.3942030509451798
51 a 43 0.03539354254080662
51 b 35 0.019549044587255038
51 c 85 0.00873635445771781
51 d 41 0.015370565837358963
51 e 10 0.007086953750729097
51 f 14 0.004950775858325263
51 g 45 0.0305655246447889
51 h 60 0.09495549395046643
51 i 33 0.0024450190133281646
51 j 88 0.02018693820941364
51 k 22 0.015048199058196876
51 l 27 0.0041519409184480605
51 m 42 0.01298374000980318
51 n 96 0.043907958415059345
51 o 105 0.015193165549596155
51 p 12 0.1220497038821684
51 q 83 0.0066803331509747155
51 r 84 0.0013482519941023785
51 s 104 0.020082326043949994
51 t 13 0.02401326484354127
51 u 43 0.10962440516435779
51 v 109 0.021621698158221903
51 x 42 0.0035385178266235107
51 y 21 0.03323899386567375
51 z 43 0.17303590500751476
52 d 48 0.033361812634416954
52 i 77 0.09118517469355314
52 k 18 0.054719417473652165
52 o 55 0.4379061286041902
52 r 81 0.11550173442968048
52 t 53 0.1422511497371748
52 u 39 0.038780436595513335
52 v 29 0.030373437534459202
52 x 22 0.029087014062709526
52 z 40 0.015824839348182018
53 a 119 0.03307008357560981
53 b 4 0.031744059746606546
53 c 5 0.06333189977623732
53 d 78 0.1263376410160293
53 e 14 0.046727892717327024
53 f 17 0.003237558568210175
53 g 19 0.0031722881175630935
53 h 71 0.028463173820976517
53 i 66 0.008434235591049055
53 j 2 0.0241486431202681
53 k 109 0.006764769520912761
53 l 75 0.01599945371539191
53 m 99 0.023613031155234276
53 n 67 0.0135403987408933
53 o 75 0.04285991129883027
53 p 21 0.018231473498610207
53 q 51 0.06570013523563223
53 r 1 0.10111398787351034
53 s 90 0.008503233305139468
53 t 122 0.09676990285001708
53 u 17 0.014275125532493327
53 v 121 0.04843500494594388
53 w 120 0.028889088892668946
53 x 82 0.07067722728428238
53 y 21 0.0025498831667797317
53 z 110 0.05381878201257739
54 i 2 0.11805884511237286
54 k 29 0.083530666289926
54 l 123 0.0336601153405357
54 m 39 0.11137154361556334
54 n 124 0.015562332335412932
54 o 20 0.018212753552321104
54 q 20 0.05023605788871799
54 s 42 0.15415114623097181
54 t 68 0.023347103782054957
54 u 68 0.027796753656801454
54 v 4 0.07176654282517725
54 w 92 0.10680637721641939
54 x 84 0.0599000465869155
55 a 33 0.16054520478701295
55 d 87 0.016478880035821986
55 e 88 0.03351735241140241
55 f 3 0.008516207232303064
55 i 113 0.009690345538287959
55 j 89 0.018047518408466745
55 k 65 0.023454829468084637
55 l 61 0.07985666728482288
55 m 111 0.069788860641667
55 n 91 0.0035903810905385525
55 o 93 0.017618934205770875
55 p 73 0.028921716546649656
55 s 34 0.02801803935348468
55 t 111 0.012804866789742908
55 u 79 0.03823652783687681
55 v 81 0.04843771547342046
55 w 62 0.06435390290439069
55 y 30 0.011024779608182267
55 z 121 0.27215864161257175
56 c 74 0.15245791266732978
56 d 62 0.045095572702904096
56 h 44 0.010658086992822335
56 i 13 0.02360152267132487
56 j 82 0.14465473515105087
56 k 84 0.049855861141979596
56 l 89 0.004680952405113459
56 m 36 0.006553184263482614
56 n 33 0.0684163302938735
56 o 80 0.20181508434550888
56 p 123 0.050692472010738676
56 r 8 0.04058049081096937
56 s 90 0.052592004179435325
56 w 62 0.0007146099753266855
56 x 33 0.03831317935211198
56 y 64 0.06615244801973685
57 a 107 0.07249827482856652
57 b 119 0.01703945410232599
57 c 53 0.002636249580123984
57 d 25 0.0875410537330753
57 f 33 0.0035950410724763238
57 g 92 0.08151818354845575
57 h 116 0.0010171104439518075
57 i 31 0.019887637382992707
57 j 107 0.04594638899989578
57 l 66 0.052651763473931634
57 n 65 0.012577730128256581
57 o 14 0.09167505672990817
57 p 40 0.010651183634794337
57 r 16 0.05506620333464929
57 s 77 0.08953611747080092
57 t 88 0.024468474389274686
57 v 30 0.007583157654191819
57 x 75 0.029648670499451413
57 y 57 0.07804032111985981
57 z 112 0.03830552718615676
58 d 74 0.4651636370823765
58 l 120 0.2689667749146044
58 p 23 0.051815332359440025
58 t 85 0.13783812744912805
58 u 75 0.047509608575376006
59 a 16 0.06528879541876198
59 b 60 0.328539867261771
59 d 124 0.009776559882563207
59 e 12 0.054226305219467474
59 f 96 0.006186247100297693
59 g 86 0.01724534071006112
59 l 10 0.11391401624157382
59 o 47 0.05986229938533394
59 q 105 0.06218870146327615
59 s 75 0.14083889902838553
59 u 95 0.0034511519544486724
59 w 119 0.024357375765249545
59 x 7 0.039210118243209524
59 z 21 0.0704238375567926
60 a 121 0.132722264566707
60 b 8 0.015980928340525336
60 d 22 0.045562242010608656
60 g 40 0.001576550543700983
60 j 28 0.0025253740905817335
60 k 58 0.05762436826220163
60 l 80 0.03576739028133957
60 m 76 0.1885553517577685
60 n 111 0.07216238055481194
60 r 1 0.304639090825946
60 s 16 0.050504568914318315
60 t 107 0.00013995983190895345
60 v 97 0.046616986210193945
60 y 120 0.0062455595951572684
60 z 70 0.017364779617530024
61 e 108 0.15578878414421693
61 f 0 0.24202918230210535
61 m 115 0.21715467516620024
61 r 5 0.004306802804701637
61 v 108 0.36819818717413577
62 a 47 0.039909890447200835
62 b 97 0.05858043854359585
62 c 37 0.018562839386845664
62 e 46 0.010890898467461385
62 f 21 0.04811620554513851
62 g 69 0.05832104504540281
62 h 13 0.07351056275348655
62 i 46 0.07218358172964012
62 j 60 0.0018538729531076825
62 k 70 0.0005247957378538004
62 l 77 0.015459366791738538
62 m 119 0.06130652914070889
62 n 109 0.02528609236731494
62 o 27 0.02663071022593333
62 p 97 0.008434621940876852
62 q 72 0.08640747728708797
62 r 68 0.024178943269177022
62 s 94 0.01708658894488524
62 t 38 0.0024193241022282264
62 u 36 0.022862124876871115
62 v 14 0.08797360739527371
62 w 72 0.026258478367539917
62 x 70 0.05832075346976695
62 y 16 0.0607580147004817
62 z 72 0.08641747560744906
63 c 116 0.37431736897981094
63 e 123 0.03961419878852457
63 f 99 0.14495646609229362
63 k 44 0.004281187188561741
63 o 41 0.06052255205843826
63 p 8 0.05307932493696288
63 z 95 0.04514969919306744
64 a 22 0.05370527542467163
64 b 40 0.04791584743176536
64 c 78 0.037113249568496265
64 d 89 0.013627213239113978
64 e 52 0.035131111091515566
64 f 78 0.07643058481167397
64 g 73 0.02454868301507085
64 h 47 0.005375395773623004
64 i 82 0.0127964959805833
64 j 40 0.008483060197736703
64 k 124 0.07044086854167142
64 l 102 0.08820348749147555
64 m 15 0.007966261788034279
64 n 84 0.018447284438016798
64 o 117 0.18342889968613563
64 p 47 0.04741533790750074
64 q 87 0.00020653159778583063
64 r 118 0.03872534742880529
64 s 123 0.02852865499702739
64 t 67 0.017559947262488995
64 u 28 0.006432259927962036
64 v 45 0.052847055171008184
64 w 48 0.010518830085902375
64 x 60 0.01955154133042869
64 y 22 0.03775105221863562
64 z 1 0.040715102414581095
65 d 76 0.03953923752750266
65 f 91 0.2835836378117408
65 j 31 0.059016122421075456
65 n 92 0.10325441972838323
65 o 52 0.13500420769618227
65 r 21 0.2693422994717546
65 s 121 0.02213646000632763
65 t 103 0.0687803480917103
66 a 43 0.4973323274462488
66 b 105 0.05174928387931532
66 c 85 0.01740578675649762
66 i 41 0.009523451297024477
66 j 111 0.05408035582073323
66 p 118 0.03779361403982551
66 q 34 0.10523397386555478
66 r 83 0.13315898865713582
66 z 121 0.07020513925934457
67 a 44 0.09543434379243787
67 b 94 0.03452581452567505
67 c 46 0.08138891892123068
67 d 0 0.01365421302089942
67 e 121 0.09578046613764923
67 g 91 0.03817868479000841
67 h 95 0.02025376654965161
67 j 91 0.029516469142131796
67 l 38 0.024368894771328753
67 n 55 0.056877523578617195
67 o 62 0.011383008186873322
67 q 48 0.007361491913174034
67 r 52 0.18140406481882887
67 u 22 0.003213477869011383
67 v 80 0.17113678924313036
67 w 21 0.01776832348807489
67 y 98 0.0682935436740626
67 z 10 0.04588593079923586
68 b 15 0.012248013082546083
68 d 53 0.03591085820403195
68 e 45 0.028021800454529733
68 f 103 0.021614198516877625
68 g 40 0.03308865074562295
68 h 36 0.11908377767973588
68 i 46 0.02949090999550219
68 j 53 0.07016773416146227
68 k 53 0.04677054862506769
68 m 47 0.03351364890637354
68 n 18 0.013015846391658537
68 o 33 0.002067969206159481
68 r 83 0.1794447119371647
68 s 47 0.044859421449292336
68 u 28 0.08171203770265578
68 w 58 0.017709999825045286
68 y 53 0.009289980489174954
68 z 104 0.15394121270685268
69 a 34 0.2634318125013062
69 f 74 0.24206423971723112
69 g 78 0.06616540548782568
69 h 105 0.00292031914525126
69 i 32 0.07950663095673027
69 l 110 0.008576717271712497
69 m 35 0.08092686610421151
69 s 40 0.0987663006989753
69 u 107 0.08111225507418263
69 v 83 0.028032200509056415
70 d 102 0.023600482403366096
70 h 102 0.0008131615444326723
70 m 77 0.12310629448443533
70 p 25 0.1281049746268219
70 q 80 0.030344070256200006
70 r 19 0.1451275671944222
70 s 36 0.2125264327207096
70 t 78 0.3306203494517532
71 a 12 0.025954621140483747
71 b 123 0.00478227542606835
71 c 50 0.07497268264312063
71 d 5 0.08648484395219591
71 e 106 0.013288600467905476
71 f 15 0.012608539802506313
71 h 26 0.10692095530667456
71 k 122 0.059825092105847966
71 l 87 0.00781286900579825
71 m 92 0.04108955375171197
71 n 76 0.03930378063964035
71 p 84 0.049055802644457525
71 q 11 0.11805115972807867
71 r 86 0.03762253914387659
71 s 45 0.01675035380777634
71 t 27 0.04389087466524855
71 u 51 0.05292444926742246
71 w 26 0.15984062924681497
71 x 69 0.012792203070348784
71 y 40 0.02907395431956028
72 a 69 0.32547896063998816
72 c 44 0.14665529067301242
72 i 103 0.09270356188672446
72 m 106 0.007017045467440308
72 w 124 0.26845605935285244
72 x 8 0.006060319974854789
73 k 62 0.7142896774215598
74 d 95 0.04538887057046781
74 h 110 0.1266839905405156
74 i 114 0.06567257419103745
74 k 80 0.03137146231361587
74 m 60 0.19605773329738152
74 q 22 0.05559224338292901
74 r 75 0.11432237917032251
74 v 5 0.012944705307463056
74 w 94 0.018959120190532808
74 x 81 0.08212217672028221
74 y 102 0.19652279428961428
75 a 8 0.1798666576259349
75 c 16 0.005284262796170336
75 d 72 0.2084794397137405
75 e 69 0.004315112787881659
75 f 54 0.043246459838770734
75 h 17 0.0040370108100000746
75 i 6 0.06750224249415648
75 j 16 0.07565959768515895
75 l 102 0.02270450064065288
75 m 81 0.02714448879132103
75 n 62 0.0034248770195904887
75 o 34 0.015979451081998608
75 p 92 0.00029688316263321024
75 q 96 0.013921895194115463
75 r 92 0.14650885390994395
75 v 20 0.06369174432712998
75 x 26 0.018365602196111608
75 y 3 0.059998697821140756
75 z 24 0.00177409948668239
76 m 95 0.7707537682961962
77 a 60 0.008931940036753794
77 b 78 0.007174569196057745
77 c 4 0.01728150027549713
77 d 94 0.083729994455495
77 e 23 0.0587919711332997
77 f 10 0.04657131700409067
77 h 123 0.03464377271220065
77 i 118 0.12855140107159457
77 j 73 0.13981045648563417
77 k 20 0.019997783526699675
77 l 99 0.04079990420971036
77 m 124 0.03185285820426187
77 n 40 0.0304749320187383
77 o 53 0.08754270832895505
77 p 79 0.023175411914296395
77 q 8 0.0017623249539417962
77 r 103 0.00220253235142176
77 s 82 0.022503607109626733
77 t 96 0.03369873127059331
77 u 87 0.024586581343566616
77 v 92 0.02543679108132646
77 w 42 0.02294652445092782
77 x 25 0.03833477530845597
77 y 14 0.061618004883494226
77 z 60 0.005528813481935568
78 a 122 0.01062680540090366
78 c 60 0.03748736659985774
78 d 34 0.2714028474987549
78 e 31 0.013068701284392192
78 g 2 0.025752662712831054
78 h 56 0.13245851134160225
78 i 106 0.28119816330526926
78 l 10 0.06650461088218551
78 s 92 0.034945062130863125
78 u 54 0.026738587688687976
78 x 5 0.0020766647908145863
78 z 106 0.04960710454002659
79 a 76 0.05116480122938216
79 b 15 0.00942344356237168
79 c 103 0.006926936260593708
79 d 112 0.05718982121552285
79 e 40 0.07299387891393205
79 f 12 0.06609483354705203
79 g 90 0.002669045276220583
79 h 88 0.011431903251987507
79 j 31 0.0003131024676561456
79 k 106 0.04999990793291709
79 l 90 0.0013011937376791183
79 m 12 0.0234669330604369
79 n 81 0.0020423180223257953
79 o 108 0.09106379511615181
79 p 113 0.02403204168123041
79 q 104 0.00156910826750023
79 r 29 0.11709753012058843
79 s 21 0.004507597930523133
79 t 16 0.055562228077716824
79 u 58 0.0171234569694938
79 v 52 0.05251876053718274
79 w 121 0.008540125649283747
79 x 93 0.06532894824242275
79 y 43 0.14400312376754854
79 z 13 0.05147596625010542
80 b 24 0.010937207473739163
80 e 67 0.03482952419988694
80 h 32 0.0074145467774173746
80 i 39 0.13158633368258954
80 j 21 0.05717394021331401
80 k 56 0.06844351164970186
80 l 21 0.23414775835252732
80 m 121 0.06674337689958887
80 o 113 0.261285963099414
80 z 86 0.11296002996417198
81 a 36 0.5102733855917706
82 a 79 0.048485104718459016
82 b 12 0.015425810472727064
82 d 47 0.006767853864326878
82 f 70 0.04392996858888443
82 g 11 0.08433397486628169
82 h 74 0.060618311894306
82 i 71 0.026721630962742715
82 j 104 0.0034675191993163157
82 k 76 0.007883911296997614
82 l 115 0.052786726410481766
82 m 53 0.006016102513262456
82 n 86 0.014751912622500751
82 o 119 0.019379586862639964
82 p 24 0.015685307537470217
82 q 94 0.08493866379289727
82 r 97 0.0032619646189466778
82 s 101 0.018895799032533134
82 t 36 0.050063444110472144
82 u 61 0.027829236157469794
82 v 56 0.1845029859676951
82 w 120 0.048231543684666756
82 x 106 0.07962901322977878
82 y 16 0.004183224666375773
82 z 18 0.08062632825525262
83 b 75 0.2743566278056975
83 c 120 0.008919589283929108
83 d 86 0.20113486205831432
83 f 94 0.05847560583266098
83 j 53 0.11714520821091534
83 k 73 0.04672502274811685
83 q 7 0.01513301557917901
83 r 54 0.1139739427718286
83 s 27 0.034729221078586336
83 v 71 0.041318184603902464
83 z 33 0.029797694828266885
84 f 98 0.29482384591274025
84 p 2 0.26085094227730765
84 z 121 0.021646320007517428
85 b 102 0.08161714501769612
85 c 21 0.014998137482507001
85 d 69 0.002485510552045267
85 e 48 0.0005125156153047428
85 f 23 0.036427590815771405
85 g 24 0.012454873386402165
85 h 2 0.028191417486657322
85 i 101 0.017456303096526793
85 j 13 0.06086061521148489
85 k 28 0.009095997893612595
85 l 11 0.08351083659704073
85 m 122 0.02747582736392995
85 n 56 0.02637057872813109
85 o 20 0.038980044653959434
85 p 47 0.08087782937557342
85 q 64 0.03818204821062443
85 r 109 0.09661913704058167
85 s 27 0.08849968611274739
85 t 87 0.0753410431933953
85 u 76 0.02833907794226509
85 v 122 0.011166732514281352
85 w 11 0.02010119381828579
85 x 112 0.015727864692084093
85 y 63 0.0805767533772539
85 z 85 0.004410263167951012
86 a 70 0.1695439876545587
86 c 57 0.056976085268211185
86 d 52 0.07973664035633621
86 e 98 0.05436085079346653
86 f 53 0.02469579136612765
86 h 51 0.03813010540294426
86 i 100 0.02230329246846041
86 j 95 0.045149509898462004
86 k 94 0.07575607911256255
86 l 61 0.008033219460205854
86 m 42 0.02096420377668029
86 n 113 0.034932756459024716
86 o 67 0.003602444498721047
86 p 3 0.09290804543375975
86 q 48 0.03095545206123651
86 r 21 0.0030962126082831887
86 s 70 0.05252160409351492
86 t 100 0.04124472298409976
86 u 69 0.02508139106538232
86 v 113 0.02288322128084541
86 x 35 0.058114688821511384
86 y 5 0.003517198074847294
86 z 87 0.020542367086549107
87 c 79 0.1282846095688528
87 k 113 0.11068447554141125
87 n 31 0.09368641042474035
87 o 93 0.016473549704789092
87 x 60 0.18069814344589463
87 z 106 0.0960496292948857
88 e 44 0.07552516234801532
88 g 110 0.04824788426980697
88 i 63 0.16056725973272545
88 k 87 0.025316570668790672
88 m 69 0.07539625011779127
88 s 110 0.2443995144169614
88 t 117 0.2487295955877128
89 b 91 0.001782427039324408
89 d 89 0.005527326890371942
89 e 82 0.047876627045328135
89 f 9 0.025280716290219774
89 h 25 0.10849840830544966
89 i 34 0.022772429684588924
89 j 106 0.10052349342964928
89 l 54 0.07645445039786358
89 m 74 0.11661056564838523
89 n 110 0.02664482197998097
89 q 4 0.07376473358928537
89 r 45 0.06665327216708361
89 t 120 0.08017824713474442
89 v 112 0.0790558105749457
89 x 83 0.04104378589360003
89 y 77 0.007249771555189577
90 a 119 0.039915270353359844
90 b 48 0.05553419190641362
90 c 26 0.05549251305633918
90 d 58 0.005311798813393165
90 e 117 0.1291039598790933
90 f 32 0.005039062978580144
90 g 119 0.020565056141508276
90 h 13 0.02522318301621118
90 i 62 0.0469709899630244
90 j 95 0.005903780912903778
90 k 24 0.045987151744809496
90 l 52 0.0035841294104114185
90 m 48 0.0076993369944649
90 n 43 0.044091956326163584
90 o 6 0.06586129241786587
90 p 75 0.051897517456301556
90 q 116 0.01891309831239496
90 r 60 0.06195846760242785
90 s 14 0.033626115419006175
90 t 26 0.00046130244802589093
90 u 4 0.08368611425325378
90 v 79 0.06212208476711156
90 w 22 0.008190982232086363
90 x 31 0.03474895228869379
90 y 29 0.01504523508061395
90 z 39 0.07215616655809076
91 j 107 0.8523905712699448
91 l 28 0.007597951328992991
92 l 71 0.6767209050748189
92 x 38 0.0782923628006762
94 e 31 0.2850863662420984
94 g 99 0.011854986450269389
94 i 87 0.1590657624018662
94 k 5 0.1591188159373581
94 q 16 0.08323320273111556
94 t 16 0.06873079143838845
94 u 37 0.11080114942816877
94 y 99 0.06178996020571703
95 d 46 0.25044607652184103
95 o 78 0.46874979433562824
96 h 98 0.21172834068815138
96 i 110 0.10717707414247535
96 r 11 0.4822277124055643
97 a 50 0.0017931394400889644
97 b 2 0.008612371799542329
97 c 7 0.02285613473141246
97 d 27 0.006391975490315005
97 e 24 0.09031155958691794
97 f 98 0.0404160973421005
97 g 98 0.024673856393525595
97 h 16 0.06044498015786137
97 i 54 0.03625411290535674
97 j 94 0.006265037502617421
97 k 55 0.14795546465359755
97 l 15 0.037817613181589715
97 m 92 0.050020773844935196
97 n 2 0.011239325135630418
97 o 120 0.022959704184675966
97 p 40 0.09910040402718423
97 q 100 0.005757041627545312
97 t 108 0.09182963418109258
97 u 62 0.0016351848865289176
97 v 39 0.007319941071994407
97 w 5 0.03681817248459551
97 x 66 0.07495796627875351
97 y 9 0.015338672890645055
97 z 110 0.08373049467360127
98 b 21 0.11007751060610083
98 i 28 0.04636723090526096
98 m 58 0.10299672601319187
98 o 47 0.16789622964347395
98 p 41 0.00363790523186025
98 r 5 0.04203263840427751
98 s 114 0.04225129162608343
98 t 14 0.017188506525366853
98 v 21 0.06100426112675872
98 y 30 0.0733817753804843
98 z 60 0.15664739499248548
99 b 19 0.0066587278350972445
99 c 67 0.08709852086017944
99 d 66 0.014094808232147704
99 h 80 0.04480872224787702
99 k 23 0.01721932872659837
99 n 108 0.006898209785474285
99 o 104 0.11004339125766738
99 q 8 0.030626968327929216
99 r 119 0.11379413925866999
99 s 22 0.16001911690361192
99 t 18 0.03232478035897535
99 v 59 0.13765548450879683
99 w 108 0.10958367314318296
99 z 82 0.03799639738776961
100 b 2 0.14343086838624253
100 d 38 0.04552779506264293
100 j 44 0.12817330067455823
100 t 68 0.6356987146334022
102 r 14 0.22004221448064742
103 f 124 0.010447239142731712
103 g 40 0.08999207953600419
103 o 58 0.09569223089465129
103 q 78 0.1859851064979927
103 s 121 0.059340615461281776
103 t 91 0.15233196155287565
103 u 93 0.06770230559938784
103 v 122 0.07096935848292174
103 w 82 0.08215615903572637
103 y 7 0.07311336509381317
103 z 67 0.03800239503626712
104 d 0 0.08751953151813308
104 e 96 0.03763136475200546
104 f 42 0.09005994985259869
104 h 112 0.04027886663413671
104 j 120 0.06685995791278543
104 k 81 0.05048478232895959
104 l 80 0.029581045546564044
104 m 25 0.11848964811260576
104 n 117 0.01782680476429166
104 o 112 0.01826432440029946
104 p 122 0.07913893111187942
104 q 120 0.07148187948417861
104 r 31 0.025568959782914402
104 t 37 0.055796342987997294
104 u 3 0.011261651994904143
104 v 115 0.020895948028931355
104 x 105 0.06193385330302048
104 y 97 0.10723832808924094
105 b 89 0.20003085651517527
105 c 14 0.00689839834889705
105 d 49 0.13432031126683275
105 g 95 0.13350239839575906
105 h 36 0.15985185755358144
105 k 73 0.039932703208310105
105 o 107 0.022747510377172264
105 p 119 0.07192459370719151
105 r 90 0.03443976932953152
105 s 8 0.004132418279997996
105 t 98 0.05228451859048433
105 v 64 0.1080787435569237
105 x 118 0.029941293710722294
106 b 11 0.004300210913685265
106 c 81 0.001586222524688874
106 d 20 0.057902077944606556
106 e 113 0.031201856999309552
106 f 120 0.01991946025679192
106 g 67 0.13536911513644823
106 h 101 0.05799634661973496
106 i 114 0.048562786488329235
106 j 83 0.007962477738731932
106 k 80 0.010684014203142578
106 l 33 0.03452050268699802
106 m 58 0.03251489080171899
106 n 104 0.009665646011598361
106 o 114 0.06390622441814531
106 p 84 0.01846868754635833
106 q 99 0.012194923614197495
106 r 62 0.08761147352592591
106 u 46 0.051726468364379885
106 v 122 0.09813014342363613
106 w 95 0.04930228077996868
106 x 69 0.008966492341472176
106 y 86 0.08644260582617769
106 z 21 0.025260331668217617
107 a 66 0.147657030075235
107 b 24 0.035502703910363254
107 c 6 0.010577728768531136
107 d 96 0.033483409585667534
107 e 113 0.04149791399734892
107 f 74 0.06370471898802366
107 g 69 0.0010389346929415844
107 i 74 0.00943617992025092
107 j 102 0.03871172301745163
107 k 64 0.05385563612220845
107 m 85 0.05518885106621718
107 n 105 0.029745958973808384
107 o 92 0.0753233897620269
107 p 108 0.004267459193531886
107 q 48 0.016373062082088108
107 r 115 0.012010618273020746
107 s 26 0.05164400025831839
107 u 116 0.013941404002015934
107 v 57 0.016114902427781796
107 w 15 0.051493481737373115
107 x 112 0.04657559435663383
107 y 120 0.04536076608980166
107 z 8 0.13301782087855973
108 w 105 0.8746428610422432
109 d 107 0.05796842274621683
109 p 73 0.12145749782316062
109 q 115 0.022987628707349717
109 t 9 0.3549172843370326
109 u 116 0.15618360623730776
109 x 108 0.2616959457415905
110 a 31 0.09720604547118472
110 c 41 0.03408116468535494
110 d 120 0.3278101241944378
110 r 65 0.03873531773696537
110 s 99 0.346812858575832
110 t 97 0.01989124643892337
110 v 25 0.008715985502310453
110 w 107 0.08743496085996083
111 b 9 0.006094276250057651
111 d 68 0.04627789498035961
111 e 79 0.15433722626305313
111 g 57 0.009240332912904936
111 h 121 0.0524952134821457
111 i 91 0.027079665907887795
111 j 65 0.08402304708211472
111 k 24 0.0768546564326873
111 n 114 0.024169226255474463
111 p 63 0.03304172356231472
111 q 4 0.02074650357765595
111 s 31 0.07701163753247053
111 u 53 0.06309858124056422
111 v 50 0.18475799883586475
111 x 5 0.021672165320392733
111 y 64 0.0019599840297847004
111 z 48 0.055283387302635045
112 c 52 0.04373487216642935
112 i 65 0.04210441614510141
112 j 70 0.09139012408345326
112 m 83 0.0586796242619777
112 o 118 0.1712903162494389
112 r 115 0.03290525321285953
112 t 56 0.16009528267294704
112 u 81 0.0663964424214093
112 v 110 0.08236830565215869
112 y 7 0.23291692120735796
113 a 36 0.01641548100280321
113 b 9 0.01603027428579784
113 c 49 0.08794079480742945
113 g 84 0.19635627024457392
113 i 61 0.0728596607201264
113 j 6 0.021515103894552245
113 m 0 0.025253808762961127
113 n 74 0.03807953474386694
113 p 95 0.0291294819298491
113 r 73 0.21330756327419365
113 s 11 0.0031607109632243446
113 u 50 0.1367535241589275
113 v 40 0.0768403220699625
113 x 85 0.00806010220950415
113 y 48 0.023887778939267523
114 a 49 0.01001230029016642
114 c 14 0.09066909282846958
114 h 1 0.037392274003554715
114 j 77 0.065686065524731
114 k 4 0.24972448784782642
114 n 96 0.043546386948929316
114 p 28 0.2257028470712411
114 t 111 0.010340206846784938
114 u 81 0.03855785171416648
114 w 51 0.11176690504614117
114 z 1 0.02457770198291387
115 a 25 0.05356125257310662
115 c 29 0.0657890114540608
115 d 52 0.02145942040234905
115 e 48 0.023006584102498784
115 f 22 0.067286370976409
115 g 99 0.03364415216842809
115 h 108 0.07164175543553197
115 i 60 0.006630857874181273
115 j 79 0.01844236814208544
115 k 98 0.014675477612080545
115 l 47 0.018677914164683562
115 m 13 0.0012653150907502297
115 n 88 0.022615964222219898
115 o 63 0.061146661182500006
115 p 0 0.0641158427795313
115 q 19 0.012933441371008048
115 r 70 0.04278581782420232
115 s 1 0.0034589230035413365
115 t 66 0.006961319289234491
115 u 90 0.04630897780258736
115 v 68 0.03946472986514227
115 w 20 0.07969313914115272
115 x 109 0.0023374353191865094
115 y 54 0.08461352162087499
115 z 23 0.07693907568998337
116 a 69 0.024311448225733168
116 b 96 0.011722512915323002
116 d 38 0.07549017014286441
116 f 73 0.0007819202648916557
116 g 89 0.0073532674298596445
116 h 97 0.061348217934050764
116 j 26 0.019714140091201537
116 k 99 0.06224910788668492
116 n 48 0.03248539613062329
116 p 47 0.021891471006842744
116 q 9 0.022728319139564412
116 r 123 0.046135031938015714
116 s 23 0.007788225504691826
116 t 10 0.006755856358411583
116 w 69 0.1431279162063731
116 x 110 0.03736144341783221
116 y 58 0.28861402646332934
116 z 48 0.02079917001961984
117 d 54 0.018521165824118113
117 u 75 0.7026719195850231
118 a 29 0.009977892658189935
118 c 87 0.03313346804644235
118 d 56 0.02992429610695435
118 e 48 0.00694597486168913
118 f 42 0.20665986530155556
118 g 120 0.0548866563211694
118 h 90 0.09463701941227265
118 i 7 0.037256941903398566
118 j 91 0.0355554529705423
118 l 13 0.05454103805968169
118 p 56 0.006215110427815973
118 r 112 0.0046610408956681
118 s 66 0.023786030728700225
118 t 112 0.043551467913646835
118 u 74 0.27197561300317197
118 x 28 0.0051305018593567064
119 a 47 0.048845488362316836
119 b 112 0.011163451610838093
119 c 24 0.014521746189750773
119 d 107 0.05358611086273235
119 e 67 0.0217164611179268
119 f 101 0.026353869360541626
119 g 45 0.06343262102400171
119 i 99 0.008788172866345478
119 j 72 0.06048364640634796
119 k 106 0.06974981675955849
119 l 17 0.006215626587047107
119 m 63 0.014933455063044221
119 n 98 0.042974881250130936
119 o 96 0.017433853657098264
119 p 64 0.0024682586334049406
119 q 83 0.015707738337863986
119 r 47 0.0192457620924269
119 s 79 0.09588160123549239
119 t 24 0.17115638410586154
119 u 104 0.011334705377807897
119 v 114 0.03457017211646041
119 w 93 0.018648970182116087
119 x 53 0.012731019049311176
119 y 123 0.0353807473050074
119 z 28 0.09226593589271326
120 a 17 0.09286428526712254
120 c 85 0.5764136546145291
120 i 86 0.2533953999109033
120 m 73 0.05454239341867717
120 u 81 0.003110029212073817
121 a 98 0.14992098029696843
121 j 51 0.04458485925246192
121 p 83 0.7511558084471417
121 t 16 0.005804740032247291
122 b 35 0.12308184382830256
122 c 53 0.011287467987596722
122 d 8 0.002422401007773467
122 e 45 0.024238477923050006
122 f 86 0.05876386431583336
122 g 85 0.008967207882957684
122 i 42 0.01869776039384763
122 j 77 0.03962914436191989
122 k 116 0.0066868690815842236
122 l 41 0.073091443625804
122 n 50 0.16622749226317368
122 o 109 0.0680533050244192
122 q 45 0.05011250744147333
122 s 33 0.07027748752817953
122 t 58 0.12674734001462495
122 u 20 0.04009155839346856
122 v 119 0.023726488227130527
122 y 10 0.008722776640621377
122 z 18 0.04156112325202033
123 b 85 0.007982267388010111
123 c 19 0.06989626117722891
123 d 75 0.00366542910351475
123 e 95 0.014751849328376476
123 f 60 0.057402131449278415
123 g 97 0.02119913657525574
123 h 98 0.03177180006207758
123 i 11 0.015871733444940417
123 j 10 0.020884551752093694
123 k 105 0.0133216836636888
123 l 108 0.013932546683183444
123 m 115 0.02092204838172107
123 n 3 0.008378619081358396
123 o 51 0.027301427035239967
123 p 20 0.10290627480076975
123 q 99 0.03958309231802948
123 r 124 0.09336525372387772
123 s 58 0.11828665124217408
123 t 8 0.05533403463137476
123 u 31 0.07751827687379054
123 v 95 0.038991948601914794
123 w 13 0.08987595622380185
123 x 70 0.012156654876924855
123 y 103 0.004162920020793548
123 z 57 0.0021613200553675105
124 d 12 0.06716579849698434
124 e 9 0.0302344236862232
124 h 23 0.05087346466481113
124 i 30 0.0842025753311163
124 j 78 0.0327693678635429
124 k 16 0.08080231884336941
124 m 48 0.0374305064165793
124 n 23 0.04393491109883574
124 p 34 0.12794809631745285
124 r 5 0.0012532950462811332
124 s 119 0.17767560624780676
124 u 104 0.008468895085811057
124 v 9 0.008152421354308714
124 w 18 0.05074005349511235
124 x 97 0.15779767350252283
124 z 71 0.00897630538282923
