171 26 2347
0 0.01829651082130801
0 0.055135182489055135
0 0.010841150846154002
0 0.022898303006394505
0 0.2115060992315796
0 0.33079630833227525
0 0.11992093885303612
0 0.06075420470341075
0 0.008229810057858944
0 0.002458063957335055
0 0.05099650266667444
0 0.07501408273475918
0 0.011280188192520413
0 0.02777866964158837
0 0.09747831138216212
0 0.02849506470855867
0 0.007231329669636688
0 1.0
0 0.15244095406484082
0 0.01000446809734512
0 0.031622238299626626
0 0.025073844057561745
0 0.24191201222181602
0 1.0
0 0.4318361049121928
0 0.0063236638743664475
0 0.06484675621495728
0 0.04600979667199945
0 0.05887462408992583
0 0.037868515618374676
0 0.08235271884530304
0 0.03484053268945675
0 0.030988359351503236
0 0.08598917997431788
0 0.08751438319874971
0 0.38510548488012586
0 0.03854632554715143
0 0.02432849933887471
0 0.014928293221599831
0 0.2090102205914739
0 0.10454422733452917
0 0.02950484767005912
0 0.07195410879846031
0 0.10056400085309236
0 0.11592113709799112
0 0.25670971077498517
0 0.0030269162855310894
0 0.185451476651328
0 0.08999999519050328
0 0.07439540729652327
0 0.02896639387528932
0 0.15563998831822468
0 0.0072917931556985005
0 0.05835151873027089
0 0.019284375268718623
0 0.011401206685223375
0 0.0057185738071668935
0 0.01866332269408566
0 0.23141072247655303
0 0.33833826097953545
0 0.008664592614991085
0 0.17280310722056524
0 0.2567690271521128
0 0.02600376473953625
0 0.3841716465905687
0 0.04506720509753381
0 0.03567678738750024
0 0.11957383193120819
0 0.051953282643582344
0 0.016260296405159025
0 1.0
0 0.2874150913627296
0 0.04336256916644077
0 0.571275987237757
0 0.047660062331773334
0 0.048926486442550265
0 0.08075373839783273
0 0.20437570404329608
0 0.1832427970299274
0 0.47404008456745805
0 0.02050396503043639
0 0.2307679521448569
0 0.037645222405849
0 1.0
0 0.32663704318334663
0 0.001211134740605968
0 0.06470170255078334
0 0.06067907590344013
0 0.014542728398864835
0 0.1285440750579896
0 0.01290502816918726
0 0.22879272638791714
0 0.031975506714004065
0 0.04639870491571629
0 0.017321480935709288
0 0.009951048181789046
0 0.010007993694077011
0 0.22227955922876697
0 0.15448367237445537
0 0.06323089232099532
0 0.0003905852250344344
0 0.023550392762644257
0 0.022864202977747716
0 0.04821107648700762
0 0.013980963000176594
0 0.014463595312607658
0 0.007497626772715704
0 1.0
0 0.15961693018667888
0 0.014457284308567964
0 0.005841992510385086
0 0.01726350266444132
0 0.11166541715916867
0 0.4956411743657524
0 0.03487511580074054
0 0.058496505098457385
0 0.00021717344434923902
0 0.028890016246816086
0 0.23712574875338333
0 0.2894154836142486
0 0.010796561897678192
0 0.025614254267884884
0 0.05418234530069188
0 0.04094607819433871
0 0.07094315081327307
0 0.18136732164121083
0 1.0
0 0.0802902217771575
0 0.2641553646831215
0 0.04462559666123711
0 0.0611988909780764
0 0.15815714033808836
0 0.202251639933279
0 0.08128914439467383
0 0.0012963309696439884
0 0.028643112851925667
0 0.08654774856930758
0 0.1070151056715416
0 0.010724994212732208
0 0.04277081608917832
0 0.058259208854134825
0 0.12241583555792934
0 0.10269227787589585
0 0.13703890502026117
0 0.2844345570802288
0 0.06799453815188161
0 0.08690757122089265
0 0.01644086503725639
0 0.05614978533298187
0 0.005491601381616307
0 0.07323237281686557
0 0.003268945862684225
0 5.8470352238604306e-05
0 0.0017246672139488162
0 0.06626688250800261
0 0.0194590851836548
0 0.02169008495796143
0 0.007286898516035478
0 1.0
0 0.006533011331410932
0 0.017871504494100576
0 0.012033423407697863
0 0.09282655883363167
0 0.05408814476482471
1 0.021368674468413285
0 0.07011077167858382
0 0.013510565827022925
0 0.11322557977351178
0 0.023991601816616748
0 0.11986646041453408
0 0.15927375379871622
0 a 61 0.1737268814995062
0 c 121 0.0038776113040938087
0 d 104 0.10934744606239777
0 e 29 0.014146292372516744
0 g 137 0.03913510295538414
0 i 80 0.01326197076251856
0 j 111 0.00426977588019084
0 k 153 0.03834723597029466
0 l 89 0.05474835353793839
0 m 24 0.08064928239069558
0 n 30 0.06405831163005671
0 o 158 0.03651759478635108
0 p 153 0.0381457394799527
0 q 6 0.02691837822171994
0 r 6 0.038708213019417514
0 s 160 0.0030841967050326824
0 t 1 0.004081610058819796
0 u 90 0.10283081631992563
0 v 146 0.0072964759561874315
0 w 153 0.0036866305507169406
0 x 17 0.01477005099403872
0 y 80 0.11009551872093615
1 a 116 0.023757461876228958
1 b 151 0.08433771150964553
1 c 155 0.006484157122908174
1 d 101 0.024109345744296795
1 i 44 0.003545511835840842
1 j 138 0.0034529531681233294
1 k 62 0.16369077115648611
1 l 124 0.04727927038377788
1 m 85 0.11158305445289274
1 o 2 0.031188930996087105
1 p 150 0.002770562688202638
1 q 65 0.055062638916045126
1 r 60 0.21202514642477854
1 s 153 0.011809075540082037
1 t 29 0.0019752139217482645
1 v 95 0.00846823636580829
1 w 30 0.06476429739004053
1 x 61 0.01120287070020587
1 y 17 0.07262754418999351
1 z 30 0.004730063127752593
2 a 153 0.1527413579381759
2 b 77 0.08411524435313356
2 c 152 0.009938495827774507
2 d 28 0.01242577883081708
2 e 76 0.041132548871411934
2 f 64 0.04647254008083135
2 g 96 0.021755495632778787
2 h 83 0.03224811064231947
2 j 114 0.001975892975570437
2 k 40 0.04797396051100933
2 l 63 0.06325057427819492
2 m 34 0.02051725196462728
2 n 36 0.022433153746988288
2 o 138 0.08642920784892172
2 p 52 0.003998669798584098
2 q 10 0.18877313668896423
2 r 143 0.044598565661684964
2 s 99 0.007449386183036477
2 t 93 0.011736512775266439
2 u 112 0.0011775567029417289
2 v 10 0.00034159339389427945
2 w 157 0.012578527656540106
2 x 17 0.05191887863072486
2 y 150 0.0037237121527381456
2 z 37 0.019452696006916126
3 a 164 0.00846582435458243
3 b 91 0.026763271127447585
3 c 140 0.12919534512181663
3 f 49 0.05234005103126316
3 h 139 0.08046290083289076
3 i 24 0.03590658792531487
3 k 11 0.01602591756653493
3 m 96 0.032405477139953565
3 n 39 0.022918755074602837
3 o 137 0.09183317616048003
3 p 134 0.04253264872789875
3 q 55 0.01988600067961177
3 u 0 0.07804022305748215
3 v 156 0.007547305390999903
3 w 133 0.1614171760539871
3 x 36 0.0035791088944747695
3 y 156 0.012227282411707785
3 z 64 0.15555464544255648
4 a 2 0.033152063785279684
4 b 142 0.09063503168921117
4 c 141 0.07060431353288454
4 f 40 0.028647041272843232
4 g 124 0.01705218128004904
4 h 23 0.0042242777568769485
4 j 88 0.013058475981165718
4 k 57 0.06543317236382995
4 m 139 0.0030136165163521245
4 n 105 0.0806108747998453
4 p 11 0.07339511990763226
4 q 65 0.034579515607541134
4 r 49 0.03277365872850946
4 s 82 0.031595768933852963
4 t 111 0.06632758268998795
4 v 89 0.0456130506659671
4 w 52 0.03745620793452609
4 y 49 0.05351378872016077
4 z 12 0.006808158601904979
5 a 166 0.20111358388287792
5 i 100 0.02467520422917946
5 k 0 0.053162890849762
5 l 21 0.17010302382226616
5 m 120 0.2201489888836392
6 a 107 0.07780394095866272
6 b 156 0.02506248265941291
6 i 139 0.030063800561956455
6 j 126 0.19180702954773599
6 n 109 0.2913562593901923
6 p 13 0.1624207465339359
6 r 135 0.04997866267673434
6 w 3 0.051586138818333294
7 c 144 0.014375883034711712
7 i 122 0.31742091016715845
7 k 82 0.04195351341237785
7 w 86 0.11333159237410906
7 z 89 0.45216389630823217
8 e 57 0.07423657143609697
8 f 73 0.04137357545650355
8 l 66 0.09251154162378561
8 o 152 0.09464462019219544
8 p 108 0.008903140951448174
8 q 107 0.07576209274999135
8 s 119 0.2899752346720509
8 v 114 0.3143634128600691
9 a 10 0.031196546989359253
9 b 130 0.0018184820888436093
9 c 120 0.11686484553710097
9 d 5 0.005730318743536467
9 e 74 0.033506420646768786
9 f 20 0.031791061168019
9 g 84 0.007718311866485528
9 i 164 0.01666310865423848
9 k 7 0.06359363033508514
9 l 44 0.1325611300334747
9 m 30 0.012087048945469858
9 n 69 0.025164406181123478
9 o 137 0.0033674807578560895
9 p 25 0.052121160250790166
9 q 89 0.028076647894775153
9 s 87 0.04501073083212881
9 t 143 0.002084924273519251
9 u 133 0.06406293169683497
9 v 18 0.07021853314458437
9 w 27 0.0059287722056093894
9 x 54 0.1764591904009989
9 y 165 0.06326355640816572
9 z 130 0.00825269698789688
10 a 147 0.04502916468915741
10 b 19 0.003392243568313469
10 d 84 0.039441428749579455
10 e 110 0.09405946512150887
10 i 3 0.02566011793366063
10 j 129 0.012223990506888494
10 l 107 0.0968392236045017
10 m 25 0.04863018081718684
10 n 10 0.03764483244868444
10 o 57 0.050923234054429
10 p 116 0.0007928245474314588
10 s 20 0.006538799666679251
10 u 133 0.1376285833097185
10 v 20 0.11794897400621529
10 w 114 0.05199897860925928
10 x 163 0.1303045368952621
10 y 125 0.04994691880484936
11 a 9 0.046196463867105964
11 b 23 0.009584756659530735
11 c 120 0.03451224211810977
11 d 149 0.05967917443689408
11 f 139 0.1278847012803075
11 g 31 0.02267886027818189
11 h 70 0.008075607313851152
11 i 121 0.024843974569599747
11 j 111 0.011337746093087464
11 l 148 0.019839757763800092
11 m 94 0.01361205813898314
11 n 19 0.0054354556202752535
11 o 162 0.050780282620997874
11 q 125 0.04328878812203063
11 r 109 0.027974541283337317
11 s 8 0.14906240273874394
11 t 96 0.03391834359546486
11 v 36 0.07735404304930182
11 x 103 0.0417895878030462
11 y 129 0.09483365907710517
11 z 17 0.022303470835486228
12 a 139 0.0022371970718286782
12 b 83 0.0225087043539004
12 c 158 0.010152685978794262
12 d 36 0.00557001744008534
12 e 43 0.03667158065120979
12 f 136 0.04807274431778186
12 g 28 0.011158014288766727
12 h 18 0.029810829005330164
12 i 160 0.01621258431099659
12 j 104 0.10139845355357513
12 k 123 0.030497775691177953
12 l 157 0.13553335675477918
12 m 57 0.024157780394965633
12 n 154 0.05138745418954971
12 o 38 0.0022566615649695088
12 p 17 0.013412801904272742
12 q 45 0.14428405063855565
12 r 127 0.019285733485430057
12 s 96 7.479512721719761e-05
12 t 76 0.004284218701143927
12 u 12 0.02954041289230125
12 v 116 0.05653186799190413
12 w 145 0.012053467330943146
12 x 87 0.0022022784902574477
12 y 18 0.16822321796435358
12 z 77 0.011201127713389547
13 b 130 0.06663368842037098
13 n 58 0.6856645367579929
13 r 100 0.04087456573316717
13 v 23 0.15058807359951587
13 x 45 0.028460465847364724
14 a 11 0.020117252896264204
14 b 141 0.012162619161538157
14 c 21 0.07869437435560156
14 d 159 0.06658082917877928
14 e 12 0.006348335737685673
14 f 72 0.0007431119424604615
14 g 159 0.0012206342835829886
14 i 85 0.07116477884694417
14 j 116 0.008105104408274166
14 k 145 0.012796990152605936
14 l 57 0.029711403418001825
14 m 63 0.122531385503994
14 n 170 0.017395313175297855
14 o 44 0.04495433759611456
14 p 99 0.018102841926012192
14 r 129 0.009028169841790668
14 s 93 0.07600495375028427
14 t 136 0.017002542897835315
14 u 120 0.20991089947093122
14 v 124 0.00409807041559429
14 w 154 0.05171863775801788
14 x 150 0.023058351846392933
14 y 12 0.0009172026521336862
14 z 126 0.00015354740170059333
15 b 160 0.07474999541981675
15 c 102 0.02106275074662811
15 d 8 0.033095120619292984
15 e 103 0.08879866949983495
15 f 28 0.10440181958173311
15 h 42 0.037596921151636264
15 j 112 0.08941494472281186
15 k 86 0.028959060180784313
15 l 57 0.029825140522170335
15 m 8 0.1814794707831674
15 o 18 0.0031711443493737113
15 p 59 0.012319190426957172
15 q 16 0.06632795314485207
15 r 166 0.011107421935523498
15 s 140 0.08094231556561848
15 t 155 0.0033738439588020253
15 u 34 0.006771351415024496
15 v 119 0.01531087784154217
15 w 149 0.022302136414787066
15 x 66 0.03081577335425667
15 y 86 0.015981495031762938
15 z 17 0.013697538625064953
16 a 57 0.009026356377524136
16 b 158 0.036721856721800505
16 c 162 0.025010392191929243
16 d 38 0.010701554975781402
16 e 110 0.08729661625626595
16 f 168 0.010212015827074539
16 g 35 0.039573851906754665
16 h 82 0.04980634490872138
16 i 53 0.003237860953403837
16 j 15 0.007654766292221504
16 k 66 0.02001838802702216
16 l 120 0.10735865596393979
16 m 117 0.03506160634859079
16 n 96 0.08307887915294077
16 o 103 0.0030521599540275224
16 p 71 0.1181784184147806
16 q 141 0.008927828239734259
16 r 134 0.07731930223936223
16 s 45 0.03815239672702575
16 t 169 0.0738226117468842
16 u 141 0.005582743585581973
16 v 121 0.015089735671700799
16 w 21 0.022254283042438816
16 x 61 0.04093201365868915
16 y 17 0.03751216363769727
16 z 123 0.027185867508470074
18 f 114 0.08288898621672225
18 h 54 0.20589848429045132
18 p 138 0.5587715754279856
19 a 123 0.04930845732357725
19 b 130 0.021856184214100183
19 e 150 0.031049184865139745
19 g 17 0.08812045885831954
19 h 4 0.0133737317738023
19 i 127 0.02183749882248176
19 j 16 0.08597395769366889
19 l 108 0.1380339606736054
19 m 18 0.051198913445684835
19 n 152 0.017409558290099936
19 q 70 0.03653288473284333
19 r 130 0.0190699610757753
19 s 50 0.11537832002518789
19 t 29 0.01604549755943474
19 u 95 0.01799988606196168
19 v 170 0.05772255394020509
19 w 167 0.09677609552110367
19 x 111 0.024692267676817425
19 y 19 0.08533277380110926
19 z 129 0.0022833855477366605
20 e 69 0.04949246674830565
20 h 19 0.10991014569715418
20 n 24 0.09902713647028372
20 p 95 0.535044052316778
20 u 10 0.17490396046785184
21 a 123 0.01986612154278322
21 e 109 0.013904966668860208
21 f 68 0.15848824579330956
21 g 138 0.04069602953282647
21 i 27 0.035088304811071835
21 m 24 0.15326418273259423
21 p 69 0.16186544661464808
21 q 26 0.20018151080996605
21 t 123 0.04312627505347433
21 y 147 0.14844507238290428
22 p 24 0.758087987778184
24 d 15 0.5681638950878072
25 a 55 0.015780216105454326
25 b 26 0.11697587634722184
25 c 119 0.023499917248270052
25 f 1 0.05530272588928198
25 g 118 0.006949428252056689
25 i 25 0.0068759182888434855
25 j 120 0.029811139552979316
25 k 135 0.06076806574652871
25 m 54 0.03234908443037987
25 n 107 0.08423108243300659
25 o 55 0.006628991008434282
25 p 32 0.31372334513243383
25 q 115 0.03516237440670289
25 r 81 0.04045548231408336
25 u 94 0.013012791170666449
25 v 28 0.024173697678645967
25 w 149 0.03063720572524875
25 x 16 0.07002108035934573
25 y 153 0.0051601629875055455
25 z 82 0.022157751048543894
26 a 57 0.00816047769106143
26 e 98 0.037331459481421136
26 k 63 0.08442447892342131
26 n 125 0.1274896865664651
26 o 105 0.18832698505941048
26 p 124 0.05207510129274617
26 t 32 0.10801698945273985
26 v 31 0.10297281780176826
26 y 139 0.1987171755148247
26 z 75 0.02763807200118429
27 a 70 0.1403094591806502
27 b 160 0.005014607872269261
27 d 84 0.0005185929298808789
27 e 64 0.0325223478857074
27 f 77 0.030169368296991905
27 g 30 0.027144451452808527
27 h 170 0.0036944607554637576
27 i 55 0.05805281331884493
27 j 102 0.051250332905194096
27 k 19 0.042229343317040535
27 l 161 0.1476071586057529
27 m 94 0.020296654744748732
27 n 90 0.0500165351657188
27 p 50 0.0012582393924482904
27 q 4 0.005639216054984075
27 r 119 0.03563874362462094
27 s 63 0.0723861330779132
27 t 153 0.1207767000287503
27 v 23 0.03825289530526266
27 w 137 0.006854955959788689
27 x 103 0.013277282476351404
27 y 169 0.002320022453156989
27 z 44 0.048759888523652095
28 b 26 0.02827800557493565
28 d 7 0.42069324717847034
28 e 110 0.06920955730548317
28 l 29 0.013823740118814376
28 m 33 0.0642761351871326
28 n 123 0.01219994401803981
28 o 108 0.08467474728558666
28 r 74 0.14238586681379617
28 s 102 0.004192017757397859
28 v 15 0.10139211467041753
29 a 70 0.07996685113632307
29 c 163 0.11752501877084287
29 e 109 0.17090457324449593
29 f 115 0.15076103910646022
29 i 161 0.06911715905877103
29 k 47 0.025008027340343464
29 m 46 0.03560301945384459
29 o 83 0.0688173692733628
29 r 170 0.12153899659092948
29 t 34 0.022063641343315843
29 u 22 0.06523174924477959
29 y 170 0.03559403981815645
30 b 105 0.04438605064258716
30 d 1 0.091441108508587
30 e 11 0.08235084883540766
30 h 34 0.09668002605481785
30 i 12 0.05790807160755107
30 j 22 0.01569298031947719
30 l 21 0.06275700734137868
30 m 106 0.1628374279066528
30 q 131 0.027883604045043642
30 s 126 0.057537806370654754
30 v 42 0.025399889764431305
30 w 165 0.11320593990355776
30 y 9 0.07035452998527503
30 z 108 0.009211989869275072
31 a 49 0.0988430959543658
31 b 89 0.029243346855312935
31 c 80 0.09958331257065622
31 d 92 0.0047840711269381275
31 f 32 0.038069831497014595
31 g 67 0.00807778310907048
31 h 145 0.0065757339038233775
31 k 101 0.014571035286476408
31 l 157 0.06609291293002462
31 o 125 0.08092575849324934
31 p 85 0.02568055611696396
31 r 160 0.03552075789127351
31 s 37 0.0642472307135955
31 t 18 0.08693133872346659
31 u 82 0.07776030458189742
31 v 23 0.01938845293825464
31 w 162 0.01008981462810632
31 y 90 0.1198216071933802
31 z 46 0.0789525227966732
32 a 152 0.031303180308410505
32 b 46 0.03871530992954453
32 c 150 0.08845883715527125
32 d 30 0.00027315219265833246
32 e 17 0.11246045030298224
32 f 165 0.09664898122413634
32 g 28 0.011668851287606308
32 h 33 0.057634890279666506
32 i 134 0.0020733249702244994
32 j 96 0.027491048917956284
32 k 143 0.01887977556849718
32 l 156 0.021976417588463804
32 m 70 0.015983276557640536
32 o 29 0.005214589254717628
32 p 150 0.016382096127432022
32 q 15 0.004946419915782152
32 r 144 0.02381869858934771
32 s 104 0.061390221653440324
32 t 102 0.06955934830904875
32 v 12 0.04873197915631022
32 w 87 0.04285961952564077
32 x 14 0.0211899195859514
32 z 86 0.15135125224776746
33 a 1 0.002595946351834022
33 b 107 0.21649414643553866
33 c 125 0.03374255216941502
33 d 77 0.10710599441440871
33 f 53 0.08119206833757686
33 g 117 0.019035855022391912
33 h 99 0.002494776968166579
33 k 128 0.08369302736692119
33 l 154 0.02658007501082682
33 m 102 0.058992087100742885
33 o 92 0.03592163256876402
33 p 51 0.04787334649033925
33 q 168 0.004316479125615835
33 s 92 0.06474358448127715
33 t 20 0.11492372608671597
33 u 155 0.010280325222914333
33 x 27 0.004025196872232906
34 c 113 0.05069721786081627
34 d 35 0.06984540161147346
34 e 75 0.002682517298938536
34 g 97 0.15710950231565168
34 h 24 0.005134938755484986
34 i 71 0.04615993337998314
34 k 17 0.03782835585368749
34 l 89 0.09107567474859768
34 n 55 0.021970525106015937
34 o 137 0.007899693069261748
34 p 76 0.060125616510595004
34 q 4 0.024933889364326833
34 u 37 0.0004963329767647684
34 w 123 0.2535418180619221
34 z 54 0.08298419988773065
35 d 97 0.469581924554465
35 h 18 0.03129758399206051
35 l 49 0.07645171272604112
35 y 75 0.0375632938473075
36 b 97 0.0025293917930001575
36 e 35 0.011476703179691183
36 g 133 0.18350158639275505
36 j 139 0.002997041172368098
36 o 115 0.0027821978369751976
36 p 70 0.0944845318806391
36 q 136 0.40138330758278795
36 u 8 0.13148773509150502
36 x 129 0.13081117952312682
37 a 150 0.010534034818966642
37 b 54 0.002350217502565588
37 c 91 0.019885361306002935
37 d 159 0.03470739777442278
37 e 108 0.03420652259704948
37 f 151 0.002461801451033141
37 g 2 0.028639716100408608
37 h 61 0.024162654683328677
37 i 111 0.018271609524570187
37 j 128 0.043148369416220245
37 k 170 0.055857755288791666
37 l 85 0.05898159719795293
37 m 21 0.061646091738400854
37 n 124 0.00820397018666863
37 o 67 0.061797556730854186
37 p 12 0.11707918442898435
37 q 60 0.03010776956023209
37 r 143 0.08053805260645786
37 s 44 0.00789058894992889
37 t 53 0.004510831247699021
37 u 123 0.10765859841914516
37 v 151 0.010864533567885193
37 w 15 0.006289216431205835
37 x 28 0.01791207855143606
37 y 19 0.12689414320950487
37 z 30 0.0010718473714094179
38 b 142 0.00035230345594905454
38 d 75 0.3249686319082731
38 e 147 0.11174800184288358
38 i 15 0.023789552457302743
38 n 16 0.0742219852953131
38 p 162 0.08426620987165223
38 q 99 0.198615458902338
38 r 16 0.07661529821441404
38 w 132 0.09049426483027434
39 g 113 0.08881824063525479
39 h 43 0.04806817940234054
39 i 45 0.04300228754213142
39 j 0 0.011895949861019495
39 n 78 0.012756768147025976
39 p 68 0.06107529992640315
39 q 10 0.08139178492023091
39 t 134 0.20040607615169959
39 v 159 0.038619022115378265
39 w 19 0.07900719008185841
39 y 167 0.09481077023254592
39 z 104 0.031138210392637644
40 d 71 0.0580460890312382
40 i 26 0.2281258630387739
40 o 15 0.1531714948918208
40 u 61 0.427168449500236
40 y 83 0.028943876203401886
41 a 27 0.13725364715777133
41 b 130 0.015112652883123245
41 c 120 0.004131579047021994
41 d 66 0.014068122268053984
41 e 41 0.0460483178371327
41 f 86 0.09367060526230753
41 g 123 0.005615492022152946
41 h 20 0.008124185554566399
41 i 31 0.031905666134091404
41 j 141 0.03834799079610551
41 k 160 0.04122441040119884
41 l 15 0.026798457654887642
41 m 91 0.029768461442596594
41 n 17 0.09425519604250299
41 o 73 0.08418146577700536
41 p 119 0.04247770145719576
41 q 142 0.013731454244059416
41 r 117 0.043571726529596067
41 s 98 0.022888529745437425
41 t 58 0.000768668240496484
41 u 84 0.018372622552956686
41 v 45 0.007032523479957864
41 w 68 0.08313168709227592
41 x 5 0.04615863864269676
41 y 85 0.008516566745203513
41 z 165 0.013338783319546521
42 a 149 0.07506437450559611
42 c 122 0.056240943976573865
42 d 68 0.1564052900390508
42 e 64 0.026781821528218064
42 f 129 0.023985254569391934
42 g 0 0.008068584399728462
42 h 83 0.016751056208932247
42 i 92 0.05377297264979741
42 j 47 0.029959974544902512
42 k 127 0.0064197696155502415
42 l 42 0.01230998019273899
42 m 166 0.015582196843459517
42 n 68 0.0005823765110178902
42 o 37 0.019100242612125395
42 p 93 0.08105345379241125
42 q 41 0.01072423600839778
42 r 114 0.020787091037787975
42 s 78 0.002666234705150261
42 t 135 0.007568978795442605
42 u 74 0.013455324776345479
42 w 83 0.07239541134076166
42 x 12 0.06944841607128038
42 y 74 0.03932115168098804
42 z 162 0.10960075479589082
43 b 18 0.0669127154804714
43 c 12 0.00037902826773228426
43 d 137 0.13098582914389723
43 e 152 0.01743438567477129
43 f 117 0.010905581875273684
43 g 66 0.06780924944740718
43 h 134 0.07098947721798332
43 i 98 0.054711859062474444
43 j 81 0.03757226919207357
43 k 106 0.011392885238239003
43 l 127 0.07965622090299751
43 m 56 0.016753324650885526
43 n 102 0.07797000546463229
43 o 119 0.042534432903556185
43 p 114 0.012945357305596872
43 q 40 0.006434290566033729
43 s 111 0.04589904233765285
43 t 167 0.05752349122303835
43 u 28 0.02074517564445244
43 v 158 0.0017527944450851374
43 x 16 0.030876944540337736
43 y 62 0.037251638562315614
44 a 75 0.01093994223882977
44 b 42 0.0607643084033892
44 c 11 0.09151977347128804
44 d 25 0.10372359966588507
44 e 126 0.07556282633823896
44 g 131 0.01346319447803812
44 h 151 0.12868062514298173
44 i 87 0.020056339293986425
44 j 157 0.007562052612964609
44 k 32 0.01604589339628193
44 m 93 0.014537033691839674
44 n 24 0.09896606966302168
44 o 131 0.05524430397421953
44 p 56 0.0019950639426835615
44 q 106 0.03309658600370868
44 r 144 0.005574764176277891
44 s 94 0.02689732484749141
44 t 102 0.01884155506757701
44 u 6 0.022495996230862958
44 v 86 0.0008858465640479984
44 w 104 0.011353157104506795
44 x 56 0.022280049809876745
44 y 135 0.022875856887281665
44 z 163 0.020716699896729418
45 d 138 0.028125577580491168
45 e 88 0.08774250153961693
45 f 80 0.3732958697145564
45 i 162 0.18124568156556542
45 m 45 0.026029312731119192
45 t 111 0.004917035746159759
45 v 156 0.04193431034750594
46 b 128 0.007780881898845071
46 c 144 0.018866583739301945
46 d 63 0.047845320363066546
46 e 107 0.010406856773698792
46 f 147 0.017457524424738913
46 g 99 0.24297391420153158
46 h 76 0.006711817156719535
46 i 59 0.01172474344670682
46 j 86 0.024212321177384366
46 k 57 0.01186523539654094
46 l 164 0.04135055770467333
46 m 6 0.006475186764195895
46 n 37 0.03510405820278828
46 o 21 0.03277403933112133
46 p 41 0.041264033482483864
46 q 65 0.009091570138950678
46 r 166 0.019506710809442773
46 s 35 0.05676806278919455
46 t 134 0.017662643813112
46 u 18 0.014208384729332613
46 v 87 0.12373602082783663
46 w 8 0.09152215712360634
46 x 113 0.08866141568871899
46 y 56 0.0010598268047602444
46 z 4 0.017943216925716876
47 d 3 0.30975294353140437
47 y 69 0.5047955798172676
48 m 80 0.1839244037719664
48 z 86 0.7260756010375303
49 a 42 0.21315246680010935
49 b 37 0.14459109197632403
49 c 109 0.09203059401623848
49 e 19 0.0024658890336008987
49 f 132 0.012738757456931649
49 g 70 0.0225269798651746
49 i 122 0.027290889453249867
49 k 103 0.005682146181124059
49 l 105 0.0039187584525068875
49 n 29 0.053646159957169925
49 p 21 0.06473635539183731
49 s 76 0.1560385269167659
49 t 90 0.006082061772908709
49 v 75 0.07001282817770871
49 w 123 0.011791369308184252
49 x 58 0.03889971794364211
50 c 139 0.016065302564241213
50 d 42 0.011788176718959154
50 f 120 0.05912939185392796
50 g 132 0.025512839075414462
50 i 8 0.09569717908924236
50 j 68 0.15269204230991984
50 k 133 0.045849033822379925
50 l 30 0.023867840671207285
50 m 56 0.0025832722130042507
50 n 53 0.18291443635213278
50 q 157 0.0149296462095172
50 r 104 0.07504621254076416
50 s 25 0.05106607707320665
50 u 109 0.00564620872405841
50 w 95 0.028765470651705316
50 y 97 0.14558563847879102
50 z 79 0.033894837776238695
51 c 74 0.13264642140744387
51 l 156 0.12443314512818826
51 r 77 0.5079083584942632
51 y 85 0.07937208665188
52 a 122 0.03347743243592238
52 b 89 0.03294738596352187
52 c 50 0.11383296927934083
52 d 166 0.006346971693331871
52 e 116 0.007079426789876275
52 f 114 0.11352881331259501
52 g 13 0.029713371650638365
52 h 139 0.05057054127987837
52 i 130 0.05093645667203606
52 j 125 0.0051591118695792915
52 m 28 0.008599367449139028
52 n 105 0.0035587694682372994
52 o 77 0.08429053644718842
52 p 164 0.023062847925876873
52 q 80 0.10056092215747636
52 r 47 0.03575265147451978
52 s 96 0.08905638803241123
52 u 152 0.026076016726531037
52 v 121 0.004600065413263299
52 w 7 0.06848707169393387
52 x 47 0.006652570006013603
52 y 84 0.08891955722741207
52 z 1 0.009498961875578305
53 j 79 0.9416484812697291
54 b 103 0.09567996616374852
54 c 157 0.01237527715461706
54 d 129 0.07727781409068046
54 e 21 0.001357136242086332
54 j 93 0.12170434791599372
54 l 137 0.02472738990516843
54 m 155 0.03332580978229316
54 o 110 0.0038567904425673705
54 q 50 0.060875042353274456
54 r 9 0.11011381466632963
54 s 57 0.07129666318901506
54 t 136 0.1647429310478189
54 v 169 0.09817815222031101
54 w 3 0.0034423095433711026
54 y 49 0.01429735969958934
54 z 5 0.08746482031441682
55 b 123 0.01898083530914496
55 f 87 0.13089136500706255
55 i 52 0.050627793503522645
55 j 0 0.04186443072789037
55 k 126 0.08599097318619553
55 n 15 0.26202031117577074
55 o 157 0.0780286166624482
55 p 79 0.026163467481194025
55 q 68 0.10990046589609104
55 r 110 0.043349518580243496
55 t 17 0.012198298262493523
55 w 150 0.08370246885766719
55 x 15 0.04488024866505236
56 a 14 0.04209930887070534
56 b 144 0.002326945851415241
56 c 3 0.005763157163289456
56 d 61 0.07225610097769875
56 e 145 0.012908663907254758
56 f 164 0.04972002802622211
56 g 44 0.04215146381835455
56 h 88 0.0051607028203281
56 i 162 0.039025395795034945
56 j 39 0.1207146611738732
56 k 126 0.01637316272748368
56 l 2 0.012679888913317394
56 m 83 0.005198689239041765
56 n 120 0.03406411693582034
56 o 55 0.008872849878225675
56 p 79 0.024637293975217522
56 q 110 0.01109810472573547
56 r 159 0.004825554961988665
56 s 29 0.0026825296656903808
56 t 96 0.042781226562858876
56 u 113 0.05713362217202256
56 v 144 0.06490530012613782
56 w 72 0.01576206899090682
56 x 56 0.022126530868176064
56 y 90 0.2582983642908603
56 z 108 0.020715693755173348
57 a 79 0.00010998391567518251
57 b 154 0.003676513337206311
57 c 74 0.05701655246615045
57 d 1 0.007738194435392254
57 e 40 0.030453852018340388
57 f 5 0.032106992797761524
57 g 73 0.009917159449417179
57 h 116 0.2304226284024249
57 i 46 0.09194939608757158
57 j 114 0.011840351092875956
57 k 28 0.030624199426112275
57 l 149 0.005401937385124844
57 m 164 0.023330588030315957
57 n 100 0.09460052200963198
57 o 112 0.0037154201399012265
57 p 129 0.013817047234309543
57 q 58 0.05088207518986809
57 r 75 0.021623878663003082
57 s 141 0.018257378008984526
57 t 130 0.01695600057012514
57 u 71 0.008718222168913603
57 v 166 0.013720149458427366
57 w 55 0.010532032996372842
57 x 145 0.03225239137571356
57 y 138 0.08440795199716333
57 z 102 0.07726525864913125
58 i 45 0.16006860888233398
58 o 64 0.5175664721488327
58 u 63 0.09095419649228031
59 g 108 0.30447891312875275
59 v 83 0.3571828258917118
60 a 4 0.0901365834478478
60 b 17 0.0003496790884151002
60 c 94 0.025376663964063684
60 d 121 0.01830587966731967
60 e 148 0.017299123664782035
60 g 35 0.09514805302905893
60 h 37 0.012997761835201627
60 i 43 0.024188119122565688
60 j 101 0.004228499949233355
60 k 17 0.006916785330598918
60 l 131 0.0041922911423090126
60 m 83 0.06186027697937069
60 n 147 0.08445556711212754
60 o 16 0.023986956111050506
60 p 157 0.012643187901752895
60 q 60 0.10891581221850866
60 r 109 0.14899000390667716
60 s 116 0.0024409918409223907
60 t 41 0.04709340001108764
60 u 89 0.04183296862955099
60 v 105 0.06437220653311582
60 w 19 0.007306599618262077
60 x 30 0.06437192993810437
60 y 38 0.014682468637286505
60 z 88 0.009243597705795858
61 f 31 0.1049923201049594
61 k 118 0.40867541425321385
61 o 70 0.047293847140693734
61 r 18 0.16191850757111204
61 z 18 0.10431680370945573
62 b 13 0.03622113714497266
62 c 54 0.20206382367270204
62 e 167 0.028309144054167512
62 h 14 0.052414211552303525
62 n 124 0.05995821985677796
62 p 168 0.018271939493821665
62 q 162 0.008935654664500636
62 s 89 0.07555526824976877
62 t 90 0.13694542070368132
62 u 85 0.02156577173449925
62 w 73 0.07854951249910469
62 x 43 0.02444086922158717
63 a 156 0.011701472644186306
63 b 10 0.07282415761002092
63 c 41 0.0006961106223014601
63 d 119 0.0011417718518047515
63 e 109 0.012312714774476041
63 f 90 0.009958921002368504
63 g 86 0.10266079053213217
63 h 43 0.17692472285116012
63 i 76 0.0018432518016561206
63 j 91 0.028293618094162643
63 k 145 0.018019610600551017
63 l 29 0.008377232871160767
63 m 112 0.05869559102751709
63 n 29 0.04223785236873179
63 o 3 0.04923853173798176
63 p 48 0.053875514699392446
63 q 71 0.004124599490339498
63 r 9 0.04787900385585431
63 s 32 0.006336086953493414
63 t 12 0.08891716991045617
63 u 96 0.00977220241277399
63 v 167 0.03204134200999331
63 w 102 0.10811370409559118
63 x 92 0.028010261442357964
64 b 46 0.1826246016699583
64 d 35 0.03256945341329076
64 l 55 0.007871627957600769
64 o 23 0.057155928092998076
64 p 94 0.03054076887533752
64 r 24 0.05110004642401067
64 w 97 0.07276388663377853
64 x 27 0.07880765987244287
64 y 13 0.10239438047001381
65 a 96 0.07629413190308221
65 b 46 0.0813061369223419
65 d 152 0.011819217723655462
65 g 128 0.06983888295163287
65 h 140 0.06024226553085754
65 i 9 0.1357083898752297
65 k 139 0.03523154236871029
65 m 155 0.18206286199199684
65 n 146 0.02088233557638841
65 o 27 0.07054226677731523
65 p 84 0.04566967323480853
65 s 169 0.06608787379289338
65 v 64 0.005052860432769091
65 w 156 0.004085845797313192
65 x 23 0.03596895469830763
65 y 148 0.03727822251248181
65 z 39 0.016861332812682095
66 b 41 0.004405839974842896
66 d 29 0.004585491055812185
66 f 101 0.0035212654213476746
66 h 83 0.08609521580807311
66 i 142 0.052216918558811054
66 k 121 0.01473537923702406
66 l 110 0.28203789091410736
66 m 52 0.01988763818205097
66 n 145 0.0793140844828899
66 p 44 0.017715194369862686
66 r 42 0.05918718061979722
66 t 65 0.14639967478830063
66 v 125 0.06314813986024115
66 w 142 0.033827137500244464
66 x 117 0.05332066561037274
66 z 84 0.04392549622872166
67 a 105 0.10954649366368674
67 c 159 0.04326943635551528
67 k 26 0.0770040819555059
67 l 29 0.025739127073771906
67 p 1 0.17946852303762495
67 q 97 0.07081276821997184
67 r 161 0.05839694280679697
67 t 122 0.10918337576595827
67 v 45 0.05388155827565677
67 x 146 0.11661441706118958
67 z 103 0.03650944385311361
68 b 48 0.13542063965105178
68 d 124 0.04256381098437334
68 e 84 0.42802933383973196
68 j 2 0.12913817821162954
68 q 169 0.06918078090382818
68 z 146 0.14371397376580286
69 b 7 0.05568372368469421
69 c 97 0.12581524153676038
69 e 74 0.1866074293967659
69 f 61 0.10672292265582994
69 g 156 0.011183218341631829
69 l 77 0.09453634472946892
69 q 60 0.030750961277692723
69 s 45 0.031196931826233287
69 v 47 0.29603725726249475
69 x 38 0.045205672883269044
71 a 80 0.056487958820024775
71 e 25 0.05738350767607303
71 g 76 0.04221842408846688
71 n 135 0.035514173571612684
71 s 152 0.029760818476558648
71 v 107 0.22238677111768845
71 x 163 0.1915130566712281
71 y 80 0.07732019821561786
72 d 104 0.11994721963380217
72 f 101 0.02961308558778042
72 k 87 0.23417342561582277
72 n 3 0.09296586614873448
72 p 133 0.053649162704729414
72 q 62 0.20047494252763343
72 v 145 0.05923458134631099
72 w 116 0.019803306655219788
72 y 52 0.05408792896418102
72 z 64 0.09268791164934476
73 d 129 0.09866868688864494
73 l 28 0.3300553258735981
74 g 100 0.02831992389402216
74 k 78 0.10834751451178037
74 l 58 0.2573132281302978
74 r 33 0.03465980187798179
74 u 165 0.05748087990972506
74 x 40 0.2720586085916159
74 z 98 0.1941599807528036
75 a 19 0.037202490357409745
75 b 73 0.047239563173110954
75 d 12 0.01879294786215069
75 e 29 0.1370112575653175
75 g 73 0.08162778194932374
75 i 162 0.06151397517765145
75 k 157 0.019219840504261065
75 o 99 0.1064331641147328
75 p 93 0.04158948657207251
75 q 66 0.005022872445657911
75 r 61 0.08419681243092192
75 t 68 0.04706487994142894
75 u 123 0.06654494412326317
75 v 79 0.018916868500620465
75 y 17 0.06750094530749673
75 z 4 0.11119568353203013
76 a 119 0.0014897666231614703
76 b 4 0.09260230658023316
76 d 77 0.02151545435686497
76 e 134 0.03279929222975553
76 g 126 0.007069434602940516
76 i 153 0.0881003401092999
76 k 147 0.09119514125105788
76 l 127 0.10842207051640063
76 n 149 0.1407385706466756
76 r 66 0.03357381706549334
76 s 169 0.024464790216801147
76 t 43 0.12345446811953886
76 u 91 0.024823008123478263
76 w 129 0.11162023821319
76 y 30 0.009184342837186499
76 z 71 0.008193220110089494
77 b 117 0.031146639977524426
77 k 115 0.0671700041496156
77 m 101 0.15043526585104017
77 o 101 0.2786401484117811
77 t 170 0.04740258083938631
77 v 101 0.20167222895368841
77 y 13 0.019157427773667912
78 g 118 0.04511183750895553
78 j 122 0.2627484434613312
78 m 8 0.09552619941524565
78 n 71 0.016113878173281027
78 p 73 0.017022070099271036
78 q 82 0.06282448553686604
78 t 20 0.012733739243627973
78 u 80 0.06824992258792717
78 y 51 0.23642662694356698
79 c 134 0.3193094484967889
79 y 9 0.20665046693575306
80 a 127 0.08554660199016773
80 b 54 0.06711677149193618
80 c 146 0.003547017823215093
80 d 61 0.04798927394206787
80 e 162 0.01900850610133198
80 f 55 0.0162436523757018
80 g 124 0.022827247643507298
80 i 108 0.030951223085349255
80 l 169 0.08025680824137704
80 m 95 0.04754555988208853
80 o 160 0.03273180497069761
80 p 13 0.028431850273824888
80 q 21 0.03567371215435422
80 r 152 0.04584670830838433
80 s 1 0.15140018204880867
80 v 137 0.048107856883323086
80 w 91 0.061626126623084865
80 x 153 0.03631794310310965
80 y 83 0.09925610578513377
80 z 113 0.019071082242099746
81 a 103 0.02260876921492372
81 c 16 0.1753225510759664
81 d 136 0.16760467406281032
81 i 152 0.10117758293430668
81 l 10 0.03759188374898248
81 q 144 0.09254141881834843
81 r 55 0.028277495012113185
81 s 26 0.036821900557268306
81 v 121 0.046739229297406926
81 z 132 0.06054654313301666
82 a 145 0.03345724796295313
82 b 140 0.008464146302529785
82 c 157 0.01970297781195185
82 d 64 0.02778676835068239
82 e 6 0.06891491185069099
82 f 71 0.04357836980903962
82 g 102 0.002946901341133845
82 h 103 0.022582567336605797
82 i 53 0.04697298626796209
82 j 100 0.012353584461217149
82 k 117 0.005255947388564719
82 l 41 0.025152876706565297
82 m 21 0.017250982036981277
82 n 91 0.042534671736094265
82 o 152 0.04631983401896955
82 p 69 0.1079081628420594
82 q 128 0.08661627106462255
82 r 165 0.008056121420306983
82 s 81 0.062236366509744845
82 t 46 0.04682940474914976
82 u 123 0.08992668095582101
82 v 148 0.013394183241084212
82 w 111 0.0823307316877846
82 x 101 0.019291943178269877
82 y 165 0.010593891853160509
82 z 34 0.011896246710205505
84 k 115 0.07502788155065476
84 q 133 0.22269178250860933
84 s 140 0.07717416565993007
84 t 91 0.29438472336171484
84 x 74 0.0040844037357443685
85 a 9 0.04651132720164697
85 b 144 0.008832610908628857
85 c 17 0.027716828731970233
85 d 92 0.0036268635502665347
85 e 49 0.19847574214922448
85 f 167 0.17988894736778815
85 g 162 0.04681904759622357
85 h 51 0.047866850581369635
85 j 47 0.04667080220501407
85 l 107 0.019270162251539547
85 n 87 0.02502821149219625
85 o 13 0.07454524601103263
85 p 3 0.00544652298355619
85 r 21 0.11579982950842416
85 s 82 0.02404281249949003
85 t 20 0.03402918081445261
85 u 62 0.0031277134995124634
85 v 101 0.00035850692600036815
85 x 115 0.0315211590745349
85 y 15 0.051934453486058074
85 z 123 0.0072760464204643105
86 e 165 0.043040039509569916
86 f 139 0.18980223086540426
86 j 132 0.05239374064279323
86 n 118 0.04666473233859647
86 p 91 0.11655018530349259
86 t 63 0.10649138147802972
86 u 4 0.04070659649617414
86 w 49 0.2633033592595656
86 y 46 0.028812892930968337
86 z 58 0.047533138624622384
87 i 16 0.006064586965995655
87 s 12 0.9332563371305642
88 a 14 0.007426735464718837
88 b 77 0.1063250455568816
88 d 127 0.048312649022341225
88 e 86 0.06898043214022842
88 f 150 0.10360691122554033
88 h 153 0.014214563715272854
88 i 120 0.0117246680786115
88 k 85 0.19815132836835103
88 l 76 0.21602375834619114
88 m 121 0.016636672779404393
88 n 105 0.020744108914434567
88 o 11 0.03575038967751254
88 p 71 0.05559915838363472
88 q 112 0.002062907693400895
88 r 114 0.030382807883535867
88 v 168 0.02388850150195032
88 x 97 0.02562663284912492
89 a 55 0.012576673032425156
89 b 79 0.001823046978016829
89 c 128 0.04911531010587433
89 d 161 0.01992696885971923
89 e 119 0.04595173012148934
89 f 122 0.015201540102664834
89 g 131 0.017114585945310345
89 h 156 0.017725485513032657
89 i 23 0.14395646311375765
89 j 68 0.07742954323992801
89 k 17 0.013602355433451674
89 l 137 0.008815093128369478
89 m 151 0.022444124267031462
89 n 99 0.027126837084415656
89 o 100 0.02037227318595447
89 p 106 0.0428700666326125
89 q 116 0.04892017643822222
89 r 36 0.05421577893889529
89 s 165 0.013659907734173249
89 t 110 0.0398178434177523
89 u 139 0.100908526278357
89 v 26 0.0055706946691187476
89 w 7 0.01668728183791013
89 x 39 0.03036281365759419
89 z 34 0.025260805225933658
90 a 13 0.03828259507065768
90 c 55 0.04266979654092884
90 d 128 0.050658602446791545
90 e 103 0.0008565119929194731
90 f 83 0.010130197220667547
90 g 104 0.030700105364133368
90 h 79 0.0017541950844873755
90 i 131 0.14515438252949353
90 j 153 0.01681439074031099
90 k 68 0.14790572452669293
90 m 139 0.0014594449585886293
90 n 94 0.05925129966662823
90 o 84 0.0355602118827989
90 p 22 0.04219727898677372
90 r 81 0.000375752256336237
90 s 8 0.14429177729908083
90 t 27 0.0254780811578339
90 u 18 0.1382194833057392
90 v 49 0.01344102183303375
90 w 95 0.01015279655569945
90 x 140 0.010588181589167744
90 y 28 0.021153140822048888
91 a 101 0.020122275055646233
91 f 142 0.6023836226593329
91 r 23 0.14870137589710375
92 a 80 0.030666051280528572
92 b 122 0.005168403398568611
92 c 81 0.02237980725278732
92 d 59 0.014686438193575402
92 e 109 0.0066826308569315485
92 f 46 0.23062132969535765
92 g 61 0.026189327833681997
92 h 133 0.03716583901441506
92 i 67 0.0042219620648236145
92 j 25 0.06482912236360538
92 k 72 0.010428534361039632
92 l 41 0.012603123134229621
92 m 151 0.009396093609751355
92 n 165 0.03356353169237125
92 o 52 0.07160940106284652
92 p 26 0.004429677135950549
92 q 152 0.007702960633368505
92 r 90 0.00882130939038095
92 s 142 0.02066514501598915
92 t 100 0.01870086838624052
92 u 155 0.04768747105647264
92 v 138 0.042568942632522755
92 w 82 0.04158031934839035
92 x 89 0.18730205288938406
92 y 34 0.008354150982782915
93 a 162 0.004278732419236819
93 b 102 0.05384159970784874
93 c 56 0.018099211349245414
93 d 19 0.01823008974928042
93 e 22 0.0276899712905615
93 f 103 0.05530551007693385
93 g 78 0.09165365293184113
93 h 100 0.0021516965089778406
93 i 90 0.05085520744493277
93 j 55 0.0573266502328722
93 k 47 0.004709232781951678
93 l 82 0.05488598521679977
93 m 14 0.006586956502434793
93 o 64 0.05338225314763556
93 p 138 0.04596159325871807
93 q 132 0.0010776068964528651
93 r 25 0.09071005972763768
93 s 25 0.005315665027746719
93 t 113 0.015400790745335402
93 u 23 0.008642102578704791
93 v 149 0.12520120389248457
93 w 20 0.037079112125875224
93 x 76 0.023470750165094034
93 y 155 0.08009024488642513
93 z 65 0.021655416419256723
94 b 15 0.0019750016742281495
94 d 38 0.13814895214120715
94 e 85 0.00963883065586657
94 f 102 0.029408813238899545
94 g 164 0.02401874132814863
94 h 96 0.018679909171446796
94 i 64 0.007979279730356392
94 j 87 0.18730663220711008
94 k 9 0.05018613287291329
94 m 139 0.15633082150675226
94 n 109 0.02616855484451064
94 o 5 0.05628635093424794
94 p 57 0.005333051490695184
94 q 146 0.03095382112351064
94 r 134 0.002244631155144061
94 s 165 0.010694217046877674
94 u 109 0.05295056380455909
94 v 120 0.01322512241038698
94 w 133 0.07373624974010196
94 y 130 0.009076987687226978
94 z 55 0.0783358543001007
95 b 128 0.022365100218157075
95 c 7 0.002136514396864686
95 d 165 0.026019482660565085
95 e 5 0.056715612344025
95 g 97 0.16987311871557087
95 h 86 0.040130621993771265
95 i 145 0.028937775531747145
95 k 149 0.04303857433050429
95 m 95 0.03217697924381224
95 n 133 0.016659408625219307
95 o 105 0.003188344049050662
95 p 75 0.004406186438425275
95 q 31 0.07380633986194907
95 r 124 0.017243255682855785
95 s 61 0.04667167860241306
95 t 79 0.16443481142458838
95 v 119 0.04690951098033058
95 w 166 0.09145637500599602
95 y 165 0.09628085138848608
95 z 81 0.00759841032387909
96 a 95 0.03321655131409007
96 b 118 0.08093426475553656
96 c 111 0.07452811920051494
96 f 17 0.011290226822229354
96 g 78 0.008752864454323439
96 j 104 0.023154782595529833
96 l 68 0.07085876265652302
96 m 158 0.011082597524695204
96 n 125 0.04119850422708948
96 o 140 0.0031003113063713394
96 q 24 0.008919179617943418
96 s 119 0.0033864759209129014
96 t 5 0.29400752138516995
96 u 97 0.06437509106555828
96 v 90 0.01615686602257027
96 w 1 0.19708314379082736
96 y 33 0.04794674364603757
97 a 43 0.07349106933800464
97 e 163 0.1259155297681167
97 k 32 0.022444374449271054
97 m 64 0.05133326830660101
97 o 92 0.5034646665616804
97 s 141 0.0010715323475591898
98 a 15 0.05180233151178104
98 d 103 0.10201229791407929
98 e 170 0.03003726928002659
98 j 141 0.052783964912694215
98 k 46 0.08423138197484381
98 n 48 0.04949335198056004
98 p 52 0.03643302023988515
98 s 60 0.07550438020182748
98 u 135 0.005468859483352184
98 w 85 0.2918359205164287
98 x 158 0.03637721387706605
98 y 70 0.029536335733000074
99 f 86 0.02721783168179137
99 h 25 0.5079237587758725
99 j 19 0.007426723430384641
99 l 29 0.04812590269408068
99 n 60 0.03525166613395547
99 s 119 0.10770834472953639
99 w 4 0.17340134615252234
99 y 47 0.029713534080861304
100 b 132 0.017967464917868603
100 c 58 0.00926873657517635
100 d 9 0.08060149773462677
100 e 95 0.02128860949964706
100 f 49 0.009891998745178654
100 g 123 0.011286938780393219
100 i 40 0.058387510400052633
100 j 131 0.07404564231377564
100 k 69 0.013758146627646517
100 l 131 0.006948669817755104
100 m 1 0.02114632198759414
100 n 156 0.001765004356982014
100 o 37 0.00838307480112399
100 p 139 0.03969173467325904
100 q 108 9.80791501877798e-05
100 r 143 0.09939444674671682
100 s 2 0.12638372293823263
100 u 83 0.04065940508458299
100 v 119 0.062063225830444435
100 w 23 0.0745558210526367
100 x 15 0.07226286061753906
100 y 16 0.09809751024285285
100 z 76 0.051662991880692566
101 b 66 0.08423344260770782
101 c 134 0.0877512243776607
101 e 12 0.04193169201288449
101 f 54 0.0032083042090021996
101 g 38 0.0424370647441612
101 h 129 0.045434511382558496
101 i 142 0.0056935767368406776
101 k 33 0.17114370128895084
101 l 140 0.09811239874763356
101 m 29 0.016828508295497757
101 n 98 0.02270484295661024
101 o 130 0.0015310175139237048
101 p 60 0.002896241219201179
101 r 71 0.02725894728103484
101 s 58 0.09298572638468561
101 w 151 0.10963721784050218
101 x 135 0.00510880020985216
101 y 132 0.0859822372806498
101 z 129 0.0315701521479983
102 a 42 0.01099878942645871
102 b 18 0.01623065025945103
102 d 73 0.13054716280868128
102 e 129 0.0327319606780575
102 f 97 0.006425764272094403
102 g 94 0.06612492916911294
102 h 20 0.0277760064072885
102 i 107 0.054538228073716
102 j 4 0.004393848457515337
102 k 24 0.006905932850143626
102 l 135 0.028325400471205797
102 p 130 0.04657624083978584
102 q 168 0.010432752717230653
102 r 16 0.004681269129370169
102 s 44 0.05362355262370411
102 t 49 0.07117280518410929
102 u 152 0.16941361937858668
102 v 123 0.0940410263649446
102 w 157 0.026065598674576806
102 x 116 0.010830123560612193
102 y 165 0.06510236720128948
102 z 35 0.04019776847431733
103 a 140 0.08175926811933165
103 b 78 0.17130627659295983
103 d 117 0.04897330833284874
103 e 83 0.05476581151138715
103 f 61 0.03849776526658699
103 k 46 0.06687573082323739
103 l 103 0.10206947209995854
103 n 130 0.08783161705782017
103 r 129 0.17370870596269572
103 s 110 0.003202382162639239
103 x 168 0.054125609440958566
103 y 137 0.0686729761425684
104 a 76 0.0780891894245469
104 b 54 0.07363096287869375
104 c 23 0.0007893401172011094
104 e 136 0.03896263695493518
104 f 65 0.12635117459271628
104 g 5 0.04100516647634367
104 h 6 0.043931162334725604
104 i 166 0.027826044082556733
104 j 10 0.03915478563683006
104 k 112 0.050069777335060905
104 l 25 0.06163527142790104
104 m 122 0.0243407353648748
104 n 57 0.0045938843839078425
104 o 138 0.0018950559840205106
104 r 156 0.11941422633972976
104 s 71 0.0009688507224597798
104 t 70 0.07102125621317823
104 u 12 0.053519407023146615
104 v 117 0.004143153543372025
104 w 25 0.0020026905670759154
104 x 143 0.07757901815526802
104 z 37 0.045095247441278685
105 a 70 0.008602351434672029
105 b 86 0.054394103635885815
105 d 66 0.09324461952689633
105 g 76 0.003698868258463217
105 h 14 0.0064874672767883945
105 i 68 0.11551007596676754
105 j 35 0.06971164238803218
105 k 164 0.07292527391366266
105 l 145 0.08256310540745515
105 m 120 0.031740699074442214
105 n 8 0.06198428341329876
105 o 49 0.02827801846615119
105 s 116 0.020443841679673835
105 t 106 0.04860226783331412
105 v 149 0.10799423899384308
105 w 168 0.07290804367947146
105 x 5 0.022091694607047296
105 y 161 0.05862550307699943
105 z 65 0.02573030605452764
106 b 83 0.12289636284761385
106 e 151 0.0015276009171776295
106 f 127 0.06454274850361175
106 g 51 0.12892852731903914
106 h 49 0.035556077962008104
106 j 27 0.04740573382551516
106 l 33 0.039157774256157074
106 n 26 0.05524806031716223
106 o 24 0.02472649850544406
106 p 39 0.004118811697340741
106 r 76 0.21920063548444746
106 t 42 0.05212598409363833
106 u 168 0.03934476899679229
106 v 16 0.07057893082871303
106 w 41 0.05425995053908439
106 x 134 0.004267609001261885
106 z 63 0.028616298132277174
108 c 163 0.7370645752586844
108 j 41 0.05962903501040262
108 n 146 0.03672635359602161
108 s 124 0.006963105948212478
109 a 13 0.07706884251624746
109 b 49 0.050230041477153375
109 c 119 0.02421996839438123
109 d 46 0.009685632452921755
109 e 75 0.0718972584363301
109 f 16 0.047236819547245235
109 g 28 0.0167263493379588
109 h 74 0.01772826876675837
109 i 61 0.11118366804191637
109 j 122 0.030250035228548966
109 k 79 0.04151990148307916
109 l 38 0.02516628489002426
109 m 101 0.00801263863631596
109 n 5 0.07272726736674684
109 o 70 0.03441183114927593
109 p 128 0.005535801689409925
109 q 93 0.04693465383973061
109 r 161 0.005875304975401119
109 s 79 0.048069004083177935
109 t 133 0.03275036047405433
109 u 137 0.007541242897594502
109 v 132 0.03383028173464886
109 w 60 0.01848493417518393
109 x 14 0.06348582979436601
109 y 78 0.006806981783563093
109 z 4 0.0781635125193979
110 a 89 0.01176984762407618
110 b 14 0.0046816958631368255
110 d 32 0.03184363828193404
110 e 66 0.018626204378440203
110 f 36 0.02681805533577053
110 g 105 0.025348696527208392
110 h 91 0.0822972329954682
110 i 3 0.050545962986504045
110 j 34 0.015110242343285507
110 k 144 0.054051383609493686
110 l 135 0.11130855949823026
110 m 37 0.025758084680965854
110 n 168 0.009978575915366439
110 o 164 0.031332289144067826
110 q 50 0.21225758662346872
110 r 42 0.05688773817280812
110 s 31 0.03801155898854336
110 t 95 0.0368240135007768
110 u 54 0.10343923627619189
110 v 49 0.013366618479595638
110 y 83 0.010452230618493097
110 z 35 0.023448555645789293
111 a 86 0.01411181310450138
111 b 96 0.010177198262330323
111 c 86 0.0067598478284784935
111 d 36 0.006402034236776211
111 e 111 0.05973790678548618
111 f 37 0.17004485813831371
111 g 0 0.0027641846949351123
111 h 10 0.05106509500434131
111 i 108 0.06407535018627675
111 j 68 0.009438746002877196
111 k 34 0.003745433792956332
111 l 117 0.09246135736174532
111 m 104 0.049602861218213556
111 n 70 0.011115591102885625
111 o 137 0.006028554524806218
111 p 136 0.05358650686208444
111 q 152 0.020036358725582737
111 r 99 0.0007312606774009245
111 s 118 0.02185717027191325
111 t 63 0.006364289612420859
111 u 113 0.07625351917585599
111 v 146 0.05587521233984838
111 w 159 0.023761801466716026
111 x 23 0.07290350435721782
111 y 135 0.061913302507389356
111 z 156 0.03192273909420518
112 h 72 0.41930254559598945
112 i 53 0.2833151831450108
112 z 35 0.18571685409983107
113 q 60 0.05580956013416738
113 t 14 0.05519157570648381
113 y 143 0.3933576897935964
114 a 149 0.046304513815630166
114 b 129 0.052458277480018634
114 c 76 0.0021764299729123415
114 e 86 0.009683833280614285
114 h 156 0.0540578280971431
114 i 93 0.02703741497561274
114 j 114 0.0025278425125769832
114 k 126 0.18096692236443124
114 l 8 0.09313185970214599
114 m 43 0.035900943977578814
114 n 21 0.005655792161176065
114 o 82 0.053212291830081804
114 p 84 0.0037453026176675897
114 r 42 0.05097445691389402
114 t 7 0.029121329248844585
114 v 25 0.04429715475229079
114 w 116 0.1770925476342171
114 x 110 0.060640133047772826
114 y 47 0.036140009814650376
115 a 17 0.04453524785170515
115 b 73 0.01693203958569578
115 c 168 0.029657272352290875
115 d 140 0.14348546229005466
115 e 56 0.05374254939008549
115 h 61 0.003180554096316568
115 i 98 0.015181769601708917
115 j 167 0.013745853132286934
115 k 45 0.005709244368761968
115 l 85 0.017343867333607377
115 m 167 0.05435069634863254
115 o 102 0.0018333599955113744
115 p 115 0.07301710530630945
115 q 76 0.0028539832545293464
115 s 116 0.11028271524105593
115 t 141 0.0517049574301377
115 u 8 0.10786710186382209
115 v 65 0.03584854255217751
115 w 142 0.0858911170294484
115 x 58 0.06270194885218439
115 z 70 0.011638107025220168
116 a 80 0.0230056468387021
116 c 88 0.06773318548800289
116 d 22 0.14860023953966606
116 e 9 0.06246583097130076
116 f 52 0.00031270019906826096
116 g 0 0.03214206017631083
116 h 10 0.028625271800482466
116 i 80 0.062402834490565384
116 j 20 0.002191088310719791
116 m 122 0.16137294656172363
116 n 16 0.01957511308403026
116 o 15 0.039535091638272624
116 p 2 0.0191901190914725
116 q 55 0.16652637402142645
116 r 36 0.05492375848551301
116 t 114 0.015925285266684686
116 v 131 0.04717125473740491
116 w 130 0.008087403632663137
116 x 153 0.039176533052414086
116 y 154 0.0008200891692269341
117 a 59 0.0952467621484614
117 b 56 0.14618106139482479
117 c 59 0.04013451058443562
117 d 53 0.015482682442126139
117 e 148 0.014679105269128967
117 f 54 0.037801858515608466
117 h 134 0.13982209631021125
117 i 30 0.010525900004828559
117 j 168 0.03644073248522972
117 k 9 0.008271578087125753
117 l 162 0.01057098636367837
117 m 103 0.028856867999467628
117 n 170 0.013502314046235697
117 p 145 0.08664717663728116
117 q 134 0.12261860613313735
117 r 149 0.004946144336877345
117 s 163 0.023680809990694107
117 t 35 0.026061682159799537
117 u 132 0.05752229813834353
117 y 170 0.05142508462600226
117 z 15 0.0006917260796862612
118 a 153 0.16996126753428098
118 c 60 0.12284846587231557
118 d 103 0.10857441421805014
118 e 167 0.11878817860842106
118 h 85 0.004426090706336483
118 i 156 0.019726284381073156
118 j 123 0.002090079496069319
118 k 134 0.027843861134147607
118 l 71 0.027682264425598735
118 t 90 0.017295816750916404
118 u 7 0.032818260374505304
118 w 119 0.037753017790092436
118 x 1 0.05443662571229402
118 y 76 0.018629624242515463
119 b 75 0.15113100713715866
119 c 40 0.13358040999628662
119 o 145 0.21040204316788458
119 r 121 0.04288625847141714
119 v 39 0.17258479761300438
120 a 86 0.04410278130281109
120 b 137 0.06981283075742539
120 c 48 0.0018734109291149714
120 d 120 0.07839889676098244
120 f 44 0.06610310953786003
120 h 44 0.08262652352227429
120 j 44 0.01987751285057604
120 l 106 0.031242238141892087
120 m 44 0.027709943632711287
120 n 50 0.0282917944059361
120 o 17 0.08261683589970903
120 p 158 0.02513453976838209
120 q 14 0.06568418688545463
120 r 11 0.023555454552952382
120 s 20 0.011928089806398146
120 t 133 0.01835253877500642
120 v 150 0.13324932454162242
120 w 164 0.02315105979246579
120 x 111 0.009108448945768455
120 y 62 0.14638391729297873
121 b 141 0.004927019495864049
121 c 78 0.047778855604355575
121 e 65 0.042102531103590524
121 f 166 0.0304794922212831
121 g 60 0.09030842084368584
121 h 140 0.09408215876621018
121 i 100 0.05497942204929196
121 j 24 0.07236562347152942
121 k 146 0.04257159284538914
121 l 161 0.008295987557533913
121 n 21 0.11983889078302923
121 o 9 0.006329370261102141
121 p 163 0.012972252047609656
121 q 157 0.12991322242896064
121 r 129 0.0076114292773536985
121 t 72 0.04706605246991191
121 u 75 0.04449856322486523
121 v 115 0.058828773842466764
121 w 148 0.05943608743808215
122 d 11 0.03456751343428199
122 i 148 0.13635576048308962
122 m 129 0.02306644425077875
122 q 17 0.05939838479245618
122 t 134 0.1502578350462399
122 w 94 0.20394289312585723
122 x 83 0.33822882356660444
123 c 23 0.014638429511948159
123 e 164 0.05675776825708834
123 h 4 0.09868846319829194
123 l 137 0.21405891157604562
123 n 84 0.07156482694838218
123 p 70 0.00031555024792062625
123 q 60 0.12220757141516014
123 r 94 0.20221065406291583
123 s 143 0.06177089853324336
123 u 49 0.025940039602759368
123 y 15 0.08867838838482056
123 z 82 0.0022224200670851735
124 b 35 0.09103846143353944
124 f 84 0.17448920539261403
124 g 143 0.12140878613001882
124 j 122 0.045166844627299696
124 k 33 0.3153681939830676
124 u 38 0.18158535762018735
125 a 150 0.16286086754351004
125 d 45 0.10323899525492086
125 e 137 0.03884132761557946
125 f 138 0.2036986015034108
125 h 115 0.011982291407317325
125 i 34 0.014528604623318508
125 r 54 0.001293563690128341
125 s 77 0.02921368216493858
125 t 65 0.09885859374118233
125 u 69 0.07792456008322579
125 w 5 0.036591919732977596
125 y 36 0.015231456732069826
125 z 155 0.02436821426620972
127 h 169 0.02840576214791979
127 t 130 0.8913040160749227
128 h 74 0.7358446353168785
129 d 170 0.08495672738870452
129 k 107 0.025810404911553286
129 o 2 0.5469589471094382
129 p 39 0.08823122548633189
129 y 62 0.20941709844273504
130 a 22 0.04410425473845636
130 b 0 0.060647305561741804
130 c 97 0.01090074848009659
130 d 76 0.02608372365878353
130 e 72 0.008904951707113251
130 f 79 0.07770190441584224
130 g 164 0.11645355705421456
130 h 50 0.021868090057598932
130 i 112 0.061957288689803325
130 k 103 0.05676752801242535
130 n 140 0.010260605979075077
130 o 134 0.03958147770954956
130 p 2 0.03579814410118787
130 q 93 0.03396082065228223
130 r 134 0.013664502077439411
130 s 31 0.08188667063676291
130 t 86 0.022785059328566892
130 u 67 0.09720630006730713
130 v 78 0.024254165222675317
130 w 138 0.03682013758425584
130 x 14 0.0061191345450291035
130 y 164 0.013942451701993042
130 z 135 0.037132287039723266
131 a 63 0.09027265985483279
131 b 65 0.05578184302963729
131 c 17 0.1617889301904829
131 g 61 0.032568708185276685
131 i 48 0.05879698393650634
131 k 137 0.06525427959530539
131 l 148 0.0004610684744478233
131 m 158 0.11443308111035155
131 n 24 0.06789360563657632
131 o 82 0.022744942726163453
131 q 139 0.03597472568920368
131 s 99 0.0365839467547191
131 t 43 0.014659083276812201
131 v 1 0.05128113598293549
131 y 5 0.018077212895895256
131 z 138 0.015270652322765366
132 d 116 0.1924721315597162
132 h 31 0.013187277022570831
132 i 131 0.12174297395230482
132 p 16 0.2321517218801632
132 q 91 0.23819425565196595
133 a 66 0.017653282220071453
133 b 136 0.004560359733008945
133 c 130 0.04326353394334925
133 d 69 0.050098382265668095
133 f 46 0.03700469608100121
133 g 103 0.05318040274973024
133 h 130 0.03269689578576451
133 l 70 0.18078111460436908
133 p 165 0.2554438772143579
133 q 139 0.006035386432231893
133 s 153 0.12363866694820302
133 t 82 0.008348683992999484
133 w 136 0.09750230974091012
133 z 7 0.008503263893660962
134 a 33 0.10225740486401957
134 b 150 0.03362747794265586
134 d 167 0.21419309063369563
134 e 103 0.02853445539423105
134 f 50 0.00629326982370082
134 g 85 0.012900448886261517
134 h 167 0.038100303611169006
134 j 67 0.05618363973830953
134 k 120 0.1266113308852136
134 l 29 0.0488798020987935
134 p 28 0.04404207310668595
134 q 39 0.04622786188261585
134 r 26 0.02979696378711094
134 t 42 0.006024749112351069
134 v 123 0.06370012647255885
134 x 165 0.037666377575643395
134 y 36 0.06408253426031241
134 z 121 0.03958175895502747
135 i 102 0.21734406898035985
135 k 155 0.0035244506463097958
135 n 39 0.06419185432534869
135 s 141 0.2240582398579879
135 w 88 0.20305065404496603
135 y 124 0.1280621354702911
135 z 130 0.13112548382281097
136 a 10 0.06362851868134833
136 b 62 0.08949920403896361
136 e 72 0.0020858480512763178
136 f 2 0.19177880391442004
136 g 124 0.240914915779597
136 o 99 0.1045338254353333
136 q 98 0.10489886597923637
136 w 143 0.11611226955051746
137 b 8 0.022650425193126322
137 f 96 0.06340384426404533
137 h 32 0.0511429830362643
137 j 76 0.1686050329476696
137 k 143 0.05146352685534272
137 m 93 0.07480540248774181
137 n 54 0.012178596710576861
137 o 53 0.07231968373667952
137 r 169 0.0030212578253328015
137 t 170 0.01805110414938038
137 u 23 0.07717255174083515
137 x 116 0.1440898733459004
137 y 83 0.006315279979560051
137 z 98 0.12776533205600316
138 a 98 0.03037841080661119
138 b 35 0.0089384765192001
138 c 15 0.10829913296965366
138 d 99 0.09422450517078262
138 f 4 0.031641986578867964
138 h 13 0.0017966620040394954
138 i 84 0.05923940993732468
138 j 42 0.11637111771636688
138 k 110 0.051483592651805465
138 m 155 0.005832690086037262
138 n 165 0.013320958775504432
138 o 5 0.03564046981028912
138 q 65 0.013691515022747125
138 r 140 0.04122099867982254
138 s 137 0.0013983628665000802
138 t 136 0.02369836244034229
138 u 144 0.10215188695636002
138 v 82 0.08166034646740639
138 x 153 0.009329407978871718
138 y 89 0.04646214290773831
138 z 113 0.11249456944099645
139 a 162 0.03432120257772031
139 b 131 0.02607632128086912
139 c 145 0.0160108811102897
139 d 79 0.0324695648333162
139 e 66 0.04653975648418229
139 f 120 0.01639921470485639
139 g 70 0.00806671953209881
139 h 44 0.000479360803544604
139 i 79 0.08357877933987112
139 j 12 0.07351146345954285
139 k 145 0.001999132858285124
139 l 159 0.009046333778084836
139 m 63 0.017170094285891113
139 n 115 0.024708670647516806
139 o 94 0.029326414163007963
139 p 85 0.02650729640252647
139 r 167 0.04280216483036292
139 s 52 0.04335394614610677
139 t 159 0.0026217462788257206
139 u 25 0.029874443278469998
139 v 60 0.08743103347962433
139 w 129 0.006951627773274294
139 x 82 0.20426661595953877
139 y 68 0.031629912802831006
139 z 136 0.06208648710018416
140 a 76 0.05100797193097406
140 c 130 0.012810802820313993
140 d 129 0.13174485764333455
140 e 106 0.014128970562973131
140 f 150 0.0014401550280644937
140 g 35 0.04087108359536229
140 i 152 0.0008082640885573866
140 j 31 0.004889920520486313
140 k 19 0.05342639511526481
140 l 20 0.0444785232316095
140 m 53 0.00021941668965186345
140 n 74 0.05028362249682017
140 o 11 0.015946710436084977
140 p 142 0.01575415504957356
140 q 123 0.0018439535558857356
140 r 133 0.03495286557759969
140 s 12 0.007133573335092014
140 t 92 0.03415350901141889
140 u 123 0.09172153467057276
140 v 81 0.1596524075762763
140 w 169 0.08315915675420038
140 x 70 0.08165535805025792
140 y 46 0.002639493848252572
140 z 14 0.007018089557237817
141 e 166 0.283308466935455
141 j 29 0.07254142321739421
141 m 82 0.04849697887268767
141 n 122 0.05169318712559545
141 w 68 0.06106630557189674
141 x 87 0.3604778027190416
142 b 89 0.026213660981743492
142 c 30 0.09156395541709661
142 e 86 0.022547966260888064
142 h 34 0.0007762541221300046
142 i 11 0.06689249564279087
142 m 87 0.011140239196150925
142 n 127 0.00934296673433166
142 p 133 0.3287637224321943
142 r 5 0.1238892648909653
142 t 153 0.1945299008079262
142 w 73 0.00922024483531092
142 y 164 0.0003269991500368663
142 z 63 0.012100051652538912
143 a 68 0.004358406062385245
143 b 53 0.15956273469726945
143 c 0 0.023807449934561076
143 d 137 0.036476251479515054
143 e 164 0.005067118971812445
143 f 105 0.11810438915965193
143 g 40 0.024206772874759364
143 h 91 0.004151425795381081
143 i 73 0.04452835820046197
143 j 64 0.038479356819541066
143 k 30 0.041838176107081404
143 l 80 0.008661173422536028
143 m 65 0.024362848792594094
143 o 85 0.026268532929213384
143 q 105 0.05809833636801198
143 r 109 0.059838390156603194
143 t 12 0.0774401343865394
143 u 147 0.020956241663312003
143 v 56 0.050068975238414026
143 w 65 0.02561294295543537
143 x 79 0.0068255236988505885
143 y 133 0.003847523752113502
143 z 60 0.0004000315136951649
144 a 8 0.01948369093669111
144 d 16 0.18561758336932743
144 g 24 0.014909261887022685
144 h 108 0.038538923136033576
144 k 132 0.12398471454553617
144 o 138 0.15446636272977166
144 t 0 0.05224067977905844
144 z 134 0.12632422653633013
145 a 69 0.09457422440762997
145 b 139 0.1594149995810179
145 c 61 0.009910916721057927
145 d 78 0.018201471044357875
145 e 156 0.007982377339590507
145 f 98 0.018705890882495635
145 h 45 0.004125566556245075
145 i 105 0.023786746354160337
145 j 50 0.006915091325813916
145 k 15 0.001073470229169371
145 l 107 0.05155012067149367
145 m 44 0.028540813823884625
145 n 29 0.01261940273892137
145 o 60 0.039241941334172914
145 p 74 0.0023592512944560218
145 q 169 0.00873288494556046
145 r 68 0.03670164746288529
145 s 10 0.10999470156053093
145 t 138 0.1243135123799346
145 u 36 0.013678499542768674
145 v 22 0.004068310270914033
145 w 160 0.07347768892293016
145 x 131 0.02874105114750891
145 y 125 0.04146769581391607
145 z 41 0.011827185496702142
146 a 147 0.05071571962054322
146 b 124 0.06556466019464813
146 d 99 0.24309468457473726
146 f 53 0.016506009590926296
146 g 150 0.026567351210766366
146 i 159 0.04425937294482096
146 j 139 0.013552961688327425
146 l 18 0.004858831403726671
146 m 107 0.06649714377392835
146 n 20 0.0633960938057716
146 p 148 0.022914596758912165
146 q 98 0.11501593490765982
146 s 131 0.07457578395360687
146 t 102 0.05669907566801613
146 v 9 0.03282650349026117
146 w 29 0.010847913105035079
146 y 20 0.0034777670898246127
146 z 52 0.0017220249975952173
147 a 22 0.016881529523327554
147 b 44 0.02068648615915203
147 c 75 0.031990230050018886
147 d 144 0.012812982431142705
147 e 73 0.014735556999945665
147 f 61 0.013498036704223892
147 g 138 0.045572806491850026
147 h 94 0.010459813539523855
147 i 60 0.006138015018947729
147 j 45 0.07651247191756094
147 k 47 0.005081908902956345
147 l 48 0.055386791889209586
147 m 2 0.007959377824534708
147 n 65 0.08708992039107644
147 o 51 0.18082029479104456
147 p 145 0.03453603625837576
147 q 39 0.0006738462835428338
147 r 109 0.02413226660953771
147 s 55 0.019699752808024273
147 t 166 0.07915032761817065
147 u 5 0.03667998354780888
147 v 25 0.061585459176916935
147 w 68 0.07763815768133697
147 x 73 0.0031941047126803346
147 y 145 0.04016817500921133
147 z 3 0.020474802622623023
148 d 31 0.003290576326543615
148 e 13 0.052354058796883485
148 f 128 0.14675171268846376
148 g 86 0.003096518679493232
148 j 25 0.0008437603510185188
148 k 124 0.006485289232888158
148 l 34 0.19010052653002962
148 m 31 0.006063263619680681
148 n 40 0.12292118936027485
148 p 147 0.020432896963506808
148 s 84 0.0018549802478317057
148 t 120 0.0021437618289498195
148 u 114 0.18129927176096816
148 v 86 0.041023491372279675
148 x 126 0.04616014578191019
148 z 128 0.11902877112629584
149 a 47 0.017678154075436936
149 b 92 0.17851857806384352
149 c 159 0.021734387844562497
149 d 41 0.007884291762342843
149 e 142 0.006352453394957047
149 f 94 0.027619882703635468
149 g 52 0.020782897571638426
149 h 37 0.011545031586322918
149 i 70 0.02983215730155231
149 j 4 0.09601466719265239
149 k 100 0.06422981004293027
149 l 50 0.059736552030452694
149 m 55 0.05544717172448865
149 n 154 0.005324231836505433
149 o 104 0.05856734579829559
149 p 124 0.04704491530537236
149 q 57 0.06677734470514451
149 r 99 0.041823878066558406
149 s 19 0.04517576952074642
149 t 66 0.006542904968330765
149 u 106 0.01025836635435895
149 v 66 0.001816187320200613
149 w 0 0.0496317063167242
149 x 21 0.01973707581244699
149 y 47 0.022773583268704822
149 z 60 0.02165905405017865
150 h 151 0.4786120695858671
150 i 160 0.05123490732530689
150 m 37 0.012910053458026094
150 n 32 0.03983016280670848
150 u 168 0.050825987630802816
150 v 36 0.29335444637642305
151 b 145 0.08186127073996297
151 c 13 0.4538453568809223
151 e 17 0.04057675354387891
151 i 123 0.13216062118996263
151 p 109 0.04107444611849487
151 w 132 0.2472126056640941
152 a 66 0.2755797591800988
152 f 102 0.13078183286879308
152 g 121 0.026503775097404203
152 n 85 0.1229907910219582
152 o 143 0.039068542521929595
152 p 144 0.06199790349814527
152 t 6 0.15046165708595338
152 v 126 0.11605144185183203
152 w 87 0.04363520379114538
152 z 91 0.03287062273050145
153 b 118 0.10192736617182108
153 c 63 0.005457582945867956
153 f 131 0.040377780091774174
153 i 63 0.07638426997266556
153 j 2 0.12780247744309114
153 k 127 0.08107116887232468
153 l 79 0.012853906698579776
153 q 146 0.09315069915695762
153 s 130 0.02626891524022501
153 y 131 0.03772017146596207
153 z 114 0.3952609947267821
154 c 93 0.056285000813739994
154 d 73 0.5213925032556787
154 e 19 0.1185370715927695
154 h 18 0.08292334717013938
154 j 59 0.001948810734896167
154 m 157 0.013669233474052911
154 n 120 0.0677989223374893
154 p 139 0.05384659603954689
154 w 20 0.0173316320736846
155 a 65 0.03165349573796716
155 b 128 0.0202247324889131
155 c 162 0.04471173036680742
155 e 9 0.09383985616662016
155 f 44 0.003678973367472582
155 m 110 0.024368968163328453
155 o 157 0.09579840316262289
155 p 47 0.07750491482294464
155 q 165 0.17264253242428085
155 r 126 0.05975841253226455
155 s 144 0.26627690431104534
155 u 135 0.0534604931495245
155 y 105 0.00627494773366466
155 z 143 0.030346550388888893
156 f 75 0.4814189376676402
156 r 163 0.27788571577534005
156 z 89 0.2190052615990583
157 a 153 0.8658681605064718
157 j 71 0.12684494097749277
159 a 67 0.030810580834024215
159 b 88 0.11999161431826322
159 c 123 0.09507300039914957
159 e 130 0.08018834489202542
159 f 95 0.01602089198838974
159 g 47 0.19282575232672294
159 h 130 0.04870251598212616
159 i 145 0.06973427047673197
159 l 159 0.10050949443294854
159 m 94 0.004809971456016693
159 o 26 0.006356354164431921
159 q 115 0.10558651131327401
159 r 11 0.02854291263469122
159 t 77 0.0121937052575668
159 v 144 0.03720620509502759
159 x 110 0.02801634471106984
159 y 111 0.016898518386129213
160 a 63 0.047722505876693466
160 b 136 0.0040852273794047544
160 c 98 0.04354668207407886
160 d 54 0.006119595782118958
160 e 142 0.01566623324569505
160 f 78 0.03646245706534679
160 g 170 0.05811451949715174
160 h 116 0.033053923171050714
160 i 131 0.005766715352881646
160 j 118 0.05243596468768885
160 k 14 0.1302001597885445
160 l 116 0.0007640628042027142
160 m 69 0.031533383787127556
160 n 89 0.012168492141683585
160 o 140 0.005247394255972315
160 p 114 0.006545626366127766
160 q 98 0.008169234316107388
160 r 144 0.05323472621611869
160 s 96 0.10504530694111325
160 t 123 0.11737810005380156
160 v 168 0.03182835146714924
160 w 118 0.033693551057722204
160 x 72 0.005762574996195702
160 y 89 0.09548180418476715
160 z 71 0.042101902997154994
161 a 123 0.05356879993522845
161 c 88 0.08246999078826656
161 d 76 0.006920785107606298
161 e 162 0.02547414395262404
161 g 146 0.08566131364617457
161 j 41 0.03525897327480754
161 k 46 0.05739399375648613
161 l 78 0.08573909072428054
161 m 35 0.01253494092273133
161 n 167 0.022353362718767422
161 o 125 0.037382069597494794
161 p 70 0.0717625616457519
161 q 38 0.012958600958577038
161 r 31 0.017846091848573775
161 s 0 0.030784723843057304
161 t 25 0.009275097701431756
161 u 88 0.10553638569312862
161 v 169 0.02408572476984161
161 w 42 0.0088549671390874
161 x 78 0.07819201550504573
161 y 69 0.05064477153615321
161 z 95 0.07326817152718612
162 a 39 0.02010203067694194
162 b 108 0.04896238803114583
162 d 146 0.014407116711869228
162 f 79 0.004000357890551531
162 g 19 0.11823288937380227
162 h 3 0.048822992448842584
162 i 34 0.021388497474897128
162 j 39 0.002980078746574133
162 l 134 0.17638152889341452
162 m 64 0.013868129589430733
162 n 64 0.012332760331628556
162 o 118 0.0037939848575413437
162 p 14 0.04190804616601429
162 q 46 0.051532350904303637
162 s 36 0.010793758029015499
162 t 59 0.03207832127138499
162 u 94 0.04568168797682004
162 v 84 0.03281219000517166
162 w 84 0.015790271660448996
162 x 122 0.048435238391575375
162 y 150 0.06301526092130183
162 z 110 0.07985356081369221
163 b 55 0.0018981893940533956
163 d 88 0.15917095405194814
163 e 86 0.05044637068476787
163 g 111 0.05256476996916992
163 h 131 0.13692173732655255
163 k 29 0.023654803647868428
163 n 91 0.0644774382463853
163 p 11 0.25150536688195024
163 r 68 0.007835083709297086
163 s 55 0.002253807393176044
163 t 169 0.03399623163247423
163 w 53 0.058354530889709655
163 x 34 0.05790036306059598
163 y 153 0.04493220834722644
164 a 132 0.061687963504819865
164 b 165 0.1317389171779102
164 d 146 0.021949946951641763
164 f 3 0.14451488469111373
164 h 28 4.233964875355323e-05
164 i 87 0.008791513946271756
164 k 12 0.20301851034293628
164 m 61 0.021487181178961423
164 q 15 0.11112357784385918
164 r 137 0.11337604717816785
164 t 29 0.007672555895681388
164 x 71 0.15322788717146973
165 a 130 0.19958276161212418
165 c 164 0.09850514974872426
165 d 12 0.01759695020557439
165 f 0 0.022950008523035303
165 i 27 0.06154378473383748
165 j 150 0.012693823125488168
165 k 118 0.028662980143135175
165 l 86 0.017136907731539197
165 m 19 0.025086979539236554
165 n 58 0.01298426690104193
165 o 169 0.006864656280745396
165 p 29 0.041796425082919475
165 q 163 0.08958273335590183
165 r 88 0.06546301587515868
165 s 4 0.05105214901958266
165 w 13 0.04489240492352653
165 x 14 0.07062085554830966
165 y 116 0.03459632582521721
165 z 115 0.028277050146318095
166 a 39 0.04929109026428036
166 b 106 0.015580330182076385
166 c 13 0.07422593315000625
166 d 121 0.030926277459119245
166 e 126 0.07867740925872913
166 f 5 0.03536474052780636
166 h 131 0.0035399889261606976
166 i 155 0.12620823833605932
166 j 102 0.023971643841636414
166 k 168 0.0027528393317126643
166 l 150 0.06442971160266187
166 m 113 0.026916768344476094
166 o 101 0.06622322089795019
166 p 124 0.03584971261906722
166 q 91 0.027179635195541563
166 r 93 0.022569377686972647
166 s 26 0.0600767811570293
166 t 51 0.0008115086613992295
166 u 64 0.06018092883491377
166 v 107 0.04607355421144177
166 w 150 0.007948978323388145
166 x 100 0.0247206284842042
166 y 30 0.008534751241648153
166 z 5 0.09443538563469611
167 g 117 0.33563119448354806
167 l 124 0.06648948322633152
167 o 22 0.2584340892744186
167 q 96 0.13399979580813737
167 y 29 0.0922198574340527
168 c 141 0.17495180564678015
168 d 64 0.023181949920706435
168 f 80 0.03167940900132138
168 i 154 0.05717587260602064
168 k 51 0.07709275041378716
168 l 94 0.05364746194003678
168 m 82 0.06977212337818406
168 n 40 0.06809478698635396
168 p 37 0.027059648439257677
168 q 92 0.10692219782950385
168 r 24 0.09845599191609433
168 t 170 0.06803518083507676
168 v 168 0.015432197202349673
168 w 124 0.1045070220679104
169 c 84 0.05107663774791038
169 h 124 0.028143278373472636
169 i 30 0.14652399126855598
169 j 75 0.053261019813529376
169 m 72 0.10556662736514333
169 q 102 0.01446539941361813
169 w 30 0.47406408602969907
169 z 10 0.007032499573537021
170 b 76 0.005408947169222467
170 c 128 0.010913109851691472
170 d 147 0.05343042941758658
170 e 36 0.1753864528281448
170 f 159 0.006732601085634116
170 i 52 0.006599530377905172
170 k 64 0.06663971271512381
170 l 25 0.0311854414700804
170 n 15 0.018016648111846778
170 o 34 0.09859172020858809
170 p 4 0.058100131817259704
170 q 121 0.0026505188119244627
170 r 39 0.03402216205428643
170 s 86 0.007432485508564235
170 t 151 0.15309328615621776
170 u 93 0.06090823663900702
170 v 161 0.05161483197820049
