24 26 296
0 1.0
0 0.03133569326358365
0 0.009849642921265112
0 0.04785835616863732
0 0.3839849835160768
0 0.016164693169532507
0 0.05403138254136497
0 0.1400072489496318
0 0.0982570347414482
0 0.003000121522134025
0 0.07743587367238436
0 0.05584319428740192
0 0.0251094773057724
0 0.39961323836476337
0 0.004769066536090771
0 0.1932949039118964
0 0.04033092545202721
0 0.25623795920458414
1 0.15968733088613185
0 0.06405492673403523
0 1.0
0 0.04188895733024789
0 0.1741929758843419
0 0.12123891319739732
1 d 10 0.06307755917265345
1 f 21 0.08743222726679611
1 h 7 0.048073896327834875
1 i 5 0.07878851662057529
1 j 4 0.024812224898633772
1 n 0 0.09361267231453185
1 o 20 0.11379512494863275
1 p 18 0.0988979441390544
1 q 3 0.16390933789996642
1 r 20 0.054378991011103994
1 u 3 0.03831821259831225
1 x 20 0.01652502969575198
1 y 6 0.0870425698425692
2 b 15 0.011061916627527979
2 c 9 0.00430873453910785
2 d 9 0.09757195885620129
2 e 13 0.020181508774927637
2 g 3 0.03260114592290053
2 h 21 0.08967077475409346
2 j 4 0.1172211588059181
2 k 12 0.11760587104193532
2 o 8 0.04956129957831168
2 p 7 0.0737537963098216
2 r 19 0.1255285365816059
2 s 17 0.09644033057311885
2 u 16 0.05937110247779753
2 w 0 0.017824038214957594
2 x 2 0.07744818402050957
3 a 12 0.006728185448415802
3 b 13 0.06346099947642003
3 f 11 0.15271016436116258
3 i 8 0.04337716542639436
3 j 0 0.11760385461104328
3 k 7 0.03010825410637452
3 l 14 0.09012610512470043
3 m 20 0.009538104731174113
3 o 3 0.06074529646841842
3 s 17 0.3450870902736718
3 u 4 0.019991042076627052
3 w 7 0.0126653817269603
4 b 21 0.023596631553846614
4 d 1 0.007385935327660187
4 i 23 0.11052220231626142
4 o 15 0.10384819325666139
4 q 3 0.12917614131479493
4 t 17 0.06396797657174158
4 w 13 0.15024348218907246
4 x 9 0.027274453953884614
5 a 23 0.13511007481911774
5 b 13 0.05973304655559253
5 c 21 0.07373963473091671
5 d 4 0.1128111329621464
5 e 19 0.0065987110710122865
5 f 13 0.016294626137010937
5 g 13 0.00610892082005321
5 j 7 0.005110864764141576
5 k 1 0.04874167593778511
5 l 18 0.000773149433090925
5 m 20 0.030969568348831245
5 n 5 0.049886468576743614
5 o 19 0.03281304061200674
5 p 21 0.05262412777943093
5 q 21 0.03894499127365747
5 r 17 0.00982782818346617
5 s 6 0.007298524359141023
5 t 19 0.007019599856601277
5 u 21 0.07985260215465884
5 v 15 0.029466650234784342
5 w 2 0.0827444626796866
5 x 15 0.01113672063458393
5 y 8 0.007595457397672756
5 z 0 0.07863342750833513
6 a 0 0.044951087130432055
6 b 22 0.06419820643469887
6 d 13 0.06955915493350395
6 e 6 0.0011921236807750368
6 f 8 0.026419547988819625
6 g 15 0.0032599777386723705
6 h 0 0.0034034414620424114
6 i 18 0.09532679103927233
6 j 0 0.06302131791470089
6 k 8 0.06219011234335459
6 l 5 0.050050690670120246
6 m 10 0.049076167746791466
6 n 7 0.1159297110437233
6 o 3 0.011885597154837502
6 p 16 0.02335221660677489
6 q 6 0.023646822895553643
6 r 13 0.014896746523368365
6 s 6 0.03605874181994562
6 t 4 0.035410493769186036
6 u 23 0.04861018234804204
6 v 16 0.05741105361670085
6 w 2 0.0007711683555837734
6 x 10 0.0027782141282554074
6 y 6 0.040011565607900756
6 z 17 0.002557484505579022
7 r 16 0.7188373155975097
7 y 13 0.14115543545285847
8 b 23 0.050210416041620354
8 c 16 0.06276672205227385
8 g 10 0.003918854308332054
8 i 10 0.083415959600174
8 n 19 0.1427520947231603
8 o 8 0.06856334329268321
8 q 23 0.3725152577954104
8 v 6 0.05447284018620169
8 y 11 0.06312747725869594
9 b 14 0.13848419751605823
9 d 13 0.0068343346015302675
9 e 18 0.15598072906119864
9 g 22 0.04864233666173445
9 i 17 0.020235950421158444
9 j 20 0.1553666697777506
9 k 8 0.0035723804840728235
9 l 6 0.15046379516560204
9 n 15 0.04715318661373091
9 s 16 0.05293063404395448
9 t 21 0.09993973385405797
9 u 19 0.08568332193365236
9 v 4 0.005480271778365964
9 y 7 0.026232336564998793
10 h 12 0.5446194174202382
10 v 2 0.3779447089073774
11 a 13 0.019834722002446514
11 b 2 0.0917877996058446
11 c 11 0.06003953026073061
11 d 21 0.060487044138727186
11 e 14 0.010396022052097664
11 g 5 0.025713856009592972
11 h 9 0.02036120350632742
11 i 11 0.11266100659991118
11 j 19 0.008248354071544672
11 k 11 0.018585167200348196
11 l 16 0.09329763115559919
11 m 3 0.017257737519053906
11 n 9 0.07163422278261722
11 p 3 0.00305276234774865
11 r 19 0.13265394572224853
11 s 4 0.050516893214506364
11 x 14 0.055396265558269264
11 y 3 0.06348415569573229
11 z 6 0.02874848626925164
12 a 14 0.09834014044624373
12 o 23 0.05114441979590534
12 q 23 0.014632480518819602
12 r 2 0.09345291131065459
12 s 2 0.49879342425828443
12 u 8 0.15396266191933194
12 z 15 0.06456448444498797
13 v 18 0.6003867616352366
14 b 14 0.015528885722440156
14 e 1 0.03524292496246839
14 f 15 0.07702390418569616
14 h 14 0.20214143650871497
14 i 15 0.05033804596735092
14 j 19 0.01567815290611252
14 k 21 0.0490869468585412
14 m 18 0.21873348500299528
14 n 6 0.043556014145696764
14 q 16 0.04552509119341619
14 t 22 0.15554260889249738
14 v 20 0.03518623765724882
14 x 11 0.051647199460730486
15 b 18 0.04727582120788976
15 c 4 0.005545992984403947
15 d 3 0.018078987489526188
15 e 15 0.06654556746219731
15 f 23 0.09481223457461607
15 g 14 0.011323725368172166
15 h 5 0.12405832845879716
15 i 9 0.009922023122095558
15 j 2 0.03950030546523686
15 k 15 0.0475903506492682
15 m 17 0.06256497437555397
15 p 18 0.07490290982208458
15 q 5 0.05430618861995262
15 s 8 0.009006836142706254
15 t 23 0.06022578225960207
15 v 4 0.04474792373579395
15 z 5 0.03629714435020692
16 a 14 0.002810127911262006
16 b 12 0.17686531614514334
16 c 6 0.10529638304140787
16 d 15 0.021771644194420903
16 e 15 0.01457089391635158
16 g 19 0.02849650640033974
16 h 18 0.028188030578076173
16 j 4 0.06342603815102121
16 k 4 0.13224017925628284
16 l 2 0.026787202111676955
16 o 2 0.008157583986080241
16 p 13 0.07944709516817083
16 r 7 0.01743052407615686
16 s 15 0.050933612616942625
16 t 19 0.018054747134588545
16 u 11 0.08805758274150666
16 v 5 0.02214197530994033
16 x 21 0.00808629303252062
16 y 12 0.029321016407108824
16 z 5 0.037586322368974634
17 a 16 0.08023218515368324
17 d 17 0.02157006175173537
17 e 1 0.009005331484380319
17 f 9 0.028835225583257906
17 g 0 0.04645465176843977
17 h 11 0.03415606446597286
17 i 2 0.00294662333934137
17 j 7 0.0313837525609989
17 k 10 0.0072005012323280715
17 l 1 0.12001374111010765
17 m 8 0.0001250886142264429
17 n 14 0.0986942508729477
17 o 10 0.048296601520649074
17 p 18 0.00598234831869493
17 q 19 0.045473107231972176
17 u 15 0.048285370165577546
17 v 16 0.04746893919303796
17 w 22 0.04029378743084833
17 y 6 0.000669277359024556
17 z 17 0.026675131638191685
18 a 20 0.005390560961573421
18 c 8 0.025683405778387347
18 g 3 0.03890726128714528
18 k 18 0.01903836568313333
18 n 4 0.04051897506616797
18 p 13 0.1281535093376991
18 r 1 0.0673965004477185
18 t 18 0.0040903307451390924
18 v 18 0.03459371039280379
18 w 19 0.20931607425374865
18 x 19 0.10824448419761445
18 y 0 0.15897949096273722
19 a 0 0.024305005497261667
19 b 6 0.014989912062068345
19 c 16 0.03172493976255275
19 d 11 0.049643956530137534
19 e 11 0.0031253695373598678
19 f 7 0.025683157323681205
19 g 8 0.0556383038953594
19 h 4 0.015986143761444915
19 i 10 0.000686919644064643
19 j 17 0.04370363375175579
19 k 18 0.034214002591503645
19 l 0 0.03285100186405099
19 m 1 0.12333356781269755
19 n 1 0.03220509139193228
19 o 20 0.06459367297946372
19 p 6 0.01984514535393178
19 q 13 0.01453941065574127
19 r 5 0.027668961334093023
19 s 19 0.11681345122393272
19 t 12 0.0031301039081661486
19 v 6 0.043890230211207304
19 w 7 0.05463865253846856
19 x 9 0.03104716537227481
19 y 18 0.06805328557254187
19 z 11 0.0036339886902729823
21 b 12 0.003298965006817256
21 c 17 0.20455669501251594
21 f 16 0.104698435411264
21 h 23 0.1739293342229038
21 j 3 0.21317212990114665
21 q 5 0.030311386714981348
21 s 9 0.0315996890298349
21 x 2 0.1741255763184164
21 z 21 0.022418831051871813
22 e 23 0.13614732463010215
22 k 16 0.26483340007669187
22 w 1 0.42482629940886407
23 a 22 0.041156786299962
23 b 1 0.05213770616232172
23 c 7 0.07987924546085778
23 d 6 0.005147970196200391
23 e 8 0.014169075641383477
23 f 22 0.0015686591633936597
23 g 0 0.04000948690172834
23 h 3 0.003470635686720458
23 i 3 0.025241360877078622
23 j 23 0.019216469639667277
23 k 7 0.02240328792505486
23 l 8 0.0021310949725208417
23 m 4 0.0047956489015451575
23 n 12 0.021932995581547488
23 o 3 0.03009925498651389
23 p 18 0.04955737872337018
23 q 5 0.06012570968176656
23 r 10 0.0872124030874859
23 s 13 0.012713196767899504
23 t 1 0.014816439648559943
23 u 19 0.09766722949698003
23 v 20 0.043598917909184354
23 w 20 0.031665255188221386
23 x 2 0.016101773996393343
23 y 1 0.04552279813795479
23 z 4 0.05642030576829071
