132 26 1690
0 0.093796982001907
0 0.06048105014812355
0 0.055593533199857825
0 0.15563221529219973
0 0.21433825260007322
0 0.0972697432470837
0 0.031102983090325775
0 0.09301510226452459
0 1.0
0 0.22063798472988538
0 0.06332733907779764
0 0.0003726989715537865
0 0.0011014883090835204
0 0.00275687500607269
0 0.0013508658621497194
0 0.00480799767978124
0 0.010105405087241337
0 0.08309246015817928
1 0.10526623470821772
0 0.055121499631679116
0 0.04701951822930539
0 0.07006942254451198
0 0.20544145301868644
0 0.06294308497701662
0 0.038204472247148624
0 0.1133301428331388
0 0.006636433393255148
0 0.017160566471631777
0 0.017360257101165844
0 0.4675119511613134
0 0.046819668648345636
0 0.034462938917242836
0 0.6758296911935584
0 0.05474508692890023
0 0.7374797985330601
0 0.15287545928026303
0 0.06341855690273224
0 0.28894417532257055
0 0.029340074247269143
0 0.12423013843736908
0 1.0
0 0.04676312949770067
0 0.11571848888077052
0 0.025858803169035216
0 0.25039394582019603
0 0.05982506240339225
0 0.034219301693079074
0 0.010573061970337472
0 0.015956925993037885
0 0.12306462683715613
0 0.1444335745442188
0 0.006720878259923957
0 0.08932112934664282
0 0.021313664629048046
0 0.06135950044241767
0 0.0004663326448637317
0 0.10571766703985341
0 0.02453172100928558
0 0.05174583685362677
0 0.31115878310842116
0 0.04895287337344145
0 0.07995250888829053
0 0.22977002103004374
0 0.6358741760345414
0 0.03293775742224847
0 0.45196050414858224
0 0.0037449064098272755
0 0.10975463269289565
0 0.0009316872724484115
0 0.0203236820770194
0 0.06680577865353776
0 0.11795008453488443
0 1.0
0 0.10942174149671136
0 0.30114390080627795
0 0.12230776794080978
0 0.005503243620253562
0 0.09254365860135494
0 0.013650449718977664
0 0.06836918252150459
0 0.000960031521770377
0 0.019235355073726534
0 0.05757178511204708
0 0.07395088042365272
0 0.022617447451755424
0 0.014988133384651103
0 0.6174429151618966
0 0.03832224871459933
0 0.06818900408386774
0 0.08523393992515782
0 0.009866822514901674
0 0.04307062822582686
0 0.00023187344248998265
0 0.029966136590259373
0 0.0432048894205701
0 0.020470397169617738
0 0.04095360051449792
0 0.0007337221592012
0 0.04028641744461725
0 0.1934634025844426
0 0.18269035756326824
0 0.0214552261605373
0 0.04156592949038085
0 0.08299502463951647
0 0.1396769404431687
0 0.023204144930703774
0 0.23696816365202478
0 0.3278263629148117
0 0.0105198608098106
0 0.19653067427042048
0 0.030996142746579136
0 0.1632911231996489
0 0.02118154177074827
0 0.03560814260592382
0 0.07366626853223313
0 0.16936812558325576
0 0.08238684164828813
0 0.07705819673395475
0 0.11344806327919699
0 0.2439481055980266
0 0.08094106112069599
0 0.0473249190430316
0 0.1440524355669066
0 0.06498959406857308
0 0.13326830467186102
0 0.9981497453375905
0 0.04726480737318306
0 0.00563425887396618
0 0.02944799879716986
0 0.0260165575606095
0 0.1664064032594318
0 0.007555754980926199
0 b 87 0.1352652057662984
0 c 1 0.028661580773577167
0 f 116 0.040610830742615844
0 g 16 0.09732141712941778
0 i 86 0.16342489654367576
0 m 1 0.046997167480787194
0 n 52 0.00048332048205812495
0 o 67 0.008458047144803804
0 p 7 0.03603574852197411
0 q 125 0.012009477031690974
0 s 95 0.05125229106131557
0 t 42 0.020826643953475887
0 w 119 0.12647686247066436
0 x 120 0.039547832891603685
0 y 113 0.0015550023342701946
0 z 8 0.09727669366986413
1 g 82 0.24902268587446097
1 k 73 0.023398021409101966
1 r 71 0.5128654347140609
1 y 119 0.01418562150104763
1 z 5 0.140047186353205
2 c 85 0.04132385029382202
2 d 20 0.023572726515046938
2 e 75 0.018979813000702173
2 f 120 0.06769313944138444
2 g 35 0.027911298282707997
2 h 61 0.010371832475015719
2 i 116 0.12872727510273663
2 j 30 0.03941567501879628
2 k 120 0.01991543022760145
2 l 127 0.05569228485222377
2 m 45 0.06055773375182849
2 n 80 0.02103399540713946
2 o 4 0.015328099617254787
2 p 73 0.08632346176764683
2 q 43 0.018579916399029006
2 r 52 0.004516637105653198
2 s 6 0.0898198784861226
2 v 31 0.12822044021109824
2 w 108 0.01051640632851103
2 x 4 0.00130188333082204
2 y 66 0.055369067204197986
2 z 82 0.019235621980801088
3 g 84 0.16046807977939004
3 s 116 0.39152672795201493
3 w 122 0.252707941702507
3 y 124 0.039665035273888316
4 b 86 0.3849299275268321
4 v 106 0.4007318198730947
5 d 2 0.3963441465734111
5 o 34 0.5063861101795052
6 h 67 0.8778898981664571
6 k 108 0.010115289856157283
6 l 20 0.053630425058224906
6 m 118 0.027261403828834907
7 a 0 0.09614861126495067
7 b 18 0.04550638068114632
7 c 130 0.02633118591279937
7 e 86 0.008512164972217295
7 f 69 0.018039865877930716
7 g 88 0.023315864133646946
7 h 120 0.08628181693746895
7 i 17 0.11221346675499522
7 m 114 0.2509447151343833
7 n 22 0.08178678863801636
7 r 73 0.009218549365024531
7 s 37 0.038294001608705774
7 u 10 0.014701765711589987
7 x 92 0.050108136480528476
7 y 76 0.045581584262071484
9 a 42 0.19105635193049453
9 g 92 0.18055929267475634
9 t 45 0.02663218628503239
9 v 64 0.34290555347874907
9 x 52 0.038208630901082286
10 b 31 0.05337409984802621
10 d 68 0.05316656706719103
10 m 67 0.2047556872986943
10 p 78 0.18653138302014838
10 q 124 0.41405623910307954
10 y 95 0.024788684585062892
11 c 102 0.16637464369410815
11 f 120 0.36623378215178404
11 g 85 0.009848012648346116
11 j 103 0.06442675269831832
11 k 3 0.005948541589753553
11 l 48 0.22594359742255687
11 s 44 0.02365087418187395
11 t 66 0.06677524299000126
11 u 88 0.07042585365170395
12 a 119 0.0459594483289687
12 b 4 0.09510068519531167
12 c 32 0.01195029567595396
12 d 87 0.03137508493881713
12 e 13 0.011535830853331985
12 f 37 0.05152031332936169
12 g 111 0.01215416547024395
12 i 99 0.046654815037504016
12 j 105 0.0657376189007437
12 k 0 0.023113439606294972
12 l 21 0.035332731872950385
12 m 118 0.006074479821083001
12 n 10 0.007440619153909922
12 o 118 0.04121224885722874
12 p 0 0.09321798392957759
12 q 91 0.008119217376731935
12 r 78 0.0003679395185427481
12 s 44 0.06978086524252947
12 t 91 0.14740444865458624
12 u 38 0.0025821702800009616
12 w 24 0.07567874646878059
12 x 31 0.0708410456632973
12 y 74 0.008963958011583895
12 z 124 0.03678035950358194
13 h 96 0.006067728438327924
13 m 98 0.04023678285039689
13 q 112 0.9464645643747575
13 t 72 0.00447404933044504
14 d 48 0.030384052472071543
14 g 74 0.18214067578559479
14 i 38 0.10701758038172182
14 l 54 0.1991719334067975
14 n 26 0.2528975482490855
14 o 124 0.1191518313480947
14 s 66 0.04519650735052683
14 u 25 0.06268900514395759
15 a 105 0.03340102357580477
15 b 126 0.02063415024939852
15 c 55 0.12058051247280055
15 d 94 0.08752219113909177
15 e 60 0.15653868946184035
15 f 115 0.13196004309810716
15 g 39 0.009144341971318859
15 h 17 0.002729504399953675
15 i 128 0.014147970637225393
15 k 77 0.013417134011095566
15 l 106 0.051295999017488825
15 n 51 0.01125139719182311
15 o 20 0.051572813997222355
15 p 73 0.05998207495283692
15 r 120 0.00829913350300826
15 s 21 0.0057464435276017856
15 u 75 0.11667518505408048
15 v 35 0.022336457790322783
15 w 119 0.03853115815345631
15 x 40 0.031174676197044393
15 y 53 0.008251101918696935
16 a 46 0.03922236238642218
16 c 109 0.12878345863371066
16 h 93 0.06484629181769075
16 j 38 0.14929550411603787
16 n 83 0.013619100147159946
16 o 27 0.03193877722679328
16 r 73 0.019339832290621195
16 s 94 0.02023520564555581
16 t 58 0.09234792216146948
16 u 33 0.004731742527562144
16 v 80 0.0065584641790943365
16 x 31 0.33255865624196823
16 y 72 0.055854999337713984
16 z 10 0.030562278200958803
17 d 71 0.04062269847862554
17 e 93 0.08902781051501107
17 h 55 0.23259521303445374
17 j 31 0.14722955864416432
17 n 26 0.053961975777401916
17 s 85 0.065526200921729
17 t 93 0.05592234492410808
17 w 14 0.020824887961063965
17 x 59 0.21119684958526308
18 g 124 0.20981215010783938
18 w 128 0.45014798839102765
18 x 15 0.23477362679291525
19 b 36 0.07740594335994866
19 c 105 0.03077685507390282
19 h 123 0.18713153703410923
19 j 34 0.01588045208337785
19 k 78 0.1007999149617198
19 m 61 0.10821807338635692
19 p 52 0.007041538122721569
19 q 9 0.017319228006101528
19 r 3 0.004310152063313311
19 u 46 0.06957667124820621
19 w 91 0.16290269174829441
19 y 96 0.16351544328026857
20 a 47 0.001020437875928648
20 b 37 0.031090296154521302
20 c 78 0.1026004516898451
20 d 27 0.006823325249689538
20 e 28 0.030774772597528366
20 g 78 0.019335541591255723
20 h 100 0.121837694398375
20 i 104 0.035447790226575626
20 k 91 0.2143846542184492
20 l 100 0.03230028807483787
20 m 78 0.0828993384340333
20 n 91 0.007958324107207537
20 p 130 0.004044665260101832
20 q 128 0.018811570071968986
20 s 69 0.009509632425790393
20 v 6 0.08689952126165013
20 x 21 0.06597105004611115
20 y 64 0.010447924019189814
20 z 24 0.07082320406763509
21 d 79 0.40696900044922735
21 e 82 0.019277530523825304
21 l 9 0.17666352781716466
21 m 102 0.07888204479901717
21 n 73 0.07452155860631593
21 w 56 0.09695524668372624
21 z 85 0.07666166857621137
22 b 103 0.05006350854320296
22 f 85 0.04906104245453735
22 i 10 0.1366745172147339
22 k 109 0.0005496634625394847
22 m 86 0.15943190746728697
22 n 11 0.1345468332074602
22 o 95 0.03278375333849515
22 p 64 0.10442851528305508
22 q 11 0.12701880601000248
23 c 11 0.042548896946587034
23 e 95 0.09538793760256326
23 g 93 0.11205130044464318
23 h 92 0.1635226840760864
23 r 53 0.32690625759442893
23 s 12 0.08722617386817089
23 v 26 0.003261585164280212
23 w 96 0.047575832577575805
23 x 2 0.0585762467486477
24 b 84 0.11490637548324978
24 c 39 0.026940620780496194
24 d 126 0.030452324729552616
24 f 60 0.00412086131978906
24 g 75 0.0649347875129036
24 i 77 0.025813636595644618
24 j 98 0.059457096768744
24 k 23 0.011184144197654677
24 l 75 0.09814881927675512
24 n 48 0.011447479388804305
24 o 27 0.08543004618471439
24 p 50 0.0008564898106271368
24 t 69 0.1442164895393906
24 u 37 0.04426894335909737
24 w 127 0.11542208105322083
24 y 116 0.008081721606063574
24 z 108 0.11611361014614352
25 a 118 0.09413043357113238
25 c 21 0.24387909192279
25 h 22 0.059758268576623474
25 n 54 0.09501500388141093
25 o 54 0.12352467189679672
25 p 89 0.03870305064934887
25 r 128 0.18884391010932366
25 s 117 0.0015165775930419123
25 w 87 0.04129884896639324
26 a 121 0.08644317247260325
26 b 14 0.006371160941382459
26 c 11 0.003097371098933044
26 d 80 0.06297937279676491
26 e 91 0.027424771484330757
26 g 71 0.004772049445034954
26 h 52 0.027742878906370172
26 i 102 0.05381114278664467
26 j 64 0.010705527276713922
26 k 67 0.014710329864592087
26 l 70 0.02325666838839524
26 m 66 0.015892065027172442
26 n 34 0.06875741432422988
26 o 110 0.07147773254760936
26 p 43 0.007753082142451628
26 r 16 0.08767005289839835
26 s 78 0.02994161169424181
26 t 89 0.02070270675577235
26 u 54 0.0791236841063856
26 v 64 0.06425595375467275
26 w 23 0.07238170237922448
26 x 72 0.03241411719667764
26 y 24 0.035530397559045857
26 z 82 0.08614860075909725
27 a 16 0.0237279500931038
27 b 35 0.02424551404793418
27 c 70 0.018184668291014616
27 d 6 0.002572758290586674
27 f 5 0.04229456381499097
27 g 50 0.012381803413055947
27 i 39 0.1006693802776194
27 j 72 0.053966728631239747
27 k 27 0.01702090357581476
27 l 6 0.07379604774069859
27 m 73 0.1117239867064217
27 n 37 0.05787321290261527
27 o 77 0.030327865987936242
27 p 6 0.1796713885210821
27 q 51 0.029624874304577498
27 r 51 0.031096964259320292
27 s 65 0.04827905386289166
27 u 98 0.021245815336066953
27 v 123 0.061493198188634524
27 w 99 0.017317284254101728
27 y 66 0.02532547102866156
28 a 85 0.015729079698125537
28 b 12 0.01593831976039073
28 c 82 0.04630586195486619
28 d 130 0.06867567900542071
28 e 77 0.01834737358844929
28 f 104 0.014068451420432115
28 g 114 0.13078350585342802
28 h 79 0.03396826618495652
28 i 102 0.025730437821062435
28 j 106 0.0057375938266325255
28 l 106 0.09802568926357136
28 m 85 0.03003952418056033
28 n 60 0.0240656963185385
28 o 130 0.00011962243049923327
28 p 17 0.006513749298141525
28 q 90 0.06929995270289013
28 r 21 0.024418353378639512
28 s 89 0.010657970656380522
28 t 113 0.20132800908878834
28 u 40 0.019810420280093277
28 v 129 0.0021580947594050937
28 w 33 0.017572873299002145
28 x 35 0.06202215892455454
28 y 35 0.041323059204005586
29 g 73 0.5324880488386866
30 b 118 0.11561431259883048
30 d 120 0.06805740434191909
30 g 8 0.3043477566859183
30 i 78 0.031286023337550595
30 k 90 0.15089528166173394
30 n 43 0.05544255065428472
30 p 119 0.04126293855197272
30 q 13 0.05293322792291466
30 r 112 0.09955874950920063
30 s 14 0.033782086087329244
31 b 19 0.034489075007961945
31 d 73 0.14613241583840353
31 e 114 0.045630194479145514
31 f 127 0.030562240657049822
31 g 5 0.02135600566383844
31 h 103 0.11576841005685135
31 i 57 0.06642441678266764
31 j 67 0.010422146884084382
31 k 122 0.04102621786500882
31 m 50 0.01023828489150791
31 n 82 0.0745587277942158
31 q 106 0.11770261203661692
31 r 8 0.03511639461524907
31 s 123 0.004936817533671589
31 t 90 0.006073318410531825
31 u 30 0.020665252386261712
31 v 45 0.07189352725720377
31 w 24 0.011469119179322362
31 y 105 0.10107188374316478
32 u 28 0.3241703088064416
33 b 70 0.0972390906795706
33 f 71 0.016846503198132967
33 g 105 0.07900745181390156
33 h 112 0.0074361023401262605
33 i 79 0.52089023374823
33 m 116 0.05319335744242315
33 p 59 0.04819510093688539
33 u 33 0.017541783665922073
33 y 74 0.027665843333200546
33 z 28 0.07723944591270726
34 k 64 0.2625202014669399
35 e 13 0.2187322644744103
35 j 125 0.029357972806461463
35 k 1 0.022085908756838246
35 p 28 0.06726358895464957
35 r 82 0.21875937575268967
35 s 120 0.011711304280200174
35 t 128 0.028934145925977983
35 u 23 0.05900283479152002
35 x 67 0.1011761345478912
35 y 70 0.09010101042909835
36 b 105 0.013334222918573002
36 f 19 0.032604677797641424
36 g 46 0.1382206950199355
36 h 130 0.05427479745234198
36 i 23 0.05345398617454189
36 k 102 0.017353899366850167
36 m 128 0.024707370846333454
36 o 115 0.24540101767164213
36 p 61 0.009202937321655225
36 r 75 0.06724893378136465
36 s 87 0.0799359508996148
36 t 51 0.0035392687900271946
36 u 127 0.0979659334256131
36 v 30 0.09028255322119427
36 y 102 0.009055198409938958
37 e 23 0.7110558246774294
38 a 76 0.030675756574137347
38 b 74 0.030644574263603452
38 c 29 0.018296714198861808
38 e 105 0.1372140529783581
38 f 2 0.011807472609775327
38 g 25 0.01462801069717612
38 i 38 0.12669159560012
38 j 107 0.01204573041966317
38 k 48 0.1582986301539464
38 l 0 0.05968498418183599
38 m 37 0.0114014169217308
38 n 130 0.003455951052901529
38 p 101 0.039466541017800116
38 q 106 0.044674838619215174
38 s 74 0.009885912529597807
38 t 23 0.06157481736443715
38 v 74 0.05371775495981579
38 w 37 0.08652444381494195
38 x 40 0.016537067745807654
38 y 24 0.043433660049005174
39 b 25 0.036819078581255216
39 c 54 0.11851352864375164
39 k 8 0.01074945740870481
39 m 118 0.1865976250427871
39 p 78 0.06406502811669723
39 r 2 0.08375835101905937
39 u 112 0.06619458229390429
39 v 127 0.10151128481933092
39 w 115 0.02352609585752574
39 x 38 0.05200070759852593
39 z 125 0.13203412218108868
41 a 48 0.05954298083440124
41 b 100 0.10315815281477536
41 c 129 0.04786572105357434
41 d 70 0.052838653141112135
41 e 34 0.044551046472652844
41 f 91 0.06125817670580902
41 g 38 0.01947096769948431
41 h 113 0.001675255145235699
41 i 123 0.0247996367615807
41 j 70 0.0077590806515305255
41 k 86 0.02614011262997884
41 l 20 0.015014399504377551
41 m 117 0.038232711261765195
41 n 129 0.019137791601928855
41 o 27 0.07518286351098946
41 p 106 0.01299468374237489
41 r 85 0.056065546408871625
41 s 66 0.06651175245548624
41 t 4 0.022342022626832936
41 u 51 0.004618545817349995
41 v 6 0.027699906336174807
41 w 63 0.010763497557072732
41 x 128 0.0515594164423816
41 y 109 0.06563212048881939
41 z 14 0.038421828837739036
42 h 56 0.04466939877000986
42 i 7 0.026089021927135136
42 k 73 0.06510714144761443
42 p 98 0.2599054672814747
42 q 52 0.3118580736798958
42 r 127 0.13312423643279614
42 t 127 0.01074927488276023
42 w 25 0.03277889669754319
43 a 3 0.038833225527680315
43 b 72 0.12238658042328154
43 c 18 0.0069120162981227695
43 d 87 0.055703024576187254
43 e 36 0.051989779698049965
43 f 109 0.0407181558782187
43 g 63 0.005398055433153193
43 h 89 0.0408209807692923
43 i 100 0.006977086511085195
43 j 22 0.008466628063128256
43 k 87 0.056227656101761725
43 l 113 0.01247936715334308
43 m 3 0.0031163870498828183
43 n 16 0.14160647634750578
43 o 82 0.011787414395232898
43 p 33 0.06375302444807929
43 q 40 0.039378296825813064
43 r 113 0.034973863457226084
43 s 55 0.03298386471696557
43 t 6 0.02053996791292123
43 u 26 0.040628804599550206
43 v 81 0.0013098338428818579
43 w 97 0.009183296104050442
43 x 8 0.028826420355885007
43 y 92 0.004491590400415912
43 z 37 0.09464939994125032
44 a 86 0.04999685957335642
44 d 83 0.08689671428061363
44 e 51 0.11391446262858906
44 i 76 0.08820694694879994
44 k 17 0.04156598584850979
44 l 31 0.08420495839085296
44 n 104 0.16810156602012882
44 p 105 0.017387861750591815
44 q 72 0.010582166839226193
44 u 73 0.028473291924652533
44 v 98 0.042556560553667744
44 z 11 0.017718679420815064
45 a 4 0.028895759666825005
45 b 116 0.0367139439025137
45 c 54 0.057232921608220466
45 f 41 0.01934996685661472
45 h 73 0.038240246958205715
45 i 82 0.18938681009843628
45 j 18 0.010234441598306665
45 k 50 0.008323592912900635
45 l 24 0.06686964828166952
45 o 92 0.22070534741044445
45 q 128 0.019041525791912983
45 t 0 0.02907186065813161
45 u 51 0.031563152668570016
45 v 32 0.03092094141169177
45 x 85 0.12926929453918135
45 y 58 0.019103164000208728
45 z 14 0.005252319232774139
46 b 59 0.007320895731823818
46 d 47 0.029141162892941663
46 f 38 0.007769981174611251
46 g 55 0.11982784852395689
46 h 39 0.002313005553292835
46 i 4 0.060876185010499184
46 k 44 0.250135233033722
46 l 121 0.0925087962671085
46 n 70 0.015508144767252485
46 q 54 0.024884065754594342
46 r 63 0.02843599822200571
46 s 113 0.008474911760484649
46 t 28 0.021148789486162167
46 u 3 0.09987107740438195
46 v 29 0.0629806955919835
46 x 17 0.1345839071321
47 a 94 0.04923245749512162
47 b 79 0.03515027145565419
47 c 77 0.039886870298362576
47 d 96 0.035448213532926376
47 e 95 0.04143448250755799
47 f 60 0.026427745732721664
47 g 47 0.036389479743896724
47 h 124 0.06295087713294534
47 i 39 0.028737491552729755
47 k 122 0.04396253527681182
47 l 41 0.09181162020626765
47 m 113 0.0043332454507404305
47 n 47 0.02375955573667221
47 o 118 0.02862666123323887
47 p 29 0.06377538382519532
47 q 89 0.0839124315693962
47 s 57 0.04706727173083303
47 t 54 0.11752045033278424
47 w 0 0.001163503197975646
47 x 113 0.0037447806179007337
47 y 64 0.018957496655243267
47 z 75 0.10513411274468687
48 a 90 0.0270483245184846
48 b 41 0.03909003528215027
48 c 81 0.009720593101873343
48 d 8 0.03525356669995161
48 e 108 0.0275313927061267
48 g 51 0.016880653719064775
48 h 109 0.013838412347709772
48 i 15 0.06221680039531319
48 j 60 0.022484430238848607
48 k 2 0.04715992045198136
48 l 31 0.06373982980227755
48 m 67 0.12974071383030317
48 o 122 0.0014007102319120168
48 p 21 0.017561102431516318
48 q 56 0.009467244840143496
48 s 31 0.14843678754362633
48 u 83 0.1260565529881318
48 v 92 0.05218556039752564
48 x 52 0.12272943119913604
48 y 9 0.011501011280885542
49 b 59 0.028607431710073072
49 c 44 0.013427738327576488
49 f 119 0.0319469176335857
49 h 55 0.1778230701948923
49 k 94 0.0841938258967383
49 m 42 0.07211456513904557
49 p 36 0.04945484308073389
49 t 51 0.18014452787443191
49 u 66 0.015706129668524582
49 v 85 0.03035138584197916
49 w 84 0.04808031467637264
49 x 67 0.026024051956772598
49 z 50 0.11906057116211766
50 a 7 0.0025261222302191966
50 c 104 0.6942622012819619
50 g 77 0.017993384087411912
50 n 105 0.02427966661844405
50 p 123 0.052423049252762866
50 t 71 0.06408200198498126
51 d 62 0.17020845015590824
51 k 107 0.008121468039774538
51 s 85 0.270476300897899
51 v 76 0.35742896589723205
51 z 43 0.18704393674926223
52 b 39 0.18450172498619477
52 k 40 0.10009730293401109
52 p 1 0.12586330766699794
52 s 90 0.40499124269774944
52 y 68 0.09522529236840394
53 a 83 0.13288171518772396
53 b 34 0.008482385825745342
53 c 51 0.026346080023863072
53 d 32 0.02752482331568662
53 f 90 0.0209042722298447
53 i 58 0.0007305884136569185
53 j 16 0.016099549754043818
53 k 122 0.006865198971477415
53 l 69 0.03271681187022135
53 m 33 0.016530943121284114
53 n 56 0.004327562162009135
53 o 116 0.02755793666074091
53 p 23 0.0014596574033751697
53 q 12 0.03879701821250747
53 r 37 0.13148196109221
53 s 33 0.276510979538768
53 t 103 0.029539313832721126
53 v 43 0.06066109259992647
53 w 44 0.03348028403803038
53 x 9 0.07204334813332292
53 y 97 0.013744812983793042
54 c 116 0.06771600403534006
54 f 67 0.016988237004097462
54 i 1 0.12094267276436454
54 j 26 0.30305382736768105
54 n 97 0.04360993363766763
54 o 43 0.32135375150702683
54 z 36 0.06497607324140475
55 c 93 0.014144914115341911
55 d 82 0.00771438117098544
55 e 87 0.11760295248449948
55 f 59 0.03263343332279456
55 g 41 0.038967824486406344
55 h 70 0.02946152942815039
55 i 55 0.05533406560816445
55 k 79 0.07514351099320538
55 l 118 0.02155863449550932
55 m 2 0.003526987226917022
55 o 58 0.20967317064142033
55 p 4 0.00795713021548794
55 q 99 0.0798803604131837
55 r 103 0.0612502623239326
55 s 8 0.07469573258084994
55 t 102 0.029020896351673264
55 u 61 0.0133891532439403
55 v 27 0.021652154054141448
55 w 58 0.025595078938670635
55 x 128 0.028898215574951758
55 y 116 0.04013479860436997
55 z 81 0.011298481080540101
56 a 40 0.12794425836344214
56 b 42 0.2690245748425153
56 c 23 0.04466813805068692
56 e 71 0.0009106286455922152
56 g 130 0.04481968603251418
56 i 89 0.001635254539504305
56 j 36 0.01996056728806983
56 m 73 0.017081657461858968
56 o 114 0.008531153148601422
56 p 24 0.0009329803854297714
56 q 23 0.00025730561875503266
56 r 57 0.11990525371733973
56 s 42 0.049271068753642955
56 t 5 0.09858569148833918
56 v 107 0.024318660988038143
56 y 40 0.06643545363581649
57 a 74 0.02705386503835705
57 b 100 0.008130858163592714
57 c 30 0.016362679509858147
57 d 7 0.036863314969465044
57 e 40 0.006463172425478669
57 f 55 0.07363739203728603
57 g 11 0.014162475465075541
57 h 31 0.03609462653578033
57 i 18 0.005072787417392033
57 j 42 0.03976481693162204
57 k 13 0.03539214888622111
57 l 53 0.004225482170908568
57 m 99 0.013963911075016266
57 n 128 0.009425865355278451
57 o 101 0.0151341325024138
57 p 25 0.09524595962694837
57 q 127 0.08021098213838485
57 r 69 0.03518251082913815
57 s 70 0.04916560694062755
57 t 70 0.07185113659532294
57 u 57 0.004312403081714322
57 v 65 0.044830501432878256
57 w 10 0.06605058262019736
57 x 64 0.0048131073684231085
57 y 53 0.1680553133532916
57 z 32 0.014002646520042128
58 a 38 0.10276701477406336
58 c 48 0.027396754926955258
58 g 130 0.2610130681142614
58 i 95 0.009906248197185774
58 k 24 0.007190656063826406
58 l 108 0.05409745965213586
58 m 74 0.10544086594158009
58 n 70 0.0539483880692766
58 p 63 0.030010738669345227
58 r 63 0.15946210343769518
58 u 108 0.025553734680437534
58 w 52 0.10173682052810473
58 x 26 0.009730310091505823
59 a 3 0.3064389982102095
59 d 40 0.046792890243756324
59 e 17 0.06072746074026891
59 f 91 0.021350201591049056
59 g 110 0.022228173911722715
59 k 6 0.03249627806684341
59 l 79 0.14297534796808864
59 o 77 0.05242250411368854
59 v 7 0.0034093620459517693
60 a 50 0.08723892691222446
60 b 41 0.011536266452001231
60 d 115 0.11482959071397403
60 e 9 0.14807430398816934
60 j 109 0.018556594719721153
60 k 73 0.014339924042204633
60 l 59 0.004988468195571971
60 m 82 0.0121920517561388
60 n 40 0.035254438245944764
60 o 125 0.07109584404789826
60 p 64 0.018230379133714725
60 r 42 0.1348207103069481
60 s 111 0.02400726234707773
60 u 81 0.05647026357420282
60 v 99 0.019514243794401476
60 w 52 0.07831682913505988
60 x 5 0.03417314602601562
60 y 29 0.011020126326390822
60 z 39 0.056387756908898745
61 b 70 0.028592183157848727
61 k 26 0.243723210234137
61 o 95 0.14005818573159934
61 q 25 0.10769348059610495
61 r 89 0.14949323217166033
61 s 20 0.040783478314409094
61 t 28 0.09759682601320208
61 u 97 0.0535923345598156
61 w 69 0.012341797469995086
61 y 50 0.0017737124609598087
61 z 44 0.04439905040197745
62 a 34 0.1190179017852222
62 b 85 0.003516460657765119
62 c 70 0.029938005748325835
62 d 40 0.07850958401904873
62 e 16 0.03680014820006139
62 f 52 0.006387328137639425
62 g 69 0.05378385214474346
62 h 70 0.06196045632831271
62 i 120 0.024612779158484477
62 j 59 0.0225157738395676
62 k 120 0.03875142373616858
62 l 111 0.03817760108188217
62 o 59 0.021751608106940767
62 s 26 0.1465004517727332
62 w 40 0.04577665198831293
62 x 93 0.028710720839661197
62 y 59 0.013519231425086486
63 g 45 0.05390017503801747
63 q 14 0.007120381599513115
63 z 62 0.303105267327928
64 a 41 0.017864801900804306
64 b 45 0.015245704682701922
64 d 82 0.0004135148047883508
64 e 66 0.052422370389602624
64 f 57 0.04617657153990218
64 g 51 0.037411218399419965
64 h 94 0.07558339170839912
64 j 64 0.0670143635273377
64 k 8 0.027582857522784554
64 o 64 0.01299919263315441
64 p 51 0.07159558967621793
64 q 123 0.008953969836277942
64 r 16 0.04973420595767131
64 s 86 0.07379717579922596
64 t 53 0.29129216570781746
64 w 8 0.015083110935508515
64 y 30 0.0003611124169528024
64 z 17 0.1035309251391845
65 g 121 0.5480394958514178
66 a 118 0.014239240924422969
66 b 106 0.0032084963635165
66 c 106 0.06411277304249752
66 d 91 0.05561600585004689
66 e 119 0.014016488364308577
66 f 87 0.008657104273919969
66 g 23 0.08201219726140707
66 h 99 0.1543695250555317
66 i 97 0.05974717601289081
66 j 3 0.01953203478110932
66 k 24 0.008222088458188725
66 l 65 0.12811069856299717
66 m 45 0.044533427683237425
66 n 75 0.008667586605280664
66 o 68 0.0191742595557165
66 p 101 0.011099349994901586
66 q 51 0.025149245494294536
66 r 2 0.047360252005141046
66 s 67 0.061240347876648116
66 t 18 0.0037361017294700316
66 u 57 0.01829261271928362
66 v 64 0.04547091343906906
66 x 1 0.021983365513667974
66 y 80 0.0354761155910317
66 z 36 0.04222768643159325
67 a 33 0.043782191360046796
67 c 77 0.13870826626347987
67 f 75 0.025736182026490417
67 g 47 0.009117787025457402
67 h 79 0.021046936493669954
67 j 98 0.043525765396605465
67 k 126 0.11292772672527451
67 p 39 0.07339435452483356
67 r 106 0.022549278960310226
67 s 116 0.10572590773331136
67 t 78 0.02379887406536596
67 u 57 0.15566692786692748
67 x 51 0.04311342446465094
67 y 58 0.0711517444006804
68 e 59 0.042578492853183936
68 g 127 0.056634416792150644
68 h 121 0.14741340294449978
68 p 115 0.13315922869475483
68 s 49 0.103577998000702
68 w 125 0.1638248619727134
68 x 81 0.11972443577081127
68 z 75 0.23215547569873574
69 a 89 0.05631088340133161
69 b 5 0.07660319741905541
69 c 131 0.14589377070448828
69 d 109 0.028680164821797804
69 e 131 0.07128840334571362
69 f 118 0.05718278281763445
69 g 112 0.055421584014365255
69 h 93 0.00605183018568034
69 i 36 0.11071504524246423
69 j 112 0.031468767994940916
69 l 95 0.07334033698108089
69 o 105 0.12522003379444668
69 q 43 0.0571395216639663
69 t 118 0.052508059614778446
69 w 5 0.007539462644938877
69 y 101 0.01860503981593875
69 z 19 0.005707433460358735
70 b 30 0.12487000592127528
70 c 84 0.027910408898792816
70 e 1 0.001824011446783902
70 g 91 0.06806986333410592
70 h 84 0.1054236800885463
70 j 71 0.08893303183420043
70 l 65 0.023632887565739336
70 o 53 0.1448691945897168
70 s 102 0.007164929422989519
70 t 37 0.0833934272270872
70 u 127 0.03653873241590733
70 v 103 0.009252123880713836
70 x 10 0.09904202845928511
70 z 20 0.11226989626131845
71 a 97 0.034266362432241126
71 d 41 0.0024915083697137907
71 e 118 0.012906980785753808
71 g 118 0.04770502895447015
71 i 47 0.2076629351869531
71 k 90 0.03777442499460748
71 o 49 0.0732219253541776
71 p 82 0.04384996920516948
71 q 53 0.08891774991573387
71 s 85 0.03525568049594441
71 t 43 0.17210898123961027
71 u 66 0.02321076250234755
71 x 0 0.10267760602839293
73 a 97 0.07098749880954713
73 b 50 0.020552800951973316
73 c 96 0.10330612831496955
73 f 55 0.013294323233747352
73 g 125 0.09158817992130075
73 h 126 0.005068709822177442
73 k 2 0.019883021456828853
73 l 26 0.028283852765740747
73 m 7 0.049029216485449334
73 n 72 0.03237196809451193
73 r 84 0.06251871112950913
73 s 48 0.13567034884271223
73 t 43 0.011304708400527774
73 u 70 0.2467187902742931
74 g 103 0.1008784460354406
74 q 108 0.43443672468048333
74 x 13 0.1635409284777981
75 a 30 0.00225987599055677
75 b 45 0.07718231550452415
75 c 33 0.007440893307151919
75 e 15 0.002411366072516019
75 f 112 0.13607892573290137
75 g 64 0.022942447200825056
75 h 20 0.044102809072779414
75 i 1 0.02618454355697808
75 j 49 0.007909352033549144
75 k 27 0.013523970472747116
75 l 3 0.0937445705633152
75 m 99 0.01006849909219909
75 n 75 0.020901311533819245
75 o 28 0.00959535779152576
75 p 47 0.011788848013015163
75 r 59 0.005827948079305645
75 s 10 0.18499434000683168
75 t 25 0.05234991381009335
75 u 26 0.009341222762027535
75 v 104 0.07418386028630986
75 w 23 0.026320677556494698
75 x 109 0.024757698297742547
75 y 44 0.00038650472033840977
75 z 43 0.013394980601643014
76 a 120 0.016631845560329483
76 b 9 0.028722576630992758
76 c 18 0.0038647068871143775
76 d 4 0.04216926796091469
76 e 25 0.0325877869355532
76 f 126 0.03613846609962201
76 g 95 0.028807914286372194
76 i 106 0.04919907216753916
76 k 0 0.1300818191796923
76 l 70 0.012057399021241588
76 m 65 0.007225610470537824
76 n 49 0.08344061653001444
76 o 21 0.061220564637635366
76 p 64 0.012434824001365752
76 q 71 0.05958180120034229
76 r 82 0.0435524667063627
76 s 29 0.11722840877647023
76 t 39 0.04323378074633122
76 u 90 0.0663431264856792
76 v 58 0.012315850002698192
76 w 51 0.017230004715430458
76 x 94 0.020436510671080432
76 y 107 0.044480488672384966
76 z 82 0.025511848034041607
77 a 61 0.09021048244087826
77 b 89 0.009668169140123806
77 c 126 0.07816985104287055
77 d 62 0.043618165911924134
77 e 4 0.026454157876910966
77 f 60 0.013901385111254161
77 g 121 0.09455806332581806
77 h 38 0.04559263828141702
77 i 49 0.05843123353222379
77 j 50 0.057466646123517706
77 k 48 0.010284258274545377
77 m 113 0.01956143600301563
77 n 91 0.012590994679378298
77 o 115 0.05750283370149323
77 p 74 0.007732271615950803
77 q 116 0.045531741125378056
77 r 61 0.03327329308080129
77 s 44 0.010215937351425453
77 t 74 0.005408690070067612
77 v 21 0.0013875564136232033
77 w 89 0.08882451920863177
77 y 32 0.08002599398832722
77 z 39 0.017046023099068663
78 a 128 0.10311519815218517
78 b 130 0.008660951681639606
78 c 125 0.018271094618459216
78 e 36 0.06917502376168216
78 f 66 0.11221421067047599
78 g 59 0.011281419400519854
78 h 80 0.005499496549476013
78 j 74 0.04662700391355512
78 n 45 0.013371067859855423
78 o 111 0.03237374824318051
78 p 122 0.009111848116394095
78 s 101 0.0016665962388759947
78 t 2 0.1366043475773373
78 u 5 0.13224176113624464
78 w 84 0.15766044906839083
78 y 57 0.08700477232831916
78 z 68 0.04147056096443125
79 a 89 0.021356001844259342
79 c 101 0.09734995729433493
79 d 21 0.00961875507704335
79 e 27 0.03745607003032514
79 f 131 0.016570826932709726
79 g 0 0.1710623386534349
79 h 64 0.07546498018320213
79 i 76 0.02525692366143395
79 j 97 0.03694941851522049
79 k 35 0.03254127950060015
79 l 25 0.01334933667672622
79 m 65 0.023504396134824468
79 n 107 0.04827615218907422
79 q 66 0.07218993685389197
79 r 4 0.020662514033580104
79 s 70 0.024552848013690287
79 t 131 0.008303058940244634
79 u 53 0.05224307985332055
79 v 8 0.0160663551670861
79 x 68 0.10098376183049074
79 z 83 0.027872826093002012
80 a 66 0.20691801872061666
80 d 6 0.025526340369660172
80 f 68 0.09186155201585045
80 g 18 0.04564502821281091
80 i 28 0.060098364039833596
80 k 67 0.24906640839603533
80 m 127 0.09946987733064572
80 o 58 0.0581769956946282
80 p 57 0.08345898532145346
80 v 107 0.027007868534572155
80 z 118 0.051810529842122977
81 a 86 0.020357459668296385
81 b 67 0.005036042850769307
81 c 131 0.08236552445805345
81 d 0 0.015811687387583317
81 e 75 0.011593452511318825
81 f 70 0.03636594226060763
81 g 67 0.01783403598789557
81 h 114 0.06866392205278626
81 i 15 0.05616657285022897
81 j 41 0.014854217515777646
81 k 35 0.055932879183226314
81 l 89 0.013486853205142313
81 m 61 0.005031795738855371
81 n 15 0.03533243830647359
81 o 103 0.11582402999986696
81 p 100 0.0403355225776979
81 q 0 0.11017385362503507
81 r 94 0.038609650397790296
81 s 31 0.06155047154607407
81 t 86 0.011467819524648482
81 u 31 0.03399582516863964
81 v 15 0.0193771799774497
81 w 82 0.019295856203264905
81 x 60 0.017247364126967812
81 y 72 0.06192748434073858
81 z 32 0.0121267634610851
82 d 8 0.009942571117956156
82 e 70 0.017283579183561493
82 f 72 0.006510544675288332
82 h 78 0.31383840654290707
82 j 96 0.12100897329950489
82 k 13 0.0530949982928377
82 m 121 0.01297443739085069
82 n 77 0.027237476792566495
82 o 114 0.07525146689194218
82 p 80 0.02579721193160367
82 s 124 0.17903909171095578
82 v 114 0.015812608087290903
82 w 82 0.039873733621062835
82 y 128 0.04476311534962474
83 b 19 0.023903190913217243
83 c 101 0.0525203036139027
83 d 7 0.05782150939550734
83 g 79 0.053060279199921845
83 i 61 0.032097812785323754
83 j 6 0.10154808182696595
83 p 91 0.203956366178503
83 r 19 0.060852273088593645
83 u 80 0.05972522562357485
83 v 124 0.08287077610971871
83 w 92 0.12474776091195683
83 z 67 0.07294553992916142
84 a 75 0.10091024223102507
84 b 129 0.303388247900892
84 g 108 0.0310530535014778
84 n 87 0.19916839733469593
84 q 96 0.34286261158015374
85 a 5 0.14747687440202262
85 h 122 0.012888237864835173
85 m 38 0.1748220695255397
85 o 78 0.08708493064524048
85 q 112 0.204980016968614
85 s 79 0.12142978510509372
85 v 131 0.09791752858186542
85 x 88 0.06067381725185417
85 y 29 0.07773860627028362
86 f 39 0.32695046361704383
86 i 52 0.05560662122105953
87 a 126 0.7136453662134082
87 k 17 0.094640069837163
87 o 52 0.0074557742282023165
87 x 28 0.14593654100662712
88 a 109 0.005827394455031443
88 c 62 0.14441734552800678
88 d 15 0.014573793245063582
88 e 51 0.009478159244032724
88 f 105 0.03980899251729508
88 h 76 0.09467796148583729
88 i 45 0.11257661802740226
88 j 104 0.0011650149429600631
88 k 43 0.08884591866157099
88 l 39 0.004597622639431975
88 o 76 0.056262321297620876
88 p 82 0.0322702770463299
88 r 83 0.13806852477708687
88 t 38 0.030482999829455015
88 u 8 0.006178363302737133
88 v 65 0.034626265732255246
88 w 7 0.09780591561167828
88 y 66 0.020147507572336742
89 a 109 0.25917594353105133
89 i 103 0.003889290846348925
89 j 56 0.035463587097433025
89 l 84 0.006499159299668822
89 p 103 0.07723142534694127
89 s 29 0.02387571902229091
89 t 5 0.09034308147272929
89 x 18 0.11141723200343312
89 z 105 0.3068706214549455
90 a 86 0.10064887591949978
90 b 30 0.043685099948998274
90 c 3 0.01079350806781132
90 f 112 0.007835719887650305
90 g 27 0.009097050947488472
90 h 22 0.022121110761202267
90 i 18 0.016516947801264337
90 j 131 0.0230269411235291
90 k 106 0.05523666257779791
90 l 100 0.1254848310516431
90 m 15 0.06865926532865485
90 n 57 0.04635462663130796
90 o 71 0.03131713841721906
90 p 24 0.032075335647170244
90 q 60 0.043327324962528224
90 r 106 0.021999933613154776
90 s 37 0.07861520749334105
90 t 107 0.08822397893922329
90 u 70 0.10889103335291772
90 v 3 0.00881227855300215
90 w 14 0.00992659830273912
90 x 128 0.02450239490472439
90 z 31 0.01298131325223062
91 a 63 0.037542329152613685
91 e 111 0.1997743053662423
91 i 85 0.08176705321197142
91 n 20 0.057719618965270225
91 q 21 0.012981626768474808
91 r 71 0.09704872229795403
91 u 84 0.10422333972252062
91 w 47 0.36587237628912606
92 a 118 0.033292685423464086
92 b 129 0.04901387439694238
92 c 26 0.035363332821121474
92 d 81 0.04371049465210086
92 e 52 0.004612175802492957
92 f 75 0.053550459036090015
92 g 40 0.0009634043781048263
92 h 11 0.06295346983412287
92 i 80 0.1305055086093878
92 j 97 0.022977242849927193
92 k 77 0.038225662071172284
92 l 50 0.032153015872689705
92 m 87 0.06850639027604744
92 n 58 0.008340772407450792
92 o 74 0.014598374472923892
92 p 4 0.034344149753977815
92 q 32 0.00792424759684729
92 r 52 0.12288983547336829
92 s 125 0.03923255398688674
92 t 116 0.014282388794801038
92 u 103 0.039129741622517145
92 v 21 0.06816098480435862
92 w 116 0.0061632707540844045
92 x 94 0.05026224540948754
92 y 0 0.004601470740100755
92 z 101 0.014010374717041807
93 a 30 0.16809598769502454
93 b 58 0.04686195105169555
93 c 49 0.06480647960296859
93 d 76 0.01994601500479709
93 e 54 0.05627445392870101
93 f 78 0.021289534281383693
93 g 116 0.01813875727791192
93 i 71 0.016965634443708244
93 j 78 0.07000800919910599
93 k 48 0.040157039237502024
93 l 55 0.0028333658568713282
93 m 108 0.06692324090746893
93 n 66 0.057052233463801505
93 o 124 0.04946088292012585
93 p 125 0.05693406625955888
93 q 36 0.0013443397523021927
93 r 76 0.05726639630980879
93 s 48 0.015204713784123025
93 t 18 0.04344816260075002
93 u 12 0.018662889707762198
93 v 115 0.007187724420307462
93 w 111 0.029718071598533347
93 x 9 0.019662169661058382
93 y 37 0.011649803024784133
93 z 77 0.01014194141968594
94 d 78 0.05999133646325727
94 h 33 0.19784181717096538
94 j 24 0.05515066260635493
94 k 111 0.08904025448751751
94 m 8 0.04787746153633332
94 n 96 0.07369534852690007
94 p 117 0.14942588496018128
94 q 102 0.03217599479181266
94 r 65 0.186827161897536
94 s 21 0.010715638193849575
94 w 86 0.02579574558444664
94 x 20 0.02825780436027525
95 a 52 0.049039684180795406
95 c 25 0.037836655219556925
95 e 73 0.06128897724620419
95 g 99 0.01068793046909211
95 h 15 0.06063936035616402
95 i 29 0.14869233181114927
95 j 14 0.10483793329165558
95 k 24 0.03213765947194769
95 l 39 0.05173064553306783
95 m 122 0.11069733134537807
95 n 20 0.030575263586419932
95 o 99 0.052718382196716984
95 p 11 0.013611362708415009
95 s 89 0.07494218008644393
95 t 108 0.017500539092976997
95 v 104 0.049386107842118165
95 w 65 0.011088496806606396
95 x 57 0.03258502979903233
95 y 15 0.029533731786641426
96 b 23 0.016757606823543436
96 i 63 0.09464561820523176
96 j 43 0.023664081928387204
96 n 56 0.1319306907100115
96 o 109 0.011928904750695635
96 q 124 0.06266305171009123
96 r 98 0.011170507822718556
96 s 12 0.008384014494517644
96 u 94 0.0962998844920736
96 w 78 0.04685176224135845
96 y 128 0.08642410429345937
96 z 115 0.36832617201341367
97 a 33 0.07903425475576187
97 b 73 0.018535600102001726
97 c 37 0.09155083272580145
97 d 68 0.04873542857392299
97 e 37 0.03512172343687614
97 f 47 0.0022744003119025136
97 g 124 0.036521187998433735
97 h 103 0.028760890859748867
97 j 99 0.07254972800557691
97 k 2 0.007117135113022588
97 l 131 0.006770389994597115
97 m 94 0.08076935985999323
97 n 17 0.09259371597584631
97 o 110 0.056159903193745975
97 p 116 0.024603108305016552
97 r 84 0.013422407489103949
97 s 113 0.02386158728441301
97 v 53 0.07175329486722237
97 w 85 0.1593130473682558
97 x 89 0.025748243135329862
97 y 11 0.008697365213671149
97 z 87 0.015372673270554693
98 b 36 0.058713024793747515
98 c 15 0.007162346753768367
98 d 124 0.016878135913968473
98 f 81 0.21482792767693182
98 g 102 0.08546421331652476
98 j 33 0.011460538029276934
98 k 15 0.005019369648609717
98 o 71 0.04595646259775765
98 p 57 0.1293347246774892
98 q 111 0.041884468324672186
98 r 96 0.06071658526330892
98 t 129 0.08312727295397804
98 v 71 0.017559329925440625
98 w 23 0.06280404181239718
98 x 78 0.01631520642765616
98 y 54 0.05784959766959907
98 z 50 0.04464033677025614
99 b 42 0.022475320074248017
99 c 7 0.006276201433680462
99 d 43 0.016035441682149765
99 f 19 0.03225496156168106
99 g 47 0.001371213254639847
99 h 131 0.04307777971980897
99 i 26 0.1001636144664444
99 j 112 0.06201474103069671
99 l 121 0.02517220370403639
99 m 35 0.052551155510132896
99 n 20 0.10035556900285492
99 p 41 0.08903248776165917
99 q 130 0.04180048684594029
99 r 66 0.008645895397168979
99 s 76 0.029363842827341724
99 t 105 0.02815134353665183
99 v 116 0.0023115431752104287
99 x 87 0.09003994401242443
99 y 107 0.0554428524187871
100 b 85 0.24383372257387537
100 c 17 0.37439975610664966
100 j 102 0.04806406151480802
100 k 38 0.14985990070277622
100 z 19 0.0011522015386224993
101 a 35 0.17696478344848765
101 c 117 0.01983887138224749
101 d 92 0.024174890653803294
101 e 84 0.02006727143870779
101 f 50 0.010175892232464512
101 g 65 0.0003471998443875801
101 h 69 0.006845011766950737
101 i 96 0.06428145964290588
101 j 70 0.019288215093711925
101 l 73 0.07035529973716659
101 m 85 0.004116474453155883
101 o 45 0.014574259007864243
101 p 35 0.12755737445931115
101 q 11 0.15165474327830542
101 r 77 0.006768763520309529
101 s 124 0.016318205160482102
101 t 128 0.0565748688796488
101 u 5 0.09343965512952368
101 v 129 0.004645161388625252
101 x 6 0.04207601233327163
101 y 129 0.04848036098813158
102 b 105 0.10116998633522656
102 c 125 0.005012344067157559
102 e 26 0.005133669456225509
102 g 43 0.09435539873701981
102 h 81 0.005259100569870889
102 j 40 0.14405844685850444
102 l 99 0.006917057635100421
102 m 59 0.026377907225574204
102 n 41 0.05507906442411803
102 o 35 0.04416103163547236
102 p 21 0.04441293615844266
102 q 10 0.18885455898796766
102 r 75 0.1223615697120789
102 s 128 0.03374187322332012
102 t 5 0.02277501317228059
102 w 88 0.004720863240115225
102 x 57 0.014480733647055266
102 z 111 0.03956251542408895
103 f 17 0.09912455877318804
103 k 58 0.4687092605113484
103 n 23 0.21555093871695186
103 o 94 0.1336202173589952
104 a 12 0.04222468865223439
104 c 117 0.08310894846272643
104 d 19 0.020249469940773257
104 e 122 0.006203892097495167
104 f 29 0.0867678065804579
104 g 32 0.009314790669486483
104 h 106 0.06900073173581234
104 i 44 0.10398714937244069
104 j 6 0.01723030024373129
104 k 88 0.06956617007949872
104 l 43 0.07245937037850125
104 m 84 0.07671569597484562
104 n 17 0.02402902508656457
104 o 86 0.029701718029366386
104 p 60 0.013024489366852077
104 r 100 0.041031931253273646
104 s 28 0.031801783509555315
104 t 49 0.0015999543498066426
104 u 116 0.015169587814924168
104 w 118 0.011456955398458701
104 x 129 0.027256940154677056
104 y 22 0.00393325002294953
104 z 120 0.004488410382399666
105 a 15 0.06786829420511409
105 b 61 0.13294865397956268
105 c 93 0.24124913674136295
105 d 100 0.09790708293235939
105 h 79 0.04246915750789115
105 i 53 0.13490118746252078
105 j 55 0.03299223221952263
105 q 14 0.09664284158168646
105 u 65 0.0749005929124924
105 v 23 0.003634235019627674
105 w 74 0.051282440507156024
106 c 94 0.10610451060214299
106 g 62 0.0028405386168255387
106 i 129 0.14401362322010336
106 l 31 0.18790442842505328
106 o 70 0.059729919109337004
106 q 88 0.07481907997782289
106 s 99 0.18761973639669016
107 x 51 0.6721736370851883
108 a 27 0.004862074900823576
108 c 90 0.0028880576727736695
108 e 56 0.16029654207847654
108 f 11 0.015383149208940239
108 i 36 0.019761040106479277
108 j 121 0.03010376834689199
108 k 71 0.00280065046491218
108 l 78 0.0866075766194605
108 m 46 0.0351205284993924
108 n 98 0.04167414304564199
108 o 78 0.01346594533811063
108 q 62 0.1014385068430641
108 r 116 0.04570528052520939
108 s 60 0.021972842468598874
108 t 70 0.02874107741275178
108 u 46 0.011334426535055342
108 v 103 0.08538328314868038
108 w 28 0.09141056143252224
108 x 57 0.09392294918782773
108 z 43 0.09660773535457656
109 f 7 0.3652926111369592
109 g 11 0.022549361568018234
109 l 61 0.10524361645665858
109 m 73 0.3103837365679435
110 b 26 0.16568342631663613
110 c 48 0.0058785860345206276
110 e 94 0.18051871229787297
110 i 50 0.014496811348523986
110 j 126 0.016444268259490857
110 l 21 0.001082506182635501
110 m 82 0.11043511125251071
110 n 78 0.061524926222831344
110 p 131 0.08893859344064403
110 q 40 0.028976874074315373
110 u 20 0.07954516582904092
110 v 106 0.2154788759943984
111 g 70 0.13053260121128163
111 l 60 0.4321720556583978
111 m 54 0.18516402618282546
111 o 8 0.04124876565652924
111 t 64 0.047591428091317
112 a 85 0.04832431327426667
112 c 21 0.11053736024751593
112 d 46 0.05929788730807106
112 f 109 0.013888563024392675
112 h 65 0.013551922266695215
112 i 102 0.02929132844071014
112 j 117 0.3290319777536055
112 m 93 0.03269966195237328
112 n 63 0.04765092761878209
112 o 13 0.021502533727373874
112 s 57 0.02399799732771346
112 u 5 0.200190579674833
112 y 9 0.03577173221443275
112 z 55 0.013081673398486093
113 a 75 0.14383513351095312
113 e 49 0.14962988547352185
113 h 28 0.20413138520660057
113 l 18 0.016330938146260743
113 m 69 0.056027840853638766
113 w 15 0.1862077839345102
113 z 96 0.20822889026859093
114 a 75 0.045583106964219744
114 b 95 0.0070582660249465246
114 c 59 0.002437637758534783
114 e 61 6.998804936286795e-05
114 f 27 0.015909892548303994
114 h 2 0.01570413779542046
114 i 58 0.20568504072125016
114 k 108 0.10586356585089052
114 l 126 0.02736565267916613
114 m 59 0.033324517154504685
114 n 82 0.029120401273058816
114 p 72 0.007565054631103685
114 q 123 0.03228848610885038
114 r 0 0.06362755605707149
114 s 30 0.0033745732842134224
114 t 22 0.0189796443020408
114 u 78 0.05876309346831332
114 v 44 0.0019637219250115967
114 w 130 0.03499530081356672
114 x 98 0.11044794533524838
114 y 17 0.09188598382611357
114 z 54 0.014320164896574838
115 a 47 0.026750599850749235
115 e 39 0.044656099002974736
115 f 94 0.04167553818986525
115 i 126 0.19997170276520027
115 l 120 0.14296273773458423
115 q 100 0.055556741109539676
115 r 13 0.01609156659597155
115 s 50 0.09916189754847105
115 t 27 0.04326436960219826
115 w 59 0.07519618948503415
115 y 82 0.08534443253215585
116 b 28 0.015145941023174903
116 d 84 0.000777855297619312
116 e 109 0.06470181171043121
116 f 24 0.019591378375428126
116 g 91 0.029057058026923932
116 h 5 0.17284035906304562
116 j 116 0.1171159733774857
116 k 87 0.02041681185616606
116 l 99 0.009748049608399811
116 m 110 0.0369536801976027
116 n 50 0.22874263678617945
116 q 107 0.04323833191167292
116 r 39 0.034801804848054174
116 u 103 0.08007857342632096
116 w 113 0.0172195429941554
116 y 82 0.027183349849051575
117 a 17 0.15885993964795742
117 d 125 0.0034783576906158853
117 g 85 0.04100484274954597
117 h 43 0.12709486909022027
117 i 18 0.01822111724989528
117 j 81 0.03621176467598952
117 l 33 0.008160416504820467
117 m 87 0.07995815088226232
117 p 12 0.10336516393517314
117 q 0 0.1099477832081972
117 r 113 0.22189405731416612
117 u 13 0.0035246387651350908
117 w 99 0.011220701552066559
118 c 48 0.09695744203999923
118 e 27 0.04803716207054265
118 i 4 0.20008278675030922
118 k 104 0.2105625720208515
118 n 90 0.05820977838034347
118 o 19 0.051026874528334654
118 r 105 0.010376775916815295
118 u 107 0.17724802625952707
118 v 33 0.0011220078097869957
118 w 38 0.01029102481376698
118 x 3 0.022637486130525963
119 a 77 0.08382938835164122
119 d 19 0.1405979834951161
119 i 12 0.026514017043022475
119 k 129 0.1206284889421454
119 n 120 0.08323175858722898
119 p 65 0.05500505488366647
119 q 108 0.018117080641638084
119 r 109 0.21570889939733529
119 t 96 0.012419223060179396
120 e 8 0.17845491313034667
120 l 56 0.4976750064227049
120 w 36 0.24292901932625244
121 b 80 0.06110773485530707
121 c 14 0.033093211506288855
121 d 97 0.008614531437448836
121 e 123 0.05640069219143218
121 f 90 0.1315888706549183
121 g 118 0.02612837291531922
121 h 66 0.020961508394824357
121 i 114 0.07143036092009414
121 j 7 0.0024697789071702614
121 k 71 3.660966958263234e-05
121 l 85 0.020626516853448962
121 m 0 0.0878030064896973
121 n 55 0.03612448469257912
121 o 34 0.02041166873796041
121 p 2 0.02176279448482732
121 q 14 0.060985035202529625
121 r 122 0.07541462789826292
121 s 77 0.007872995994751664
121 t 119 0.02414302344467978
121 u 59 0.017170614587172728
121 v 65 0.08873202765300547
121 w 35 0.006929918699937976
121 x 108 0.027170511393078578
121 y 61 0.0060939852737196265
121 z 51 0.03960219809893106
122 a 18 0.21740475136941384
122 b 52 0.0011368458251428404
122 g 117 0.018457507611687074
122 j 115 0.03192837168282836
122 k 106 0.05805120859207802
122 l 93 0.011172344901322684
122 o 28 0.07173867081337504
122 r 124 0.25121858925893403
122 u 122 0.133761046974897
122 y 42 0.06107822740341451
123 b 77 0.005400806084243981
123 c 101 0.021926725900988764
123 e 121 0.00924660397613819
123 f 105 0.012046664609921875
123 j 51 0.1255456265561128
123 k 7 0.012839640740005098
123 m 116 0.028948089526774856
123 n 92 0.1610618846213594
123 o 92 0.01635661656158116
123 q 106 0.06633969710128584
123 s 94 0.11422419937001782
123 t 64 0.04533306298557527
123 u 84 0.006334180053940819
123 v 14 0.05592615183970806
123 w 121 0.06759352185072498
123 x 126 0.10951358588578342
123 y 2 0.030982456267913183
123 z 112 0.045390891999351424
124 d 55 0.08654557576589061
124 e 31 0.02092055849005514
124 f 15 0.03955820268493582
124 g 37 0.02027055363805952
124 i 111 0.11184714877945257
124 j 19 0.03369770672138872
124 k 20 0.35045170117631774
124 s 14 0.0008756023535518853
124 u 114 0.09128299326157507
124 v 111 0.0242892009094684
124 w 109 0.02759543303812162
124 y 43 0.007956981091836735
124 z 82 0.05144003741748515
125 g 51 0.0018502546624095118
126 b 86 0.1869600468092536
126 e 29 0.04883663958494089
126 h 103 0.058548737958355024
126 i 21 0.03552241317632987
126 k 128 0.028308243655489118
126 l 123 0.0686314401794299
126 p 49 0.03402285865384447
126 r 90 0.2256498256692544
126 s 22 0.07274130450965555
126 t 1 0.1316723547487868
126 u 110 0.048732741779083044
126 y 52 0.013108585902394276
127 a 13 0.03431745849859602
127 c 104 0.05758394765918362
127 d 100 0.052356177596039055
127 g 42 0.027435647523120776
127 h 90 0.02716274018137399
127 i 112 0.025767855505204773
127 m 101 0.1902528393104268
127 p 80 0.008245755737850358
127 s 6 0.01682448939151404
127 u 5 0.2233816938030978
127 v 20 0.17120725495191313
127 y 40 0.07066227671771641
127 z 74 0.08916760424999703
128 a 37 0.0033058178102186586
128 b 123 0.1103809821839401
128 c 120 0.03795279619722247
128 d 115 0.042384041291962826
128 e 115 0.0014243923952221849
128 f 0 0.12586471670992183
128 h 88 0.0622365938845959
128 j 129 0.07094484148805247
128 k 80 0.03803472018659626
128 n 5 0.008123749548485715
128 o 111 0.03756862879689793
128 p 117 0.020173987167132923
128 q 60 0.0024186046104766046
128 r 105 0.013099280459220819
128 s 28 0.07728014793261107
128 t 81 0.014405855510448484
128 x 120 0.02892178533600198
128 y 126 0.16628037401075502
128 z 111 0.1097506856830669
129 a 58 0.0881746965109893
129 b 93 0.0575349659383404
129 c 27 0.15448648575239743
129 d 56 0.07681039314928528
129 e 109 0.06816869886113552
129 f 98 0.054796411750571594
129 g 105 0.011116536920098952
129 k 46 0.01962781059958818
129 l 15 0.09328129071797797
129 o 16 0.033081037493778886
129 q 72 0.09711301947082795
129 r 121 0.048856510957711596
129 s 24 0.042308676017312585
129 t 90 0.0082316216802919
129 u 76 0.03526059375280122
129 w 76 0.04039597433702047
129 x 32 0.016577890609821067
129 z 9 0.02816082791944019
130 b 84 0.04146530179060259
130 e 49 0.07626422547937728
130 i 121 0.11073061965396414
130 k 130 0.10304438077764466
130 o 51 0.05824380429146625
130 q 66 0.026984266824082948
130 v 107 0.25447542476317464
130 y 46 0.1623855731602557
131 a 88 0.16016907524534207
131 b 89 0.12314972970355809
131 c 14 0.0074935173061458915
131 d 15 0.0015980241367858916
131 e 11 0.012118827706927071
131 f 122 0.026509030173752612
131 g 120 0.006617192282382889
131 h 11 0.01687377507826837
131 i 50 0.06889718781061116
131 j 92 0.04855920401283831
131 l 17 0.013835611251667657
131 m 14 0.003071048467865989
131 n 62 0.016619416131279374
131 o 53 0.0010963748951799968
131 p 38 0.06086206560667473
131 q 33 0.0454016573874787
131 r 59 0.1259465580206477
131 s 20 0.01721516474811069
131 t 104 0.02581791914601861
131 u 110 0.05514384142387019
131 v 113 0.029043229882255717
131 w 42 0.05490228188250457
131 x 61 0.004163498020255951
131 y 89 0.03591243543263567
131 z 7 0.031427579266015915
