107 26 1415
0 0.2739563100718436
0 0.11322877615465265
0 0.03009888541889061
0 0.06055702362727755
0 0.04393940764656312
0 0.1360696381873293
0 0.05253761255136513
0 0.03552830502281357
0 0.1976553659778777
0 0.02841817283036041
0 0.1514327646860416
0 0.04492483251109369
0 0.09560516022289312
0 0.02974201577427038
0 0.10448549186138067
0 0.049394481637966114
0 0.37370097158260673
0 0.18862651263187813
0 0.002051709457938533
0 0.278179558860291
0 0.2835898707868316
0 0.021064375234704835
0 0.10907978234556714
0 0.024134188626356967
0 0.0018995371506858039
0 0.03579142068519847
0 0.03849861851528047
0 0.05134193493641481
0 0.02230223155157285
0 0.05080767525769747
0 0.08383727569503796
0 0.07847583840371597
0 0.9305500686297481
0 0.22964895273069286
0 0.2929204094808794
0 0.018942230322427478
0 0.15063585742427088
0 0.051240148933579754
0 0.23510594617358893
0 0.016580764020280636
0 0.0036806652592800138
0 0.6280593999781836
0 0.0011987476950808817
0 0.12581062304177715
0 0.5320190781893718
0 0.05451695900129849
0 0.0001416990530930251
0 0.13421113807813834
0 0.03936221734307821
0 0.06029140967486335
0 0.01012591030835075
0 0.021129030307605712
0 0.08117041761924071
0 0.11441611189299639
0 0.0786363188719651
0 0.3183628460598441
0 0.08631022258199395
0 0.060751868828070155
0 0.10590057445529788
0 0.26049646661584325
0 0.36718216988042474
0 0.13854701752355048
0 0.0007415438407969432
0 0.1730650170779925
0 0.03337276532472666
0 0.01007519960524661
0 0.004180161850955044
1 0.22008198015501867
0 0.13832033448026426
0 0.04200029178296305
0 0.1787173089201306
0 0.09903196077206389
0 0.04110983476186614
0 0.004280550282988127
0 0.05965930136875752
0 0.00041716374635780706
0 0.41912551351390315
0 0.00040427181508173593
0 0.11369287446599374
0 0.9002200411271106
0 0.039363311550082325
0 0.9492458356978563
0 0.27837289172634205
0 0.026739528297466286
0 0.05599767399364042
0 0.0008812191122264945
0 0.044541691124099114
0 0.34017513945006483
0 0.048282751908628185
0 0.011264693208473786
0 0.15833338805720254
0 0.016922816824376463
0 0.0581109053648593
0 0.06131291548709272
0 0.01462288989344429
0 0.2076838835369763
0 1.0
0 0.12008895134206521
0 0.2955217668821909
0 0.035632788076139565
0 0.027057224206857522
0 0.025080354288571582
0 0.09017216106459591
0 0.0702735939142749
0 0.0042397821403243885
0 0.1507464988464482
0 0.1783451240477828
0 d 43 0.38845322921930114
0 i 75 0.17306409865930628
0 w 58 0.16452636204954896
1 c 31 0.08342086339794774
1 e 11 0.04175425626120477
1 f 71 0.12066717196037235
1 i 18 0.28987559840708554
1 o 70 0.041566939354469756
1 q 12 0.03486454665938998
1 r 87 0.0018425900164479314
1 s 56 0.035044678899882054
1 w 9 0.2377345788885472
2 d 60 0.024124313767503236
2 e 94 0.01746413708976735
2 h 16 0.2797522896148842
2 l 11 0.08575523927916096
2 m 68 0.05870960067964659
2 n 65 0.1940032034847342
2 r 94 0.08861106580204636
2 u 93 0.03384222580414764
2 v 55 0.03175267783718505
2 x 95 0.1524509381810314
2 z 48 0.0034354230410024167
3 b 97 0.010010679967307312
3 d 35 0.0036963577823444504
3 e 67 0.11055368385953868
3 f 81 0.015024458802631813
3 g 41 0.001238349832675234
3 h 105 0.015468167060586291
3 j 58 0.19629485077448183
3 k 77 0.07222371950399264
3 l 19 0.02314961088642442
3 n 27 0.2744705006177308
3 p 63 0.004231886898817483
3 r 88 0.02291240644300363
3 s 34 0.055810649406974
3 t 6 0.05829885611014474
3 u 37 0.01198066379875995
3 v 4 0.018776329943993808
3 z 57 0.04530180468331535
4 a 80 0.059571274951147224
4 b 2 0.12265974321779105
4 c 65 0.01659133001643387
4 d 25 0.06605273984506432
4 e 103 0.04018008388871941
4 f 38 0.015157972219689175
4 h 103 0.011058065094531555
4 i 2 0.023042622325089468
4 j 53 0.05369908348750596
4 k 96 0.04444991585088487
4 m 48 0.04591142849765062
4 o 96 0.04929550254068038
4 q 91 0.04103845821386676
4 r 105 0.013763571945007103
4 s 17 0.10537139897381509
4 t 89 0.02074004388878592
4 u 33 0.016879849651342926
4 v 79 0.0605767114573611
4 x 94 0.07790508431643006
4 y 14 0.002629406166295145
4 z 51 0.06948630580534487
5 a 50 0.010918200805613343
5 b 3 0.0013029746782764473
5 c 95 0.08099869850739227
5 d 95 0.0619395658582218
5 e 67 0.0035468738416982726
5 g 46 0.016066628797529958
5 h 67 0.061729838652360924
5 i 21 0.08370687890329875
5 j 96 0.032114870765258874
5 k 74 0.006982239285710845
5 l 97 0.056456994147294215
5 m 105 0.03475369741508039
5 n 97 0.06244043450638903
5 o 5 0.005057623844311299
5 p 11 0.02334322077037898
5 r 15 0.08267046635728315
5 s 9 0.1013125810478207
5 t 81 0.023147871576424728
5 u 84 0.054221352042885695
5 w 105 0.021037827110464424
5 x 26 0.014134386332269377
5 z 64 0.026047136566707207
6 b 47 0.11461147187555853
6 c 12 0.07214981692417599
6 e 4 0.03467976375053927
6 f 26 0.028071860465940568
6 g 28 0.0440547486217
6 h 48 0.11904082611007849
6 i 56 0.1344614786180579
6 l 50 0.0034616956696112977
6 n 38 0.029547075842748627
6 q 32 0.035785559287437874
6 r 15 0.09366499908696169
6 s 17 0.07026626123545765
6 v 37 0.0014806359506335243
6 w 43 0.028612159374566293
6 x 20 0.10670510740572503
6 y 45 0.030868927229442122
7 a 32 0.01875340532047287
7 d 14 0.00045675314516835375
7 e 21 0.10290861580796862
7 f 72 0.0701613139795898
7 h 19 0.0653343119861921
7 i 82 0.03267025359774178
7 j 7 0.080782989940552
7 m 94 0.036300958845512765
7 o 86 0.0003278271154192325
7 p 74 0.06345251354054349
7 q 33 0.004847239097332756
7 r 29 0.03327563032190306
7 s 75 0.20604577999505136
7 t 86 0.022626390978297883
7 v 74 0.07217722728285392
7 w 67 0.01088346922212513
7 x 28 0.09552191169104662
7 y 37 0.04248295525692569
7 z 58 0.005462147852488997
8 a 48 0.02252827164917881
8 d 33 0.20853719558246486
8 h 81 0.03522804509780231
8 i 16 0.0322969999204602
8 l 21 0.005410153434415088
8 n 73 0.14609827989101487
8 o 74 0.05437905394319431
8 p 86 0.13606030759413112
8 r 88 0.027047888875112558
8 s 16 0.0028601989712669917
8 t 23 0.05604706574516871
8 u 4 0.022556637639450594
8 y 91 0.053294535678461874
9 a 29 0.01981983050951386
9 b 77 0.0035506835292554717
9 d 86 0.0423511380447259
9 f 44 0.009634520912956468
9 g 87 0.07205935089203364
9 h 55 0.005974371109953469
9 i 45 0.06889803550866413
9 j 89 0.022324851197318307
9 k 44 0.03190157852475983
9 l 52 0.06299816535062763
9 m 77 0.07007820614503246
9 n 22 0.21303635841211432
9 p 55 0.06977296787056275
9 r 35 0.02749939770187304
9 s 100 0.0946776718177712
9 t 98 0.02035398245943676
9 u 43 0.053010164992978503
9 v 33 0.014714457842025297
9 x 28 0.055431869977150106
9 z 51 0.013494224370886432
10 o 59 0.8485672353139584
11 c 17 0.016318028448987776
11 d 31 0.038128503658752755
11 g 72 0.011925434265275703
11 h 95 0.09287148191347294
11 k 53 0.13467221492565418
11 o 1 0.17469277037910935
11 p 11 0.040972479553877506
11 q 46 0.13589500943071364
11 r 19 0.11313347557223319
11 v 79 0.003330510787597274
11 x 74 0.0377075684595678
11 y 58 0.1554276900936642
12 a 31 0.0024463584392376836
12 b 81 0.07711659264850546
12 c 99 0.003043322337162868
12 g 37 0.2737547799527197
12 h 35 0.04417502746375612
12 i 13 0.023647298982611864
12 j 36 0.00883794053453868
12 k 67 0.045929982385289336
12 l 73 0.00488951063986498
12 m 38 0.02786427503091171
12 n 70 0.0003856371785208035
12 o 91 0.042810863575859504
12 p 64 0.016275285646733195
12 r 83 0.023390644271554573
12 s 91 0.1341543402352099
12 t 95 0.058880574243621586
12 v 50 0.01613211400838155
12 w 85 0.025331469988257416
12 x 106 0.03424415429352057
12 y 80 0.011189171879399495
12 z 43 0.02989549604144992
13 a 86 0.018577668889535714
13 b 8 0.11971633246875446
13 c 71 0.01663306545904275
13 d 37 0.0826619384791436
13 e 49 0.05957420883736264
13 f 88 0.022688498470910146
13 g 80 0.024426768883631822
13 h 80 0.09031679577815299
13 i 92 0.02751737013503419
13 j 48 0.005006779009736451
13 k 28 0.09307738550146216
13 l 101 0.0012590750091294733
13 m 56 0.0722143515894561
13 n 105 0.013017438850152496
13 o 49 0.006286868736834594
13 p 36 0.004562232711707637
13 q 52 0.027773116733390335
13 r 86 0.023089763727013213
13 s 102 0.022660201980240546
13 t 29 0.0531814500502531
13 u 78 0.021690745211812246
13 w 46 0.039520691554219334
13 x 49 0.0044426856637144185
13 y 105 0.02855383798317923
13 z 3 0.09180871251185996
14 c 101 0.8955145081386193
15 b 70 0.05373625445815211
15 c 83 0.0019264914981302894
15 d 43 0.0026581206724991535
15 h 23 0.1471064083828394
15 p 41 0.019253815878890856
15 q 11 0.11626451582329667
15 s 63 0.08368969112828284
15 u 4 0.006840233948082641
15 w 11 0.31809536277037187
15 x 86 0.0747222962172337
15 z 55 0.12631232758425437
16 g 16 0.2478677633082279
16 i 82 0.028311185761816682
16 n 37 0.18480089304591663
16 w 8 0.00010469157398729223
16 z 95 0.16521449472744476
17 a 19 0.2583354316757883
17 c 88 0.1132014826159724
17 e 16 0.04947676164111314
17 l 11 0.04257450632955817
17 q 94 0.025458619853190756
17 r 76 0.28841080897907867
17 s 97 0.010520474483944997
17 y 101 0.023395401789475412
18 a 99 0.02770663340991497
18 c 84 0.007505905063285412
18 f 5 0.043521580675630056
18 i 77 0.24279177111732841
18 j 4 0.15392810933798606
18 l 10 0.13944159964535963
18 o 55 0.02841909974209933
18 q 1 0.11000639729684403
18 s 87 0.03393650701495854
18 t 10 0.02040425591522599
18 v 3 0.01956194744255868
18 w 28 0.1254442492231993
18 y 84 0.04528023465767106
19 c 85 0.03280478265293696
19 q 81 0.5992772979538079
19 r 72 0.06842904850367548
19 v 60 0.0014923171026969273
19 z 64 0.019816994926591724
20 a 21 0.08234588778880558
20 e 83 0.22774624953936295
20 q 59 0.40631799188499984
21 c 79 0.1621600123633562
21 d 88 0.02837533991220631
21 f 50 0.025439574566845757
21 h 0 0.0493294783385293
21 i 84 0.18538878803101577
21 l 102 0.10115756160637124
21 m 56 0.013667552980883624
21 n 46 0.046446578894736135
21 p 7 0.03265257034779223
21 r 77 0.057816506275109814
21 t 13 0.06752432717273671
21 u 61 0.05119235084574425
21 v 57 0.03342378609710739
21 w 66 0.12436119733286044
22 a 10 0.01623975071454753
22 e 31 0.05397991458902718
22 m 72 0.0762475397021738
22 n 20 0.08091625706214534
22 r 93 0.13534542672495864
22 s 98 0.023232437573783682
22 v 27 0.28352888468954407
22 x 80 0.018379756402293945
22 y 97 0.20305025019595868
23 a 40 0.00725870944411211
23 c 26 0.018313591249030647
23 g 56 0.033014607357636505
23 m 42 0.2577522178143007
23 n 16 0.06771472986502669
23 p 3 0.09764759406495038
23 q 6 0.0450066198345781
23 r 3 0.10614396439875584
23 s 77 0.026561409481313136
23 t 61 0.11435506731817868
23 v 88 0.07323167443130141
23 w 47 0.0964702591326041
23 z 82 0.032395366981854745
24 a 3 0.040074296081734295
24 b 34 0.039177392114973064
24 c 14 0.10993076769334775
24 d 98 0.0027515559648497723
24 e 62 0.01246300750438556
24 f 91 0.011633821373708275
24 g 70 0.06158167619126442
24 h 100 0.008051297116735356
24 i 2 0.10730042882679425
24 j 6 0.0851206050558877
24 k 72 0.026684779930343683
24 l 64 0.0040769868533057085
24 m 47 0.03777576193145138
24 n 7 0.0213204492662733
24 o 75 0.010361763085051212
24 p 13 0.04308587811261466
24 q 67 0.036444285366367124
24 r 49 0.07178565032978834
24 s 83 0.0681817258641021
24 t 60 0.005294237794471357
24 u 102 0.012641731397473155
24 v 15 0.0414426845810566
24 w 55 0.02734698609478603
24 x 99 0.03939390378770924
24 y 19 0.03325158998132827
24 z 101 0.0409272005495116
25 a 36 0.010316246812908325
25 b 68 0.020628971930753637
25 e 82 0.0029027822075244902
25 f 25 0.0673903889287285
25 h 11 0.008913028523369615
25 i 102 0.0343138317446271
25 j 89 0.11740316087041747
25 k 27 0.11507976712766155
25 m 48 0.07748688718182417
25 n 89 0.02380825182288071
25 o 1 0.003839227336582929
25 p 100 0.04412301523572748
25 q 17 0.009176920578479852
25 s 5 0.05014698042616228
25 u 59 0.10464742659843662
25 v 30 0.10320780482141889
25 w 73 0.03229608597842848
25 x 95 0.07693616576324525
25 y 91 0.030366719569456913
25 z 48 0.031224915856167268
26 d 0 0.037266185030857435
26 e 2 0.02739337641002415
26 f 84 0.11128507738872406
26 i 20 0.05365348211307497
26 j 71 0.08004348908005521
26 m 29 0.22704523942822852
26 r 82 0.14090445512500704
26 s 102 0.031202867892079378
26 t 74 0.07395264940674895
26 y 99 0.07060413973228308
26 z 70 0.10815041987763674
27 a 86 0.10426363420214424
27 b 86 0.0015422805112196292
27 c 63 0.06858988128534038
27 d 8 0.02977163723539189
27 e 38 0.06171760453262676
27 f 50 0.10780874206987046
27 g 88 0.008182595324036201
27 h 88 0.03513041443784193
27 i 24 0.03709569486527442
27 j 52 0.03567878771792321
27 k 103 0.003409277803752997
27 m 49 0.0807051385892551
27 n 74 0.09576441061090235
27 o 3 0.0058076781193244775
27 p 101 0.014360143144999893
27 q 26 0.09810708441036498
27 r 30 0.022459199683238396
27 t 18 0.05334578807167456
27 u 36 0.03804259074559602
27 v 35 0.021076283610073965
27 w 89 0.0055787675716495455
27 x 8 0.0018773232929815142
27 z 84 0.018343107228102284
28 a 44 0.02709206389492491
28 b 55 0.00916827241921847
28 c 102 0.07012203069092404
28 d 29 0.13427082282813263
28 e 9 0.01669131147239933
28 h 47 0.019545700660985155
28 i 88 0.0569919701261733
28 k 85 0.12698400746477734
28 m 8 0.2091979461031498
28 n 36 0.012445765420408872
28 p 55 0.005598402896912269
28 q 37 0.15804735431398176
28 u 41 0.10407754086606302
28 w 62 0.0025363611644851902
28 x 106 0.024928218125891077
29 a 75 0.10915659534180921
29 b 91 9.544249680581984e-05
29 c 23 0.048402219682591285
29 d 103 0.1392747675797369
29 e 27 0.05065996580928145
29 f 57 0.03387717240938315
29 h 27 0.0037577218819349056
29 j 78 0.07956691129496374
29 k 14 0.015419387519756023
29 l 77 0.10831751435882142
29 n 31 0.005880228692788814
29 o 59 0.0731011833050117
29 p 6 0.0008987986308816032
29 q 52 0.06729179161198862
29 r 96 0.03964133588305019
29 s 56 0.029161149963112698
29 t 20 0.05322005224861237
29 u 97 0.047705024526158435
29 v 27 0.013033593470520022
29 z 89 0.03073146803509419
30 b 70 0.07281700675890901
30 d 78 0.06293001490071792
30 f 63 0.00010396922537547759
30 g 81 0.07070531579978967
30 i 73 0.09610944452671677
30 j 15 0.20850532202667216
30 l 27 0.015458207738974883
30 n 43 0.015944254984260664
30 o 48 0.06431608467117333
30 p 78 0.053268849808230545
30 q 96 0.18810276833229345
30 r 67 0.06790148553184816
31 c 102 0.0001607226811146667
31 d 7 0.0057243624288479955
31 f 18 0.09005560648766697
31 g 98 0.018622417986340234
31 h 85 0.01001484367120109
31 i 97 0.0834880411748623
31 j 8 0.0006002113079986993
31 k 1 0.010061312114122645
31 l 19 0.0831506504735432
31 m 4 0.02216412871744211
31 n 31 0.08322007998844083
31 o 0 0.02526400470508161
31 p 38 0.16183365915314096
31 s 48 0.015650770344250997
31 t 63 0.044440722716648784
31 u 22 0.04951486404449579
31 v 45 0.02328326951765125
31 w 58 0.007658263343340632
31 y 34 0.09067550775082356
31 z 73 0.0959407229892697
32 d 20 0.0694499313702519
33 a 6 0.03457553129971125
33 d 22 0.15071254300876868
33 f 11 0.12955718771164004
33 h 4 0.03335066243277651
33 q 58 0.17752626997016618
33 x 79 0.24462885284624447
34 a 99 0.0423977946090458
34 b 1 0.5952647233418781
34 c 48 0.007951302428249596
34 g 76 0.01167890290625917
34 m 103 0.00512693260856345
34 x 83 0.04465993462512452
35 a 66 0.02362717261971614
35 b 21 0.004002436610006432
35 d 59 0.03168342710499972
35 e 3 0.011805009319752036
35 f 16 0.006236049982659697
35 g 70 0.0009585319055617214
35 h 34 0.021030547024051605
35 i 33 0.06785934951370998
35 j 79 0.2185795355554
35 l 29 0.016537005721787956
35 m 84 0.01711556983807261
35 o 25 0.14482060084388204
35 p 37 0.031067588184996886
35 q 14 0.02449498546986939
35 r 33 0.014689141521535776
35 s 76 0.0574144484934882
35 t 63 0.08240520084582503
35 u 90 0.005385663603631019
35 w 34 0.05189167967041175
35 x 96 0.10066044294460141
35 y 72 0.048793382903613125
36 d 61 0.04732959917728019
36 g 75 0.0011073522441057415
36 h 18 0.025043449495942838
36 i 14 0.2587897434880708
36 j 17 0.4209282480716934
36 q 26 0.03385530843792672
36 s 29 0.062310441660709426
37 a 18 0.07728392879885848
37 b 95 0.03461679423378006
37 c 12 0.019771150777939783
37 d 80 0.057460406410962395
37 e 106 0.023245045158412192
37 f 37 0.07817983601403122
37 g 61 0.07887166448939631
37 h 2 0.013931555684945862
37 i 105 0.042788298128294766
37 j 78 0.005272083547980144
37 n 92 0.17021069243124565
37 o 10 0.0026704305566898068
37 q 89 0.008837775746638687
37 r 25 0.09224749500883
37 t 47 0.03948503492676203
37 u 49 0.024162081572621452
37 v 70 0.031242556258613274
37 x 96 0.03705253616954418
37 z 56 0.11143048515087395
38 g 6 0.1363766882338342
38 m 21 0.010975384236741381
38 n 55 0.11669582760289776
38 q 49 0.058653058824179594
38 t 27 0.009051008856112208
38 u 58 0.10144335721046405
38 v 39 0.16714564123933018
38 w 71 0.11348046955114588
38 y 1 0.05107261807170582
39 b 28 0.022194320958180858
39 c 99 0.022027239501567264
39 h 91 0.0016666998727333793
39 l 14 0.12574773225888647
39 m 47 0.11322694667647026
39 o 56 0.06183314185513533
39 p 80 0.034768393220447
39 q 97 0.12596170594971445
39 s 64 0.13334560375032944
39 u 14 0.10267475636392431
39 v 1 0.004141572973348273
39 w 29 0.07238623949456491
39 y 72 0.03857443741062039
39 z 98 0.12487044569379702
40 e 96 0.22735198911961774
40 g 76 0.029421791078766635
40 h 81 0.021251120087703912
40 i 69 0.20240055143029645
40 k 0 0.0028935772817243466
40 n 58 0.08092451113037047
40 o 12 0.0795728879291463
40 q 20 0.03433008495931089
40 r 68 0.12968721794014182
40 w 98 0.13168737050309975
40 y 30 0.039787149991907245
40 z 81 0.017011083288634432
41 g 35 0.08939567635335832
41 s 87 0.28254492366845807
42 a 11 0.04280600605437024
42 b 8 0.04021553340636386
42 c 6 0.01372466644580883
42 d 50 0.08832502996957337
42 e 67 0.021619456335972287
42 f 19 0.05011819317621524
42 g 89 0.0233386373764507
42 h 48 0.013996386943545547
42 i 5 0.03437765767568812
42 j 12 0.04929801641967224
42 k 106 0.016154150389433908
42 l 61 0.12088051688967505
42 m 93 0.01613009334000637
42 n 100 0.004850070211397384
42 o 101 0.09291447628814975
42 p 105 0.002669178716278253
42 q 23 0.0022820681531976472
42 r 27 0.02194538685716807
42 s 75 0.024458212658627798
42 t 36 0.06200886220707014
42 u 100 0.0087700399120193
42 v 75 0.015919584093753603
42 w 100 0.020648555298969473
42 x 105 0.05817722323512975
42 y 96 0.12263895949852888
42 z 7 0.03053429075185332
43 a 12 0.23935477090331125
43 d 25 0.5867849332304907
43 g 59 0.04804967282442085
44 h 53 0.03286491753451881
44 q 88 0.17258379729346063
44 t 106 0.20572887354634006
44 z 18 0.05680333343630872
45 b 56 0.16442081202469083
45 e 44 0.08267431038295381
45 j 27 0.04481299771693836
45 k 96 0.03739108490477716
45 m 62 0.0445500362206076
45 n 29 0.0008528799836213796
45 p 13 0.03223596550512087
45 t 12 0.19786824126723312
45 u 18 0.11741822519861767
45 v 85 0.2232584877941407
46 a 45 0.09058782981797409
46 d 33 0.05197679347113282
46 e 22 0.10349541608790536
46 i 67 0.033133404181939774
46 l 50 0.1595365972770384
46 m 5 0.05953651432846463
46 n 70 0.039266476153522745
46 p 77 0.04504460229244023
46 r 66 0.023821003340875224
46 t 30 0.011489537110111914
46 u 39 0.12853562759127857
46 w 105 0.25343449929422324
47 a 27 0.03283918862396262
47 b 45 0.03592366175848405
47 c 52 0.07127692222478288
47 d 102 0.01946575015273333
47 f 34 0.023344371835684496
47 g 88 0.04589388725994337
47 h 95 0.025797275150947208
47 i 78 0.039547289125141716
47 j 104 0.026412069576176145
47 l 58 0.0012872496861573435
47 m 41 0.10660481275914802
47 n 51 0.0041661036702014265
47 o 55 0.012473112833527589
47 q 1 0.00034390220149616013
47 r 41 0.04968556716904171
47 s 77 0.02934737229331008
47 t 30 0.0014403181622607564
47 u 81 0.16879003596846898
47 v 61 0.08127663238422533
47 w 70 0.008086201627996337
47 x 91 0.01521703314961409
47 y 42 0.03003311895603411
47 z 68 0.03653698535252392
48 b 24 0.05107440492029125
48 c 24 0.03046492424377223
48 d 80 0.05792387549913425
48 e 86 0.004989219312790061
48 f 12 0.015119841496311515
48 h 106 0.13915394853313712
48 i 43 0.09576067619345174
48 j 35 0.0010465826751463458
48 k 85 0.09230456423567956
48 l 10 0.039911917335471614
48 m 25 0.05194336754661588
48 p 102 0.06318835366909303
48 q 64 0.0346617765813525
48 t 18 0.1251042963708353
48 v 66 0.013158764990166771
48 w 54 0.1448312690536726
49 a 94 0.05510866540540493
49 b 18 0.016270122979300083
49 c 9 0.037880598755786865
49 d 49 0.01744536557479348
49 f 1 0.0033415740626508983
49 g 36 0.02084611992490759
49 h 80 0.007864363776366345
49 i 73 0.013444638370080475
49 j 75 0.07142753810395952
49 k 11 0.22226979645583245
49 l 36 0.024114463792310414
49 m 57 0.005769274115547285
49 n 104 0.000945903562551309
49 o 4 0.059945442134341054
49 p 97 0.06872069016514559
49 q 4 0.001814751595621611
49 r 74 0.036077055246757195
49 s 27 0.04830861780041229
49 t 97 0.017368076907890995
49 u 17 0.028158675603433103
49 v 36 0.09690816075381026
49 w 6 0.003698766151409627
49 x 75 0.026656409227848066
49 y 7 0.021174733211738905
49 z 100 0.03414878664723631
50 a 100 0.07332914091067488
50 b 28 0.01625159300613943
50 c 43 0.034478645502947325
50 f 4 0.034776083668253355
50 g 99 0.02490914611194084
50 h 106 0.026722680666179555
50 i 58 0.010917756108019594
50 j 8 0.053918021013528605
50 k 52 0.01120150110831375
50 l 100 0.2588417561700401
50 m 100 0.041983246946917574
50 p 78 0.00926157445801612
50 q 60 0.020960475753594388
50 r 92 0.18501747085285036
50 u 54 0.0118945774686805
50 v 77 0.017096895801390843
50 w 102 0.02342426688290733
50 y 87 0.12840894810136094
50 z 72 0.006480309159893727
51 a 84 0.0004195497016269423
51 b 70 0.0074302416722600295
51 d 12 0.06984986760388645
51 e 72 0.016852831992357764
51 f 53 0.023920030258347436
51 g 6 0.014319443279271149
51 h 25 0.057752695735359905
51 i 79 0.0814867164842672
51 j 99 0.039211687171392784
51 k 105 0.004074038625476284
51 l 94 0.20382247112134677
51 m 66 0.018882471580694893
51 n 54 0.055473781746558704
51 o 13 0.020464293416175172
51 p 25 0.09709950730574235
51 q 15 0.014035321642650311
51 r 66 0.02627731860824667
51 s 66 0.013562335985525587
51 t 17 0.03619467223023787
51 u 35 0.06042522942622308
51 v 75 0.049143864791856395
51 w 35 0.019762868101686037
51 x 52 0.010298902578808722
51 y 8 0.018690828889097122
51 z 80 0.019419999743298666
52 b 19 0.007069275547158416
52 c 52 0.0196055741652722
52 h 73 0.04872586095904341
52 i 59 0.05934103765648002
52 j 67 0.010721734298933083
52 k 56 0.04198674897137933
52 l 63 0.0448878437927509
52 m 17 0.10643095579482575
52 p 29 0.14171629874206781
52 r 98 0.07222056943531063
52 s 29 0.331440812587699
52 y 16 0.03468287042983875
53 a 96 0.025588386940725516
53 b 38 0.044208104591894726
53 c 103 0.016673122526411066
53 d 16 0.04130882998410035
53 e 98 0.005816363172367112
53 f 92 0.1029590199264887
53 g 48 0.07284984663163252
53 j 60 0.0662014433297976
53 k 59 0.11923753352167321
53 m 22 0.03475494629246556
53 n 86 0.041238470688415796
53 p 13 0.04966059483659413
53 q 5 0.0017402237945463028
53 r 90 0.00407257099870717
53 s 0 0.049026238669823585
53 t 17 0.018362084368216958
53 u 81 0.07029432642663946
53 w 7 0.053412567461468496
53 x 30 0.046949328885629305
53 y 78 0.0059771260125754955
53 z 47 0.015252759046830544
54 a 97 0.0766636628267564
54 d 94 0.04373053579926334
54 f 54 0.14002470089649288
54 h 69 0.05809817470719225
54 i 41 0.021289790808092346
54 l 48 0.041533874106431834
54 m 100 0.037700594316786074
54 n 68 0.029277706588056396
54 o 85 0.0023097716334650187
54 p 77 0.24907134944391507
54 s 40 0.02900513056210663
54 t 88 0.02269379205932065
54 u 40 0.03769513186507034
54 w 82 0.13226946551508567
55 l 53 0.10448066748378093
55 m 35 0.24505741787129887
55 p 6 0.3320990685850761
56 a 11 0.077683606688559
56 d 86 0.05501506192314576
56 g 18 0.005880352902695396
56 h 66 0.34438270834255325
56 j 67 0.05048032762606869
56 l 48 0.09742630718293255
56 m 100 0.013061354310722417
56 o 80 0.03334471663113692
56 q 15 0.14397410779723274
56 r 66 0.03554180665526108
56 t 65 0.05689942735769826
57 a 89 0.039629252441193974
57 b 45 0.13702204270522245
57 c 84 0.006249860377828265
57 e 23 0.08624973442828376
57 f 2 0.03332042810016944
57 g 63 0.0033495407150302414
57 h 52 0.05498464465195052
57 l 50 0.0037120424350620684
57 m 44 0.08703220822214264
57 p 61 0.024672540976403035
57 q 83 0.12039459382563489
57 s 43 0.0024188901940589425
57 u 10 0.14180824552583593
57 v 81 0.048513000302849996
57 w 104 0.06489925719980938
57 y 77 0.046122901932157956
57 z 13 0.03886894713829636
58 a 3 0.05111912142357422
58 c 46 0.20521391385031307
58 d 17 0.005176309514099642
58 g 60 0.04852399154209164
58 h 76 0.03795469806107021
58 l 100 0.005477016186397843
58 m 38 0.03654915475861198
58 n 19 0.03068446743325881
58 o 39 0.05788520916822537
58 q 26 0.03660479169498565
58 r 58 0.1491415692273117
58 s 60 0.10711554026458125
58 u 79 0.006929645701464593
58 v 0 0.041863103519595546
58 w 97 0.030694271307748267
58 x 55 0.03153639476612824
58 y 30 0.011630227125244086
59 a 78 0.27278213916297445
59 c 71 0.18163149157208336
59 e 71 0.07733145607436054
59 g 42 0.04492449040859925
59 i 21 0.03266440545985905
59 l 55 0.007552470164913894
59 m 40 0.005008748975317667
59 q 5 0.04716736892737905
59 w 56 0.0704409626386695
60 j 54 0.3188363720124865
60 m 76 0.0681132106571204
60 q 89 0.07676660756093456
60 w 85 0.16910163988903382
61 f 42 0.33483466114955274
61 r 23 0.5266183213268968
62 a 42 0.11011078290884357
62 c 63 0.04421912273047379
62 d 0 0.07051314170535405
62 e 73 0.04820868808756262
62 g 96 0.008522692265335863
62 h 91 0.06484265142544188
62 i 85 0.075221791618992
62 j 32 0.01638625784876646
62 m 25 0.026481234367631612
62 o 77 0.0054162078222822485
62 p 60 0.06070310927660316
62 q 54 0.08624957983729609
62 s 48 0.0003559317193518874
62 u 102 0.03492678782518399
62 v 14 0.18169497965670867
62 w 78 0.1425744909316744
62 x 12 0.019365936239341686
62 z 12 0.003465069892359063
63 i 102 0.49454387425299684
63 l 82 0.10761803059994346
63 o 72 0.07768001333703611
63 r 30 0.1470930647320311
64 a 47 0.1286295690345004
64 h 68 0.09620526572181831
64 j 57 0.013201217002157595
64 q 56 0.13898572250988128
64 r 1 0.03528957884103845
64 s 30 0.008306555962024786
64 v 51 0.037664250563490875
64 w 18 0.006149360196972764
64 x 63 0.45465723457551965
64 y 22 0.04753848026786922
65 a 32 0.06429486809823681
65 b 91 0.09147119928168457
65 d 21 0.023956417767240223
65 e 69 0.01288062807724577
65 f 96 0.07309640797296124
65 g 59 0.053350611412377735
65 h 99 0.12728730147028344
65 k 50 0.0449590309917145
65 l 94 0.04946575197161529
65 m 60 0.043345188575118376
65 n 103 0.05701800616374908
65 o 106 0.0416203687326282
65 q 76 0.0258571786426125
65 s 88 0.05261021236254393
65 t 79 0.016956058096674553
65 u 89 0.08814881214649373
65 v 93 0.0028580757055771677
65 w 61 0.03492596826816641
65 x 74 0.04122010662888098
65 y 43 0.041620213398098294
65 z 84 0.0029823946308505933
66 a 56 0.03036536576019
66 b 84 0.04728820059385752
66 c 61 0.1749522317029525
66 f 84 0.02722274572459238
66 g 8 0.04795352571077549
66 h 37 0.0044778346021902005
66 i 19 0.16260388769304457
66 j 66 0.0044476099154093784
66 k 75 0.015008554037448163
66 l 14 0.11709501964064073
66 m 54 0.04448493149764532
66 n 51 0.0012792780921452307
66 o 21 0.045762207329023585
66 p 96 0.017928406386028217
66 r 92 0.10512865269358973
66 s 20 0.011301879039652518
66 t 13 0.016921067125032607
66 u 24 0.03739779813144395
66 w 22 0.008572905483373194
66 x 37 0.05287847379849697
66 y 79 0.00025337293861615873
66 z 46 0.022495890252896555
67 c 13 0.03090238013563118
67 d 59 0.08598776786019469
67 e 64 0.0019353750253151558
67 f 76 0.10562715604132245
67 g 59 0.008611984807033068
67 h 91 0.002042662580685528
67 i 4 0.08931746098928084
67 k 12 0.028872897353713345
67 l 99 0.0720047087419099
67 m 73 0.024044058346053276
67 p 48 0.02105814177099219
67 t 60 0.07873703139449795
67 v 12 0.1289478316147381
67 w 87 0.0773014864580317
67 x 96 0.024527076725581964
68 b 3 0.4177111723595175
68 g 30 0.18590496649060995
68 p 16 0.004652249914989692
68 r 71 0.05832857215232001
68 y 45 0.08248897975046787
68 z 18 0.11259372485183072
69 b 8 0.04710928494508215
69 c 87 0.033787371146940526
69 d 9 0.005426874405672244
69 f 34 0.0287473264554976
69 g 52 0.03333562394237777
69 i 26 0.14576603709238956
69 k 57 0.12263539860735906
69 l 27 0.002775599736656087
69 m 66 0.02026362692898287
69 n 15 0.02644196556544809
69 o 75 0.011681617569419767
69 p 43 0.008087937290116587
69 q 77 0.03619238187185081
69 r 55 0.0953986784293378
69 s 99 0.01803940355173017
69 t 96 0.0023063459730634506
69 u 104 0.11112898688847006
69 v 34 0.001310974947093868
69 w 30 0.025049183550419518
69 x 64 0.18251508931912896
70 g 56 0.39777511614779393
70 h 12 0.04290851118586447
70 i 69 0.1607168912679665
70 m 99 0.2198821724782445
71 a 46 0.006261796431337063
71 f 29 0.20464878406850784
71 g 3 0.6080845659573758
71 x 71 0.04985099367011858
71 y 3 0.03212189910059682
72 a 80 0.1661808767653482
72 c 78 0.03433475981507483
72 d 56 0.015257948074958061
72 e 81 0.01468779836923384
72 f 105 0.09065158485802638
72 g 49 0.11066575265838308
72 h 53 0.02423915594962278
72 i 56 0.016983737567610402
72 j 65 0.011201390914448939
72 k 19 0.05449013934323721
72 n 42 0.02128782239916771
72 o 63 0.007798577776114257
72 p 11 0.018436726365216427
72 q 63 0.0022914978253322227
72 r 98 0.0757640699808314
72 s 72 0.08229240716539388
72 t 102 0.03385000488933343
72 u 39 0.051522902918074154
72 v 98 0.013144150650078124
72 w 60 0.01705258711856994
72 x 91 0.020225351445547712
72 y 36 0.01903419242374582
72 z 4 0.057496729964785054
73 a 56 0.011028005955302622
73 b 14 0.11093841470397903
73 c 34 0.012351702854967894
73 d 82 0.014950765054116633
73 e 73 0.014404934114241486
73 f 41 0.027342703770098176
73 g 48 0.06823723662764336
73 h 30 0.033668624779558676
73 i 68 0.004814887787380262
73 j 103 0.010460630487221012
73 k 36 0.04396993611534483
73 l 80 0.01619239888961377
73 m 23 0.028673274295168638
73 n 12 0.07805765986502533
73 o 0 0.025962714693568145
73 p 11 0.05515869314930566
73 q 104 0.07653110028917975
73 r 2 0.031857859761488916
73 s 45 0.018571216691686043
73 t 39 0.036019994515066656
73 u 9 0.057512876119506395
73 v 21 0.015409075145326523
73 w 67 0.03481347839901927
73 x 71 0.037571905236523984
73 y 21 0.062133755917113676
73 z 93 0.06908560449956513
74 a 58 0.024449236442746214
74 b 44 0.03079992699277001
74 c 49 0.021011333354541084
74 g 4 0.007316393213703587
74 h 7 0.0012754999682496049
74 i 34 0.08939918541319347
74 k 12 0.015638658556601626
74 m 100 0.02985008744223916
74 n 8 0.13319233637882344
74 o 104 0.04476396458655574
74 r 82 0.05358135496032401
74 t 65 0.3003125329631543
74 v 22 0.05878944961689481
74 x 42 0.014163276565549832
74 y 45 0.03359939711225246
74 z 3 0.08219806506364313
75 c 98 0.6533663045683892
75 u 11 0.346216531685253
76 f 4 0.006268086427820618
76 g 36 0.02137303748800412
76 h 78 0.26796352828446524
76 i 5 0.2852698342858069
77 a 103 0.1155836228394218
77 b 106 0.11922285546382949
77 d 28 0.020156273760810195
77 l 86 0.15472961196329438
77 n 41 0.14078467450966126
77 p 23 0.025551249226240524
77 q 69 0.010233792653390306
77 r 82 0.03823420266219901
77 t 31 0.05861123665560908
77 w 34 0.2916932677514654
77 x 23 0.024794940698996792
78 b 2 0.07381395487170983
78 j 15 0.20098421549884382
78 q 5 0.06082850947537455
78 r 47 0.05819358552323928
78 s 36 0.037807803978681664
78 t 22 0.09441482353468145
78 w 26 0.22137745085575555
78 x 7 0.13888678179572012
79 g 98 0.09977995887288937
80 a 105 0.003935472963004227
80 b 14 0.02204391086614854
80 c 84 0.05845892598531921
80 d 14 0.05211749759615203
80 f 30 0.025168942013677253
80 g 10 0.08095200027108362
80 h 36 0.10401459238088173
80 i 42 0.04096448663056007
80 k 84 0.08531907997370325
80 m 14 0.00395126898545195
80 n 66 0.13908466439437794
80 o 76 0.023613581350898416
80 q 99 0.0004135274816953194
80 r 35 0.13313059874987687
80 s 84 0.0759208473307863
80 t 75 0.010170381533058714
80 v 99 0.013698361604536968
80 w 1 0.0062847431339613236
80 y 24 0.011867899886651267
80 z 24 0.06952590531809266
81 y 37 0.050754164302143745
82 c 101 0.721627108273658
83 a 81 0.11937411052017999
83 b 40 0.00295943080492167
83 c 11 0.042911707070263594
83 d 81 0.01561314706944228
83 e 20 0.002575830988682193
83 h 10 0.024585318729644645
83 i 8 0.008290984185193917
83 j 38 0.11444600458808185
83 l 102 0.012549719782645852
83 m 22 0.02292816561548272
83 n 95 0.014185162910388849
83 p 57 0.008443190081271479
83 q 79 0.0353826589885321
83 r 44 0.006251764168218599
83 t 25 0.13699711802035675
83 u 101 0.07807890200912548
83 w 68 0.027558833397770766
83 x 6 0.027626882114773488
83 y 64 0.1940396190178626
83 z 104 0.0784619216396949
84 a 64 0.08263116071742649
84 b 16 0.07171606510346185
84 c 12 0.012119297709046961
84 d 64 0.00569404756818892
84 e 7 0.012632885651804093
84 f 78 0.05741923911973945
84 g 65 0.059971797669444826
84 h 23 0.055604134062247845
84 i 99 0.02036392819820676
84 j 2 0.039243016345783865
84 k 29 0.0728525356161519
84 l 11 0.002652092933061456
84 m 12 0.009521908428484993
84 n 48 0.012895996804502485
84 o 57 0.040157437076781544
84 p 3 0.08354325542643448
84 q 67 0.004586513679237458
84 r 101 0.029200109328626045
84 s 58 0.06251130055695708
84 t 27 0.007754170646176006
84 u 70 0.03953178322186912
84 v 88 0.01460190460100752
84 w 31 0.13687569192981874
84 x 21 0.0017352332190174735
84 y 36 0.00818682039288221
85 c 77 0.0508096851856098
85 d 98 0.03755829446009151
85 f 6 0.11950622252346976
85 g 102 0.03587578260696722
85 h 17 0.10198629204210496
85 i 82 0.06892766468500788
85 k 42 0.10066991159993843
85 l 55 0.008950250179289743
85 m 51 0.03282249893220002
85 n 99 0.07852473686530592
85 p 15 0.09120987062672192
85 r 70 0.06845439443226276
85 s 52 0.023047365054614355
85 t 104 0.004069389037515636
85 u 91 0.05896112242009677
85 v 37 0.0005226830033907559
85 w 24 0.019999531585136454
85 x 91 0.06725160698510657
85 y 67 0.007492686027918971
85 z 71 0.02247879263502406
86 a 34 0.3102916627499478
86 f 30 0.1758381600035831
86 h 3 0.06435828386673903
86 j 100 0.04626840844863245
86 m 47 0.11536135936817238
86 n 41 0.012371399653838377
86 p 96 0.01987182682774069
86 q 79 0.027656049152839146
86 r 12 0.0021702567436080455
86 t 92 0.045911368916855766
86 w 89 0.09158326617582135
86 y 46 0.023757312116220897
86 z 19 0.02001895485190186
87 d 70 0.16693819042834834
87 e 48 0.17959001221683357
87 f 59 0.2334814466986791
87 i 93 0.05859234007139458
87 y 106 0.021222871134679577
88 a 26 0.00698638419944464
88 b 70 0.004175879503239277
88 e 4 0.00788597747524522
88 f 23 0.1733917042280293
88 g 12 0.02386695639835712
88 h 94 0.011486159843903332
88 j 105 0.14756625439458393
88 k 56 0.024903997742879658
88 l 4 0.01396178083926336
88 m 45 0.05567766769154081
88 n 54 0.022466825943924462
88 o 23 0.11319374973435281
88 p 81 0.06994350985799092
88 q 7 0.03891772255769632
88 r 85 0.054978897296086404
88 s 89 0.021299941920699506
88 t 9 0.018697407481288675
88 u 81 0.003293873586839635
88 v 16 0.04470668591316829
88 w 62 0.04074194747662785
88 y 26 0.02716432930432744
88 z 79 0.026409594701882866
89 c 54 0.12730726331164732
89 e 28 0.08523064387582702
89 f 15 0.28034547607727733
89 g 29 0.00831820753124668
89 i 9 0.01816783427575308
89 k 33 0.10829086663816212
89 l 82 0.021108982154763867
89 n 32 0.01499417766871014
89 o 9 0.00817191528463812
89 p 58 0.03972879931989737
89 y 74 0.2117670820063361
89 z 76 0.06530405864726707
90 d 36 0.6557930987332636
90 n 44 0.07700841692702298
90 q 3 0.024494222137289023
90 r 48 0.03701262273670802
90 v 86 0.047358251408513796
91 a 59 0.133558985749341
91 b 102 0.007882078740785281
91 c 49 0.03757473235156239
91 d 41 0.008262680790971033
91 e 102 0.05420137013499171
91 f 32 0.08146654373967366
91 g 90 0.032852467524654094
91 h 99 0.009365985291697743
91 i 97 0.014189396972040247
91 j 50 0.007054897286471573
91 k 30 0.013514886682683858
91 l 50 0.049462934066469844
91 m 64 0.015624847486251259
91 n 22 0.04070804645687576
91 o 76 0.04009797040458918
91 p 99 0.07996553679574248
91 q 24 0.003621812990756035
91 r 54 0.004984782681682232
91 s 91 0.050574934612587996
91 t 103 0.09350830976593927
91 u 94 0.005110389533608872
91 v 14 0.054033917643023344
91 w 37 0.04956798561308573
91 x 37 0.07427160294624546
91 y 51 0.018468180567701054
91 z 13 0.0031519063461924457
92 a 67 0.022523699379228934
92 c 76 0.07046370827524051
92 d 11 0.1573567064623147
92 e 65 0.09065324080331039
92 j 51 0.009480117307490987
92 k 98 0.032686673939801625
92 l 64 0.025259593320779428
92 n 65 0.02137259616355236
92 o 60 0.21936763550057892
92 p 1 0.004769776646550317
92 q 90 0.053858907648859145
92 r 13 0.016266522577718434
92 w 102 0.03354018356978372
92 x 63 0.0003421605511079173
92 y 18 0.05568689546592909
92 z 47 0.12826067702289423
93 a 100 0.05919350032484327
93 b 52 0.06200337658806698
93 c 11 0.0925413705583279
93 d 41 0.012153347644002332
93 e 63 0.005684113235440269
93 f 73 0.05997827886073204
93 g 47 0.04159671486100891
93 h 24 0.022809756780860502
93 j 6 0.0064069876139518644
93 n 21 0.0016083970104742162
93 o 71 0.10983651542970951
93 p 5 0.04307403484842709
93 q 15 0.11727404189907875
93 r 27 0.021624219100221054
93 s 88 0.07658498821215154
93 t 97 0.06590306523487854
93 u 95 0.006361964045422996
93 v 55 0.007966570945817875
93 w 83 0.04727130262692292
93 x 24 0.027033180479206664
93 y 0 0.04506416064637997
93 z 54 0.0067171975669820805
94 b 90 0.006559424842534245
94 c 49 0.024834669116820307
94 d 47 0.040782069551538735
94 e 17 0.0410751969021419
94 f 22 0.052541781491118766
94 g 58 0.005093671164401292
94 h 29 0.004275873877064296
94 i 2 0.07602140951283554
94 k 67 0.009641154250898287
94 l 30 0.10762592888332057
94 n 106 0.07649666479115957
94 o 78 0.1380835823576173
94 r 59 0.042477151794194645
94 s 33 0.1463520032763439
94 t 53 0.019975223211642912
94 u 20 0.07236332456798655
94 v 0 0.032747812331760606
94 x 31 0.056249858633310335
94 z 32 0.03218030954986595
95 j 16 0.3426360696713667
95 n 82 0.1771830572104227
95 q 25 0.07937283577812793
95 y 0 0.17520390948325326
95 z 40 0.017920244319853063
97 g 38 0.0931734542577185
97 l 9 0.06042053426544791
97 n 92 0.021105378760878257
97 o 63 0.062330514650910995
97 p 80 0.16306402347124638
97 r 14 0.04756330088288674
97 s 70 0.10192114454212797
97 t 86 0.01729667274984481
97 u 65 0.011856468581465385
97 v 64 0.10292033850331195
97 w 27 0.17801629069379044
97 x 73 0.020242927298305458
98 e 78 0.5744775287122501
98 s 68 0.130000704405559
99 a 38 0.12020084481271431
99 b 11 0.0393126548377023
99 c 81 0.07296387007477534
99 d 6 0.010464493867203717
99 e 91 0.12059709953872844
99 h 7 0.0005473040493106929
99 i 59 0.08196449174788167
99 j 61 0.07157487630577397
99 l 104 0.03509322807130977
99 m 25 0.06932098959041533
99 n 60 0.013503419919384085
99 p 42 0.032358612279941745
99 q 98 0.02584149894672305
99 r 101 0.06774066950057134
99 s 101 0.019531144721807392
99 t 82 0.009495840671788214
99 v 12 0.02767873900529183
99 w 67 0.014175345694003805
99 x 97 0.03950217362677344
99 y 38 0.011309369854828666
99 z 24 0.08119054480693133
100 a 102 0.012127391797976506
100 b 28 0.04933940518827762
100 c 18 0.011634402571302438
100 d 15 0.031533446484713235
100 e 65 0.1071549083567328
100 f 84 0.18372143690557996
100 g 32 0.008477285206298535
100 h 79 0.07091259175646991
100 i 26 0.007285192666272922
100 j 19 0.027368417465929107
100 l 20 0.08768618910205439
100 m 90 0.021784781119613572
100 n 13 0.0005310990805180715
100 o 70 0.003991084394539213
100 p 66 0.027398756792197054
100 q 20 0.022594274030007244
100 r 32 0.02854577150640447
100 s 83 0.018554127514907814
100 t 62 0.013025975169616344
100 u 48 0.004274250388747958
100 w 57 0.11947613279966274
100 x 45 0.07370939274904009
100 z 11 0.04181646274628048
101 a 38 0.020165531440374806
101 b 78 0.0033437362367557677
101 c 95 0.04953487603132034
101 d 98 0.015825723020421067
101 e 33 0.07460307383649145
101 f 83 0.06166739120580167
101 g 42 0.01819871769704262
101 h 40 0.06308622697421662
101 i 55 0.02233838753015982
101 j 87 0.0003726618528551162
101 k 89 0.038807281939739036
101 l 40 0.0025050468988158103
101 m 54 0.004946428992718244
101 n 58 0.010228704891299345
101 o 16 0.000367201353416724
101 p 82 0.08277811575699934
101 q 42 0.046509105596320044
101 r 93 0.04067014651867573
101 s 36 0.03218332511799693
101 t 94 0.00990228895861367
101 u 32 0.03202116837689495
101 v 67 0.03196038498248854
101 w 96 0.0031111836028704376
101 x 44 0.11171558921320834
101 y 8 0.10566810026767204
101 z 39 0.09240924741825995
102 b 13 0.10730719534619404
102 d 101 0.057279855849190264
102 f 25 0.01748333870466945
102 i 18 0.06080779658409596
102 j 84 0.06352968858574037
102 k 44 0.09978517794668651
102 m 89 0.07300171218130436
102 n 92 0.07748413822211986
102 o 33 0.03811202198195551
102 r 84 0.027836386178496597
102 u 82 0.04256940944785481
102 x 7 0.10507583266527698
102 y 32 0.01269162203017371
102 z 54 0.12686366321164566
103 a 59 0.0015923113313720538
103 b 54 0.01891210238683294
103 c 60 0.14158316827719108
103 d 28 0.00532498764241518
103 e 98 0.057204662919072
103 f 8 0.023946761483259693
103 g 21 0.016923270986819117
103 i 49 0.09204587458577929
103 j 6 0.017734558188036487
103 k 85 0.05724300830544227
103 l 4 0.036774132610166266
103 n 34 0.001011129578803116
103 o 24 0.014306143839153851
103 p 45 0.11625240648099788
103 q 51 0.0076854744192422775
103 r 76 0.048856328758762224
103 s 48 0.05212167769951759
103 t 21 0.010186696186170074
103 u 93 0.11157297459786675
103 v 43 0.04546750261705634
103 w 64 0.02546049099194514
103 y 71 0.0035225439298377514
103 z 64 0.023998198269985727
104 a 48 0.0037543066060253816
104 c 87 0.05917277551407418
104 d 82 0.08508582426025202
104 e 12 0.008874237477994318
104 f 63 0.04472916067488508
104 i 15 0.025477995700449618
104 k 52 0.01714407599697021
104 n 34 0.11933480560070697
104 p 45 0.11548950859358431
104 q 94 0.08531811941459766
104 s 68 0.037430836483185126
104 t 100 0.08272520134742745
104 u 82 0.07371457050582808
104 v 15 0.036119895681713365
104 w 25 0.07790042253200502
104 x 59 0.02447836999688635
104 y 103 0.09901011147309047
105 e 60 0.08786784563777006
105 h 98 0.06137399387064424
105 t 16 0.026301603767775017
105 u 100 0.28933010279256344
105 x 48 0.38437995508479905
106 h 45 0.12104594576825922
106 i 72 0.03859136162177268
106 j 104 0.02712358722959496
106 k 19 0.01575176428043079
106 m 32 0.038183166076131037
106 n 95 0.06173779140516644
106 q 18 0.03857583364292039
106 r 1 0.04979696944962153
106 s 85 0.3262291511517723
106 t 61 0.013840486747449421
106 u 28 0.0005386485610976433
106 v 78 0.020858181548429444
106 w 25 0.0417499526377717
106 x 32 0.006571022376609115
106 z 0 0.021061013455190514
