96 26 1284
0 0.026644864379673505
0 0.0023646154443766054
0 0.21021415201087335
0 0.3840626736612891
0 0.04261542661520934
0 0.6839183597332423
0 0.27369829899394016
0 0.04011861106565706
0 0.05820691155541713
0 0.005069280151838607
0 0.009451357105752067
0 0.7494151169459499
0 0.022160851921472546
0 0.14177533052816926
0 0.35985298409911937
0 0.15551929605190706
0 0.25801931045346826
0 0.018147151026877473
0 0.0671458877020853
0 0.043329286546603396
0 0.015899157960747035
0 0.014195875880534392
0 0.0883936700511403
0 0.009069110098483657
0 0.025028453161615505
0 0.008034217309832115
0 0.022694879099148024
0 0.08119618358122316
0 0.011386963686918827
0 0.05723745581601525
0 0.026863791206359844
0 0.7813424997594088
0 0.9775288504680638
0 0.8457462524330881
0 0.13431559777909774
0 0.009418605583800366
0 0.045682694300098636
0 0.09140461918606868
0 0.015612556488110774
0 0.01271607504858685
0 0.007633950028746561
0 0.17460803628148946
0 1.0
0 0.054413201856705284
0 0.013556558954476938
0 0.05302977633156958
0 0.05330548763963738
0 0.001237230944878931
0 0.06092430144252181
0 0.018500649551746795
0 0.0919019085125482
0 0.024290655737009503
0 0.3570294875041089
0 0.01443408118545808
0 0.011834253178798826
0 0.20091255370787842
0 0.047922889347257636
0 0.06783372871437199
0 0.24256869721899754
0 0.40795498181387957
0 0.009195951411230197
0 0.026647403738599307
0 0.010046746343945756
0 0.04642163333026372
0 0.01708519091972105
0 0.059643967759883454
0 0.003570764498240897
0 0.13001485461998508
0 0.32726379325804533
0 0.08115742579389906
0 0.47795417156972575
0 0.0253281760457017
0 0.03937808992079306
0 0.0022231081992475366
0 0.026071205404199826
0 0.04180184195918191
0 0.09457336158260676
0 0.06172854977216202
0 0.02910954337220073
0 0.12728994841161312
0 0.09828516594486447
0 0.09821921542159762
0 0.03616454821385062
0 0.10104352811486794
0 0.028448729715595866
0 0.2871607451667433
0 0.1504950938963736
0 0.979758470728064
0 0.2852994785559765
0 0.03700714212589806
1 0.017167369527382292
0 0.11056083083495416
0 0.04826591350081455
0 0.014321906775430104
0 1.0
0 0.3009981428563132
0 a 18 0.021428043637020888
0 b 66 0.019757971669690844
0 d 49 0.018341368191174823
0 f 61 0.005965134375369385
0 g 68 0.07276743915605666
0 h 65 0.015628851443939662
0 i 30 0.34619583010364163
0 l 51 0.0887588098966452
0 m 48 0.005958845204309338
0 p 69 0.10269364530936997
0 s 18 0.033202287608277814
0 t 20 0.06469223679450631
0 u 52 0.08918132302205561
0 x 82 0.08878334920826836
1 a 31 0.033782296860408345
1 b 95 0.030857666219368696
1 c 4 0.06725066029402837
1 d 64 0.021713178102439112
1 e 81 0.010064359293584402
1 f 22 0.01914719411308674
1 g 31 0.006358677409991964
1 h 75 0.03985053026044649
1 i 52 0.06924079732786848
1 j 4 0.0442743572624138
1 l 0 0.06536381469375985
1 m 89 0.03368192657274216
1 n 45 0.02068362986846073
1 o 6 0.08437370995502169
1 p 95 0.004976278411868873
1 q 20 0.07801713340086203
1 r 27 0.017970504464942305
1 s 18 0.051694007510247
1 t 15 0.051097679938497564
1 v 35 0.024291642314949624
1 x 5 0.022058235147712768
1 y 35 0.00488655346541278
1 z 49 0.19600055166750963
2 g 50 0.2790531143680226
2 i 36 0.2002036691371697
2 m 80 0.26328237191391135
2 q 5 0.04724669257002301
3 j 38 0.2906604022537356
3 m 81 0.3252769240849753
4 a 62 0.06759821223105156
4 b 57 0.018967989944732366
4 c 21 0.022513788845628047
4 d 24 0.13022011805606326
4 e 94 0.026502497916771395
4 f 53 0.06988608290881293
4 h 83 0.012365409690523466
4 i 42 0.039811726411643544
4 j 42 0.01300746055204427
4 k 4 0.011821959872924226
4 l 34 0.049861667797446385
4 m 89 0.09749122225355866
4 n 8 0.0266711816696662
4 o 88 0.0047731692715317076
4 p 67 0.01136586686930896
4 q 54 0.08273702505093572
4 r 49 0.014793088300764201
4 s 84 0.08894769697092753
4 t 9 0.000399430965745351
4 u 28 0.06682605603893055
4 v 61 0.03974716752237706
4 w 43 0.0033722182524322797
4 x 29 0.0018446293150065074
4 y 38 0.029186412321245747
4 z 57 0.026672494354718745
5 k 58 0.31608164026675767
6 e 37 0.47071271405815585
6 l 80 0.1176991804492522
6 p 72 0.053556131340252944
6 u 43 0.08433367515839885
7 a 31 0.08324547131090088
7 b 29 0.01923699861241246
7 c 27 0.2070163417230937
7 d 78 0.06452642998020153
7 f 31 0.004880517264005846
7 j 36 0.00544569020148955
7 k 14 0.0202098325561747
7 l 86 0.00744285022121971
7 m 36 0.007175971947114723
7 o 59 0.056179056556464047
7 q 83 0.05189906487302054
7 r 86 0.05520288808258955
7 s 1 0.07667612410658697
7 v 81 0.21935013225177025
7 w 33 0.05973222443468962
7 y 88 0.01609412214405037
7 z 19 0.00556767266855851
8 c 46 0.0006006576647048512
8 f 22 0.1270235236634788
8 g 60 0.06433316595783867
8 k 66 0.10755138453509405
8 n 18 0.19785448647560577
8 o 38 0.09020418899913629
8 r 0 0.35422568114872444
9 a 86 0.006326873765163832
9 b 72 0.1024526083139291
9 d 33 0.012531158990650715
9 e 46 0.052981648494783706
9 f 32 0.0324194063085792
9 g 30 0.019911404960718748
9 h 32 0.10245429312314658
9 i 85 0.17906684797580363
9 j 73 0.22396495972804997
9 k 57 0.01592496980768654
9 s 56 0.010946966416889525
9 t 20 0.09473504756483897
9 w 75 0.015264074322863697
9 x 41 0.06553804164894295
9 z 26 0.06041241842611422
10 e 59 0.018874636259401
10 f 52 0.0352500901316497
10 h 59 0.033503525691414904
10 k 10 0.046676166868571456
10 m 26 0.02104811404499307
10 n 86 0.008666282220794463
10 o 7 0.12673908643865683
10 p 89 0.15289717160979044
10 q 94 0.04047882886722898
10 r 87 0.023879751176224984
10 s 13 0.15328844683873366
10 x 64 0.2949226678548088
10 z 63 0.03432387489197963
11 j 44 0.25058488305405013
12 a 68 0.00756932622986084
12 b 60 0.03259977015875659
12 d 11 0.05497741636949938
12 e 4 0.022306025214179126
12 f 57 0.037689483103487964
12 g 3 0.02340936253468151
12 i 12 0.02260118200313721
12 j 54 0.046026984130211224
12 k 5 0.12281295868962183
12 l 50 0.011153116154210774
12 m 8 0.046991948761408
12 n 21 0.028400721944379703
12 o 50 0.08141351582698997
12 p 9 0.034731474913906046
12 q 20 0.09532712147226696
12 r 36 0.05097638479309652
12 s 76 0.019564963164596882
12 t 29 0.06161536358978448
12 u 15 0.026735298595696788
12 w 93 0.026463776272439676
12 x 17 0.04753346180160545
12 y 43 0.0494441581724393
12 z 91 0.027495334182271236
13 b 91 0.02713510690258525
13 d 95 0.5256266832614411
13 h 17 0.036053896659746565
13 v 9 0.2694089826480578
14 i 43 0.2984719320313839
14 u 12 0.34167508386949674
15 a 55 0.10042192506788783
15 b 91 0.038650925985619256
15 e 80 0.011222563699297972
15 h 8 0.0007375399133425775
15 j 48 0.011386591233466636
15 k 90 0.030760970673777144
15 l 28 0.08100315080413989
15 m 73 0.06236369681760301
15 n 19 0.027133242744077246
15 q 49 0.2695115036858974
15 s 37 0.0637897380981034
15 x 4 0.09712973666661495
15 y 77 0.0034953273670994545
15 z 45 0.04687379119116619
16 c 43 0.7419806895465317
17 a 16 0.0006133716887015694
17 b 19 0.05463444898600012
17 c 31 0.11068774170741713
17 d 11 0.005924086109961757
17 e 94 0.039757647160076126
17 f 60 0.021847803900449048
17 g 63 0.002470144039892763
17 h 22 0.014866728710330346
17 i 37 0.03246903624128006
17 j 18 0.0798251012780079
17 k 68 0.011841529605520762
17 l 71 0.10730733682094173
17 m 67 0.004529865051700055
17 n 94 0.026138586756822124
17 o 81 0.05622372294472233
17 q 19 0.006077887284656525
17 r 31 0.08184988327370868
17 s 12 0.008714499469098191
17 t 36 0.014465104512618177
17 u 46 0.047888428201812605
17 v 65 0.08209559627601615
17 w 33 0.03384164948676249
17 x 90 0.01441936539325106
17 y 32 0.08962037500604147
17 z 32 0.03374290906733335
18 a 39 0.07046284605497966
18 b 61 0.023320710449492466
18 c 43 0.014808840248832222
18 e 30 0.005063584266610355
18 f 65 0.05494570692444256
18 g 72 0.0009700574498273662
18 h 90 0.07515663590577493
18 i 27 0.09421393784602128
18 j 75 0.08214730471702048
18 k 46 0.1365754726454208
18 l 48 0.022003269434344386
18 m 37 0.03706490701725762
18 n 85 0.0009175244629543444
18 o 75 0.03112175795446448
18 p 57 0.08244888693810848
18 q 71 0.031404394130577606
18 r 57 0.045491610161602636
18 s 8 0.04672468378356598
18 t 6 0.037277441994717164
18 v 26 0.02179148763712735
18 w 60 0.0018934023478538453
18 x 59 0.001293323945131708
18 y 1 0.015756325981787
19 a 89 0.005087319429079695
19 b 59 0.0349032455640117
19 c 12 0.0006311822226022779
19 d 90 0.018182782458468716
19 e 27 0.025451909513787063
19 f 29 0.0721447533758679
19 g 53 0.032393007168106225
19 h 3 0.0017897984491799246
19 i 23 0.024137721759827535
19 j 37 0.09776078712568192
19 k 63 0.021356064237547767
19 l 4 0.06330455619971487
19 m 78 0.20699610933591217
19 n 16 0.06548860549496505
19 p 91 0.038155003169291546
19 q 72 0.0441100952752318
19 r 11 0.02030568803930488
19 s 23 0.08123750656270956
19 t 94 0.007492683931385802
19 u 16 0.012937827163266857
19 v 7 0.0010302521668275055
19 y 39 0.028127186562936446
19 z 94 0.0536466282476894
20 a 86 0.14037546519736255
20 b 84 0.04086508015355994
20 d 41 0.0035238900552427843
20 e 76 0.014811089523100951
20 g 39 0.0051865551075201966
20 m 32 0.2437317806455792
20 o 41 0.20379008322185332
20 p 24 0.030330564458102338
20 r 66 0.09048233252343851
20 w 87 0.17664700999575278
20 z 86 0.03435699115774038
21 a 64 0.10610835889183168
21 b 85 0.05843165919599491
21 c 23 0.08167798329414921
21 d 59 0.0038385934704001645
21 e 22 0.008802720672222653
21 f 70 0.008943614878518247
21 g 38 0.001845746596689457
21 h 27 0.030628499361532557
21 j 12 0.018001193642461222
21 k 52 0.01570850866203055
21 l 76 0.06421870261614204
21 m 79 0.03553834488520391
21 n 34 0.01617500959479312
21 o 58 0.10060250434243478
21 p 18 0.05712258594121111
21 q 88 0.017781581547432812
21 r 73 0.009340900378873473
21 s 53 0.019525655137197506
21 t 45 0.051379048217691126
21 v 52 0.1834846992977085
21 x 95 0.024576731832429477
21 y 82 0.04417989670786582
21 z 89 0.027891584954651272
22 a 35 0.005239861889767328
22 e 53 0.007265026652819029
22 f 41 0.019212017473177023
22 g 88 0.09998473819152187
22 h 87 0.10201332742190228
22 i 29 0.05029982772103292
22 j 21 0.009805488940570095
22 k 73 0.049313833247068284
22 l 2 0.029026989499119193
22 m 26 0.04310025363810954
22 n 55 0.03715025096906055
22 o 92 0.028456849133481232
22 q 78 0.0031353591036271666
22 r 43 0.05888609656361965
22 t 14 0.024423834082319407
22 u 35 0.16597551925771303
22 w 25 0.028197212539446737
22 x 71 0.006243934619979408
22 y 41 0.01695875886988285
22 z 38 0.1269171501346421
23 a 81 0.03278946231728708
23 b 24 0.00785715500384132
23 d 60 0.00595197648194834
23 e 87 0.02825785490191235
23 h 31 0.007592305376291297
23 i 76 0.012239057216835825
23 j 71 0.03290812113267283
23 l 87 0.08397974165722577
23 m 90 0.01425118047296381
23 n 73 0.06447924730888266
23 o 23 0.08387904567445614
23 q 10 0.07878012797746958
23 r 57 0.05694409742846818
23 s 23 0.20045645621466623
23 t 33 0.004633395839858556
23 u 79 0.04861434340591475
23 v 16 0.03734451651170212
23 w 61 0.008239861799323678
23 z 74 0.18173294317979583
24 c 81 0.8223143001723012
24 m 51 0.15265724666608327
25 a 34 0.13172699897131146
25 e 9 0.04281926545678727
25 f 17 0.02165864965708475
25 g 16 0.08392955014873449
25 h 82 0.022231728948754137
25 i 77 0.012340621152637787
25 j 68 0.06997717156316408
25 k 31 0.014534425935277429
25 l 33 0.042069144455435636
25 m 65 0.12645099289949457
25 n 54 0.037250937258764716
25 p 8 0.1093168857913146
25 t 33 0.09732167527495228
25 v 94 0.024851181988078563
25 w 31 0.10021303537193693
25 x 40 0.05527351781643919
26 e 75 0.5679499675201782
26 g 30 0.15626918205827633
26 x 10 0.2530859713223974
27 a 82 0.07014495670167564
27 b 57 0.06533998389870266
27 c 28 0.17635926603608465
27 k 17 0.055774843406300234
27 n 40 0.004356035678940606
27 p 75 0.1687941571067092
27 q 87 0.19960280380843654
27 t 40 0.0020397986114844002
27 v 93 0.03226526265886964
27 y 35 0.10012963958957088
27 z 24 0.04399706892200239
28 b 46 0.10952483590088269
28 c 39 0.023891577242274864
28 d 8 0.032421448890325055
28 e 16 0.02396893582315074
28 f 3 0.051272685021165665
28 h 2 0.02108073213531736
28 i 87 0.07075573293799786
28 j 9 0.1152708570450165
28 m 90 0.08082435309055824
28 p 25 0.07110084113611304
28 q 4 0.015601883705722353
28 r 35 0.013161646487191758
28 s 49 0.17032746986617897
28 t 8 0.04369276607185779
28 u 90 0.025432468780489992
28 w 63 0.025615571643718082
28 x 50 0.03822668178215061
28 y 93 0.006595063727174
28 z 42 0.04984748502579561
29 d 8 0.11588614042937329
29 q 78 0.3495723758113707
29 r 35 0.18290752808863475
29 u 23 0.018924706750363618
29 y 81 0.14150764169118235
29 z 17 0.13396415141306006
30 a 31 0.00590272800252889
30 b 57 0.21293146008836483
30 c 40 0.006414376176761216
30 e 5 0.04287055810756324
30 f 79 0.07080063788790081
30 g 11 0.02373062063838549
30 h 36 0.0187951268952552
30 i 62 0.010977057254208611
30 j 95 0.005412114158384496
30 k 68 0.10515416423181123
30 l 59 0.05095977973110888
30 m 47 0.015438916875278652
30 n 2 0.0022505977741933414
30 o 8 0.0019841353598968325
30 p 38 0.0031629166371309747
30 q 21 0.0036714614771999887
30 r 11 0.023319827420509753
30 s 56 0.030331897659227725
30 t 75 0.02684940214512954
30 u 84 0.14378685385270695
30 v 12 0.013655602956555879
30 w 87 0.018820497564673633
30 x 31 0.01799285484945512
30 y 24 0.03740006972665466
30 z 26 0.08052255132275421
31 j 11 0.0029176629461090675
31 u 88 0.10095171436413164
31 z 91 0.11478812293035046
32 s 85 0.022471149531936185
33 b 25 0.1542537475669119
34 b 5 0.030083180283931643
34 c 23 0.055047445469246115
34 e 64 0.10029887923369185
34 g 61 0.04780658377309133
34 h 77 0.05402175510323204
34 k 9 0.08070252333598582
34 l 77 0.08000932013730011
34 m 87 0.07320897078939637
34 n 50 0.05204696704540035
34 o 76 0.04007621089908431
34 p 86 0.022262986192848944
34 r 30 0.03658259537582298
34 u 78 0.0034653069414393167
34 v 58 0.12757912054193332
34 w 28 0.06249255709849777
35 b 1 0.017005893183360765
35 e 35 0.04104792603269991
35 f 61 0.001848857823868677
35 g 2 0.006691003683097385
35 h 37 0.14798389856697658
35 i 26 0.04738710640246335
35 j 83 0.05290681714021228
35 k 62 0.09500515310636903
35 l 53 0.004142625027003466
35 n 93 0.010307181398897303
35 o 71 0.06880901368036363
35 p 0 0.0039743527009146185
35 q 63 0.01283521652046149
35 r 75 0.024172498394690045
35 s 63 0.03956801146357314
35 u 73 0.014858897918024416
35 v 73 0.046723788305143565
35 w 85 0.09457292152832064
35 x 39 0.07950020118806955
35 y 91 0.1447617141806541
35 z 40 0.036478316171035696
36 d 50 0.009847451074138647
36 e 43 0.1947810816629486
36 o 33 0.10967303807552387
36 r 6 0.6400157348872902
37 a 14 0.05009073836541944
37 c 62 0.07713538332285708
37 d 54 0.011393141673044505
37 f 6 0.07671435135880089
37 g 64 0.05964909994075507
37 j 46 0.12495100120726232
37 k 49 0.024169653745884423
37 m 48 0.14998426225722616
37 n 55 0.025511195229266037
37 r 77 0.1949469149228269
37 t 94 0.03937399869569391
37 v 89 0.0005055048472337731
37 x 42 0.060225878666723465
37 z 27 0.013944256580937342
38 a 64 0.18553555148632772
38 b 28 0.023361034142059367
38 c 74 0.04095120346973391
38 d 36 0.004389492158983654
38 e 38 0.002322091699044959
38 f 76 0.06340465324817812
38 h 10 0.02492430692978087
38 k 60 0.039068467128265394
38 l 49 0.04504719186095196
38 m 77 0.07134461072820808
38 n 62 0.0560168084776862
38 o 70 0.032169213888809
38 p 4 0.031986688992426404
38 s 50 0.13987534502722132
38 u 45 0.01807849871723033
38 v 81 0.04738390964886274
38 x 10 0.056708741504743254
38 y 56 0.10181963440337594
39 a 53 0.013295350680000984
39 b 57 0.024069054518660704
39 c 26 0.051812698214137254
39 d 67 0.00310599295185654
39 e 9 0.020637805334703274
39 f 26 0.062101000582033716
39 g 8 0.04856138288599865
39 h 5 0.021512709705788446
39 i 83 0.021351326163169593
39 j 89 0.0007465229458756273
39 l 24 0.015238734671876086
39 m 46 0.02545930622153747
39 o 37 0.08825702278925551
39 p 72 0.014689981048061074
39 q 4 0.03832796349191703
39 r 70 0.04457981858129134
39 s 94 0.012886846858917278
39 t 14 0.01556784624263352
39 u 82 0.1049209120278235
39 v 56 0.017337295933787966
39 w 71 0.10663094074367807
39 x 67 0.020007090051554433
39 y 83 0.03159253079561164
39 z 19 0.18459379151124344
40 a 1 0.06159355161319269
40 b 20 0.01984501349716894
40 d 45 0.004683787910613191
40 e 72 0.06373493154969856
40 f 51 0.23065401821565878
40 g 48 0.034116551858347166
40 h 70 0.006549114955221369
40 i 93 0.0396122758790034
40 j 1 0.014140389566443035
40 k 58 0.001512082803497572
40 m 64 0.04217522868289314
40 n 19 0.12987781719334623
40 o 9 0.0042351222444578784
40 p 17 0.14961086226653852
40 q 15 0.0021463245161645883
40 r 55 0.010966679557909975
40 s 54 0.05861244411075861
40 u 19 3.873948123001014e-05
40 v 25 0.06685171595572403
40 w 38 0.010303783188499338
40 x 81 0.0010826024454351213
40 y 93 0.032845166383494995
40 z 11 0.007177846095956286
41 a 48 0.1408261120963259
41 c 49 0.03141793526018066
41 d 58 0.02406953052130234
41 h 11 0.046231893354263365
41 i 22 0.04161531222364456
41 l 2 0.019669953753507552
41 n 23 0.11164038497050155
41 o 78 0.20412315884707133
41 q 90 0.12844072495992642
41 r 15 0.014340044057094214
41 v 82 0.013559199427040536
41 x 26 0.04195843665226806
41 y 15 0.007499277595384046
43 a 19 0.0034184264880819937
43 d 74 0.08224658864390655
43 f 19 0.029483151759705284
43 g 45 0.007943398104663602
43 h 49 0.11182112721262083
43 i 23 0.02099156612693054
43 j 75 0.05868749624491609
43 k 90 0.03938082631620432
43 l 71 0.030262646024606488
43 m 35 0.08314232205644145
43 n 10 0.05815309035049032
43 o 70 0.03590643010795458
43 p 73 0.05114133778834273
43 r 67 0.009074208780393778
43 s 56 0.011524660666273001
43 t 80 0.09632496809678148
43 u 1 0.07464430083711793
43 v 90 0.03279489695617932
43 w 40 0.004234820256519667
43 x 89 0.05235335117641793
43 z 42 0.05205718414874683
44 a 48 0.032285020424691946
44 b 4 0.006477244769035773
44 c 30 0.018718192375641207
44 d 7 0.005140483754443537
44 e 73 0.018072162042319317
44 f 86 0.028654495716048167
44 g 48 0.00024759385408301693
44 h 44 0.1129031727755303
44 i 33 0.04815974669336498
44 j 52 0.11660538537354803
44 k 44 0.0843792758600107
44 l 72 0.003042170261480681
44 m 69 0.0015077271965319161
44 n 78 0.009596263707308483
44 o 51 0.0013196585903136882
44 p 41 0.05540206103700629
44 q 94 0.040602641892598657
44 r 28 0.013944309295758295
44 s 2 0.10018796629895688
44 t 41 0.004603601767871224
44 v 55 0.0724657898719211
44 w 2 0.006091324432230483
44 x 74 0.12961222470897305
44 y 23 0.006344970005200623
44 z 75 0.07007995834065472
45 a 20 0.07913420390533221
45 b 35 0.0001209115919915682
45 c 29 0.038031178950505784
45 d 77 0.007602857577462707
45 e 12 0.06631846649242479
45 f 42 0.02308997982884209
45 g 47 0.01921748070082363
45 h 41 0.024032544064042205
45 i 76 0.0013742292041564186
45 j 83 0.01429996642142839
45 l 5 0.0902013204493537
45 m 61 0.005422429905153292
45 n 22 0.13635055237696747
45 o 74 0.0953438374390333
45 p 30 0.005099489612471975
45 q 46 0.0005961821862222605
45 r 83 0.04146377469750939
45 s 79 0.002847932801295028
45 t 9 0.1325896296793998
45 u 27 0.030975574380003423
45 v 94 0.022494885406871057
45 w 26 0.016648756690606392
45 x 59 0.007062591610890179
45 y 71 0.019633556337768976
45 z 63 0.06701789135787439
46 a 31 0.001753934467549123
46 b 17 0.02561390818383269
46 c 47 0.008972234026472403
46 d 50 0.048305562689174186
46 e 29 0.02475428410409386
46 f 16 0.04027570473048492
46 g 28 0.01569036829318582
46 h 40 0.007998495907577508
46 i 14 0.06786025619188063
46 j 76 0.00790340779488008
46 k 63 0.00219277161867526
46 l 55 0.007794937192516227
46 m 94 0.16788560478701098
46 n 4 0.0102375332317296
46 o 9 0.08726148571390158
46 p 58 0.005353281887019001
46 q 95 0.07072984470988974
46 r 42 0.030212888523997727
46 s 24 0.00486455155301746
46 t 68 0.03387380586044919
46 u 82 0.04116445256218704
46 v 83 0.0025865147897055074
46 w 74 0.04669509190307841
46 x 63 0.14155573970960023
46 y 89 0.025751359498313198
46 z 12 0.019406492430140254
47 a 4 0.1540011075898795
47 b 74 0.012243743574394839
47 c 69 0.005976600868714765
47 d 0 0.024668151245871073
47 e 77 0.0184506222996772
47 f 70 0.09157769827869477
47 g 36 0.024487455328494723
47 h 41 0.006799699969375461
47 i 90 0.02153552030889938
47 k 13 0.09534234301424116
47 l 72 0.044930414182094536
47 m 22 0.050929004807911404
47 n 2 0.018119809646023777
47 o 43 0.007747082930349425
47 p 12 0.11255124220828339
47 q 7 0.05691431463241636
47 r 3 0.02495097091041365
47 s 69 0.004987942049760941
47 t 78 0.03782386701244589
47 u 22 0.007544972666125194
47 v 72 0.037640493652766005
47 w 31 0.07284816078149337
47 x 92 0.004726602895300913
47 y 23 0.051351579274569126
47 z 48 0.010613368926924216
48 f 46 0.5580040022712045
48 g 92 0.25557573788987764
48 p 87 0.04089634375619655
48 u 17 0.0845996146401995
49 e 71 0.19398166766568625
49 f 59 0.15680891367990513
49 i 3 0.18260144499606623
49 j 43 0.035606612134817306
49 k 10 0.1575570412640256
49 r 35 0.16365108742401768
49 u 4 0.040244800526988866
49 x 44 0.022837891454931092
49 y 35 0.02820989130181506
50 a 6 0.08947163009316095
50 j 9 0.07086568639002944
50 l 89 0.05496835509684972
50 m 15 0.019326800989757364
50 p 49 0.21703518385265375
50 q 38 0.005751686498701836
50 s 74 0.09934473890500883
50 v 48 0.06682562845828466
50 w 65 0.1632089855709058
50 y 57 0.071583980892308
50 z 94 0.049715414739791464
51 a 43 0.03989911460500373
51 b 6 0.07096565685192624
51 c 91 0.0030251926180321353
51 e 25 0.05818757211308667
51 f 15 0.02432389772505661
51 h 39 0.004956651096297504
51 i 28 0.05924187565162997
51 j 74 0.007809263535046074
51 k 78 0.012869674394278552
51 l 12 0.06507761458666383
51 m 15 0.08257435413350078
51 n 14 0.125879340833999
51 o 2 0.016745427465470364
51 p 76 0.010301914288726621
51 q 9 0.054310818635837976
51 r 42 0.04248707544217112
51 s 36 0.1150657627197218
51 t 93 7.879857971304638e-05
51 u 13 0.03863277578196733
51 v 17 0.0243111840440845
51 w 20 0.02128209116632529
51 x 79 0.010857500500737527
51 y 6 0.01736092341753992
51 z 75 0.06946486407617392
52 g 28 0.6429705124958911
53 b 40 0.018805102434301224
53 d 68 0.07822614202452682
53 e 43 0.12059425740368157
53 f 94 0.02162154352095158
53 g 94 0.02394294225320137
53 h 94 0.030171748271354826
53 i 9 0.0370394225830486
53 j 43 0.05088141776292687
53 k 48 0.024730302457985465
53 l 31 0.007703383902658345
53 m 47 0.07171314565045583
53 n 0 0.05904990951977429
53 o 89 0.04985869637301499
53 p 69 0.0536601123382483
53 q 14 0.04023303609568618
53 r 18 0.06688923199223695
53 s 6 0.061701698384626025
53 t 67 0.034330243134142124
53 v 65 0.031733401136326944
53 w 91 0.018370703681330203
53 x 22 0.0115814917384508
53 y 77 0.053779140989164254
53 z 12 0.018948845166448347
54 a 27 0.057481426322791296
54 b 15 0.29431244661660827
54 c 13 0.017962562498559653
54 d 51 0.0005051922253799246
54 e 28 0.07161649540365744
54 f 64 0.0387220767639741
54 g 83 3.4591250865689815e-05
54 h 48 0.06719983262886198
54 i 9 0.0035959311836780694
54 j 21 0.011782288606432156
54 k 11 0.004186157050019346
54 l 39 0.022679109347890858
54 m 45 0.02044154763403605
54 n 69 0.02093752044157049
54 p 53 0.0425419471230859
54 q 28 0.04851685248207738
54 r 44 0.0005556328551620249
54 s 94 0.0034368515257302557
54 t 57 0.016077532592794985
54 u 73 0.0022216960646769257
54 v 59 0.041079281133375
54 w 23 0.011945032403041345
54 x 30 0.019936614854990764
54 y 33 0.037132550667354214
54 z 38 0.13326457714458706
55 f 68 0.05636292534619969
55 g 79 0.029942725351557953
55 i 80 0.24725365248308373
55 j 79 0.15966060586450648
55 k 46 0.06209932158528586
55 l 19 0.029930700080203154
55 m 5 0.21383751558128472
56 a 32 0.02738976898075085
56 d 67 0.11783018534403422
56 g 6 0.029795903971638893
56 i 53 0.15819439817643732
56 j 30 0.06262001055175992
56 l 65 0.059019495405110756
56 m 16 0.07360474795111116
56 q 11 0.14570346631985154
56 s 26 0.024216532826948467
56 w 34 0.005901709037590908
56 y 63 0.22584123380226628
56 z 76 0.021959658285242045
57 a 27 0.04457411426269775
57 b 66 0.00833082616981995
57 c 6 0.09644634645577388
57 d 20 0.08764497315008801
57 e 86 0.0849485768011049
57 f 78 0.0063397163198620765
57 h 19 0.0073295839892318915
57 j 92 0.07914271071045265
57 k 87 0.014590196558371349
57 l 41 0.0201277842946177
57 m 6 0.07721838412519677
57 n 15 0.004134118300777034
57 p 51 0.049931161415977976
57 q 14 0.10704515811369908
57 r 31 0.0954862350398421
57 s 17 0.022402790498455616
57 t 72 0.012122243985266845
57 u 65 0.06482205967072874
57 v 47 0.007514645304153134
57 w 52 0.002298710190484776
57 y 28 0.03971593592902578
58 a 90 0.10739934258277595
58 b 73 0.2189053864755076
58 j 76 0.3117991576816752
58 v 87 0.05007209212841823
58 y 51 0.06925532391262545
59 e 18 0.5920450181861204
60 i 44 0.13260763152989874
60 q 59 0.2275149657684865
60 z 45 0.6306814512903846
61 a 36 0.0030628846020258615
61 b 65 0.005012251821407299
61 c 18 0.05699092116365656
61 d 5 0.0008333957353988675
61 e 90 0.0032350422493006015
61 f 87 0.019612025834470415
61 g 32 0.010967480392314988
61 h 48 0.04965199083798466
61 i 83 0.13987076817131017
61 j 30 0.00858465744539727
61 k 44 0.01601674704199163
61 l 80 0.015570980280114943
61 m 30 0.051030379702601714
61 n 9 0.03731001034040693
61 o 16 0.015667760988550827
61 p 39 0.08982682776785245
61 q 35 0.05993739214711491
61 r 34 0.02197106074398325
61 s 91 0.1042900546933665
61 t 8 0.01995791729958374
61 u 30 0.007237403498083328
61 v 45 0.007394861874571612
61 w 45 0.005645922000694248
61 x 47 0.08129841531380577
61 y 42 0.02327492049865032
61 z 15 0.11910052381676184
62 c 57 0.019177202987236353
62 e 41 0.007141609371269397
62 g 81 0.038167363512049524
62 i 55 0.024811872266863544
62 j 44 0.270163553029538
62 k 13 0.06012605775676583
62 l 20 0.013715624683799832
62 n 63 0.06223515454090012
62 o 58 0.02999328999399986
62 q 0 0.03768833636928037
62 r 60 0.16933381304747386
62 t 14 0.03880375967571148
62 u 66 0.013482183920822899
62 v 22 0.028336068106354473
62 w 67 0.00977491876360792
62 x 0 0.0210115546249805
62 y 60 0.1318023344365531
62 z 26 0.01418855656884721
63 f 12 0.11826477337800867
63 g 90 0.13504064424407536
63 h 62 0.11843361643448436
63 j 67 0.05008457351578344
63 k 61 0.0700282301046018
63 l 64 0.11573795013227728
63 r 8 0.30729332245851093
63 u 25 0.03869525640199445
64 a 28 0.04531723381230146
64 b 93 0.06045372924888048
64 c 73 0.005142520429651576
64 d 78 0.005908507660879581
64 e 55 0.049711130752336574
64 f 14 0.03635386423711573
64 g 44 0.0814234995489116
64 i 22 0.040228096747141895
64 j 29 0.060487981071459584
64 k 64 0.027722283895543653
64 l 37 0.014282694098785131
64 m 87 0.0019087131248411993
64 n 40 0.08200978280050919
64 o 17 0.04848572874209911
64 p 25 0.006812108159690133
64 q 92 0.08805818574869373
64 r 89 0.04067221745467431
64 t 1 0.042209914092701806
64 u 33 0.10876534960556927
64 v 61 0.00799827704088496
64 w 29 0.013354771784018227
64 x 6 0.11489158972598312
64 z 87 0.0007166292976066302
65 a 93 0.07416889118181746
65 b 64 0.07447690041993826
65 f 48 0.11971528020243327
65 i 37 0.24799860430523601
65 k 51 0.06291927198026381
65 l 78 0.00738860605119962
65 n 49 0.13795219460339536
65 o 2 0.004074729741263883
65 r 32 0.008327815779434533
65 t 69 0.09339927677256654
65 w 41 0.05310804094110022
65 z 82 0.05682642026146756
66 a 78 0.03180879521475133
66 b 71 0.1513234129729505
66 c 23 0.04204508588041511
66 f 79 0.07190666014374236
66 h 71 0.3151921544723043
66 i 66 0.08386575808586305
66 j 71 0.0022057407325000167
66 l 63 0.017232466538225633
66 n 31 0.027977073422142062
66 p 32 0.056539324774342536
66 q 83 0.057131198550465556
66 s 20 0.03261783707863042
66 t 16 0.02775902243002537
66 u 53 1.427474311832544e-05
66 v 15 0.03204823476394414
66 w 87 0.01551162836880371
66 x 31 0.021229831160401558
66 y 91 0.010020736169133126
67 a 14 0.01464866008801824
67 b 95 0.026027490751599047
67 c 64 0.025006159143622808
67 d 64 0.0035952591308978654
67 e 37 0.04902833291364994
67 f 82 0.023600759109706382
67 g 23 0.03743028130076609
67 h 13 0.04062449339822183
67 i 2 0.03578635800335139
67 k 53 0.020397932374791594
67 l 69 0.024120202297519544
67 n 95 0.07038704384028927
67 o 20 0.038020542115331346
67 p 52 0.008960526961900195
67 q 91 0.08715717225547415
67 r 75 0.005116685006825161
67 s 52 0.00939422458773842
67 t 74 0.036349944354814756
67 u 71 0.09384792675423037
67 v 3 0.008786877198657894
67 w 54 0.021465318156512647
67 x 50 0.037941709037923155
67 y 40 0.12347736279889987
67 z 29 0.028813883799272966
68 c 9 0.11495249967468757
68 h 49 0.08823276700563965
68 i 33 0.007284362149049373
68 m 60 0.19847727556507877
68 w 26 0.1319687872302504
68 y 21 0.010040483964365854
68 z 9 0.12178003115288305
69 a 62 0.04004923481854017
69 c 28 0.2375275737574969
69 g 34 0.02816472870387665
69 i 52 0.09321438766579926
69 j 24 0.1029213151557965
69 k 28 0.10734009539665901
69 n 79 0.004177394427345105
69 p 41 0.020510759982112825
69 r 61 0.0007616677328301513
69 s 4 0.015048383529015386
69 t 73 0.13141369656389035
69 u 83 0.1160809390335642
69 w 91 0.012404385506342486
69 z 86 0.009228011932831959
70 f 88 0.2937707716375716
70 u 8 0.22827505679270266
71 c 13 0.18964115970150053
71 d 33 0.03949428937753541
71 e 32 0.0651630022738997
71 f 61 0.08302526394485332
71 i 61 0.018095148927049665
71 k 95 0.06299564455620021
71 l 57 0.055564585424123125
71 m 29 0.03345389458122794
71 n 37 0.03436542858268721
71 o 73 0.14786816104781375
71 p 48 0.04213346678023311
71 q 26 0.003735386785468031
71 r 4 0.03376515788822565
71 s 80 0.04655694044212022
71 t 0 0.07861734278075894
71 v 87 0.02212231237425244
71 w 24 0.01807463848634905
72 a 45 0.03573835322096219
72 b 53 0.01988224678239492
72 c 69 0.017564513756378797
72 e 70 0.0905476659493687
72 f 5 0.0006809045596144481
72 h 29 0.27442815033348733
72 j 4 0.000971191389887549
72 k 47 0.03080752655112795
72 l 48 0.013819547863754167
72 n 18 0.04125536565092913
72 p 26 0.003464672712784056
72 q 2 0.021096909791327945
72 t 94 0.1332606595920861
72 x 81 0.23728178438896785
72 z 72 0.0398224175361358
73 a 74 0.03390433393343606
73 b 77 0.08942015714035767
73 c 26 0.006378678562894424
73 d 71 0.03295331718185268
73 e 66 0.006672629275489728
73 f 91 0.042271791750956966
73 g 0 0.067782828809821
73 h 62 0.0083102187612355
73 i 37 0.031084300328784842
73 j 60 0.0289153924871578
73 k 65 0.05208152296051216
73 l 63 0.00074745955204647
73 m 5 0.07772152268748111
73 n 53 0.00901853772255723
73 o 80 0.014848083294004666
73 p 63 0.05410924350011559
73 q 82 0.0693080432827553
73 r 59 0.04927998894909191
73 s 22 0.08548376699091742
73 t 16 0.01551159616152209
73 u 13 0.008447746002726908
73 v 13 0.1432933080960006
73 w 28 0.03290929443467616
73 x 74 0.009359480328817282
73 y 84 0.018859378503177537
73 z 20 0.009104271102363337
74 a 70 0.033967643052051244
74 d 47 0.012952397352846035
74 f 72 0.05614337485187881
74 g 33 0.028340366207735168
74 j 95 0.12014119477061969
74 k 76 0.025538039984157268
74 l 41 0.0673036865057689
74 n 43 0.058413222148799626
74 o 37 0.02863673774954001
74 p 26 0.08013374303903331
74 q 32 0.11108098199694671
74 r 25 0.06450151656084269
74 s 47 0.0431580966108529
74 t 80 0.05150110086699866
74 u 18 0.0353238608653762
74 v 2 0.07119684244407576
74 w 17 0.011966290410239555
74 x 79 0.02675964007083853
74 y 71 0.01348675857461612
74 z 51 0.03338330053258298
75 a 94 0.051092482508318326
75 d 31 0.09279181818900695
75 e 78 0.0011767657264254439
75 f 84 0.029262239958916858
75 g 72 0.0323319892484627
75 k 15 0.06438800302461345
75 l 52 0.1329054542711674
75 o 6 0.004390479214919307
75 r 72 0.185042198427271
75 t 72 0.07246712724973603
75 u 41 0.07784309888420016
75 w 75 0.01758928755084055
75 x 79 0.016440884812498613
75 y 81 0.08282750342039957
75 z 34 0.09764882555404175
76 c 25 0.02611189425526972
76 k 31 0.20563694725023773
76 o 15 0.04260937218796346
76 p 18 0.0679329842914187
76 v 39 0.31898732691139564
76 x 47 0.244148113521108
77 a 42 0.07897412051625063
77 c 81 0.0038690085850749956
77 e 64 0.03291516274486672
77 g 33 0.20357238584648008
77 h 56 0.008557752332409851
77 i 17 0.04064252412458669
77 j 62 0.01936332746349445
77 l 73 0.029973613661504417
77 m 7 0.14803778399045142
77 o 31 0.047336139221427764
77 q 54 0.012900658629632411
77 t 74 0.08028275780124305
77 v 11 0.12904728983116387
77 x 30 0.10279892547925162
78 a 28 0.14237432872800038
78 c 14 0.016595616078278863
78 d 81 0.030389077226839034
78 e 45 0.0020920935320875023
78 f 85 0.035254704495424005
78 g 23 0.02368542980647237
78 i 34 0.07473000704416144
78 j 21 0.057467406917124486
78 l 14 0.020696625392592094
78 m 9 0.02927488813074186
78 o 16 0.06969386551637813
78 q 7 0.06588061420838165
78 s 2 0.009375834670182659
78 t 8 0.04616615177420913
78 u 66 0.012181000495228078
78 x 66 0.3350328126116976
79 a 19 0.14364716445292147
79 b 28 0.06227523177292282
79 c 92 0.006042397193867677
79 d 70 0.04601545984472799
79 e 38 0.014347570884161054
79 f 68 0.01604352067810788
79 g 8 0.00813269541388395
79 h 28 0.021682969148218323
79 i 32 0.08866214060818056
79 k 74 0.021598363728913217
79 l 47 0.08743444531981037
79 n 73 0.05612211461769234
79 q 6 0.05332612248515933
79 r 12 0.0005752466543051948
79 s 72 0.03507431952554785
79 t 11 0.0497025680506904
79 v 11 0.0379912497492817
79 w 84 0.05787308592967266
79 x 5 0.0028390813278518223
79 y 23 0.024424217529837478
79 z 40 0.03890008667263278
80 e 45 0.1097933168875137
80 g 78 0.15072344288876216
80 h 24 0.07993796749501048
80 l 57 0.13775894611918238
80 q 77 0.05882336164923718
80 s 24 0.07955672218242815
80 v 78 0.2851210768330015
81 a 2 0.039219703116049276
81 b 69 0.1704156622762265
81 l 6 0.08450410601922431
81 p 9 0.02815329498561492
81 q 83 0.03186879164157408
81 t 72 0.32739258142443806
81 u 68 0.004683182205232117
81 w 48 0.09043872050013146
81 y 48 0.12510474240991165
82 a 75 0.006399545464727985
82 b 4 0.09354447209538352
82 c 27 0.015522765818560047
82 d 66 0.018046621069539248
82 e 60 0.004208085625151403
82 f 91 0.04976508609968766
82 g 14 0.026811383439424574
82 h 37 0.08086563565603222
82 i 78 0.02300655437628496
82 j 15 0.00862224770089548
82 k 68 0.00820646344396636
82 l 14 0.02681543153630661
82 m 94 0.060215627375864056
82 n 34 0.03401133313353388
82 o 39 0.009574982247397168
82 p 91 0.028755844185381907
82 q 35 0.05959987911828424
82 r 80 0.03152051685828372
82 s 0 0.07299088512030172
82 t 75 0.09250677344082525
82 u 43 0.05082653555276784
82 v 56 0.011322959216392925
82 w 44 0.040061089835628505
82 x 83 0.09472282206128779
82 y 76 0.008559282747602537
82 z 48 0.007352628566637764
83 a 34 0.3000402948552292
83 b 85 0.05824523805059423
83 c 31 0.14813864361416096
83 e 31 0.028977719962505755
83 h 48 0.1054137852185486
83 t 57 0.14797719700766487
83 v 14 0.0054700589104796915
83 y 70 0.030027816208844094
83 z 33 0.07466571805710465
84 a 58 0.014262880237472797
84 b 70 0.08267888861770811
84 c 16 0.025401702739426546
84 d 21 0.019475703435504643
84 e 74 0.08652690171172361
84 g 83 0.0954542135953862
84 h 70 0.09111723375391523
84 i 4 0.06391818240045122
84 j 91 0.008431231826852015
84 k 50 0.05736996263830252
84 l 31 0.023434162627702038
84 m 50 0.12223884263291684
84 n 31 0.01825683271396683
84 o 28 0.008998120361367268
84 p 80 0.0005133403106243328
84 q 43 0.021805146950311327
84 r 53 0.006630652861308817
84 s 81 0.021551325204312133
84 t 35 0.002826635510606579
84 u 64 0.005311674758259777
84 v 60 0.04818979043302407
84 w 10 0.06829513102679208
84 z 59 0.07886271393646915
85 l 34 0.6657089527597652
85 u 71 0.04713030207349156
86 a 5 0.055511504929255606
86 b 26 0.2208088934920922
86 d 32 0.011109752115431082
86 e 41 0.1081228206546575
86 m 39 0.1010717125866849
86 n 22 0.07462896806475583
86 s 86 0.009744794230209575
86 t 26 0.20650173565493268
86 u 53 0.030202384380376035
86 w 92 0.012127116937233118
86 y 17 0.009953584124302584
86 z 90 0.009721638933695265
87 o 17 0.02024152927193601
88 a 37 0.17653546400306663
88 l 7 0.027109133809895325
88 t 29 0.12237741752930908
88 v 21 0.0938876040003368
88 w 10 0.17295246906786932
88 x 16 0.12183843303354636
89 c 88 0.03225507649171022
89 d 37 0.013519945948595624
89 e 91 0.020669941527887592
89 f 8 0.04161802231390488
89 g 79 0.2746063813405776
89 h 83 0.039333501106913915
89 i 76 0.034354216441876306
89 k 37 0.011263507822049323
89 l 9 0.02745839249852744
89 m 48 0.009798183160766305
89 n 84 0.08259336857825117
89 p 37 0.019585029011180977
89 q 27 0.05187959370734985
89 r 48 0.016153408579641537
89 s 56 0.010039504545693134
89 t 2 0.03287953336124394
89 u 51 0.0028876182632507907
89 v 9 0.1603732021846136
89 w 48 0.017121179442479595
89 x 36 0.06460325154758817
90 d 32 0.23278600965962493
90 f 13 0.08425878200273573
90 g 15 0.14529893922751602
90 l 88 0.12018558192014128
90 m 72 0.02031621338649925
90 n 90 0.05398475460647134
90 o 58 0.030739406399545532
90 p 29 0.06716551431187634
90 q 29 0.07848076312640939
90 u 3 0.070996766508021
90 v 47 0.07861989932377689
91 c 51 0.013937263399898203
91 d 29 0.08030706514946606
91 h 86 0.03234667746292241
91 i 0 0.11996399630694299
91 j 1 0.0629134290520057
91 l 8 0.06811491013577131
91 o 14 0.041124891571009625
91 s 76 0.07219541555503939
91 t 80 0.0688100393171105
91 u 31 0.03777416317060833
91 y 71 0.17466049317975862
91 z 16 0.1172908248645127
92 b 79 0.1042241262836674
92 d 2 0.033115119056788433
92 e 18 0.07684257161733232
92 i 51 0.04614501623438161
92 j 66 0.01565085181133896
92 k 72 0.10833221359095613
92 l 74 0.1583916312498398
92 m 52 0.005995753660750891
92 o 61 0.09225942362946093
92 s 85 0.03738091244576647
92 u 12 0.03684774116257894
92 v 7 0.10660972178579853
92 x 64 0.12993900397052505
93 a 87 0.0662076057095804
93 b 3 0.057802397848427334
93 e 76 0.06277391627696449
93 f 90 0.09015841029140637
93 h 26 0.00028947282252278494
93 i 90 0.09721529811485508
93 j 62 0.06099142064301988
93 k 8 0.015632797495211515
93 m 23 0.007870673058031574
93 n 62 0.12014195886519985
93 o 45 0.12863181368232757
93 p 2 0.013792630359837244
93 q 29 0.02335249553915464
93 r 7 0.004890826794316627
93 s 20 0.011697881820966871
93 t 48 0.0617861863005531
93 u 71 0.0679790181672496
93 v 61 0.011214358233592625
93 w 42 0.01901564683306034
93 y 87 0.04621992784807749
93 z 51 0.01801335652021452
95 c 58 0.29892897317487344
95 h 42 0.01132517980691028
95 i 93 0.08195209110171275
95 l 22 0.0993490522434215
95 n 66 0.011204039055663029
95 p 42 0.017791917301773097
95 r 22 0.020126517537632393
95 v 93 0.03514114162619608
95 w 93 0.12318294529550422
