183 26 2372
0 0.09609997507779977
0 0.31383872482296904
0 0.014497464531944781
0 0.015740991316888775
0 0.17942241065730558
0 0.0026516915883649794
0 0.0429279667367618
0 0.1340560360356724
0 0.22044209240359902
0 0.0924880225990351
0 0.33613910420435866
0 0.45642087720803115
0 1.0
0 0.005858319992581573
0 0.050997567597614535
0 0.037149994983883605
0 0.020567281291565598
0 0.1601964198892447
1 0.04590843308016279
0 0.14682497095849356
0 0.01936167189586091
0 0.11543337494143147
0 0.08021075274528844
0 0.2675402719058404
0 1.0
0 0.03480146034326714
0 0.052841908866636644
0 0.013716788442906247
0 1.0
0 0.014293630222208087
0 0.2333504212444849
0 0.0377484874784868
0 0.029368403204339977
0 1.0
0 0.020217398096786354
0 0.04744166915679138
0 0.040315639037646456
0 0.09083173747491402
0 0.01904234128456017
0 0.04693222940362585
0 0.09363880938508085
0 0.6219904051857831
0 0.07733308268708883
0 0.014662076702873894
0 0.06526590201936322
0 0.010208083587275874
0 0.07512399664246872
0 0.04689805877084208
0 0.1262605208410108
0 0.08137615659037944
0 0.03825734078409693
0 1.0
0 0.003247391604108252
0 0.3171109221340801
0 0.2653512509470227
0 0.007277197416479364
0 0.05503631086388272
0 0.05703147795151031
0 0.9912794623579463
0 0.5835037632302453
0 0.002573272723380038
0 0.06126274456179359
0 0.15882860365512763
0 0.5056368015319027
0 0.06225574041813198
0 0.009886214850185926
0 0.06518648709232622
0 0.21745346753104955
0 0.015077216771299695
0 0.0555848561654293
0 0.06322542094153183
0 0.012554642862993348
0 0.10110496674187897
0 0.11377881957453861
0 0.07041628731083194
0 0.015864957322196727
0 0.001234931064992173
0 0.007279394053929744
0 0.044932078287514
0 0.10592784517871168
0 0.02110164748866772
0 1.0
0 0.012669617574755376
0 0.038272717136658585
0 0.03344597276354855
0 0.06760144479186114
0 0.013716470206153963
0 0.5802420525218
0 0.0074156709637622775
0 0.07425731077269893
0 0.3769205224254911
0 1.0
0 0.023792348333792512
0 0.01658441219082263
0 0.21884394051881473
0 0.08547653603881245
0 0.08483140079789575
0 0.016960518436793692
0 0.15549913862396159
0 0.02904134185318097
0 0.019504041619810564
0 0.09710999733744652
0 0.004966856562379274
0 0.0015081580575260212
0 0.049135143178025364
0 0.011399206167873044
0 0.3925118893493631
0 0.08676184029123268
0 0.06383953458728697
0 0.009015468337774335
0 0.09277956859998615
0 0.0014679989745548516
0 0.043448674443722024
0 0.11949727914309183
0 0.04643916845779261
0 0.3835924850216651
0 0.001707936365175411
0 0.22960898870082702
0 0.06932880047830325
0 0.03089698818888509
0 0.12888916449525467
0 0.08297866421954403
0 0.020357955322752752
0 0.29498956891161987
0 0.21495750392165436
0 0.01692454473756899
0 0.22526879332676608
0 1.0
0 0.013155676761623991
0 0.03905736679468352
0 0.12496530969432007
0 0.01107163631246777
0 0.025138096698839152
0 0.17807637062827197
0 0.13639166266140346
0 0.0028834948369914626
0 0.05002987623967681
0 0.03753966070553805
0 0.005401814171648867
0 0.009012037828967978
0 0.13396365185083803
0 0.04937843765294536
0 0.08452994907373201
0 0.07961344106082446
0 0.0617147870612923
0 0.0278018210763763
0 0.37281678711533794
0 0.0017847481281756394
0 0.061946494885750214
0 0.20509448936254893
0 0.019190858114141673
0 0.028195798322289134
0 0.044649485522863186
0 0.11526400767139866
0 0.23703602891583542
0 0.05032050261804377
0 0.09394937578633256
0 0.06742143515820809
0 0.014481581857977877
0 0.03418645957200217
0 0.0705994056916519
0 0.011569441516959378
0 0.0717470554209011
0 0.0201909038870568
0 0.018019580017173853
0 0.011968391264611689
0 0.6082075913573547
0 0.01580965775153842
0 0.01833011346503277
0 0.10124925432187915
0 0.6846556696603651
0 0.06234766248418966
0 0.00786011433641609
0 0.14628628543785227
0 0.00595749241867316
0 0.09486229710176097
0 0.007611246302861807
0 0.4260949907848879
0 0.032539861454538244
0 0.2070440041064553
0 0.0020603415741302644
0 0.18398511039274812
0 0.01042682821489449
0 a 116 0.008010275765243935
0 b 81 0.008376004391323022
0 d 44 0.013957274709800016
0 e 123 0.07627600953541147
0 f 65 0.26759438483406583
0 g 52 0.13711349837052667
0 i 17 0.0644101158868221
0 j 68 0.007563299779356436
0 m 134 0.013067732784384112
0 n 160 0.019444081627961185
0 s 149 0.004697484210172909
0 t 83 0.01158403370026484
0 u 111 0.012092804243491795
0 x 176 0.1169624433445714
0 y 77 0.12109226094766834
0 z 36 0.021658320791136165
1 k 76 0.19510733736342578
1 y 15 0.08774674998994325
1 z 144 0.40330718782366193
2 a 161 0.015515998273977316
2 d 21 0.056602111169380076
2 e 149 0.10066001318526274
2 f 106 0.005001539135676358
2 g 80 0.09331827416391403
2 i 114 0.057299302396699114
2 j 64 0.005020533660562099
2 l 105 0.07585140150187109
2 m 38 0.029666720846353245
2 o 85 0.05161902033130683
2 p 179 0.01337515342407658
2 q 179 0.02184358217575777
2 r 128 0.020649321645431984
2 s 61 0.059587820137158354
2 t 116 0.007311084085555364
2 v 101 0.025076098927747315
2 w 170 0.025699964043407575
2 x 62 0.023333893655622107
2 y 86 0.03758399761596831
2 z 126 0.26048670509232696
3 b 14 0.037859272717391756
3 g 19 0.18339144871944235
3 h 92 0.018882364237609472
3 i 167 0.14816364197385468
3 l 167 0.019768267069323886
3 m 73 0.12084479907711143
3 n 88 0.04899732814817048
3 r 140 0.03984417715084698
3 s 116 0.33710110801447213
3 u 59 0.0062528716305064735
3 x 16 0.02242913413572234
3 z 161 0.0007245958086592452
4 b 59 0.04169083154981923
4 e 93 0.08380648153656911
4 g 175 0.08452486364127243
4 i 2 0.012989020670863494
4 j 35 0.08364729150419592
4 k 90 0.02777483627496935
4 m 19 0.06714776645955389
4 o 52 0.06852186770448632
4 p 91 0.01670531315685675
4 r 138 0.05150530267569198
4 s 43 0.1302912434203466
4 v 148 0.03324140845071222
4 x 171 0.11873136229735715
5 a 30 0.001091575791848487
5 c 97 0.04207549613911998
5 e 98 0.037430872944754445
5 f 15 0.004663316501982706
5 g 0 0.027529659130198336
5 h 139 0.021775376989140116
5 i 173 0.007690557314134594
5 j 47 0.05944004347849274
5 l 120 0.03361174394271649
5 m 33 0.07481619854654598
5 o 120 0.027735067106802624
5 p 148 0.043561268595926905
5 q 167 0.021029855914157625
5 r 160 0.0257702133849671
5 s 29 0.08787034657030246
5 t 95 0.050652329705864196
5 u 68 0.003840945503429616
5 v 21 0.13629085609228042
5 w 99 0.11801508121071291
5 x 72 0.12466983419738709
5 z 3 0.0477876693508702
6 a 162 0.200238720343204
6 b 73 0.05110967562752333
6 c 154 0.04963269924023328
6 d 70 0.11720543725825616
6 e 107 0.01482042472067202
6 f 56 0.0012090774932698167
6 g 10 0.13553903961942226
6 h 95 0.012823862981149126
6 j 141 0.007094834204750655
6 k 120 0.011091527924748323
6 m 159 0.009312522855122074
6 q 82 0.09152883530113998
6 t 35 0.015768453861590537
6 u 67 0.1706544990668898
6 x 43 0.06904242276526684
7 k 52 0.05188491971182252
7 l 152 0.018318781387099303
7 p 11 0.15909787987064783
7 u 151 0.636642382994758
8 n 73 0.06182912221573045
8 p 147 0.5992902337994952
8 z 32 0.11843855158117533
9 a 14 0.025280723021027462
9 b 91 0.003748883478833731
9 c 120 0.02778606659113314
9 d 74 0.018912680511197877
9 e 178 0.023339441216486345
9 f 19 0.05562485243581783
9 g 159 0.006192588814580846
9 h 117 0.0015201155380318854
9 i 73 0.027410492274489107
9 j 174 0.02128364291935181
9 k 72 0.1673918520287916
9 l 87 0.056535658335302164
9 m 91 0.07023462498809285
9 n 57 0.05287934432987884
9 o 132 0.06497521762449843
9 p 109 0.015752305876210793
9 q 146 0.04477250640114405
9 r 101 0.051245311514042435
9 t 18 0.002138862085302784
9 u 152 0.014887672300020083
9 v 31 0.023872976813363644
9 w 61 0.013086326178641028
9 x 99 0.09139311573687448
9 z 113 0.0272467163878517
10 c 84 0.203609831389984
10 d 126 0.09716056687699637
10 l 81 0.00900327214940122
10 q 122 0.07479535867952514
10 u 55 0.056652692140497396
10 v 120 0.16306139003010978
10 w 8 0.05957778452912743
11 p 120 0.46285394764465904
11 s 181 0.08072517514730981
13 d 81 0.17181831464038178
13 e 167 0.013997298327874774
13 f 105 0.08756585464430378
13 g 165 0.009508112618402897
13 i 51 0.017127927934184606
13 j 77 0.02750101931809712
13 k 135 0.014608744757171888
13 l 166 0.018508697055039436
13 n 17 0.09620454409279255
13 o 146 0.04236085114367716
13 q 45 0.011022831681891998
13 s 127 0.054795280185870876
13 t 182 0.024848397909150388
13 u 111 0.0320543301632108
13 v 175 0.019779032353393955
13 w 150 0.027253864722356913
13 x 96 0.13754679657370072
13 z 105 0.1876397818859168
14 d 36 0.044499545927705775
14 g 30 0.038381217575468196
14 h 120 0.07642407199358536
14 i 105 0.05420509861017786
14 j 48 0.02765511672243348
14 k 49 0.052331808519738066
14 l 18 0.13820998862692324
14 o 2 0.03768969647445164
14 p 68 0.017332566639471914
14 r 27 0.26079021726603346
14 s 72 0.03689297635416289
14 w 107 0.06709587009913187
14 y 23 0.06481081493946761
14 z 77 0.0326834426536341
15 e 104 0.0191785125204349
15 k 15 0.13167670878425608
15 q 113 0.3452215522600336
15 r 54 0.10957209559233039
15 s 146 0.12137338366494599
15 u 144 0.1869012157455885
15 v 102 0.04892653644852696
16 a 129 0.04383471156322449
16 b 80 0.028004311031852303
16 d 148 0.0380151265526989
16 e 90 0.01268330566698661
16 f 114 0.010181977934587083
16 g 30 0.02663140316633328
16 h 97 0.0008269737055812687
16 i 152 0.18824012201826867
16 j 88 1.983928278392888e-05
16 o 124 0.1137419531833681
16 p 88 0.03724348319001092
16 q 181 0.03783090097417385
16 s 21 0.03332788525617614
16 t 61 0.05069763726810106
16 u 61 0.14025346692340745
16 w 87 0.09658563244095819
16 x 52 0.014083740352590524
16 y 107 0.014634561191475326
16 z 137 0.0925956870058563
17 a 52 0.13700785571230878
17 b 14 0.06145236990861658
17 c 140 0.08830903079195807
17 f 52 0.056412781418021196
17 g 105 0.1404310043716952
17 i 123 0.04659107308059762
17 k 93 0.01546249635639374
17 m 86 0.006016980404455641
17 n 120 0.040448235874468
17 p 26 0.03823855029838341
17 q 174 0.024438505919564535
17 s 13 0.03249254298932047
17 v 0 0.12341456964819486
17 y 155 0.02908758333677719
18 a 180 0.00847345770830843
18 c 179 0.030402852913596234
18 d 34 0.03283297405333041
18 e 51 0.016341604534342857
18 f 165 0.02268282014851708
18 g 23 0.011476985905616743
18 h 120 0.0877279345096359
18 i 99 0.12207749359291453
18 j 128 0.006699097641330143
18 k 90 0.0018863037777918645
18 l 98 0.031042066914096278
18 n 170 0.08891730255901864
18 q 39 0.013559622514844438
18 s 101 0.010388650221899387
18 u 84 0.24867255956044187
18 v 81 0.013977942710949098
18 w 133 0.1701858222995083
18 y 165 0.021492477074330107
18 z 1 0.0152535982793649
19 a 144 0.019362432823491593
19 b 65 0.0050870228254564775
19 c 71 0.011970924532112126
19 d 57 0.13447898864859742
19 f 126 0.013927144061686825
19 g 100 0.05665036919706401
19 i 61 0.008027191131898315
19 j 34 0.04719865620160002
19 l 156 0.2943938520390198
19 n 57 0.005213705825247716
19 o 26 0.004039902889019453
19 q 98 0.03789994869169355
19 r 51 0.05224543396505199
19 s 126 0.011949488108795148
19 t 79 0.05768950468595013
19 u 170 0.015906471666373934
19 w 130 0.009887565978877078
19 y 159 0.03522854744883641
19 z 152 0.03201787832073444
20 a 20 0.08975993340016652
20 c 2 0.14044401651102378
20 d 23 0.11569703061925551
20 k 169 0.02525422702986968
20 n 105 0.031047723461065102
20 p 15 0.2524633364230918
20 r 174 0.2140926690856919
20 s 139 0.06788550957251449
20 x 5 0.0406622119973028
20 z 30 0.003331670004157461
21 a 105 0.054865031997012204
21 b 85 0.057376791426303475
21 f 96 0.08071271627932763
21 g 22 0.036343037931534816
21 h 112 0.013685809092024104
21 j 119 0.012648961482654486
21 k 7 0.2327771133509553
21 l 32 0.05992692077687567
21 m 60 0.02890828531653178
21 o 97 0.04119372356281814
21 q 139 0.04824128403062
21 r 119 0.003262524548188761
21 s 182 0.025542243804634657
21 t 155 0.045208784392664514
21 u 151 0.02525994988368241
21 w 6 0.00029629838543043796
21 x 112 0.026650083860107143
21 y 54 0.016862635952574312
21 z 7 0.07480442898462869
22 b 95 0.02393220073619806
22 q 130 0.0017096254939545918
22 r 166 0.1528728796235197
22 s 57 0.5118960506383773
22 t 19 0.17979909478400358
22 y 57 0.04957939597865835
23 c 54 0.08178647449961263
23 g 76 0.0513833681950302
23 h 20 0.11579559936376549
23 i 1 0.06209691440348908
23 m 101 0.06422434612135619
23 n 160 0.008135669269648815
23 p 90 0.043108509596407885
23 q 86 0.13439588117295576
23 s 155 0.0356497560111253
23 t 11 0.004017946324625932
23 u 147 0.008989883697505308
23 z 67 0.12287537943863702
25 b 28 0.018969575990660736
25 i 137 0.10488854970260186
25 j 93 0.012128140733994486
25 k 88 0.07978184516685227
25 m 3 0.0027838715496046884
25 p 162 0.030220375010701073
25 q 41 0.046698947035179295
25 t 180 0.6558374419381583
25 y 180 0.01388979252898015
26 a 153 0.005455193713703288
26 b 101 0.027462177705426916
26 d 176 0.01665654060654298
26 f 76 0.02480650864287115
26 g 103 0.004243222006797831
26 h 140 0.01454447585500862
26 j 128 0.007098677330874659
26 k 34 0.09223658149243974
26 l 44 0.0975018634244752
26 n 47 0.08958630432134518
26 o 37 0.08808004879353948
26 p 70 0.012121355231627162
26 q 69 0.14087101691612058
26 r 85 0.159405406230558
26 s 113 0.009399445244597238
26 t 65 0.008100965947433258
26 w 86 0.028753891473198845
26 z 180 0.12083441619680324
27 a 119 0.04654309683167701
27 b 130 0.002351289101551357
27 c 137 0.16892063257439438
27 d 69 0.02919692433524068
27 e 111 0.041770081571853246
27 f 40 0.01080518120983709
27 g 161 0.005150824412029409
27 h 112 0.008304074140073392
27 i 80 0.05603810625515748
27 j 112 0.0312929443245219
27 k 128 0.009223995604619839
27 l 131 0.010071539259098539
27 m 20 0.01861394768016611
27 n 81 0.0766611811591591
27 o 127 0.0048005577978732505
27 p 75 0.14801211499005273
27 q 96 0.02636880570155742
27 r 59 0.00863121077813278
27 s 74 0.042564818365112056
27 t 135 0.01344434348244794
27 u 58 0.00842252376058994
27 v 123 0.031698111763066805
27 w 164 0.09595036083476038
27 x 37 0.017381236277900003
27 y 19 0.007581786050897987
27 z 153 0.06648352329532292
29 b 2 0.004212639937518969
29 e 68 0.1592080192912516
29 f 66 0.056478320483850375
29 g 102 0.057628959360856435
29 h 167 0.03740824285105959
29 i 64 0.09028899659472356
29 n 116 0.07565329435277512
29 o 182 0.17749268328280232
29 s 155 0.03223829604064177
29 u 112 0.08312788639000046
29 v 80 0.1758970923902552
29 z 25 0.0360719388020565
30 r 96 0.13644517982854099
30 s 88 0.15935714275413804
30 w 33 0.07075229143453987
30 y 88 0.4000949647382962
31 p 30 0.9622515125215132
32 a 3 0.10278283045658099
32 f 23 0.1501383831838008
32 g 123 0.1075795500765575
32 l 145 0.19394749233550834
32 p 54 0.00218757058804242
32 q 165 0.05618725712469774
32 s 57 0.041268711157236626
32 t 69 0.01881917634686081
32 x 98 0.04983610589678
32 z 18 0.2478845196295948
34 b 42 0.07006645653714261
34 d 159 0.12385223896406272
34 e 28 0.07047756813795503
34 f 51 0.09355524260662396
34 g 104 0.0401003065915464
34 h 27 0.020721950199598216
34 l 163 0.011369318789893779
34 m 54 0.02852162114342016
34 q 9 0.16710496870991753
34 t 81 0.04433737953987604
34 v 159 0.18486794753407643
34 w 92 0.12480760314910078
35 a 82 0.09709909517914883
35 b 78 0.02511640295484141
35 c 127 0.014039904899286526
35 d 137 0.005240823453237398
35 g 90 0.1434392051227037
35 h 128 0.15129209780784814
35 m 103 0.030211285203957994
35 n 178 0.1048103738321654
35 o 31 0.010118794425118316
35 p 79 0.09947747676925678
35 q 8 0.007377027659117741
35 r 106 0.02524183275199876
35 u 34 0.019440170974719062
35 v 180 0.12149675474383526
35 x 7 0.024038485727765124
35 z 96 0.07411859933820819
36 b 31 0.07755735950638099
36 c 70 0.01745649191465115
36 f 150 0.006820109508092531
36 h 28 0.049625111667477406
36 j 35 0.17941952001741202
36 k 16 0.00903756416231316
36 l 74 0.07713887107390649
36 m 147 0.02949420461774166
36 n 65 0.1656460337471276
36 o 174 0.06524302136021376
36 p 162 0.08029165668935512
36 s 112 0.014633527213956277
36 t 84 0.027522858512359027
36 u 29 0.002609686209630757
36 v 172 0.008793536109563238
36 w 136 0.00021661586060106597
36 x 88 0.1481781927915713
37 d 68 0.2827143705618468
37 e 25 0.09257865182068747
37 f 160 0.06500702097804456
37 l 106 0.06401441165995447
37 m 90 0.13757161430365816
37 r 70 0.18810878034766276
37 t 67 0.04869982620437274
37 z 140 0.03047358664885902
38 a 29 0.007327259101891581
38 b 54 0.06050828569514621
38 c 53 0.14349410975078114
38 e 32 0.018668818011280064
38 f 150 0.06642215891248926
38 j 144 0.02879183017058684
38 k 10 0.06326191815629734
38 l 63 0.06518129399620132
38 m 129 0.032672529701351705
38 n 108 0.041419861587367324
38 p 51 0.06837462412772777
38 q 94 0.03752295679745732
38 r 39 0.06659019011391443
38 s 160 0.0987809944568917
38 t 59 0.02422681780764524
38 u 139 0.08820301842232448
38 v 53 0.06441864168254596
38 z 21 0.005092350223540154
39 a 52 0.024000192714191182
39 b 47 0.06063055685571528
39 c 49 0.009303072217112685
39 d 161 0.023962893124177764
39 e 138 0.06124166115785634
39 f 66 0.012811356323966905
39 g 27 0.0007177491937421232
39 h 42 0.07108338852593843
39 i 77 0.029634126781893144
39 j 161 0.02780341854464874
39 k 130 0.014242361626050193
39 l 74 0.012328780145326679
39 m 76 0.006296210968314009
39 n 25 0.013053788296569446
39 o 139 0.013884517408493724
39 p 113 0.015882591008578917
39 q 132 0.002521564096362172
39 r 119 0.06047405090508129
39 s 160 0.1143931026304823
39 t 74 0.15607189207912597
39 u 129 0.12448456377348605
39 v 170 0.016971755926478815
39 w 135 0.014059864653284793
39 x 141 0.01124989391397091
39 y 30 0.0033321913740422815
39 z 146 0.05263222635148401
40 b 112 0.01737150344857985
40 c 36 0.08521650718571283
40 d 34 0.055773324028683624
40 e 179 0.20357740368982247
40 h 164 0.004506442328620963
40 i 106 0.028338706544679293
40 j 45 0.037524875316906625
40 l 136 0.018788729329075604
40 o 180 0.05111065213587207
40 q 76 0.058880168313785175
40 r 31 0.030233974369229255
40 t 91 0.06170399712439523
40 u 87 0.05301748531483352
40 v 154 0.019474794889227764
40 x 36 0.01358134334317429
40 y 58 0.1672612832523206
41 o 153 0.3780095948142169
42 j 150 0.11567892518036049
42 k 109 0.11784188422342401
42 o 49 0.13710775864664937
42 p 152 0.2091319189844203
42 q 116 0.014557941468903102
42 s 169 0.3203148051717599
42 y 8 0.008033683637393985
43 d 2 0.17121286211458697
43 e 34 0.0456769340286195
43 h 168 0.006356394369063212
43 j 98 0.060249241269329845
43 k 55 0.057174144686637396
43 l 138 0.017448639910479402
43 n 66 0.02953571501991925
43 r 58 0.015945195736573492
43 s 126 0.2654119809626114
43 t 90 0.14505578523896434
43 v 1 0.07894620970429733
43 x 83 0.005243461921374815
43 z 92 0.08708135833466912
44 a 162 0.052962512946348905
44 b 107 0.012001130802518745
44 c 41 0.02251856398057306
44 e 98 0.019522153507837037
44 g 37 0.21005436103163688
44 h 79 0.11414915926197167
44 i 103 0.05891060986391117
44 k 159 0.07180497235083227
44 l 56 0.030222308080593452
44 m 105 0.06572504222641185
44 n 98 0.00316300357472854
44 p 34 0.007955436140970273
44 q 28 0.04074696383329668
44 r 149 0.02657663279934852
44 t 81 0.023133146496053136
44 u 151 0.004458628153419464
44 v 123 0.06696328876830826
44 y 150 0.03519427838895339
44 z 97 0.06867190577292348
45 a 63 0.1023911944839323
45 b 180 0.10684696045556163
45 c 148 0.038140422312332944
45 d 73 0.01953556813240076
45 e 152 0.0011216476183656399
45 h 93 0.032034302240851464
45 i 95 0.04853908497357329
45 j 62 0.016225110244953544
45 k 131 0.08667270481614975
45 l 151 0.019510805531240183
45 m 99 0.007429262909157464
45 n 80 0.12364711131280937
45 o 161 0.007187900863569574
45 p 141 0.018590311787480718
45 r 130 0.038985880339226564
45 s 154 0.014929630327475185
45 t 91 0.11204475759452548
45 u 66 0.05799898016990268
45 v 71 0.013976499658540753
45 w 84 0.022221974210440032
45 x 3 0.014352997013561408
45 y 35 0.06536542315386906
45 z 88 0.022043386262804332
46 c 180 0.2998518983435198
46 d 91 0.03812907235714391
46 h 105 0.2864981006377313
46 s 162 0.18995996512631974
46 u 176 0.036243058513875326
46 x 116 0.07419390837894124
47 b 102 0.5320457733108068
47 m 141 0.0913012517724836
47 t 124 0.0710088310770034
47 z 68 0.2587460850688641
48 b 27 0.02539884953558036
48 c 64 0.01402992798540581
48 d 109 0.07742807196491053
48 e 131 0.00014209342186766172
48 f 38 0.03558104221545377
48 g 52 0.02253331975088735
48 h 4 0.044856467054845583
48 i 10 0.00755593571031099
48 j 40 0.007895529775551968
48 k 54 0.07043136174683229
48 l 30 0.040587275670714296
48 m 84 0.019924703073728733
48 n 75 0.03170462276472663
48 o 25 0.02696360877639703
48 p 165 0.08554138501161157
48 q 37 0.0018961168262027206
48 r 147 0.0022146322182716727
48 s 73 0.050779409430236955
48 t 112 0.08449221701547482
48 v 107 0.10911154458456995
48 w 54 0.006830445675349406
48 x 132 0.016174566836567594
48 y 168 0.0672407008159317
48 z 105 0.024425651297559803
49 h 76 0.05718478376560232
49 s 160 0.019796455616346798
49 u 94 0.13971701080748022
49 v 71 0.4241607297427158
49 x 110 0.27539302044992753
49 z 93 0.002371843027547893
50 a 174 0.008413036748154745
50 b 6 0.312836452609512
50 f 92 0.12226282641630193
50 l 176 0.06322548328124533
50 m 128 0.05457746344514791
50 r 105 0.1926917736234176
50 t 68 0.005209182813649016
50 x 127 0.0962516668282164
50 y 7 0.042945891252036184
50 z 93 0.06332888219822197
52 a 123 0.025853940238882434
52 b 128 0.06483124216369451
52 c 89 0.09669945632024435
52 f 64 0.02173710052188449
52 g 57 0.18355570118475673
52 h 177 0.022306477824290294
52 i 109 0.034951509726229624
52 j 60 0.039992083468746276
52 k 155 0.02542275404774008
52 l 170 0.026022383238729963
52 m 141 0.028323117313173607
52 o 37 0.03902954669296188
52 p 178 0.02257918273155468
52 r 40 0.05256463794471289
52 t 98 0.21410049388597163
52 u 181 0.02686536566007358
52 w 134 0.03630556015680875
52 x 172 0.01771976241652029
52 y 22 0.005148685329503744
52 z 41 0.012743607529411949
53 f 79 0.044159613863974156
53 i 24 0.07032595115205242
53 j 121 0.1573096882643904
53 o 41 0.02124033515792867
53 w 103 0.38985348942757425
54 a 129 0.0395091063759021
54 i 9 0.20196924424713913
54 n 27 0.06602087817694702
54 q 3 0.306163190345916
54 r 122 0.04229693249118904
54 w 20 0.01907518555587151
54 y 120 0.05961421186001248
55 b 63 0.048792646190669586
55 c 73 0.07386133697343145
55 d 84 0.04276174246439124
55 e 142 0.4099936364492295
55 f 133 0.013516167106981669
55 g 98 0.10155153708292786
55 j 96 0.008742682178222494
55 m 77 0.07742332957290221
55 t 2 0.21607972456476465
56 a 145 0.01916257949282607
56 c 22 0.21940021898998896
56 h 166 0.035708375974311646
56 i 40 0.10221151408531914
56 j 71 0.19401086753321817
56 k 176 0.10185918972113339
56 l 139 0.07424106811607556
56 m 71 0.011607793778546038
56 n 149 0.019477651899503345
56 o 171 0.0975487489958039
56 p 178 0.004347170317415716
56 t 154 0.045168139379190175
56 u 58 0.01664160286704397
56 x 0 0.0035787679857411936
57 e 28 0.08686119397615466
57 h 109 0.3595889764714132
57 l 149 0.054333527610148424
57 m 175 0.13175876756228755
57 n 108 0.02118689043466082
57 q 28 0.045253484095486796
57 s 12 0.03146401386807596
57 t 31 0.08012155255489806
57 u 124 0.021168186137141443
57 w 6 0.11123192933822279
58 a 170 0.008720537642053716
59 b 17 0.19960117615624096
59 o 138 0.2168950606135137
60 a 137 0.01086717655221403
60 b 160 0.09221408354082594
60 g 140 0.044877861274040476
60 j 161 0.032165446153754385
60 l 82 0.07809437327657098
60 m 151 0.31614983839341015
60 p 29 0.058890009291579726
60 q 100 0.2929742204895408
60 v 107 0.027251541650093025
60 z 41 0.04394217665459044
61 b 70 0.10348307324556405
61 c 174 0.06502922323445048
61 e 39 0.004657486399092581
61 f 66 0.015776603763465458
61 g 27 0.11908116470207519
61 h 20 0.0175986546672684
61 m 61 0.03349450376063701
61 n 165 0.10423872312061189
61 o 169 0.013481112041853982
61 p 38 0.025506896156163972
61 q 17 0.008773103249930747
61 r 144 0.028506671815113904
61 t 139 0.11426922789185279
61 u 41 0.062207841074094494
61 v 162 0.0135996902332578
61 x 112 0.005944940874626714
61 y 167 0.10224196655154294
61 z 163 0.10084637265660401
62 a 55 0.09655188812444782
62 b 69 0.01637874822028451
62 d 109 0.024283699771833533
62 e 56 0.028733878965298332
62 f 132 0.07751609838057805
62 g 181 0.028688380584979578
62 h 60 0.02587365249958795
62 i 107 0.09552257569984546
62 l 28 0.055342007505072344
62 m 76 0.0021287222074015677
62 o 159 0.039210771348274776
62 q 55 0.08457945906464104
62 r 88 0.09897986455247276
62 s 83 0.019123361656247173
62 u 81 0.1220233082691029
62 w 1 0.01537485249365178
62 z 82 0.010860127001152797
63 i 125 0.4943631984680973
64 a 12 0.12441839940265798
64 b 166 0.187005560764665
64 g 55 0.05694844416918565
64 i 161 0.07296897975170213
64 p 134 0.011120082112099583
64 r 32 0.0820630029173548
64 w 180 0.40321979046420287
65 a 156 0.00019416849613362874
65 c 34 0.032169577614260425
65 e 28 0.002853743615681803
65 f 161 0.14621059688446736
65 i 111 0.0022441204634787715
65 j 69 0.15378475393324964
65 k 51 0.035638028142899514
65 m 68 0.08683961238932936
65 p 70 0.012372524388464923
65 q 142 0.015750403288449344
65 r 161 0.0969699986974838
65 s 40 0.009140795605940832
65 t 168 0.06317265820166451
65 u 178 0.019542161322447016
65 v 33 0.08035642947378407
65 w 149 0.22145392184415014
65 z 86 0.011420290787928944
66 a 65 0.0035288951734898655
66 b 66 0.06234116032802384
66 c 106 0.1828869591415686
66 f 73 0.22235229556429015
66 g 48 0.0023194894761924267
66 h 65 0.03986084544755919
66 i 160 0.003704511367102481
66 j 139 0.034679474716267755
66 k 28 0.0011775487255144546
66 l 6 0.01005611754398239
66 m 5 0.08078356597808123
66 n 181 0.0007966209877161567
66 o 95 0.025502944020670215
66 p 60 0.015918905361119173
66 q 86 0.020178869262247323
66 r 175 0.02226471367812677
66 s 149 0.008791468018764514
66 t 19 0.0031161511226796
66 u 13 0.03182423408960444
66 v 107 0.09357663846951314
66 w 61 0.04219678776135194
66 y 111 0.026955316673808127
67 f 74 0.13865118544362465
67 k 152 0.03571510381837406
67 o 60 0.16947929984906052
67 p 85 0.2771492835696455
67 u 0 0.1615516597882457
68 a 57 0.044928858460378196
68 b 72 0.011889996686807014
68 c 114 0.02775066993840991
68 d 21 0.12120656953218789
68 e 71 0.1379610336598157
68 f 53 0.011237972116537764
68 g 61 0.0019372041289890118
68 h 165 0.001028740522178273
68 j 148 0.03685611600317229
68 k 14 0.051974423425554916
68 l 75 0.025525079790168936
68 m 111 0.09183371806550422
68 n 158 0.017806491168145255
68 o 135 0.002725834762901669
68 q 153 0.0913311458602225
68 s 145 0.05282473777104446
68 t 16 0.03932813354014719
68 u 85 0.12417454329748312
68 v 19 0.053090228763632896
68 w 31 0.00264282097029378
68 x 135 0.02108572083447302
68 y 42 0.015782743930652265
69 a 84 0.2696380002895653
69 b 160 0.020266750913870535
69 c 54 0.05333279601773522
69 e 15 0.02905841815179855
69 h 139 0.014974737825302342
69 i 112 0.047065818703521556
69 j 129 0.06433161498724049
69 m 63 0.01934467944956042
69 o 57 0.1251667717311068
69 p 139 0.012468060517861868
69 q 178 0.013876793400431686
69 s 42 0.006979737550140586
69 u 74 0.054268000997837684
69 v 83 0.10514929486200675
69 w 59 0.09478324389239212
69 x 16 0.010655714048391829
69 y 31 0.003054710495806967
70 c 180 0.019352422108369405
70 d 77 0.020194952553571066
70 e 10 0.026895352229665215
70 f 181 0.01786630284167745
70 j 173 0.014062173417919821
70 l 175 0.05161451723384358
70 m 162 0.15344754973513453
70 o 175 0.07889471302508078
70 p 150 0.011353808908389551
70 r 3 0.1510460484431978
70 s 155 0.11970120464921485
70 t 88 0.059738118366606474
70 v 135 0.0356970996881909
70 w 46 0.03906483353733481
70 x 98 0.08148666025032536
70 z 59 0.05635882206994658
71 a 139 0.05065549160737148
71 c 80 0.039231201743022304
71 d 122 0.02411778888956506
71 e 126 0.031231682141722117
71 f 66 0.0073043667296515125
71 g 96 0.04155021350270427
71 h 168 0.018562970714469884
71 i 152 0.17026310996226401
71 j 102 0.04567227976199073
71 l 99 0.01569424597087743
71 m 165 0.004007450329956641
71 n 147 0.007951007619025896
71 o 20 0.006519697302705518
71 p 177 0.02246224465836344
71 q 37 0.0545437718704288
71 r 119 0.12426382436180095
71 s 83 0.003456257963151743
71 t 27 0.0929463683688535
71 u 111 0.0847720256454626
71 v 44 0.003940843661994764
71 w 24 0.03755736065710891
71 x 80 0.0227234440995443
71 y 94 0.0033151394884193275
71 z 79 0.07470257008655146
72 a 163 0.05179107018691187
72 b 81 0.08511696604810548
72 e 179 0.022477440386981518
72 f 78 0.09126958710544464
72 j 140 0.01826837046695884
72 m 118 0.11978512875199476
72 n 127 0.019012012573545012
72 o 98 0.010953668042472442
72 t 122 0.19889421662797635
72 u 87 0.0916035999172935
72 v 107 0.05274981967774539
72 w 70 0.003749238922894249
72 y 122 0.037760086701669304
72 z 128 0.09546382784812768
73 a 64 0.275777302442496
73 d 165 0.10635220522876732
73 e 101 0.007292566053804683
73 f 141 0.012436673339621507
73 h 98 0.0802417561202805
73 l 133 0.057881637877451486
73 n 22 0.03704745486723826
73 o 58 0.004726849121508114
73 p 174 0.024816927322797055
73 q 7 0.004129272932639982
73 t 35 0.02439920839623455
73 w 159 0.10597952867885974
73 y 112 0.1451397980437622
74 a 57 0.15237180380979187
74 b 25 0.025491025314362203
74 c 128 0.04134039877762663
74 d 35 0.07097441264018811
74 e 69 0.032403371999227604
74 g 49 0.03746195152731224
74 i 24 0.008659940824022438
74 j 97 0.0414897259800624
74 k 124 0.0032167717349651515
74 m 0 0.044803336589631426
74 n 77 0.04568270655840401
74 o 99 0.04226658582244425
74 p 149 0.08229254611204051
74 q 91 0.024348651567850155
74 r 38 0.05428377663828632
74 s 102 0.005086656184999372
74 t 61 0.0207977215279902
74 u 33 0.013660558320779947
74 v 35 0.0007344028179965267
74 w 137 0.06616527938471473
74 x 69 0.05893441719692183
74 y 76 0.01661902664131898
74 z 154 0.04049864471823117
75 d 176 0.25445574736587473
75 h 72 0.08487212686812518
75 k 167 0.0270082590359787
75 l 84 0.004975213053290184
75 n 121 0.06402690878658446
75 o 148 0.05007755720627538
75 v 90 0.009225738874041989
75 x 160 0.3726420643985868
75 y 58 0.10417886740401172
75 z 25 0.012672559685034113
76 d 182 0.07984372648562754
76 e 154 0.052427063246418215
76 f 25 0.05912952684385442
76 g 153 0.08672692291169537
76 h 87 0.1645212591626698
76 i 148 0.13494142815596488
76 j 1 0.025660802670609772
76 k 30 0.004383129034782107
76 l 70 0.029188066664231127
76 m 162 0.007168545863847076
76 o 167 0.06971217016789155
76 p 19 0.026287560499098084
76 q 60 0.037314355198722615
76 r 77 0.011468225773085039
76 t 64 0.007096932663331779
76 v 143 0.04998580168059508
76 w 160 0.05805702634806731
76 x 150 0.025628786492996047
76 z 22 0.06922373907152002
77 a 142 0.010237112330581888
77 b 120 0.08876290673842813
77 d 160 0.0410342449867116
77 e 125 0.21125104061069788
77 g 9 0.04700055431121275
77 h 13 0.09053874308743048
77 i 98 0.08649808523132951
77 k 49 0.0017308503787032414
77 l 64 0.007849351420814
77 m 51 0.10274686586942972
77 n 151 0.006854529296900891
77 q 61 0.06554009414143303
77 s 101 0.10557892817068415
77 t 107 0.0786999901372577
77 u 145 0.04564805723880361
77 v 57 0.0027492519956516803
78 a 115 0.009637749737315682
78 b 117 0.01808536230904567
78 c 182 0.026300032886429348
78 e 99 0.018439087078024885
78 g 137 0.014858111571082078
78 h 145 0.014424608767324543
78 j 85 0.019991443712282564
78 k 161 0.06077694678015999
78 l 17 0.006298098206724223
78 m 77 0.00649895728426142
78 n 160 0.02650430030437878
78 o 121 0.013845634107127247
78 p 31 0.016774897506227293
78 q 83 0.07988043933584121
78 r 126 0.09546085882758149
78 t 21 0.16513269573191514
78 u 93 0.039561671403028575
78 v 2 0.10330144214493753
78 w 145 0.004842181777830912
78 x 179 0.062096962886276974
78 y 77 0.07956279468651262
78 z 140 0.07279364466817784
79 a 158 0.10393420133284881
79 e 63 0.22144681855467674
79 f 31 0.009032492224946509
79 j 38 0.17316396438535298
79 m 72 0.13037690263694812
79 o 56 0.09837784414127215
79 p 49 0.056007573197352056
79 q 91 0.02626021250839361
79 r 130 0.020752110782425115
79 t 20 0.054720035057072236
80 b 90 0.01207590024209193
80 c 3 0.015912498766542882
80 d 63 0.16002378466127498
80 e 44 0.0006915261012304663
80 g 30 0.044942621347072165
80 h 141 0.06294980633113956
80 i 104 0.02796603266676234
80 j 116 0.017734262849356086
80 k 89 0.1159328030922595
80 l 100 0.028635249932394635
80 m 82 0.024141495703564275
80 n 112 0.07091333617622109
80 o 73 0.012501382337132827
80 p 58 0.010104434803771212
80 q 85 0.003423058543431501
80 r 23 0.014979655390736535
80 s 56 0.01911124139699394
80 t 156 0.05203086463826467
80 v 127 0.06120856226926985
80 w 174 0.0020768821392516124
80 x 88 0.0665122603886854
80 y 175 0.029646418344859815
80 z 15 0.125384274389025
82 a 49 0.027131595566211142
82 c 135 0.022693891551448964
82 h 90 0.013602845161420407
82 i 120 0.015548084428660514
82 j 69 0.012644422595565974
82 k 154 0.006770336699890578
82 l 131 0.040566232473115305
82 m 68 0.1423902910591356
82 n 153 0.016248744749882582
82 p 92 0.13430995491780495
82 r 147 0.22058841363203463
82 t 8 0.13051910785647403
82 u 46 0.04055741220330522
82 v 75 0.018967672840363936
82 x 103 0.021387561719291903
82 y 62 0.02261884962745253
82 z 154 0.10078496534318637
83 a 169 0.0943351096335503
83 b 22 0.2222205258389347
83 d 95 0.1477208603444351
83 o 0 0.4974507870464213
84 e 155 0.23578896099766966
84 h 16 0.30367768222220115
84 k 131 0.19084549868787604
84 l 43 0.04985079053174901
84 p 37 0.0272320626757675
84 x 81 0.14598900365345735
84 y 37 0.013170028467730743
85 a 178 0.03580921914851498
85 b 47 0.02487363026177347
85 c 61 0.04312151249447793
85 d 94 0.067373837384051
85 e 27 0.008587990238595133
85 f 3 0.005294056438269634
85 g 130 0.08151266504857335
85 h 131 0.03680741384905539
85 i 117 0.04094071886750572
85 j 8 0.012878540541003791
85 l 110 0.06903290454229705
85 m 118 0.07651306505659217
85 n 98 0.03604216836789065
85 o 33 0.0059109301529279845
85 p 37 0.02314120121380503
85 q 15 0.14542478529076375
85 r 71 0.005785684720796769
85 s 99 0.009155147474020908
85 t 19 0.020244941579404818
85 u 151 0.016248836102828568
85 v 86 0.018633875331387495
85 w 114 0.01763660327111316
85 x 20 0.05111960929926618
85 y 8 0.05864944135394834
85 z 60 0.021659777179275586
86 a 143 0.011078189991010956
86 b 144 0.010272571032558409
86 d 52 0.02127216820188571
86 g 40 0.24369076562454972
86 i 71 0.025510874786674465
86 l 137 0.0639459218800853
86 p 178 0.032491886407624904
86 q 109 0.1665020577162698
86 r 149 0.02926681085831384
86 v 165 0.018074096593491018
86 x 52 0.3391444569431563
86 y 102 0.025033729758225598
87 p 101 0.41975794747820006
88 a 155 0.031073871146442333
88 b 5 0.030222198719633386
88 c 27 0.0070394271464885305
88 d 0 0.047645288428376675
88 e 23 0.07409563894355808
88 f 174 0.042316859969828036
88 g 180 0.032919139637303085
88 h 141 0.007984978558420841
88 i 23 0.041084977975974435
88 j 19 0.03298919972139436
88 k 113 0.0025286230175382007
88 l 79 0.008963590126555787
88 m 31 0.011465083555147193
88 n 46 0.028000025725829603
88 o 108 0.06176146775582847
88 p 73 0.01614948299083996
88 q 147 0.14130795112897399
88 r 145 0.010696324110282762
88 s 172 0.040473578297210544
88 t 71 0.01384431047188961
88 u 125 0.050227963195392133
88 v 72 0.06313148845518668
88 w 152 0.08973524366745456
88 x 5 0.036102254914430865
88 y 62 0.0502765494948324
88 z 12 0.02054881188142521
89 a 44 0.04300477005872172
89 b 42 0.06321091534825918
89 e 39 0.052715685154029024
89 g 117 0.031024118760027752
89 h 64 0.0522628878896777
89 k 166 0.02680536901897168
89 l 92 0.01797145624522478
89 o 63 0.0054432398022284945
89 p 32 0.07495227364718293
89 q 39 0.12051372234148472
89 r 135 0.006252782586151473
89 t 4 0.10058441203873969
89 u 163 0.09507441182345489
89 v 30 0.010204518646257932
89 w 167 0.10939944064913565
89 x 74 0.04562228591340678
89 y 77 0.016599838449918414
89 z 82 0.05410056085442827
90 a 28 0.16330992308083547
90 e 83 0.1847345616164232
90 l 158 0.19805324977496452
90 u 42 0.07698174310228567
92 c 23 0.13694784512731317
92 d 127 0.0435343751141557
92 n 148 0.1682990338143241
92 p 66 0.10173921541425301
92 r 26 1.2639547399495576e-05
92 u 106 0.41476253534727736
92 v 135 0.11091200730148465
93 b 52 0.14125544650793376
93 e 83 0.16269223096609375
93 f 119 0.004549942663987339
93 g 138 0.006138483637609937
93 i 73 0.10404561251936317
93 k 102 0.09369303483832858
93 m 62 0.057097733840060894
93 o 52 0.14618464227909644
93 s 162 0.0035612613892832545
93 t 17 0.1632104476861842
93 v 103 0.0007642943683054959
93 x 51 0.039471074264929795
93 y 116 0.060751382848000746
94 g 38 0.20278063947711833
94 p 54 0.5783754200040669
95 a 126 0.11919631921625307
95 b 53 0.5685958374649909
95 e 80 0.16701411893038098
95 t 124 0.04867370782878022
95 y 84 0.011043480520782412
96 a 64 0.012333042078620737
96 c 102 0.09599126276022496
96 g 12 0.04481323044793517
96 i 19 0.050289384686934
96 j 32 0.06930522228742952
96 l 72 0.06492551515172862
96 m 51 0.16002678815292182
96 o 61 0.05508600378972717
96 r 103 0.0172641402149466
96 s 114 0.12546957183002783
96 u 107 0.018528531395864523
96 v 78 0.09816845219134307
96 w 154 0.025590383554643825
96 z 20 0.07737707065975641
97 b 18 0.009756222797324243
97 c 74 0.00568613047881561
97 f 46 0.03889018770955188
97 g 47 0.03419542818240717
97 h 52 0.013633391032339626
97 i 125 0.0023800456776439383
97 j 24 0.05011678134058872
97 k 22 0.11489765291742193
97 l 120 0.12755345654337158
97 m 156 0.009924914982599287
97 o 145 0.05782596090298986
97 p 67 0.0028652046611500337
97 q 39 0.054654166082536926
97 r 8 0.06440206722563568
97 s 70 0.0408412639225354
97 t 152 0.040512898658907726
97 u 103 0.040624296874365085
97 v 38 0.0019560216859789703
97 w 50 0.07002088388875782
97 x 158 0.05261124523038241
97 y 10 0.05705570473909449
97 z 54 0.09263555602880791
98 g 1 0.0021326905848896294
98 i 20 0.22208767468956003
98 j 164 0.08394769613261588
98 o 104 0.0019988426222186106
98 q 37 0.18271091135046136
98 s 80 0.21183904748689109
98 v 100 0.03464097160140511
98 w 77 0.03130815611651594
98 x 3 0.01488117831896174
98 z 151 0.058953692472519026
99 a 79 0.08284974835260994
99 b 37 0.000648258035529814
99 c 100 0.04049211966493271
99 d 163 0.007270273999847143
99 e 111 0.043453833199234126
99 f 108 0.001526828105152478
99 g 165 0.009103447352254324
99 h 29 0.0038859885987490017
99 i 156 0.007614643372201524
99 j 47 0.04712764131163283
99 k 154 0.017739294483049006
99 l 50 0.0032583798059870883
99 m 36 0.005339975129654451
99 n 12 0.06588717920739251
99 o 30 0.026902394282051656
99 p 52 0.06579308941382378
99 q 28 0.07330166561545348
99 r 160 0.11502573094617574
99 s 55 0.0767476496832864
99 t 28 0.0797861438173646
99 u 37 0.006069390102620975
99 v 142 0.028656969872163707
99 w 132 0.04548960976847616
99 x 90 0.05177851790965082
99 y 105 0.00799511217628146
99 z 136 0.0572147739412433
100 a 104 0.010489834395332576
100 c 52 0.016934415567021244
100 e 43 0.2939363521420917
100 f 73 0.002670920057979198
100 g 174 0.01349898366017288
100 h 37 0.041227887048823075
100 i 52 0.010308322748682097
100 j 67 0.02899798013585031
100 k 53 0.009366328517496525
100 l 51 0.058005887637098796
100 m 76 0.010985570155367386
100 n 55 0.019627591577896064
100 o 13 0.030581717242762263
100 p 125 0.018348075804592412
100 q 76 0.038119672858487164
100 r 36 0.029293753970798253
100 s 70 0.0092358423796437
100 t 147 0.06535273924841922
100 u 116 0.009755578129098663
100 v 29 0.02996571692784411
100 w 57 0.06305299976908585
100 x 20 0.05005605664839996
100 y 119 0.07187865168487895
100 z 164 0.04880508007236706
101 d 130 0.002654640998372315
101 f 178 0.3994740445149422
101 h 57 0.028096818921480637
101 i 21 0.2563025954586067
101 k 125 0.022734019038227138
101 n 59 0.037747017427279594
101 s 137 0.0877314993656928
101 y 72 0.06814936693795215
102 b 136 0.0067499611774567425
102 d 107 0.012112999164344052
102 e 91 0.004704875357884997
102 g 138 0.0039156230366323985
102 h 45 0.0002835294014866818
102 i 106 0.0027692488203534538
102 j 107 0.016180926263525297
102 k 38 0.012823717917756938
102 m 149 0.0002792513517136941
102 n 161 0.020953983087432126
102 o 86 0.010143580652695272
102 p 67 0.13196379642924827
102 r 66 0.18889903775858452
102 s 22 0.05621802385811303
102 u 70 0.16787169370816868
102 v 11 0.18570027728402339
102 w 136 0.028466688116055572
102 x 118 0.12670498917821238
102 y 49 0.0013976068559099497
102 z 51 0.016893334018023287
103 a 95 0.022694537263466596
103 c 117 0.018078814282495137
103 d 89 0.0666725135394084
103 f 175 0.10829972728196813
103 g 38 0.0762900259120789
103 i 79 0.03531220683000558
103 k 58 0.13209633468578463
103 n 36 0.1272586413007779
103 o 95 0.07735069272304507
103 r 71 0.043733299846435036
103 s 155 0.06109848306083665
103 t 97 0.01104730597125092
103 v 116 0.009236880782490409
103 w 168 0.05395659630817229
103 x 154 0.05062082732768203
103 z 21 0.10474495482657631
104 d 118 0.021094509421907714
104 f 137 0.10777334569972696
104 j 153 0.07286739517889063
104 l 135 0.014942697413677597
104 o 94 0.03265576390534397
104 p 50 0.15656235372598293
104 r 20 0.031199107679234395
104 s 182 0.09347188115553728
104 t 96 0.15609063281618252
104 w 75 0.014828570144423292
104 x 182 0.19881600468666893
104 y 25 0.025658252759184652
104 z 168 0.02490434223521376
105 a 136 0.0912453111054885
105 c 127 0.0033211207485133176
105 e 31 0.016685713863194285
105 f 21 0.027845479055076505
105 h 91 0.06320968608476918
105 i 161 0.08619885579644537
105 j 181 0.07395999137504838
105 k 71 0.01736757107261122
105 l 28 0.026351135784564828
105 m 94 0.1078357128132198
105 n 31 0.08603075255934567
105 o 37 0.01308144432516245
105 p 161 0.14125284181105335
105 q 26 0.06152737809297426
105 r 132 0.010210009549285859
105 s 102 0.016303599304352434
105 t 27 0.018299158968339113
105 w 53 0.028642307763608876
105 x 51 0.002403061646972904
105 z 32 0.09682966211210065
106 p 157 0.36915558909710733
106 x 177 0.23833252155352957
107 f 109 0.07629230825017852
107 j 88 0.05061756581340049
107 k 0 0.10013879493799105
107 l 70 0.18470686676339754
107 p 103 0.011743743499511794
107 q 90 0.10239056457396434
107 u 3 0.19187751079984205
107 v 120 0.00537862846159709
107 z 77 0.19009217660888444
108 a 65 0.025786700007504382
108 b 69 0.008484084685174587
108 d 53 0.0013351486214577823
108 e 154 0.00159442283259692
108 f 79 0.11254847035676052
108 g 46 0.005669371489830932
108 h 101 0.02784283626552797
108 i 128 0.02518071695689772
108 k 48 0.05394264336590393
108 l 35 0.04089294135010735
108 n 166 0.16864152921560394
108 o 180 0.06620486015696059
108 p 107 0.031019423487128273
108 q 65 0.06094690316858842
108 r 74 0.06316685975181924
108 u 165 0.09967374393667316
108 w 42 0.00266216088515403
108 x 2 0.04158738283478913
108 y 30 0.06603087612194425
108 z 157 0.03294938992228991
109 a 159 0.0847712619043004
109 b 158 0.08705123070794785
109 d 123 0.1400258492315668
109 e 94 0.010615715984551688
109 f 73 0.03775175859823521
109 i 66 0.05304440486203332
109 j 84 0.05019740220399305
109 k 109 0.03068827609053737
109 l 89 0.0415291292946367
109 m 173 0.03487286639740239
109 n 5 0.08397180520650871
109 o 137 0.014028083314601592
109 p 89 0.02779587064762956
109 q 97 0.039759262028055464
109 s 19 0.014597247528785995
109 t 56 0.023850567378717713
109 u 132 0.1289246053475479
109 v 64 0.03005656540424062
109 x 51 0.016791073396387746
109 z 174 0.040661556134545584
110 a 68 0.03690696090271328
110 b 133 0.062130999287187794
110 c 117 0.12478367099235022
110 d 149 0.06780617869807248
110 e 155 3.5215437544811046e-05
110 f 174 0.0021698105233344256
110 g 79 0.024922851471880003
110 h 133 0.030193132070659767
110 j 114 0.021539861149520112
110 k 160 0.0025668384367653063
110 l 148 0.04960274021599176
110 n 24 0.006191730971562559
110 o 21 0.03148996499995371
110 q 161 0.0023242888345837986
110 r 16 0.03076090279131427
110 s 162 0.14235917129671505
110 t 57 0.002524282485547036
110 u 130 0.06348734860758853
110 v 29 0.08950071506072443
110 w 4 0.04513472457151679
110 x 68 0.04220614561519953
110 y 122 0.003454524173896134
110 z 78 0.02512837280539204
111 c 141 0.044174232140406944
111 e 135 0.058264565605104734
111 f 112 0.0061814633825884036
111 g 96 0.05955603783289254
111 i 65 0.013893942402410597
111 j 179 0.12361959018159052
111 l 181 0.04330628407898118
111 o 152 0.05032902247320581
111 r 2 0.16410871059268473
111 u 106 0.12229730995109
111 v 157 0.10081374046110458
111 w 93 0.02783013546166746
111 x 161 0.18415696646171764
112 b 30 0.3527723636602864
112 c 16 0.077236606577341
112 f 14 0.05499296446264268
112 h 29 0.03129772309636025
112 i 103 0.03159564011820115
112 k 63 0.0401722712419208
112 l 166 0.035202851276585845
112 m 160 0.05971984198623603
112 n 157 0.015550044916116668
112 o 108 0.04691229727431423
112 p 122 0.0078697822824767
112 q 73 0.012413119342054246
112 t 164 0.025336598545147915
112 u 3 0.03579403544555215
112 v 34 0.04606758571212066
112 w 34 0.04005102622368173
112 x 141 0.043566573395239505
113 c 148 0.12204154462496708
113 d 26 0.10349501004587092
113 n 147 0.00729566672439419
113 p 177 0.2609560492344918
113 q 116 0.03706643033211021
113 v 59 0.058606840229927126
113 w 19 0.29104117966514687
114 b 25 0.034570608982136375
114 d 102 0.01331834849632696
114 e 42 0.05798601853310292
114 f 17 0.09943557704059214
114 k 17 0.12303900331209894
114 l 19 0.05755533750266284
114 n 120 0.184802645400042
114 o 166 0.11477341805592767
114 q 29 0.0022403834284078217
114 t 165 0.04720288050529842
114 w 99 0.09922854337132747
114 y 35 0.11940806691428385
115 a 56 0.19000009864314715
115 o 137 0.20048700298057986
115 v 161 0.22592041335460789
116 a 57 0.07132256490364075
116 b 83 0.011071131679508794
116 c 40 0.0038243333097618404
116 d 82 0.0009251721053900042
116 e 104 0.011193719512655798
116 f 32 0.06186018160170814
116 h 34 0.03733559506582673
116 j 108 0.012384046712217933
116 k 34 0.20028104094528254
116 l 75 0.04644941234294031
116 n 164 0.06168118490108987
116 q 60 0.04224645605654387
116 r 144 0.008021427705267703
116 s 117 0.05732252415330208
116 t 146 0.05098538154471988
116 u 30 0.10783619604241523
116 w 93 0.011020100282449485
116 y 182 0.08117781244094069
116 z 165 0.12135378232916294
117 a 54 0.06264049307261788
117 b 83 0.03330802197992011
117 e 125 0.024155744036807647
117 f 167 0.0063615144317618055
117 h 0 0.005481552437007986
117 i 93 0.006953566582626025
117 j 145 0.002655442100740313
117 k 139 0.007009502418102387
117 l 112 0.032977281520240154
117 m 51 0.16634917021779572
117 o 144 0.04295500771097782
117 p 51 0.04356016660504458
117 r 152 0.0885191869650207
117 s 6 0.06524246021923985
117 t 81 0.0009915470930434989
117 v 143 0.05290092823064363
117 y 170 0.04303143728216041
117 z 130 0.08529798839542246
118 a 93 0.023889853243929116
118 b 182 0.021084603804759516
118 c 49 0.025164422280859133
118 d 93 0.07456729326962852
118 e 12 0.005432196293344349
118 f 151 0.07933647214886275
118 g 136 0.03237436151282036
118 h 104 0.05006930126863318
118 i 76 0.048783390679628114
118 k 13 0.04831376301186574
118 l 2 0.0031312514652699353
118 m 166 0.10230530156090767
118 n 151 0.05464696233228361
118 p 12 0.0029017267998171503
118 q 37 0.06698532668395496
118 r 161 0.0310717824690383
118 s 85 0.011799798007820828
118 t 64 0.013561950963893454
118 u 18 0.07521036949660864
118 v 30 0.012693332717451877
118 w 53 0.07691713818603307
118 y 6 0.06284681630459377
118 z 54 0.0075837850196927015
119 e 71 0.0030870229146908734
119 f 77 0.029909712578727876
119 g 71 0.06236407593984716
119 h 45 9.224970563925794e-05
119 j 144 0.11942912396642424
119 k 144 0.10290821828772656
119 o 53 0.10447538162893233
119 q 105 0.09428259780988502
119 s 26 0.35836748788545725
119 u 39 0.09418714109378434
120 b 69 0.13132557802350409
120 g 178 0.29448218235886925
120 s 46 0.008490303502255658
120 x 42 0.43681277162011634
121 a 75 0.006389243736037775
121 b 118 0.0736315119421741
121 c 32 0.027759959011273705
121 d 40 0.019154901627753018
121 e 165 0.04612574972455408
121 f 13 0.0019723185024556056
121 g 179 0.06840503193358949
121 h 172 0.041343045955109736
121 i 137 0.06241474474809805
121 j 145 0.03135884546173007
121 k 160 0.008620609764518838
121 l 39 0.03384932749550096
121 m 79 0.003396260924549477
121 n 163 0.0019677218279632314
121 o 143 0.04192433491864256
121 p 101 0.0069683650389483764
121 q 107 0.0968304235591676
121 r 48 0.030781093503927548
121 s 92 0.03234524818574436
121 t 172 0.012048868229160181
121 u 15 0.02321248198773418
121 v 13 0.0696122655699506
121 w 28 0.036013546787558415
121 x 46 0.044789350604328204
121 y 53 0.056693984849347956
121 z 165 0.039412099890637875
122 b 100 0.03495979338136246
122 c 22 0.3931795191103341
122 d 167 0.08561996346711664
122 e 90 0.021274207940791268
122 f 58 0.030533348247499315
122 g 134 0.12084332913898532
122 p 135 0.042437093700001816
122 q 8 0.018425226619254498
122 u 74 0.06713495679240378
122 v 68 0.10598166334218595
122 y 153 0.05925294293731209
123 l 3 0.7050104310883801
124 g 75 0.400630137284827
124 o 62 0.02944774976908915
124 p 3 0.21420674563309727
124 s 167 0.14075786339133223
125 b 171 0.16408913824066806
125 c 42 0.06566967924338873
125 d 172 0.014701993687847081
125 f 4 0.005509847622017672
125 g 141 0.12501897526753147
125 i 31 0.1044451404815786
125 j 178 0.10116937603375808
125 l 60 0.033292390836127006
125 o 87 0.011705348592450093
125 q 142 0.03190448500764087
125 r 135 0.027741176486133723
125 t 131 0.01236474969245438
125 u 21 0.09034261874433136
125 v 55 6.152873042730711e-05
125 w 97 0.0794897523751158
125 x 107 0.08024098069528651
125 y 47 0.031162943358871376
125 z 76 0.004165330166802872
126 a 66 0.006528627593040293
126 c 21 0.0009429852905742386
126 n 164 0.05948044500609062
126 q 147 0.016936560375280685
126 v 142 0.28010118040352794
126 w 55 0.06826068098728022
126 y 44 0.11188576811902495
126 z 103 0.23059495889841497
128 a 48 0.09050144578382191
128 b 30 0.07432195838564692
128 d 51 0.020056942453420268
128 e 98 0.10032172217542401
128 f 22 0.024011463384753462
128 g 165 0.023683424707475975
128 h 160 0.09044135270168097
128 i 84 0.01518129166952542
128 j 123 0.013008874073096588
128 k 170 0.02473860180932097
128 l 105 0.011799735051536753
128 m 137 0.03252940355125944
128 n 87 0.0009433231893353211
128 p 27 0.04402066574956143
128 r 167 0.03841286137634148
128 s 104 0.03896984350781629
128 t 84 0.1367409306587627
128 u 143 0.07067910228765761
128 v 167 0.009734281218044427
128 w 112 0.005280253942989588
128 x 3 0.009011921857275729
128 y 20 0.060525410698383575
128 z 175 0.051929513005245176
129 a 50 0.03298833773249221
129 b 12 0.042057999647265976
129 c 66 0.10305976406944584
129 d 71 0.007147433999268316
129 e 12 0.10663238640868966
129 f 13 0.19614900237002353
129 g 112 0.007529939034374267
129 h 122 0.004082352144653578
129 i 65 0.001821209945134128
129 j 64 0.03306418420111701
129 k 134 0.0738866133082885
129 l 42 0.01933769522093942
129 m 71 0.02958910775878265
129 n 164 0.006842466079864273
129 o 42 0.030357232126531297
129 p 13 0.004365843580550921
129 q 98 0.0004829985173737672
129 r 86 0.019748518811429694
129 t 142 0.004385313652159439
129 u 58 0.03329654506457158
129 v 165 0.05866005047138845
129 w 106 0.11284883699634662
129 x 46 0.0237726187388394
129 y 125 0.008836183325785951
130 a 178 0.05957601104198784
130 g 157 0.047600181721322854
130 h 2 0.26944235842187714
130 k 67 0.07467282247890583
130 l 94 0.10532238237099745
130 n 39 0.059649480965068946
130 o 142 0.10720428556405026
130 s 140 0.10181517038588139
130 z 42 0.04975199735558822
131 a 144 0.004898754911933367
131 b 114 0.006319180134308211
131 c 69 0.0413385459681298
131 f 133 0.08707318235667683
131 h 152 0.006999444499622531
131 i 87 0.04311168528724563
131 j 130 0.02101438734741723
131 l 116 0.04454223991623396
131 m 77 0.021503478583381752
131 n 87 0.11709749813795955
131 o 6 0.020938496323961164
131 p 35 0.11860927066260019
131 q 61 0.014058731332849628
131 r 35 0.05715855762962063
131 v 151 0.04006707334301507
131 w 44 0.10413279299724498
131 y 113 0.23153156526644725
131 z 18 0.008533478988884458
132 b 117 0.06316191902996904
132 c 166 0.188494501434753
132 e 134 0.07298890446790529
132 g 90 0.047563945454419776
132 q 12 0.05038059500559444
132 r 113 0.046097122680803904
132 s 39 0.1453687471191053
132 y 88 0.03361990108574997
132 z 154 0.32718626702286013
133 a 5 0.0030641945765781387
133 c 57 0.026729199352434008
133 m 121 0.0014807434226679073
133 n 143 0.4321773017820433
133 o 87 0.06169929917987249
133 p 8 0.07438677492697565
133 r 124 0.1553819660306205
133 s 166 0.034997785706288864
133 z 176 0.0320063643942472
134 b 182 0.19720060313909993
134 c 34 0.2312447100803945
134 d 131 0.10515898049160455
134 l 42 0.09244544663844967
134 m 63 0.15116760419265685
134 t 15 0.08639099279639106
135 a 79 0.07339001059085715
135 c 11 0.0018760862556221891
135 f 23 0.0238164119162787
135 g 155 0.008360141321475556
135 h 138 0.14569703847798865
135 l 94 0.0033082862345684694
135 o 24 0.08503145372097753
135 p 179 0.0321140097596081
135 q 93 0.007917066355051627
135 r 66 0.2110040769568683
135 s 151 0.03254934169725876
135 u 33 0.020099844697654468
135 v 75 0.1551652744754417
135 w 104 0.024883188086502472
135 x 105 0.1213814019989149
135 z 1 0.05052287261793997
136 a 121 0.00503667304609734
136 b 84 0.035877511916991955
136 c 5 0.0019003119815900194
136 d 133 0.06921197383001099
136 e 172 0.0480175398820224
136 f 11 0.0949643001314352
136 g 142 0.1064544716617376
136 h 166 0.00981667607318737
136 i 134 0.012765588572038133
136 j 138 0.11249582912762934
136 k 154 0.12171280013333374
136 m 48 0.004666860783470783
136 n 121 0.0032893515944055762
136 o 170 0.014035018976811697
136 q 64 0.03279892143607699
136 s 45 0.10366745450727388
136 t 71 0.1116827729458778
136 v 134 0.03227785210248868
136 y 55 0.02929821505784369
137 j 177 0.0196810207003264
137 l 65 0.4243771800835531
137 x 111 0.07256662725352092
137 z 115 0.44583551125706156
138 a 23 0.003217264213117632
138 b 101 0.04981986231107316
138 d 140 0.08205505147513292
138 e 90 0.010294883658882648
138 g 87 0.043981645452082385
138 h 113 0.033638071319902596
138 i 116 0.11894172169062067
138 l 23 0.05529972690277185
138 m 32 0.09646049834230286
138 p 94 0.1309788872055443
138 q 127 0.0074763363244584324
138 r 173 0.01030814444494832
138 t 48 0.0726701447395669
138 u 88 0.09299473187991814
138 v 181 0.003079351037520106
138 w 171 0.0637753523971325
138 y 85 0.006865663079071771
138 z 54 0.11274084935430395
139 a 75 0.0037651921894860108
139 b 83 0.06726068868531132
139 c 54 0.002792353456374297
139 d 91 0.0050200801336658385
139 e 132 0.004807150008159677
139 f 166 0.03955392253810586
139 g 159 0.056383017448835226
139 h 109 0.0232633217624848
139 i 128 0.04209507461353312
139 j 114 0.09012612253540975
139 k 23 0.03303337935513562
139 l 106 0.000948726494938712
139 m 118 0.05254806305194604
139 n 126 0.007470483978211151
139 o 85 0.09386681700770028
139 p 114 0.05556108338782817
139 q 53 0.032310505890128516
139 r 158 0.002008263437772939
139 s 74 0.03634526519600956
139 t 179 0.050368981411342384
139 u 53 0.002826028271020631
139 v 51 0.008072721718585862
139 w 135 0.13022734138044545
139 x 35 0.06648304804938343
139 y 1 0.07423303997662278
139 z 52 0.009617290192594607
140 e 48 0.19565151501034994
140 i 12 0.1206142557640576
140 q 54 0.4381217024264533
140 x 143 0.01702038039370224
140 z 30 0.09462849455459887
141 a 156 0.06765898215630117
141 c 159 0.0025549076555798633
141 d 55 0.12001308261251709
141 e 27 0.050783684314614996
141 g 100 0.04729960405416278
141 h 65 0.05642804308712923
141 k 97 0.006088195965627596
141 l 96 0.01197937963227591
141 o 31 0.020400474582589423
141 q 12 0.10591180583653337
141 s 60 0.1192122350629431
141 u 170 0.015942971094878855
141 z 20 0.32634819629190126
142 b 57 0.08048289666264918
142 c 37 0.05972581695695556
142 e 25 0.030063276964921393
142 f 150 0.004949474114273822
142 h 162 0.15439234140777103
142 k 149 0.05210240317855652
142 l 165 0.07091706943207243
142 n 8 0.06179902921444291
142 q 33 0.08221626016573558
142 r 149 0.05997570068428537
142 s 157 0.07673991302979
142 v 139 0.07661555634964601
142 w 18 0.010279258501589172
142 x 8 0.034448099732386495
142 y 97 0.060762954531192515
143 a 99 0.12261826005290988
143 b 5 0.022106704483684125
143 d 178 0.01646872185809367
143 e 32 0.024618926247262918
143 f 9 0.08389597169906693
143 g 174 0.054619681876519
143 h 126 0.021168827521889422
143 i 70 0.0346291031761472
143 j 44 0.047967594400076474
143 k 51 0.034786286035053626
143 l 2 0.015171934843493218
143 n 132 0.15614385377752749
143 o 179 0.001023518340949603
143 p 176 0.04136252247907357
143 q 163 0.009403516319062333
143 r 41 0.16452948771512177
143 t 16 0.04575190638950499
143 w 107 0.010377619364785207
143 x 19 0.013742122358954112
144 a 140 0.010645456996345892
144 b 104 0.01828843861472873
144 c 114 0.01782829590138879
144 d 19 0.017887058393193822
144 e 32 0.014053901825138881
144 g 156 0.1046038778290641
144 i 128 0.010659468232129932
144 j 108 0.01755322341869603
144 k 26 0.05429900313583691
144 m 176 0.039839407758390566
144 n 179 0.04751564436809219
144 o 134 0.09770040376717215
144 p 46 0.035256565149514585
144 q 126 0.0067668443852791915
144 r 82 0.008297100927419865
144 t 21 0.13966032824533015
144 u 171 0.03915421995511603
144 v 84 0.025868850945145794
144 w 162 0.042154824593561346
144 x 17 0.05687775259987882
144 y 152 0.10562818530755158
144 z 172 0.027746360589732344
145 k 153 0.0784780303125453
145 l 119 0.3602053386881918
145 r 128 0.059094033008816216
145 s 44 0.049187705788630076
145 t 99 0.12718182717780813
145 u 11 0.29805124394763216
146 b 79 0.06480360540666108
146 f 42 0.08328749029416727
146 m 73 0.4147524717752592
146 t 106 0.06433964540857451
147 a 33 0.008395117498712246
147 b 140 0.000954971530482962
147 c 105 0.031807306487313
147 d 161 0.03047440775658594
147 e 55 0.044848863427663144
147 f 168 0.1145889229767102
147 g 40 0.06082856909618284
147 i 103 0.051500957514590495
147 j 3 0.019102235577750926
147 k 109 0.008786333959414638
147 l 85 0.016684199938361233
147 m 109 0.07379440770233103
147 n 63 0.005111036881008335
147 o 14 0.0016337662339014347
147 p 52 0.007681368686669243
147 q 157 0.020634952840357212
147 r 134 0.03270737708841032
147 s 140 0.0127320459112642
147 u 39 0.0997381312394292
147 w 93 0.0017431379923348311
147 x 96 0.12565336242114067
147 y 180 0.09571573567689518
147 z 41 0.13309804343431508
148 a 172 0.05031023567395332
148 b 37 0.011298311428609265
148 c 153 0.03329475339300203
148 e 3 0.11335320257288373
148 i 4 0.0984015163415839
148 o 151 0.0959830073132002
148 p 3 0.1010430901015631
148 q 70 0.027530909334778086
148 r 112 0.17043145819480998
148 s 19 0.10065345286679173
148 t 93 0.0027990954171340787
148 x 119 0.1329544724759404
149 e 132 0.29071253738216596
149 p 7 0.20119725493443263
149 r 182 0.3029957183208525
150 b 156 0.000615484410854239
150 c 50 0.046381564141729004
150 d 75 0.0167405739493669
150 e 164 0.05372723522730738
150 f 87 0.08904556237875738
150 g 136 0.030751085379236542
150 h 116 0.025799062732771993
150 i 117 0.04099606979754811
150 j 35 0.03347522806477654
150 k 86 0.0013346945125289889
150 l 40 0.021516892089248674
150 m 55 0.0019346146844031464
150 n 1 0.05513752782829662
150 o 149 0.08536941120349129
150 p 147 0.0724346717856299
150 q 142 0.03864365972699757
150 r 156 0.06901501680021893
150 s 170 0.04616787955446022
150 t 45 0.020346032338025455
150 u 28 0.021735337529305898
150 v 39 0.045146870057841015
150 w 175 0.00509677558070154
150 x 29 0.03733448129490702
150 y 75 0.11010285508780604
150 z 163 0.011960555729647937
151 c 64 0.26627221650229305
151 d 68 0.04278385189951284
151 f 57 0.04899856926076063
151 o 116 0.1404770000773483
151 q 26 0.1323461682745377
151 s 152 0.07664802378738211
151 u 20 0.2642783718758762
152 c 135 0.23723854850447812
152 d 68 0.042181019559388355
152 j 3 0.13054965493363413
152 l 16 0.06554081139944745
152 n 67 0.13560479619519394
152 r 47 0.1341064933119247
152 v 177 0.2101291905730701
153 a 113 0.0778744337350461
153 b 59 0.01017501677400301
153 c 156 0.02597866776086566
153 d 108 0.01066849878027809
153 e 38 0.02857643893770201
153 f 17 0.01076584119883539
153 g 98 0.00205574689725585
153 h 101 0.012771371338072823
153 i 164 0.16916724167364616
153 j 77 0.052525065691628625
153 k 180 0.05347965059018611
153 l 120 0.04970080266192123
153 m 126 0.005160562640567967
153 n 69 0.03318146980935699
153 o 138 0.017022098618062587
153 p 170 0.009676664493788456
153 q 53 0.016364069818980753
153 r 126 0.07633475156548342
153 u 179 0.04160039759161249
153 v 166 0.023783108137304776
153 w 88 0.04953871524261122
153 x 149 0.02233633122620704
153 y 112 0.029948331644026882
153 z 111 0.0560507155011577
154 d 91 0.02449718732752937
154 e 164 0.17757403063498356
154 f 95 0.008514266165944417
154 h 17 0.08999259773310275
154 i 11 0.12068146125895773
154 l 44 0.024339909741149746
154 m 39 0.03297200624692065
154 n 66 0.011216301748643409
154 p 136 0.025973676690177472
154 s 119 0.19519018687474454
154 t 182 0.05201234666201093
155 a 54 0.05124613812085255
155 b 127 0.009100500354786711
155 c 58 0.003439376364012703
155 d 86 0.016101384192393375
155 f 100 0.014061584006338723
155 g 102 0.002482857130684746
155 i 104 0.09330879441825124
155 j 45 0.023307386264020624
155 k 170 0.06910813635902935
155 l 104 0.03225030989075284
155 m 39 0.031215228428988828
155 n 179 0.16769094227861414
155 p 34 0.28334200453956504
155 r 99 0.0964819191904337
155 s 176 0.022271631593746566
155 y 70 0.0342713042494851
156 d 20 0.09450183236357801
156 h 45 0.00837090284955011
156 m 73 0.037120412458859886
156 n 89 0.3614110137290609
156 o 143 0.02768127677699317
156 r 144 0.05425466734611817
156 u 138 0.14630860785140487
156 y 31 0.16574141531002307
156 z 24 0.010660495528079239
157 i 152 0.05795987018222293
157 k 50 0.09963314412733981
157 l 118 0.046496656939260195
157 m 49 0.06868482579075952
157 v 51 0.11617109013405513
157 z 109 0.5436329776681543
158 b 115 0.029848018893982475
158 i 170 0.14916654633368176
158 k 157 0.06347506556928195
158 z 163 0.7430287873450759
159 a 170 0.05037509804596163
159 b 158 0.020258704943750372
159 c 152 0.011806151135284382
159 d 124 0.0013885446062325002
159 e 18 0.007751904921228681
159 f 3 0.0655067512079387
159 g 34 0.0021746262282690276
159 h 116 0.04235750980777597
159 i 142 0.037516924997786805
159 j 83 0.011135190811040974
159 k 141 0.029093061640856344
159 l 123 0.06200519413807559
159 m 130 0.004547969789691297
159 n 83 0.0006096385682989869
159 o 127 0.1265682892952379
159 p 123 0.0172554591450943
159 q 134 0.14160967089486376
159 r 83 0.013384931140334233
159 t 178 0.014660223492676039
159 u 177 0.10006568949664296
159 v 91 0.07395466896476055
159 w 72 0.03544732608285339
159 x 18 0.037147263728397606
159 y 93 0.002724058856396261
159 z 21 0.05646868848854958
160 d 92 0.08911479978192094
160 e 102 0.279283020970582
160 g 161 0.035185028470993696
160 j 48 0.1301307627546857
160 m 54 0.1789502917974113
160 n 161 0.03901438865397833
160 o 152 0.08714986691841486
160 w 93 0.07425404744416286
160 z 170 0.016318387516198407
161 d 24 0.04331095342292446
161 e 153 0.09399734832586104
161 l 119 0.7942917594837505
161 p 5 0.024559355161077878
161 w 113 0.03227114208942672
162 a 33 0.019228146119332323
162 b 19 0.06696251942906284
162 d 182 0.12248567026305512
162 f 11 0.010474357754072572
162 g 17 0.0018074927397977447
162 k 155 0.024336386779048702
162 m 89 0.051814497565723205
162 n 178 0.08890959898964268
162 o 24 0.036978283460577854
162 p 3 0.011482875057176156
162 q 86 0.01719150264398983
162 r 57 0.017169681595735287
162 s 160 0.020577806950526245
162 u 3 0.0961562762621232
162 v 25 0.03713835154077405
162 w 121 0.04423350633878742
162 x 38 0.07485026095414737
162 y 138 0.012435309780874926
162 z 136 0.17402042035465137
163 a 19 0.01800280829069234
163 b 154 0.006223951889980817
163 c 164 0.0019360620602687506
163 d 54 0.03962808129025641
163 e 119 0.06318619258249769
163 f 73 0.03516609289828909
163 g 82 0.056260590374581976
163 h 174 0.08073969297083994
163 i 50 0.025318200707679983
163 k 166 0.10782057769338638
163 l 7 0.07991295672003207
163 m 157 0.03828772240901612
163 n 8 0.03381371612990425
163 p 173 0.002568668356470183
163 q 121 0.10455553861263245
163 s 161 0.000998836078506038
163 t 0 0.07190194939934369
163 w 150 0.09913950194336074
163 x 149 0.0035432200146729986
163 y 174 0.06743611549345807
163 z 163 0.043368620197073215
164 c 57 0.039134994945024815
164 d 178 0.053612815985298434
164 e 176 0.07654332618159343
164 f 86 0.042826413151404785
164 g 26 0.037424925077318316
164 h 132 0.03380388572455695
164 i 45 0.01469706191786635
164 k 143 0.10185423309538366
164 m 33 0.08491547224256402
164 n 131 0.004873938069564043
164 o 119 0.042383140128514074
164 p 146 0.031097192989541722
164 q 12 0.0547406808972849
164 s 136 0.013598692473652085
164 t 10 0.06610873269372464
164 u 4 0.06198624221511051
164 w 26 0.03844078097592751
164 x 178 0.010298406740725241
164 y 14 0.08530674702168006
164 z 159 0.0883327374560906
165 b 65 0.06456620289420434
165 c 166 0.030228740306068036
165 d 51 0.0036960939726394804
165 e 163 0.08768463949489169
165 f 146 0.011583026614510161
165 g 143 0.011335729987631882
165 h 113 0.20423959938997627
165 i 168 0.06492720317256317
165 j 51 0.0467726318467615
165 l 172 0.050579316091869275
165 n 68 0.0037042880879752937
165 o 22 0.047914472509711925
165 p 74 0.014713970607455829
165 q 141 0.04958364881206012
165 r 140 0.010024141559004551
165 s 52 0.01772569016286185
165 t 170 0.02583361583307664
165 v 108 0.014619921874007402
165 w 16 0.046856514715467035
165 x 114 0.03384009157704004
165 y 68 0.1476020692256118
166 u 43 0.3917924086426453
167 b 91 0.13564781363913103
167 c 160 0.0015225144314501282
167 e 177 0.02293176955913867
167 f 93 0.08996276612797105
167 g 45 0.012254105248562297
167 h 49 0.04291657270016591
167 i 93 0.0714429676546453
167 j 76 0.009985719927987469
167 k 168 0.0027215871412317183
167 l 126 0.03534449406613294
167 m 127 0.007893238435248806
167 n 83 0.13056025338436106
167 o 30 0.033363043002326065
167 p 53 0.027396605470556
167 q 74 0.028112206646320304
167 s 55 0.011642714433106383
167 t 102 0.0237534038551116
167 u 106 0.002619635664717679
167 v 138 0.02519022546880656
167 w 137 0.1593188670709068
167 x 120 0.03173198846807179
167 y 21 0.06476091732276634
167 z 182 0.013116932529745662
168 a 69 0.10308996326923225
168 c 90 0.02752130309712897
168 d 107 0.04073600668741273
168 e 156 0.07335088814434088
168 f 178 0.07388574548427851
168 g 179 0.013513210357818939
168 h 86 0.11196813949367279
168 i 182 0.027274075069808945
168 j 172 0.02541593200148795
168 l 66 0.05791510490278218
168 n 76 0.04161442627355216
168 o 156 0.03177557924335683
168 p 175 0.0062132332903723775
168 s 126 0.06752156047290192
168 t 150 0.0012421470704671034
168 u 106 0.040606004410846386
168 v 89 0.030551422317722454
168 w 107 0.00040907479583840445
168 x 144 0.11876948393144715
168 z 128 0.0882965862204983
169 a 37 0.019234629226093092
169 b 155 0.019644925291339876
169 c 128 0.031796064404677526
169 d 106 0.01641065181867951
169 f 56 0.14005152717621505
169 g 83 0.005239067390089058
169 h 42 0.028511831671894083
169 i 81 0.09964179232388604
169 j 74 0.0609332746437623
169 l 45 0.015021853909670368
169 m 149 0.010237171725686056
169 n 34 0.014162611512574586
169 p 154 0.11696195733599479
169 q 85 0.06545331510489993
169 r 182 0.03426764199122034
169 s 169 0.0036250659011077824
169 t 80 0.034804375209642524
169 u 156 0.03636928705290732
169 v 155 0.011916180433003576
169 w 141 0.031216174945729036
169 x 47 0.08427044047398935
169 y 102 0.006368506206840041
169 z 8 0.01261239992821861
170 g 19 0.14462412597068042
170 k 107 0.03413134303819254
170 u 39 0.13658886133076198
171 a 64 0.06562875097646848
171 b 135 0.004046163124639679
171 c 55 0.016682422336319447
171 d 29 0.003531277734049043
171 e 45 0.06636658858062372
171 g 172 0.03404056939745248
171 h 36 0.00882357218080565
171 j 173 0.08964519258647485
171 k 61 0.06824261023465372
171 l 57 0.024871054984384355
171 m 159 0.023725122151230904
171 n 174 0.029086318056269267
171 o 68 0.02645582940245661
171 p 142 0.03891937924987787
171 q 29 0.013454536837862241
171 s 73 0.07301379174276323
171 t 137 0.11279103422354864
171 u 37 0.008043251334800994
171 v 123 0.03969396599690145
171 w 101 0.006462208371285194
171 x 108 0.04858384407536909
171 y 104 0.13554485393757343
172 b 31 0.02103584259927782
172 d 63 0.1620243945912503
172 e 15 0.006921874921491544
172 f 162 0.004647540372446524
172 g 31 0.04790187157375603
172 h 97 0.07598478688733079
172 i 94 0.06639784711026897
172 k 108 0.0893539821827356
172 n 49 0.06935445174372257
172 q 92 0.04033064246986917
172 r 111 0.07636118940335324
172 u 20 0.08580868658939822
172 v 37 0.1302865854811024
172 y 55 0.09453685659725097
172 z 31 0.021193333140329784
173 b 6 0.011501148947470785
173 c 168 0.008075163037864042
173 d 97 0.0294490518598296
173 f 177 0.009067746745617278
173 g 70 0.03663767916429006
173 h 39 0.012181657066902996
173 i 130 0.04666938366911422
173 l 61 0.03079358224506734
173 n 141 0.08023009339655007
173 o 123 0.006534884400211438
173 p 135 0.027268464450676544
173 q 126 0.037824019496833894
173 r 99 0.02800198835022749
173 s 167 0.1466455219716134
173 t 60 0.02217152610143247
173 u 33 0.01893756218548126
173 w 100 0.17081415365705144
173 x 98 0.0191644077842964
173 y 87 0.029437169273199837
173 z 169 0.08230851075841716
174 a 40 0.0023160224044632693
174 c 48 0.019688761472663296
174 d 119 0.04676001998709134
174 h 8 0.08237583997452813
174 i 0 0.040348671249100576
174 k 140 0.03423714511103659
174 l 129 0.11815689761306547
174 m 63 0.04212648845090394
174 n 2 0.024419431101330602
174 o 67 0.14695694954568073
174 p 93 0.021475838815318005
174 q 13 0.01520735045065491
174 s 168 0.15728401787739155
174 v 80 0.08426849282421922
174 w 31 0.07239219186478996
174 x 80 0.035631877528151
174 y 16 0.021460300728877946
174 z 67 0.028936210582060307
175 c 88 0.029077458243127574
175 g 69 0.06706952598691107
175 i 95 0.030939613342958694
175 j 87 0.09400983593943191
175 l 25 0.30070801842577144
175 s 167 0.2622640047354803
175 w 168 0.12106924622455806
176 a 20 0.0497855385299556
176 b 130 0.008407124828167079
176 c 13 0.03516282378266267
176 d 9 0.0265664113617049
176 e 121 0.026611370079692276
176 f 64 0.02191957785722698
176 g 81 0.02550717249041201
176 h 141 0.01144052488184455
176 i 46 0.04256749835587359
176 j 11 0.005071329904202337
176 k 82 0.022823212617492206
176 l 4 0.06352776198079124
176 m 67 0.03758170000787153
176 n 78 0.04605504912651304
176 o 71 0.03185627146414738
176 p 128 0.02905883150149069
176 q 142 0.02885066182990037
176 s 61 0.005789353747824744
176 t 126 0.1997374973262025
176 v 150 0.014285885743467897
176 w 133 0.08605207089445555
176 x 16 0.13442276757284422
176 y 149 0.036558166614169996
176 z 126 0.0027501511982248594
177 c 119 0.07189183295042323
177 k 130 0.16408441784013483
177 n 5 0.11559214280148733
177 u 66 0.08762963746570307
177 v 6 0.013384471109402107
177 y 162 0.12132250704796155
178 d 39 0.06358934469017352
178 g 25 0.22198174708564922
178 i 154 0.03525145270528551
178 l 157 0.13211902066277437
178 p 58 0.01551058289746976
178 s 107 0.36996111432199763
178 t 99 0.0013956680105811081
178 w 13 0.12765120817153064
179 c 112 0.16724682425813564
179 h 128 0.010309797020197964
179 l 61 0.0334163828252807
179 u 108 0.06761696030886244
179 v 115 0.013429727697307103
179 x 37 0.13150376616966564
179 y 120 0.12662279458257375
179 z 139 0.24280974303152147
180 a 120 0.009460158017243203
180 b 36 0.012041556286356947
180 d 84 0.006410715140714118
180 e 157 0.0796462934711708
180 f 90 0.04484299842112027
180 g 22 0.10170296234279808
180 h 51 0.018935608760278222
180 i 89 0.009521171907545645
180 j 137 0.014653655183105352
180 k 175 0.03603959696603798
180 l 77 0.062036056424583874
180 m 10 0.021782694969963323
180 n 67 0.021998578351975717
180 o 0 0.07794363344220445
180 p 76 0.017048373525200833
180 q 70 0.05133507804771553
180 r 147 0.08633301119074321
180 s 172 0.019655617810958814
180 t 180 0.011359545635345358
180 u 154 0.024093452033169593
180 v 16 0.022017109869322926
180 w 21 0.026221478537271303
180 x 182 0.042822743258132845
180 y 52 0.08335246376510919
180 z 78 0.09668510506780215
181 b 110 0.049344675327881116
181 c 56 0.0003871139985587302
181 e 109 0.05575101617985023
181 f 159 0.0021680455238087815
181 g 166 0.0023606925516952426
181 h 7 0.008538558245541283
181 j 87 0.012890891218242606
181 k 145 0.12855274293348073
181 l 69 0.004641888974876829
181 m 135 0.0004637092539161447
181 o 16 0.15310706399273144
181 q 134 0.0187852304938102
181 r 153 0.026748637894777105
181 s 76 0.09613013137670512
181 u 51 0.008761257335306527
181 v 20 0.08865517642714349
181 x 146 0.05542469496887126
181 y 61 0.016246868417505667
181 z 172 0.08705649449254937
182 a 162 0.03204109015595391
182 d 35 0.02186165202470136
182 f 32 0.12528782234703628
182 g 134 0.0935334521329323
182 i 182 0.0046943985318846915
182 j 153 0.004550775100115367
182 k 46 0.04290141450206153
182 m 120 0.011749229865181898
182 n 8 0.02312589902840778
182 p 47 0.05359425575270349
182 r 147 0.012515500149470227
182 s 101 0.004628923220882153
182 t 160 0.07933855943541035
182 u 125 0.18643274923444864
182 v 149 0.10193088641770187
182 w 53 0.019098398128177263
182 x 31 0.03853452448821593
182 y 24 0.06142709983239514
182 z 63 0.07232654143742534
