145 26 1869
0 0.07791583856600703
0 0.03698704337746084
0 0.3681216455326166
0 0.0019016285861589433
0 0.024539963085734806
0 0.4282860033319965
0 0.020676050944338442
0 0.28199107035705795
0 0.12542676615432413
0 0.4189456167680089
0 0.08452575784224559
0 0.002815627872883475
0 0.011506348656310839
0 0.0028627856307967825
0 0.10947529666126965
0 0.06747906054043296
0 0.058195875462515145
0 0.0698600834717531
0 0.1006057584118637
0 0.025867095167799392
0 0.0355491234328047
0 0.013576577890878405
0 0.08756162403263623
0 0.02171760081475349
0 0.1189959651872734
0 0.03438543342404088
0 0.1271413302962373
0 0.0584887077353603
0 0.01051911994778476
0 0.07647364723843209
0 0.059265583666230914
0 0.006954996389745505
0 0.012541460882405153
0 0.002542435339974669
0 0.041800849365055015
0 0.016747821217973802
0 0.1367072575286541
0 0.8506235227743341
0 0.01753314898643432
0 0.05670779610450227
0 1.0
0 0.018860678065639402
0 0.22985045437048268
0 0.07804965670308817
0 0.11226622178774615
0 0.118893318261865
0 1.0
0 0.054405565979302684
0 0.017126876903541977
0 0.022254870223125
0 0.08672996830134616
0 0.014434100958785279
0 0.7095432648367151
0 0.03653506310449961
0 0.1766218710838231
0 0.009589018631267487
0 0.16679498826466554
0 0.010844997372835397
0 0.09842934521224056
0 0.23970768425799738
0 0.04104114675292325
0 0.06507655906151599
0 0.2593026199527032
0 0.06500560747430473
0 0.0699206976264366
0 0.06175941647015282
0 0.030440343461147434
0 0.035800957841523484
0 0.11824150441919545
0 0.0026338670015301213
0 0.028205781899025784
0 0.010021591915484795
0 0.021238109403848404
0 0.04789750405951032
0 0.32423336209187936
0 0.1318428132288718
0 0.06799135341032703
0 0.05827379254267717
0 0.02177103211381126
0 0.2392013068602089
0 0.24942392784500222
0 0.21474421165930102
0 0.11729480951977644
0 0.2809739819009317
0 0.086214425451134
0 0.03169004633068129
0 0.013490247712946712
0 0.04876467561883535
0 0.022592006900561068
0 0.14638872512067636
0 0.06040007478837106
0 0.04036704792605428
0 0.20718231413416544
0 0.08323692638753777
0 0.285002440072326
0 0.19668783632354847
0 0.008474408133161138
0 0.031495588242740236
0 0.05155445637318523
0 0.1380517828474318
0 0.003908641606365948
0 0.5184245840830125
0 0.04669561924097754
0 0.083891286439426
0 0.3206840451869738
0 0.08908027479393665
0 0.0026901618534473926
0 0.13905388416504716
0 0.0562361056018873
0 0.04844836758109061
0 0.01035976124248661
1 0.016130691767898164
0 0.009306440526475557
0 0.046328017230515384
0 0.0850460025261045
0 0.3638363385542466
0 0.18620443781843954
0 0.2816457888932066
0 0.025388805201731923
0 0.317976458266787
0 0.06262588068534936
0 0.06720550832632444
0 0.35174071183346023
0 0.05856632355173408
0 0.042127601993925845
0 0.021929794040348782
0 0.17548805316538874
0 0.012778609852036493
0 0.24684396122785313
0 0.5994431528469132
0 0.08418713676857259
0 0.014680924570014464
0 1.0
0 0.6113251154643341
0 0.03969186609106756
0 0.03808024796715126
0 1.0
0 0.05293060031256369
0 0.019982643302019043
0 0.07066705005968743
0 0.0949764944097109
0 0.04194942356568476
0 0.24402607472147197
0 1.0
0 0.035647615658984666
0 b 120 0.027305401865909573
0 c 78 0.01089824390988714
0 d 64 0.0871972343013867
0 e 29 0.03188771578543659
0 g 110 0.03144534405169841
0 h 55 0.002517105506705253
0 i 129 0.03775481075388831
0 j 44 0.014397027396696904
0 k 29 0.026505007991374452
0 m 100 0.15784038134677936
0 n 20 0.003233014831398262
0 o 134 0.06813835176141692
0 p 108 0.03751837785965628
0 q 112 0.017011379882059807
0 r 76 0.03209698960845475
0 s 64 0.08991750253819719
0 u 105 0.06499992092662665
0 v 130 0.010085198517883809
0 w 84 0.11030369005574736
0 x 13 0.00837723046180261
0 y 16 0.02959596200005199
0 z 112 0.02305827008093464
1 a 37 0.02645546949444144
1 c 37 0.017959086471656116
1 d 46 0.020653351340813697
1 f 135 0.0381632125533955
1 g 110 0.09321082221937815
1 h 44 0.2175399588221424
1 j 142 0.09020651395138168
1 l 103 0.0028262317928521297
1 m 98 0.018717227393220126
1 p 60 0.011235130186021958
1 r 141 0.11762352617357352
1 t 15 0.10482692696607876
1 v 52 0.07331955292434678
1 w 27 0.08036840823909264
1 z 80 0.04990753809414428
2 a 54 0.16275748500652198
2 b 126 0.323876948692708
2 n 78 0.1452439207681534
3 a 97 0.02555884098359662
3 b 111 0.013188961425198764
3 c 71 0.028653109273034216
3 d 104 0.07674531774487015
3 e 111 0.009254823780996402
3 f 38 0.1602876110318866
3 g 43 0.004380951573116354
3 i 134 0.012814409694943407
3 j 36 0.015797540100274343
3 k 98 0.017463871687123933
3 l 134 0.0670756295640309
3 m 81 0.07139920673426003
3 n 71 0.044571285184588416
3 p 43 0.028994542885004693
3 r 109 0.009178640980790798
3 s 52 0.02104144721993262
3 t 0 0.002906872529800042
3 u 121 0.015982909075829332
3 v 20 0.08416429024248395
3 w 144 0.1600653207284951
3 x 2 0.0038494951600993588
3 y 79 0.08657460897789093
3 z 124 0.03814868483559408
4 c 91 0.4349358090313401
4 d 8 0.02918954680313446
4 i 5 0.3765051741784855
4 m 12 0.04516586543970946
4 q 81 0.026701642250296476
4 t 143 0.054663589535014045
4 w 138 0.008298409676285146
5 f 21 0.06985212886527847
5 g 33 0.01831979392371552
5 h 56 0.04322143601452588
5 m 126 0.17791923245149432
5 r 105 0.1258341810673297
5 y 87 0.07477221623762653
5 z 127 0.06179500810803307
6 a 50 0.09467897656647073
6 b 45 0.033719842937146804
6 d 39 0.04726567522117897
6 e 34 0.2662237707298081
6 f 139 0.07648877406131838
6 h 76 0.01238253251492727
6 i 144 0.005707922259700737
6 j 128 0.020747360951419047
6 k 122 0.11860990057068332
6 o 2 0.06589611037845
6 p 4 0.03831345348559123
6 q 26 0.03429818290179787
6 r 143 0.12928152810049331
6 w 45 0.01547936237483516
6 z 30 0.02023055600184065
7 a 30 0.005998483973992497
7 e 98 0.023874936867746333
7 g 117 0.02516394132278421
7 h 127 0.06483311888136645
7 j 84 0.19526902034563098
7 l 27 0.03818464886558548
7 r 35 0.021531744792990026
7 u 144 0.0519329083746809
7 x 27 0.2912201262181652
8 v 64 0.8745732338456759
9 a 142 0.002698361515954595
9 m 133 0.27843335614046105
9 q 85 0.03471745511865165
9 r 100 0.2652052104569238
10 a 61 0.16647716677382285
10 b 118 0.0013679460615311223
10 c 28 0.004520189533613883
10 d 53 0.002083206494656209
10 f 110 0.014629386025243551
10 g 133 0.04813495509477439
10 i 37 0.0005985217958283107
10 j 21 0.01300063196042811
10 k 37 0.0017341917734597923
10 l 7 0.007691581704744377
10 m 67 0.16590629883691477
10 n 105 0.0021786016430818123
10 o 24 0.015314705663106887
10 p 115 0.055184243012258105
10 q 47 0.0051001215789674426
10 s 24 0.006429704832023986
10 t 64 0.04799061599304988
10 u 107 0.04267122487367958
10 v 120 0.04324978487838593
10 w 71 0.12392327427580219
10 x 71 0.07735186379066106
10 y 13 0.01853656659777969
10 z 130 0.05139945896394049
11 a 107 0.023827175745444573
11 b 15 0.0572591283822288
11 c 3 0.12058363820056195
11 e 45 0.02117728984645162
11 g 9 0.03653502033158551
11 h 39 0.11052932187811704
11 i 73 0.0077571869026060725
11 j 91 0.026841155475346268
11 k 85 0.008674522063413792
11 m 82 0.07987570170192038
11 n 143 0.036123711439193795
11 o 118 0.08743344074810544
11 p 3 0.018926561295416366
11 q 75 0.012811988999735013
11 r 117 0.08756157260323882
11 s 2 0.044038550477610294
11 t 140 0.027873079917003496
11 u 124 0.027893187011528098
11 v 124 0.0037647291474398603
11 w 114 0.0049552572966101716
11 x 18 0.011092927389079299
11 y 106 0.006922125799251999
11 z 106 0.13472709947522787
12 b 27 0.034382677557265984
12 c 137 0.032389390335649915
12 d 21 0.21632474356625153
12 j 69 0.020332511082485794
12 l 83 0.01992354833785981
12 o 97 0.1593541119757259
12 q 31 0.11590977768397914
12 s 1 0.017230625322323667
12 t 119 0.19182008245042115
12 v 6 0.014715749774407705
12 x 63 0.11542485757796461
12 z 82 0.050685575679353945
13 c 45 0.11032132908450831
13 i 93 0.04608546592496354
13 k 47 0.11108845288548796
13 p 52 0.15872716899766914
13 r 88 0.3563199025281283
13 w 80 0.21459489494844597
14 b 82 0.043145423577151676
14 c 57 0.012346699789156035
14 d 127 0.05908035755519636
14 e 47 0.009703257233698026
14 f 68 0.049254473436794566
14 g 28 0.027998306362722714
14 h 4 0.08103385962050569
14 j 134 0.025553925509606112
14 k 79 0.06785009127844266
14 l 26 0.032849882141776865
14 m 56 0.014004983439029672
14 n 129 0.0740654018440281
14 p 38 0.006491277268746765
14 q 92 0.07244951511993325
14 r 103 0.03378831048660824
14 t 48 0.11970196752625528
14 u 55 0.045226768440183474
14 w 101 0.00989587005789161
14 x 63 0.03681079513741636
14 y 18 0.05220843637541428
14 z 99 0.01706510113817261
15 a 35 0.05469941346244811
15 b 27 0.016004972288533814
15 c 33 0.004041408269222946
15 d 13 0.07137769195069199
15 e 72 0.10929730182993258
15 f 25 0.05149877123609459
15 g 5 0.0007008872006855071
15 j 16 0.04317342316122119
15 k 119 0.10946245044319158
15 l 11 0.031882873673699685
15 m 116 0.006345959909528243
15 n 135 0.006145893241256695
15 r 112 0.035821187670820986
15 s 91 0.025332174857476297
15 t 30 0.1937086571967359
15 u 88 0.037955430279756786
15 w 54 0.0014659567233630266
15 x 10 0.04399460770377639
15 y 83 0.02640597404545386
15 z 100 0.06320590431567685
16 a 137 0.09901514269041212
16 f 6 0.045957492230813135
16 g 116 0.006388484287841889
16 m 135 0.23604579855900398
16 q 82 0.07368393723073485
16 r 38 0.019720208639102177
16 s 110 0.012957545345451793
16 t 114 0.14358567493764063
16 u 120 0.14586782847241564
16 v 16 0.018801545996499303
16 w 13 0.08486967396227474
16 x 83 0.010581643827160758
16 z 39 0.04432914835813384
17 a 70 0.020088277355300388
17 d 8 0.043315273748086525
17 f 129 0.11422935055817762
17 g 18 0.04734484872619249
17 i 52 0.09957421236427355
17 j 18 0.09035514073451689
17 k 127 0.10385375483058712
17 q 24 0.21565856799898286
17 t 57 0.05411496737443555
17 u 97 0.037644152230598915
17 v 84 0.007631251426921337
17 w 2 0.09633011918017365
18 b 54 0.036742969797124436
18 d 2 0.007863853698390266
18 i 15 0.23301556710757265
18 k 20 0.06940341720598708
18 s 110 0.0072902683147298974
18 t 86 0.2829170185853995
18 y 81 0.26216114687893244
19 a 18 0.05730677661469785
19 d 106 0.10119277446700059
19 f 24 0.012487963091616927
19 h 29 0.02308123767254011
19 i 30 0.22192046076160366
19 k 121 0.021214191049133024
19 l 28 0.019350867045181963
19 m 38 0.05858194145733886
19 o 138 0.0555965846491282
19 q 48 0.0016258760544105577
19 s 23 0.017268908664706317
19 u 9 0.035741136776644256
19 w 140 0.07535368915927354
19 x 28 0.17386123835121303
19 y 97 0.0626087344119316
19 z 47 0.03694052460578012
20 a 9 0.019642146214443712
20 b 41 0.06431624406576997
20 c 25 0.07771217198603009
20 e 78 0.030923297858168053
20 f 135 0.06409613044685514
20 h 67 0.04562670196919405
20 j 60 0.03495440317311482
20 k 13 0.02984463537988513
20 l 143 0.03956461336464345
20 o 107 0.06707991626925192
20 p 14 0.008373044264581297
20 q 122 0.07824114753966982
20 s 63 0.0021872654565282534
20 t 62 0.08976545779163236
20 w 17 0.028740644223567924
20 x 84 0.1303638841199275
20 z 100 0.15301917244393182
21 c 114 0.16412559562749762
21 d 7 0.13986926785795895
21 e 143 0.020650916732589675
21 f 59 0.001852279500686227
21 g 73 0.025675747781292113
21 i 1 0.04866900561212828
21 k 11 0.017948827967588565
21 l 35 0.06087892690547925
21 m 104 0.08292227256003692
21 n 65 0.018123501020022803
21 o 85 0.11828045952256905
21 p 97 0.0775194108326479
21 r 120 0.02083183550226486
21 s 41 0.06782744376112904
21 t 56 0.0279596428684592
21 u 35 0.07145445064975853
21 x 92 0.00936940939076214
21 y 106 0.007241155848144332
21 z 36 0.005223272168106141
22 b 136 0.027933700765029768
22 c 100 0.07377792582541887
22 d 85 0.041996337076418144
22 e 35 0.13990189007868614
22 j 141 0.09193697004131318
22 k 95 0.04206533167903259
22 l 97 0.010160606787910309
22 m 104 0.16651515749643653
22 n 23 0.05640336200672502
22 p 19 0.057270144978220694
22 r 143 0.016488836978664545
22 s 4 0.010405975181139837
22 t 16 0.005053363613805706
22 w 120 0.1587418612758018
22 x 28 0.013786912182760624
23 a 57 0.015692830150303427
23 b 87 0.06700403938079902
23 c 116 0.1675246734225725
23 e 13 0.01590372411674501
23 f 119 0.003221705688064791
23 g 37 0.006407993180158056
23 j 38 0.04237522314111053
23 k 142 0.022526100146423533
23 l 15 0.03312529395399533
23 n 55 0.08947039356542053
23 o 140 0.029294456478265007
23 p 100 0.048539625272480014
23 q 143 0.0567069814491834
23 s 72 0.06134257368890084
23 u 61 0.011665235478226732
23 v 112 0.07161564482728033
23 w 28 0.12920737830236184
23 x 44 0.10665852694295563
24 a 35 0.13104794548092813
24 b 42 0.051961381063404866
24 c 45 0.016889801331399168
24 d 109 0.10839472069765388
24 e 35 0.12374314277755916
24 g 6 0.04931882731824899
24 h 69 0.012801913424292821
24 i 8 0.1767203521348788
24 m 84 0.015323235169505067
24 n 133 0.017900392568169443
24 o 62 0.06643556101259429
24 r 40 0.041890517575867814
24 s 141 0.024353386936516896
24 u 49 0.008485266308627226
24 x 118 0.03573759101308005
25 a 134 0.09714058330932263
25 b 97 0.011258565905997941
25 c 7 0.039073172570922576
25 d 92 0.03262951923108004
25 e 31 0.010129452542326445
25 f 42 0.03697952197978094
25 g 96 0.01784920070466134
25 h 72 0.11685146911464539
25 i 6 0.010230147766471243
25 j 132 0.06966186526823959
25 k 74 0.06412201920591021
25 l 16 0.002412526274761184
25 m 101 0.0017978911112600526
25 n 54 0.01314776225497083
25 o 22 0.04870526112758633
25 p 90 0.024930668055931027
25 q 117 0.03885452742852313
25 r 106 0.03980517689630336
25 s 34 0.04129268603170999
25 t 4 0.008115850956780024
25 u 47 0.04278691919666833
25 v 57 0.04720388565841571
25 w 62 0.000818011288226006
25 x 113 0.09291527977561409
25 y 74 0.025240487521066446
25 z 16 0.031662115398784274
26 b 45 0.04423409192122307
26 d 7 0.0013486007443466175
26 e 110 0.12564478041069682
26 f 12 0.01726641708306864
26 i 135 0.06775744693916508
26 j 99 0.005961485169807879
26 k 29 0.10031537798870716
26 l 28 0.051709287689099326
26 m 131 0.06785095212062231
26 n 65 0.06411532295447486
26 o 130 0.06873264814604851
26 t 49 0.06326826898877702
26 v 63 0.10476241021862676
26 w 70 0.012285318317990068
26 x 92 0.010064941299665287
26 y 115 0.016604074086287723
26 z 126 0.05093724562515556
27 b 36 0.05934840409299402
27 c 40 0.025730334194495663
27 d 100 0.021250016679660755
27 e 113 0.00454484181299597
27 f 75 0.05313607705594425
27 h 122 0.05634494826619685
27 i 48 0.013045277110339981
27 j 132 0.030220843449503376
27 k 91 0.0025404343432593457
27 l 96 0.06369983981459248
27 n 40 0.018605382034276308
27 o 132 0.030170059219699508
27 p 110 0.05027317181994595
27 r 118 0.04396085726247534
27 s 90 0.248835946841083
27 t 14 0.0024483987528363116
27 u 36 0.06064847229857617
27 v 89 0.0408431755698645
27 w 62 0.019249068647844703
27 x 133 0.024682137074621413
27 y 88 0.030678831821808528
27 z 73 0.04125477410162526
28 a 130 0.027559635906707403
28 b 114 0.04770304173875495
28 c 39 0.02169789750872564
28 d 43 0.0017607787835034472
28 e 84 0.042995291708115224
28 g 3 0.010246829180238448
28 h 34 0.08533229094966222
28 i 112 0.11270935235283674
28 j 77 0.08355179096116516
28 k 24 0.09534216875448731
28 l 106 0.06898873559490704
28 o 40 0.05446908600966638
28 p 26 0.026380564639305715
28 r 61 0.04561364853195604
28 s 7 0.055387225211015245
28 t 84 0.08092711916479989
28 u 69 0.0005957258486575245
28 v 42 0.06410639990011358
28 x 9 0.003516392211539876
28 y 138 0.023072742285478398
28 z 18 0.03752416281057902
29 d 96 0.13133006274633618
29 h 33 0.09138588427453143
29 i 77 0.08524107168044326
29 j 6 0.4137997178834658
29 k 60 0.020055951996178933
29 n 63 0.05356167307967963
29 o 126 0.02027864304396443
29 p 28 0.029190145350491137
29 q 50 0.07297870634024128
29 v 20 0.0020507718668714148
29 x 83 0.003653724499364408
30 a 87 0.009759652962679
30 b 74 0.004173568515505988
30 c 112 0.030088968221649526
30 d 16 0.011739617775801903
30 e 29 0.015424844768202939
30 f 13 0.05614145233988066
30 g 31 0.017722032312715408
30 h 97 0.023589904876609502
30 i 117 0.012244052503123548
30 k 116 0.017363252529092543
30 l 112 0.03402728969332969
30 m 126 0.20191573407009533
30 n 123 0.07573052952885129
30 o 40 0.04050127013407767
30 p 69 0.08738506295783732
30 q 138 0.0642760013871444
30 s 31 0.029289284561235918
30 t 92 0.044386775801183
30 u 70 0.03779580327143672
30 v 121 0.014064199853088044
30 w 139 0.03378544885930823
30 x 111 0.029495781699228063
30 y 12 0.020840488789855338
30 z 108 0.028993398921837055
31 a 9 0.07311336008344549
31 b 49 0.0074236041289702515
31 c 52 0.041272412363908884
31 d 52 0.00040298814752648404
31 e 9 0.0010156011306048374
31 f 89 0.09315769625341663
31 h 47 0.03485996118824164
31 i 102 0.009390675978335872
31 j 99 0.03783140974253896
31 k 123 0.07146162922951194
31 l 126 0.0066413575159730565
31 m 90 0.020836706096155844
31 n 121 0.012368524493153954
31 o 44 0.00099247136587588
31 q 0 0.003391824319612491
31 r 5 0.00765478377369011
31 s 3 0.09508157025616515
31 t 55 0.06983990041546384
31 u 15 0.25409469007693786
31 v 130 0.023659488297350872
31 w 17 0.027455278647420922
31 x 46 0.031105770553865097
31 y 115 0.06999329955208844
32 a 101 0.05775084554066989
32 d 123 0.08927415592836474
32 h 34 0.07040919915489563
32 o 70 0.4015985365284668
32 t 19 0.07407777094613466
32 u 37 0.13571014743575505
32 v 92 0.1586378835833081
33 a 26 0.32413337247518803
33 g 49 0.1859940238559179
33 h 66 0.13805200036682175
33 n 70 0.24313610187191315
33 y 123 0.1061420660901845
34 a 67 0.044723195792214954
34 e 119 0.021632602483019125
34 g 19 0.03948283096777483
34 k 131 0.015556429851297349
34 n 10 0.09545451911197689
34 o 89 0.038778789905201005
34 p 49 0.01197431320447484
34 s 78 0.1906498344093428
34 t 17 0.11634365097981125
34 u 122 0.03473601738109655
34 v 29 0.22362699421666254
34 x 20 0.06434189571802296
34 y 107 0.0030953917211193893
34 z 14 0.0578026848929305
35 a 116 0.11723565603376884
35 b 144 0.053239765522007154
35 d 31 0.009902020448753879
35 f 86 0.0031393747336454503
35 j 74 0.2677866919143702
35 k 17 0.07571153794596452
35 l 117 0.04563178364267273
35 m 128 0.03276611011541675
35 n 102 0.02824767982216403
35 p 115 0.034197502820107584
35 q 31 0.06797767265702792
35 r 48 0.11098040961546385
35 s 33 0.00628521924158465
35 v 59 0.05694388023670993
35 w 37 0.060001806032383365
35 y 82 0.013205067999985332
36 b 66 0.06195184254927588
36 c 73 0.019667117086596075
36 d 40 0.04742934889127892
36 e 24 0.0556424849242706
36 f 115 0.03857954966400867
36 g 109 0.021063054037470108
36 h 53 0.029693473208481924
36 i 18 0.023046328046671283
36 j 131 0.0007995334381593056
36 k 134 0.0034780845001011196
36 l 73 0.004256373697778204
36 o 139 0.0343516393729979
36 r 48 0.061908283200260095
36 s 122 0.05804936746803979
36 t 62 0.008892947118939398
36 u 45 0.005366306169778401
36 v 79 0.045700414034234416
36 w 13 0.02372801727475138
36 x 114 0.045098114921708454
36 y 39 0.25695764913238617
36 z 116 0.017632813734157815
37 n 45 0.14937647722566594
38 a 89 0.010641405935593484
38 c 104 0.2782275105805988
38 d 94 0.06730574903311226
38 e 139 0.04310514840882029
38 h 106 0.0025101531187946557
38 i 22 0.011654682178324216
38 j 3 0.06777884829841507
38 k 119 0.011965062225706702
38 l 103 0.037576955848356075
38 m 71 0.02859233878554779
38 n 1 0.033823945541344824
38 o 9 0.07795207616040367
38 p 28 0.049602426049017434
38 r 17 0.04850671745208257
38 s 80 0.0031901812887129566
38 u 60 0.003975727851561639
38 v 128 0.042330228321483476
38 w 78 0.004157198089231651
38 x 13 0.053226184171559
38 y 39 0.05224485490948416
38 z 105 0.054099456765414944
39 a 69 0.11209664477238146
39 b 77 0.039639886799148205
39 c 84 0.03559486173873394
39 d 121 0.006627811337328593
39 e 130 0.030840018889298992
39 f 41 0.08639828943409211
39 g 114 0.037543589189498516
39 h 18 0.015044607081467154
39 i 119 0.0025817244501077363
39 j 136 0.0524484755407949
39 l 126 0.06572105547354667
39 m 33 0.002549040264887781
39 o 142 0.0006321268398838953
39 p 54 0.14747234886816085
39 q 43 0.03326182608966355
39 t 139 0.016225226888689548
39 u 81 0.04092413909430759
39 v 126 0.14841041995799964
39 w 50 0.009756752656737477
39 y 101 0.050584438491542816
39 z 90 0.008938920037226294
41 b 8 0.08286016589388645
41 c 96 0.1259783028888245
41 e 144 0.08627117982918564
41 f 77 0.1637478868919695
41 g 112 0.1527683945871513
41 i 112 0.012492548688568417
41 j 8 0.13941765111116877
41 k 135 0.0005232596428677017
41 p 22 0.06407265349470292
41 q 36 0.0064894087721427685
41 r 52 0.10647816229968832
41 s 108 0.0400397078342043
42 b 99 0.020028247765261797
42 c 111 0.0369551016755717
42 d 42 0.042575930098590065
42 e 6 0.01033818252790042
42 f 20 0.02174603825404864
42 h 118 0.023356263685196832
42 i 46 0.03424688783107621
42 j 130 0.06760879047217083
42 k 13 0.03553790411595825
42 l 104 0.02209907933863753
42 m 92 0.10199628183778608
42 n 56 0.02221148977780374
42 o 103 0.005306509154411776
42 p 15 0.03364898375053549
42 q 32 0.11409534981670488
42 r 65 0.015715713559554922
42 s 141 0.03744142527384642
42 t 16 0.031523493816759784
42 w 0 0.048506845373830654
42 x 44 0.04521102750387129
43 b 33 0.005588762592891983
43 c 135 0.07727179636917525
43 d 141 0.003913848393922614
43 e 44 0.014170749954768525
43 f 18 0.08517119608077395
43 g 97 0.018465792085988086
43 h 46 0.12568865979580013
43 i 127 0.12797214522464107
43 j 137 0.02587261579601896
43 k 89 0.019733292755871656
43 m 19 0.017675211896913456
43 n 129 0.04670605206038636
43 p 10 0.04089175976002468
43 q 99 0.004195439129347278
43 r 35 0.10450201571779871
43 s 96 0.0015366630898071554
43 t 39 0.005034113886820513
43 u 115 0.09833445235390104
43 v 33 0.05759734259478244
43 x 67 0.008596366284687629
43 y 121 0.0028096582816322657
43 z 96 0.03022240919095809
44 a 61 0.038268345028784956
44 b 67 0.07464387645252968
44 c 20 0.06605316210867518
44 f 86 0.021195675346177723
44 h 138 0.2605088832351531
44 i 137 0.07596569321421376
44 k 65 0.07148201033612767
44 m 34 0.021918762569915762
44 n 22 0.0029847021373481386
44 p 95 0.025152192240146642
44 r 33 0.03036694694535713
44 s 116 0.06334732907200713
44 u 24 0.04301537790416765
44 w 44 0.0810569184277582
44 y 31 0.011773903193891155
45 e 18 0.24065505153094058
45 g 92 0.007916212990675464
45 i 48 0.051099439944778835
45 p 88 0.11434020536569511
45 r 32 0.10383665536495879
45 z 30 0.3632591165410862
47 d 103 0.08144286767955777
47 e 1 0.010451512700944243
47 f 3 0.031654058987575895
47 h 124 0.14029927676242437
47 i 9 0.045953000356403706
47 j 15 0.08113895969560603
47 k 68 0.016802287263703697
47 q 76 0.19438977577682293
47 s 18 0.13592297032387657
47 t 105 0.0030970869301276682
47 u 127 0.02428760766719862
47 x 102 0.06604113837801451
47 y 140 0.11411389149844131
48 a 76 0.016020495149494995
48 c 71 0.08612312724796933
48 e 28 0.0069923553307668085
48 f 112 0.02498131596393449
48 g 66 0.20655825697971153
48 h 117 0.11623890448570062
48 i 50 0.005283575008969588
48 j 90 0.009217793540295505
48 o 16 0.2121073701438151
48 p 53 0.07775350805004322
48 r 144 0.10676742673435202
48 w 62 0.055380558478578146
48 x 141 0.029326498195938244
48 z 10 0.03012193778688843
49 a 69 0.05031683142174315
49 c 32 0.017422633811484234
49 e 109 0.11997872892546713
49 f 121 0.022633606481447632
49 g 123 0.01142789614403894
49 h 136 0.14945863197244647
49 i 74 0.02648790004728041
49 j 36 0.010800976704188114
49 k 38 0.03718421871405786
49 m 113 0.042595517130578076
49 n 41 0.04590812625250196
49 o 77 0.08794705061212649
49 p 118 0.01591750709188855
49 q 23 0.033029838985513815
49 r 5 0.0048463137167861214
49 s 66 0.012473203876365746
49 t 43 0.0955254457944561
49 u 121 0.11616218561787395
49 y 12 0.034178471908821284
49 z 61 0.04345004456780899
50 a 60 0.049551049059324725
50 b 128 0.043670142680251045
50 d 95 0.07980288629798304
50 e 35 0.08781572982516062
50 f 84 0.04810649752079321
50 h 73 0.10266438551135015
50 i 97 0.035094839711916515
50 j 83 0.0030876596597360084
50 m 69 0.04333038979487003
50 n 8 0.024045673951644586
50 o 129 0.07559284459030191
50 p 24 0.03046642716771708
50 q 46 0.05587603017700793
50 r 135 0.015786801231419845
50 s 39 0.024321929637115214
50 t 141 0.03456388145528788
50 u 77 0.09335100547276265
50 w 93 0.0661418579540114
51 b 103 0.3097066898827876
51 d 107 0.02133496320016104
51 e 94 0.1739408482472995
51 f 137 0.03257110087602422
51 h 113 0.003666535169525531
51 i 63 0.14370242835832803
51 j 108 0.018264712520867477
51 k 56 0.012030323888188033
51 p 97 0.1357387881696117
51 s 105 0.051487097763423084
51 t 96 0.0623874465459856
51 v 35 0.016886557064920926
51 w 25 0.003848407354091976
52 g 59 0.29045673516328485
53 b 65 0.0446551399173869
53 h 67 0.07661551324259275
53 i 52 0.07855043621603375
53 j 125 0.006723017260840014
53 l 38 0.03728925772257374
53 m 8 0.15548458729436154
53 o 137 0.01969622556797279
53 r 129 0.21266930785616023
53 w 33 0.07774222828485278
53 y 16 0.028786281849901618
53 z 67 0.22525294168282428
54 h 63 0.28198489683550876
54 t 88 0.24771321980553096
54 z 45 0.2936800122751372
55 a 11 0.0035585241078596175
55 c 9 0.030799920233811617
55 d 128 0.047689444298738226
55 e 20 0.03486605557636058
55 f 112 0.07239722030202544
55 g 84 0.24990745915861823
55 h 24 0.0702456400527377
55 i 78 0.09962781651469232
55 l 46 0.008226314006996027
55 m 6 0.008935535719696408
55 n 19 0.0011448215524472172
55 p 139 0.07740964611372736
55 r 101 0.09394604822319075
55 s 132 0.02767733074720713
55 t 81 0.03135948844772629
55 u 143 0.008006093969453731
55 v 124 0.06590681729509895
55 w 37 0.010354758203410475
55 y 48 0.04835204684493444
56 a 90 0.005447039877388593
56 b 57 0.02054944294663641
56 c 109 0.019948256734139802
56 d 101 0.04671623884673004
56 e 141 0.019064597769423708
56 f 65 0.061887505575773494
56 g 8 0.11694038993048528
56 h 112 0.010625170165596609
56 i 12 0.011303542946874634
56 j 114 0.08840282665710919
56 k 56 0.039930673931752536
56 l 8 0.006878524201558989
56 m 58 0.0902317324710028
56 n 24 0.027553302805135904
56 o 99 0.019081005070479495
56 p 111 0.022262066534444847
56 q 86 0.028614832568021775
56 r 45 0.06280495188095225
56 s 63 0.007296739329257562
56 t 17 0.06216513089655362
56 u 11 0.0017626456047040717
56 v 84 0.03736631259559087
56 w 136 0.006541613027391979
56 x 40 0.003459077510076125
56 y 71 0.01521338003280015
56 z 1 0.0011580118254537197
57 d 88 0.10319786936628605
57 e 113 0.21338167576008094
57 j 143 0.019226151748935383
57 m 4 0.009038800561610327
57 o 120 0.07091964517325733
57 q 84 0.004371721146330221
57 r 49 0.332353981222813
57 s 141 0.06059036509612348
57 v 106 0.03291755247374084
57 w 79 0.05317839129119151
57 x 93 0.08997884878679552
58 a 52 0.019360948734870598
58 h 107 0.06687068911257366
58 i 16 0.28866483833695566
58 j 90 0.036054968182318126
58 l 45 0.028077197883094374
58 m 41 0.10627997975281711
58 n 28 0.0002848105266520795
58 p 98 0.002428236578169818
58 q 104 0.05051579374284898
58 s 78 0.14777661714541002
58 u 138 0.005179875790275901
58 w 60 0.005108811211461561
58 z 67 0.14496788779031156
59 c 78 0.1903547525737912
59 d 16 0.09520499702189356
59 h 140 0.046414388609551605
59 n 37 0.31054210513442826
59 s 8 0.01023117459577283
59 y 29 0.10754489780656518
60 a 15 0.029000386343935092
60 c 95 0.0013581709827370503
60 d 101 0.06070610997635817
60 e 1 0.026332106340665518
60 f 90 0.004479570847073955
60 g 18 0.060890323830091075
60 h 87 0.03877130395056705
60 j 133 0.028997997084526217
60 k 113 0.09803356079923864
60 m 69 0.022780218366447502
60 o 94 0.08970736370192767
60 p 42 0.1349086432757134
60 q 103 0.038349194117249574
60 s 80 0.05400482049995925
60 t 92 0.05704670170877901
60 u 91 0.027364215242523304
60 w 120 0.010988349182037727
60 x 36 0.011970330913412597
60 y 50 0.025245516314639227
60 z 52 0.13802396976919473
61 a 77 0.033270124786431876
61 b 2 0.07091813355465015
61 c 61 0.0295773537197368
61 f 30 0.01274514906414681
61 h 69 0.019318313751767624
61 i 37 0.0303577129575473
61 k 35 0.012994245286380046
61 l 119 0.006082401049131048
61 m 99 0.05592736698968925
61 n 35 0.07165200114282533
61 o 44 0.027525410744260626
61 q 113 0.0001455744395013614
61 r 125 0.0770855296737496
61 s 143 0.07583055417180729
61 t 62 0.0624322022729934
61 v 60 0.033791424877267384
61 w 2 0.034706659348048285
61 x 27 0.08555048019843992
61 y 90 0.19181467544400932
61 z 10 0.0031981274661005976
62 c 6 0.25536626398392426
62 m 34 0.013006765451018976
62 n 118 0.018537665859925112
62 o 137 0.2073459694466604
62 p 53 0.050389102379140405
62 u 129 0.02324731460753493
62 w 115 0.0631661232868852
62 x 25 0.01445719877654894
62 y 13 0.09518097625565858
63 h 0 0.5954357294021155
63 l 42 0.31224161296522657
63 x 119 0.027317050158353173
64 c 122 0.07463555666541954
64 d 31 0.021852477781580837
64 e 101 0.22044279034289438
64 f 140 0.002100085573209065
64 g 23 0.15069618702211685
64 h 121 0.05952398050807661
64 s 14 0.2722500414094762
64 t 41 0.0784630734593803
64 z 58 0.050115109611409636
65 b 86 0.08621208537859737
65 c 76 0.16481010794024398
65 m 48 0.07361342737989629
65 r 105 0.5451390174654218
65 u 53 0.06846594536568773
66 a 49 0.019556665193969813
66 b 85 0.04083449385387061
66 c 17 0.025904951665870035
66 d 26 0.016438591009213965
66 g 6 0.008728068726621685
66 h 57 0.05171163359708697
66 i 101 0.049205481954830654
66 j 82 0.024209933804342887
66 k 102 0.06702199237225615
66 l 41 0.01272876196477124
66 m 75 0.03096422153688627
66 n 51 0.01175704035528713
66 o 77 0.013716971408804901
66 p 75 0.00021952888388576675
66 r 0 0.17341445610269257
66 s 22 0.09415931193340576
66 u 42 0.014404474529953748
66 v 56 0.2952450154458197
66 w 120 0.0007532228876638847
66 y 40 0.013102814798286788
66 z 52 0.005482024513332018
67 b 62 0.01553835208920662
67 e 114 0.05391103134438968
67 f 96 0.1491402063158136
67 h 76 0.05645072819304364
67 k 76 0.011060468541999824
67 l 132 0.02473245818327663
67 m 99 0.16550069814135115
67 n 103 0.03361021818009957
67 q 78 0.04481333231853146
67 r 61 0.009480750756506007
67 s 37 0.016221296393758466
67 u 141 0.012890543840496482
67 v 55 0.18224098515429643
67 w 67 0.022624702898738303
67 x 50 0.0921349878744877
67 y 51 0.07384828193248094
68 a 26 0.0004789906675628508
68 b 0 0.021780131436849093
68 c 43 0.08804477277309664
68 d 48 0.007912337286312798
68 e 6 0.019050995885786626
68 f 120 0.0024791778502992745
68 g 107 0.05043814543387559
68 h 27 0.04020186055429442
68 i 89 0.08315318156759477
68 j 43 0.029408764386922637
68 k 89 0.02177405825219414
68 l 4 0.08403515437820996
68 m 110 0.0012620784573614818
68 n 22 0.019032753166529304
68 o 89 0.06491411012849957
68 p 128 0.019055160965028795
68 q 91 0.11018580279003598
68 r 126 0.017111735757120883
68 s 50 0.0013957302143156047
68 t 7 0.04260648259573929
68 u 58 0.0012030331113465076
68 v 135 0.007294458641591173
68 w 92 0.01569704412970263
68 x 92 0.03782621902195493
68 y 67 0.013969810919156056
68 z 13 0.08144650520942354
69 a 60 0.01255567494750387
69 b 83 0.11290205985171187
69 c 87 0.1411823397248423
69 f 125 0.0010650525926956256
69 g 57 0.01056579042905903
69 h 141 0.03822959079361632
69 i 115 0.08598679738087067
69 k 91 0.0494834269382588
69 m 19 0.08122213502418296
69 n 44 0.09482353528038112
69 o 115 0.02728614560838194
69 p 51 0.07630784243206568
69 q 105 0.027456587961446344
69 r 100 0.008826151639736435
69 s 138 0.029842472821190458
69 t 71 0.042796129208284794
69 x 54 0.028573734504710235
69 y 108 0.054844456073560144
69 z 106 0.0734162097859713
70 b 78 0.015330955748313668
70 c 15 0.0391655452554629
70 e 25 0.20153137915423192
70 f 120 0.04531017827438566
70 g 82 0.010075673671314345
70 h 96 0.015570545190686902
70 i 127 0.007091835052962625
70 j 71 0.02469387314473559
70 k 87 0.049208062151633536
70 l 102 0.01770167521061128
70 m 47 0.013633519754325252
70 n 76 0.15262577579716752
70 p 42 0.1128650963293093
70 q 37 0.06925127038647882
70 r 18 0.015788854156708387
70 s 97 0.04623252018815416
70 t 41 0.0010613247843657136
70 u 133 0.001835985912388316
70 v 59 0.021593369071063795
70 x 90 0.11069128441701559
70 y 45 0.0005354944496589464
71 b 102 0.08215512095863897
71 d 46 0.07893680941414183
71 f 134 0.05427604985550949
71 g 47 0.06652867136055873
71 h 39 0.08060534664406738
71 i 79 0.06242267079008379
71 j 89 0.016691171779849023
71 k 52 0.0035792941866195083
71 m 40 0.024718185671796178
71 n 67 0.035524215464841635
71 p 85 0.01262025119714083
71 q 39 0.048114751879395956
71 r 112 0.05282801602538556
71 s 78 0.04387402003931007
71 t 104 0.03710608829482975
71 u 67 0.007761696807151552
71 v 78 0.11343993023685184
71 x 76 0.06851441742244879
71 y 136 0.05058041896050891
71 z 11 0.04970128109538541
72 a 7 0.032659834740382365
72 b 81 0.07905280885960542
72 c 8 0.038580183541106705
72 e 42 0.021099425623724466
72 f 57 0.015089637771693698
72 h 143 0.06951442703165811
72 i 28 0.029310498386670436
72 j 130 0.02462641847402447
72 m 1 0.14328083916148138
72 n 78 0.17003743860013854
72 q 124 0.030329564125095243
72 r 77 0.015318417204597368
72 s 38 0.008330949561206169
72 t 84 0.009877309666862177
72 u 51 0.011415214898769954
72 v 108 0.045458586138123924
72 w 103 0.05674895484107467
72 x 79 0.061670350238788085
72 y 54 0.1075466804341555
72 z 86 0.008814351296992928
73 b 135 0.017804181207741743
73 c 15 0.002888468511470066
73 d 21 0.08596520825906784
73 e 4 0.0244532142811813
73 f 56 0.0217402002765954
73 h 124 0.14042261873680484
73 i 35 0.10395467339824738
73 k 131 0.02238867214231255
73 m 25 0.014464975612931474
73 n 23 0.03767012778447476
73 o 27 0.16783021274820098
73 r 103 0.053932672057070086
73 s 36 0.012625683730709603
73 v 40 0.078331834271263
73 w 17 0.03659883650051132
73 x 58 0.0990698355891988
73 z 80 0.031961080832708544
74 b 93 0.0621703423620259
74 d 134 0.03857169063365651
74 e 37 0.0022430083586063576
74 f 26 0.0007173687891398606
74 n 40 0.007315760472273336
74 q 94 0.35280854183343735
74 u 141 0.025783649134622277
74 w 86 0.18615627632435905
75 f 98 0.14986605952083454
75 p 14 0.012620860829450908
75 s 62 0.04996354710336981
75 t 144 0.08173217124139864
75 u 17 0.0397950241208056
75 w 12 0.36586613205969687
75 x 97 0.07148332508284205
75 y 131 0.09683006681272976
76 b 15 0.05529512866170505
76 c 99 0.10540320549342863
76 g 63 0.03189182883962127
76 l 52 0.18545447571034157
76 m 74 0.001623204224415531
76 r 55 0.25108922299180003
76 t 1 0.17061115713199837
76 v 134 0.005743958114823977
76 z 69 0.12489646542153854
77 a 34 0.0014313571963251448
77 b 54 0.021921693162629374
77 c 7 0.020533581942400958
77 d 17 0.009092946387581513
77 e 46 0.01138644578763559
77 f 89 0.1399671617654109
77 g 105 0.023018107957393563
77 h 137 0.0712989898741907
77 i 41 0.021055410524231988
77 k 141 0.027608347842330905
77 m 15 0.01980674255534831
77 n 128 0.03361543605310624
77 o 110 0.13914374619820313
77 p 85 0.10330834546109213
77 s 95 0.050398103406274486
77 t 75 0.02254147811949858
77 u 62 0.1531721460433768
77 v 130 0.007983292235137385
77 w 101 0.03050629416316697
77 x 57 0.02624463670747068
77 z 93 0.007691944074517454
78 b 71 0.0347716209183726
78 d 132 0.0005553258194056498
78 f 89 0.02172599290740962
78 g 136 0.006850965913457907
78 h 135 0.039440852629865186
78 i 19 0.1551942608850163
78 k 86 0.022896195674715902
78 l 62 0.0405887528117973
78 m 5 0.1441811000377594
78 o 37 0.2886925875778894
78 p 32 0.020880907076466726
78 r 45 0.007968113718946235
78 s 127 0.02742150505029961
78 t 101 0.013336036082300828
78 u 142 0.0008142103742233564
78 v 135 0.07831734562478387
78 w 79 0.024719712807556138
78 x 3 0.028898134135708964
78 z 64 0.02097534784021371
79 m 14 0.06978114658993795
79 o 0 0.004798149660186324
79 q 109 0.040523239607340056
79 w 61 0.6456961572823268
80 e 77 0.15223788488148893
80 i 61 0.025059353438998677
80 l 50 0.17223614800095566
80 o 78 0.27995481959367174
80 z 93 0.12108786623988277
81 e 44 0.028298200222239833
81 h 47 0.29093090164389435
81 k 115 0.04934039612390251
81 l 75 0.15240684427639228
81 m 101 0.133718854176602
81 s 36 0.04983470240714505
81 v 25 0.08072588949052295
82 c 106 0.34066412734478513
82 n 142 0.03993936406030085
82 o 111 0.004144423998363678
82 p 95 0.17647673251520313
82 s 78 0.17878675579069003
82 y 108 0.11675582904344972
82 z 129 0.025937957727431016
83 c 7 0.4884874533731386
83 f 75 0.12275049404207139
83 n 82 0.10778807068385832
84 a 144 0.011263755536946807
84 b 22 0.00759699509445666
84 c 133 0.005962284672282658
84 d 83 0.014153033144106875
84 e 63 0.033164350388410035
84 f 133 0.03617811099410029
84 g 133 0.037920324944160755
84 h 116 0.021507878831717453
84 i 98 0.04154655579263988
84 j 117 0.03736748622226904
84 k 111 0.10590700278052212
84 l 22 0.07059849538173546
84 m 1 0.02869796530317692
84 o 0 0.0030654097703702865
84 p 119 0.0015174550309979828
84 q 83 0.09592458738062681
84 r 127 0.00777968473151136
84 s 99 0.13704973267927179
84 t 144 0.05753357511377666
84 u 14 0.011044639470833117
84 v 121 0.03571407270318461
84 w 7 0.08454943479627053
84 y 121 0.027742743785497903
85 a 95 0.10683638344029656
85 b 48 0.12438712045836153
85 c 114 0.029583272233332014
85 d 95 0.08836022478738292
85 e 18 0.0033425341607791204
85 h 7 0.0015331195581901325
85 j 49 0.08337879378973145
85 k 3 0.1122726826765924
85 l 43 0.02249932216623729
85 n 72 0.020844531877852623
85 o 102 0.028096123876976575
85 p 127 0.0011235189492909692
85 q 36 0.02845652573079327
85 r 89 0.013821321041324719
85 s 27 0.09831388768033755
85 t 29 0.09288855519190808
85 u 101 0.03924172141897608
85 x 9 0.05367870145818587
85 z 81 0.019651613172769533
86 a 46 0.014437005120050084
86 b 115 0.022401401558772682
86 c 12 0.017897096451712113
86 d 115 0.017944386071433227
86 e 121 0.08844521927780324
86 f 44 0.021198693579390526
86 g 56 0.045017524247503604
86 h 120 0.13506318357800529
86 i 125 0.07470760036043544
86 j 28 0.00416987431486171
86 k 73 0.013198969952732176
86 l 92 0.07841889684167036
86 m 13 0.011022227915373883
86 n 2 0.0003445997761455377
86 o 105 0.052262000901412864
86 p 18 0.009823647742774888
86 q 87 0.04614162852083303
86 r 130 0.034804516025921384
86 s 126 0.04283896214782601
86 t 50 0.03620810693758747
86 u 101 0.04391426108034324
86 v 73 0.07751861217706235
86 w 128 0.021204039079306125
86 x 108 0.022726346517329077
86 y 50 0.016688410541316423
86 z 87 0.03811254156945054
87 a 82 0.02515099864349024
87 b 112 0.022509352408283778
87 c 127 0.042523809712079697
87 d 51 0.015027559684780312
87 e 136 0.023252103929647272
87 f 15 0.06562217501497236
87 g 45 0.022816074673337572
87 h 6 0.014819221243032255
87 i 61 0.14133128812900375
87 j 133 0.11448570254549983
87 k 89 0.006300968629671999
87 l 57 0.07341636060794676
87 m 120 0.00812716616741238
87 n 10 0.0671285133231222
87 o 18 0.01144466458879101
87 p 130 0.011426482097067647
87 q 123 0.009477447807817563
87 r 60 0.0270166066720412
87 s 75 0.07084885646595473
87 t 62 0.08271152641492563
87 u 128 0.011188225305500676
87 v 62 0.011216549348651128
87 w 29 0.0051672440183401225
87 x 92 0.014319198736155725
87 y 104 0.04438330981058358
87 z 74 0.00952391840305522
88 a 76 0.03161491875668365
88 b 71 0.02614564288237997
88 c 122 0.004824967388970092
88 d 5 0.11153637783506531
88 f 119 0.11228630209886936
88 g 57 0.16780772534838573
88 i 67 0.007238442774025189
88 j 104 0.04975071264867237
88 n 25 0.006921239016486225
88 q 60 0.14450095871525026
88 r 139 0.14024566850703668
88 s 119 0.11757173515316333
88 t 5 0.0029115968528578007
88 u 16 0.03081372439720642
88 w 36 0.00038642754979822946
88 x 82 0.00372065681029643
88 z 141 0.019130896364291883
89 a 50 0.004979459929471686
89 c 121 0.08502548110866404
89 d 64 0.05935400581688677
89 f 139 0.025488688428775275
89 g 98 0.13370161796209112
89 h 77 0.009630430755434682
89 i 14 0.023027517903289163
89 j 35 0.013147622914191803
89 l 121 0.11099012965717847
89 m 61 0.013881849294395177
89 n 43 0.01032688959142769
89 o 91 0.08077362319670134
89 p 21 0.04983630729158328
89 q 55 0.05467433883345052
89 r 65 0.04793588963503903
89 t 17 0.0008865172129950416
89 v 49 0.02241723476927726
89 w 97 0.015316576576590135
89 x 27 0.019119908600984226
89 y 102 0.05160999181363679
89 z 122 0.021487193587260145
90 a 59 0.07229125802117542
90 b 141 0.026452550012139198
90 c 144 0.00452396873701022
90 d 95 0.03035274823953571
90 e 4 0.022025173563382627
90 f 105 0.010211552562386927
90 g 99 0.018040662391230144
90 h 76 0.017349408708766445
90 i 49 0.009104408519973517
90 j 91 0.07409592488907213
90 k 4 0.032661434887701346
90 l 116 0.04781279017707729
90 m 139 0.03751652731542221
90 n 103 0.008056426880195477
90 o 79 0.08944695269753211
90 p 3 0.046380475312158276
90 q 58 0.03692342564936324
90 r 97 0.07108545238446651
90 s 98 0.04763454946448231
90 t 125 0.047849044763870974
90 u 31 0.018743970653334885
90 v 134 0.011107183463334391
90 w 7 0.011938942806995256
90 x 125 0.07265411476799355
90 y 106 0.0539617019769808
90 z 111 0.021379276366047972
91 b 29 0.12288580873979793
91 c 37 0.042547382735564354
91 d 75 0.015405747394556024
91 f 88 0.07211125008604025
91 g 77 0.020535002908467437
91 i 76 0.10052098128688325
91 j 61 0.04051810604631012
91 k 88 0.10663173420032979
91 m 53 0.004405330925806639
91 n 92 0.06948690022979676
91 o 110 0.025883204139752425
91 q 43 0.048754601071311354
91 s 141 0.022583745806782574
91 t 2 0.03283523624179674
91 u 53 0.0019523361815155793
91 v 100 0.01441879502359844
91 w 106 0.1762768081531937
91 x 15 0.03719968255648498
91 y 115 0.002521879523148862
91 z 57 0.002158418822808539
92 f 63 0.11070410802693553
92 g 75 0.2744785194289793
92 n 74 0.05459842633936007
92 r 136 0.03788536289146904
92 t 110 0.27669938505093683
92 u 88 0.013265492300011394
92 v 109 0.01598734268948898
92 x 43 0.009199049138653437
93 y 11 0.9167630736124622
94 a 31 0.011167160279771049
94 d 4 0.2469503678653463
94 e 136 0.030334036901164763
94 f 50 0.06926896382961567
94 g 66 0.02635907910127766
94 n 49 0.11581111480143624
94 o 21 0.03833843506206702
94 p 123 0.059357957902819614
94 q 39 0.019136875850494284
94 w 102 0.01620839067117219
94 x 87 0.003988585154056645
94 y 144 0.03442926913847899
94 z 28 0.04364732336997357
95 c 7 0.10928437992918494
95 g 105 0.033147561003755266
95 o 105 0.1252477912751404
95 s 74 0.470879493413383
95 t 23 0.06475293805498794
96 a 25 0.020188555963001953
96 c 94 0.06820444298006789
96 f 70 0.15894639255487253
96 k 7 0.004010360800389523
96 o 116 0.24537730580120765
96 q 29 0.14787436926391173
96 r 2 0.12222095652301423
96 u 125 0.1002938576382506
96 v 26 0.12085266405650086
96 z 74 0.0035566862856218906
97 a 127 0.15479279749772556
97 f 43 0.015581476620813328
97 j 79 0.1562804564366156
97 k 70 0.12670954654311684
97 m 74 0.22600586304386605
97 r 73 0.13684034186930705
97 u 94 0.15229392974581535
98 g 140 0.10062900607050496
98 i 113 0.06409861592454758
98 m 15 0.15715378789657042
98 o 72 0.007367095459974937
98 p 36 0.0841868943175954
98 r 94 0.1336829731300817
98 u 98 0.09392452647791538
98 y 94 0.24031911123776084
98 z 127 0.06708353311186355
99 e 69 0.09439370325290208
99 f 108 0.2982561775908886
99 l 33 0.0976966889289278
99 o 53 0.023218332589555746
99 p 52 0.010448051693450422
99 q 36 0.1711612475526929
99 r 130 0.03880365842553957
99 s 143 0.011828028833373638
99 v 37 0.004366871662761174
99 y 55 0.05403839460212212
99 z 64 0.05773706202035411
100 b 89 0.08085454795249669
100 c 85 0.21522470302039498
100 e 56 0.07520543834639382
100 g 95 0.01772338542203722
100 h 12 0.007585512613473955
100 k 14 0.09742698990211696
100 l 3 0.0732602770702836
100 n 140 0.023321335972684265
100 p 52 0.03658111539106179
100 q 106 0.0766646283914113
100 r 11 0.053887467615047924
100 s 70 0.12588292214894825
100 t 116 0.010778212480310856
100 v 8 0.10169482206697245
101 a 15 0.26413871039484405
101 e 10 0.12333866164467877
101 m 119 0.05572882803990209
101 n 82 0.03836921583756259
102 a 19 0.002055193059826821
102 b 79 0.005536934146684547
102 g 5 0.14657358247251562
102 i 124 0.045081542441501976
102 j 118 0.14416139795846128
102 k 42 0.03694872231320978
102 n 105 0.11867500853748536
102 o 23 0.153490645998678
102 p 12 0.09113540161711586
102 r 45 0.007120662735721761
102 v 43 0.047960711398657985
102 w 102 0.005852039663343134
102 x 114 0.1305231209959088
102 z 56 0.018189417419911535
103 l 127 0.14400930589792138
103 o 43 0.011134643478938777
103 p 44 0.12871665491763906
103 q 20 0.2223262402189925
103 s 3 0.29291634136772027
103 u 90 0.11513797125293779
103 v 10 0.0018675564264242217
104 d 27 0.10306083412013178
104 f 10 0.0580947245575375
104 s 99 0.5181603961353569
105 j 44 0.11352988556256538
105 l 60 0.049547238287110495
105 n 120 0.5239408485166526
105 o 16 0.2239017528397349
106 a 13 0.00910665049267012
106 c 107 0.014560113996310187
106 d 143 0.01729506864498276
106 g 38 0.04236083851539296
106 h 27 0.11080901868445969
106 i 141 0.2434794975354403
106 k 62 0.0014642998547772512
106 l 138 0.009924525729670619
106 n 92 0.029539818893754233
106 o 65 0.032669684617191885
106 p 27 0.07759806456332019
106 q 51 0.07029966501903351
106 r 37 0.02485843414220157
106 s 62 0.04846149026652857
106 t 39 0.0028427727810763637
106 u 109 0.008944134886448518
106 v 66 0.061953440490078004
106 w 6 0.03816452019002403
106 x 68 0.12097721709831788
106 y 48 0.03200058174487397
107 h 120 0.08581779992096028
107 o 83 0.056768759151093584
107 q 97 0.07857405066511425
107 t 52 0.2062713964169709
107 u 142 0.021221035139103228
107 v 57 0.23482999215221112
107 x 135 0.09374651281019108
107 z 136 0.0837165695793084
108 a 2 0.06395791716386068
108 b 62 0.02695734371868541
108 c 67 0.13695772634704118
108 e 31 0.18876895635288216
108 f 144 0.05340837479281213
108 g 141 0.004704661944465616
108 h 22 0.0012659497966346356
108 j 72 0.06634095495525671
108 k 53 0.0018893709828178284
108 l 124 0.03854925009226284
108 m 27 0.008639346915719881
108 n 132 0.006462197680532689
108 o 107 0.031731868913923655
108 p 53 0.009044742435452169
108 q 52 0.04150005641410548
108 r 30 0.003267840194437932
108 s 51 0.0007886045610977499
108 t 132 0.0600127500724178
108 u 99 0.09608840881300296
108 v 132 0.011477871761614966
108 w 62 0.004532890694769698
108 x 143 0.020734580416527315
108 y 0 0.06535886262153656
108 z 7 0.0013233667562546625
109 a 10 0.0854621736266411
109 d 86 0.028425934200469793
109 e 143 0.1169966104834107
109 f 70 0.0256919481937653
109 g 4 0.017245296358838647
109 h 141 0.050626372441734624
109 j 144 0.029638955313260218
109 k 5 0.1174486687969345
109 n 45 0.11064914521020675
109 o 23 0.17368529852001147
109 q 73 0.009590110158058107
109 r 2 0.09712176677032114
109 s 41 0.008971366365475242
109 t 63 0.036043739577011014
109 v 114 0.00995158389017059
109 y 142 0.0340026625126002
110 a 28 0.060095505912980074
110 b 88 0.01650891337387339
110 c 75 0.03272738969771927
110 e 125 0.03007823476610938
110 g 48 0.10758310557315431
110 h 17 0.04753244135158663
110 i 132 0.06781340702904992
110 l 111 0.025626417024718018
110 m 91 0.04506872443245269
110 n 86 0.040174968905354214
110 o 69 0.05375032039263716
110 p 38 0.053706656507363726
110 q 78 0.13237396002984025
110 r 108 0.20195679130673339
110 t 108 0.06193377923751553
110 u 9 0.012709623216425436
111 a 53 0.17531045252572897
111 b 39 0.011979546216697945
111 d 22 0.06898223890173083
111 e 97 0.0979425896110433
111 g 81 0.03772185055941968
111 h 84 0.053200809062778576
111 j 119 0.22108572360787315
111 k 38 0.02306666918545952
111 l 113 0.0009745903082180041
111 n 53 0.10919493026597493
111 o 81 0.02038334724423041
111 q 103 0.0003760935576654356
111 t 43 0.008044097825908314
111 u 29 0.04247281216414911
111 v 138 0.10405954147575458
111 z 118 0.009074015719469086
112 b 108 0.01870862688074615
112 c 121 0.0180083449328291
112 d 115 0.05766839134002166
112 e 44 0.00014164844889619221
112 f 42 0.021403076821131517
112 g 20 0.002890504646217651
112 h 135 0.03247050253749073
112 i 64 0.08157669589119765
112 j 22 0.035238831398638926
112 k 32 0.13297322484140428
112 l 31 0.051262729502793314
112 m 117 0.029675061166263395
112 n 44 0.03467735204693989
112 o 21 0.009165954434237622
112 p 121 0.009908681016628784
112 q 74 0.0745618681466853
112 r 64 0.026005041132373674
112 s 101 0.04448631946886472
112 t 48 0.012291563781979264
112 u 99 0.036217950785731534
112 v 13 0.028056810275548405
112 w 101 0.06266350215426486
112 x 86 0.07367583585784099
112 y 26 0.04529874659711419
112 z 28 0.051666295367684634
113 a 129 0.04944201094351197
113 c 22 0.05000852854761628
113 e 65 0.09531819848676992
113 g 61 0.06564186949128148
113 h 144 0.05833430237145154
113 i 86 0.08321418746051645
113 k 143 0.10074243976612751
113 n 97 0.1139214243530321
113 p 10 0.1340052441379569
113 q 46 0.09083633004315528
113 t 57 0.11006655837314161
113 z 106 0.002140888794923579
114 a 27 0.1841468671101837
114 b 65 0.01695252138493919
114 c 72 0.014657631494280343
114 d 30 0.0333588535811119
114 e 26 0.07401639549745909
114 f 137 0.01428807839143087
114 i 82 0.17076543332473126
114 j 46 0.01984014600401185
114 k 65 0.06170653554134253
114 m 35 0.13209093150870477
114 n 125 0.004229812824454449
114 p 115 0.0021914575673303016
114 q 116 0.00547530276639141
114 s 106 0.008030276264464509
114 t 75 0.03674304909145565
114 u 82 0.057884989291444255
114 w 31 0.0018682337125349724
114 x 29 0.038735249177471065
114 y 71 0.02478489926223182
114 z 85 0.013187333677921576
115 z 0 0.6361636614457534
116 c 70 0.0480106773249519
116 d 42 0.06074861513399543
116 f 65 0.04449310651144878
116 g 119 0.013613496177652507
116 h 51 0.04867032257739812
116 i 132 0.05698464265403924
116 j 51 0.06012565957755789
116 k 62 0.016999931423296366
116 l 59 0.06093500738930291
116 m 92 0.011412942541188742
116 p 107 0.00197393221560882
116 q 26 0.023929194922944208
116 t 34 0.08181220845407466
116 u 97 0.1399426061899347
116 v 58 0.07737874760701768
116 x 75 0.018329180035480785
116 z 29 0.048435291445667716
117 c 47 0.2458136535345259
117 e 25 0.24265865289885846
117 o 124 0.22988190467340908
118 a 51 0.019579642067511727
118 b 3 0.03290056568633326
118 c 102 0.07989271500481054
118 d 16 0.02151476565400201
118 e 83 0.02767758242393248
118 f 19 0.005386677936551232
118 g 56 0.0248653686610264
118 h 118 0.004009256157319729
118 i 39 0.08468692921963472
118 j 90 0.0026495892172442304
118 k 108 0.10682589324374547
118 l 39 0.015551265182754626
118 m 120 0.10608617044744884
118 n 60 0.04894593174682349
118 o 116 0.10493116400087998
118 p 80 0.12623067165867985
118 q 44 0.021606218151639545
118 r 18 0.009169228063220292
118 s 41 0.028701190744993554
118 t 44 0.03707336896216651
118 u 86 0.001083185157932487
118 v 85 0.006656334538760689
118 w 138 0.022498691412020766
118 x 20 0.005249712019231412
118 y 69 0.015220383492708045
118 z 25 0.01561869394689619
119 n 133 0.42416181064470315
119 u 5 0.25786173108850985
120 b 26 0.007974129672308705
120 c 74 0.21422620736873466
120 f 53 0.006587630635228381
120 h 102 0.47394912968023717
120 k 72 0.04468355364067722
120 m 132 0.033514594033950074
120 o 53 0.04819241496736315
120 p 7 0.08162500423764585
120 x 3 0.02662145507850544
121 a 2 0.03069986716948825
121 b 105 0.08014767723047866
121 d 113 0.0939068960176026
121 e 126 0.032224552641094695
121 f 89 0.14490687163113158
121 i 85 0.02154245132556043
121 j 91 0.052719946614102065
121 k 69 0.02545016967715763
121 m 4 0.007868334722399895
121 p 129 0.04098322651694819
121 q 15 0.14229272195417142
121 t 12 0.007328789351814358
121 u 4 0.0032502379440523255
121 v 29 0.08223383296456022
121 x 36 0.16723891591311324
122 d 61 0.004203202258425409
122 p 104 0.3614980314397034
122 r 50 0.2148423498302089
122 s 2 0.0018221907861578623
122 x 37 0.06589351385204423
123 a 61 0.027403785530377256
123 b 77 0.2497114591922407
123 g 78 0.15560508649648264
123 n 118 0.2882802103277854
123 t 142 0.058759550922375836
123 u 17 0.07553854479483868
123 w 32 0.002540990252913433
123 z 34 0.083594048931252
124 b 107 0.05299029016324053
124 c 138 0.005585559329239098
124 f 125 0.1435777924721039
124 g 60 0.013040260946325044
124 o 65 0.0010243829199650945
124 q 114 0.15087691353291754
124 s 99 0.06521373662554764
124 u 108 0.24158188232037447
124 w 87 0.1361215242180812
124 x 61 0.02654409868157004
124 z 101 0.12131595679670959
125 f 54 0.014020929326485798
125 h 51 0.292606670123835
125 i 49 0.2245082448777742
125 j 7 0.09566406691977325
125 m 19 0.04299146146543442
125 n 59 0.21848651672314734
125 q 64 0.06344034528489839
125 r 98 0.026351971238302796
126 b 22 0.8245119468346113
127 a 101 0.3288791317326495
127 e 76 0.012163423529522599
127 f 41 0.040280907543446265
127 g 11 0.07593657207445759
127 h 23 0.07735605222529496
127 j 130 0.1822146791858198
127 q 107 0.13568171474200896
127 r 120 0.0596994905207644
127 y 136 0.07500941859399946
128 d 81 0.14528817321096266
128 h 28 0.03350703995406357
128 j 1 0.19968933466853833
128 m 134 0.037354616237121
128 r 3 0.07595652663928942
128 w 32 0.2613603480621719
129 j 125 0.3194359731669514
129 q 2 0.08112087398613543
130 a 75 0.08737607746849962
130 b 50 0.07598976228483867
130 c 141 0.08326059753122073
130 p 61 0.3621286508431506
130 w 42 0.3070577751037178
131 a 3 0.05817562421902844
131 b 76 0.17643963341875346
131 c 118 0.12470902906444559
131 f 99 0.06702672303677326
131 g 86 0.0007813562055718482
131 i 141 0.019294545572140165
131 j 76 0.07697545456117849
131 l 55 0.1262770552102851
131 p 104 0.013803490231571791
131 q 15 0.05998522782216853
131 r 61 0.010691048372992507
131 u 26 0.05897143830274365
131 v 121 0.1208299488969351
131 w 62 0.00870467622734894
131 z 129 0.06265382428804867
133 a 109 0.29013453080134444
133 n 30 0.09854035373432146
134 a 59 0.0015777010996388396
134 b 123 0.07547990620937173
134 c 84 0.008638598173193901
134 d 60 0.017247702232572104
134 e 53 0.03316562549669788
134 f 70 0.039301288625140596
134 g 117 0.15469752256358626
134 h 104 0.0320123118596114
134 i 31 0.008839121645780934
134 j 86 0.09718372284621879
134 k 42 0.05235101617788518
134 l 115 0.07876217677170072
134 n 36 0.16495801040756564
134 o 45 0.0013001017350775523
134 p 142 0.049737256197783575
134 s 96 0.045955131800148874
134 t 49 0.028072394321318583
134 u 133 0.012138966513999039
134 w 2 0.009418782635136735
134 x 91 0.002057090796934835
134 y 28 0.04741370579956927
135 b 100 0.030972254682709588
135 e 13 0.01564578412544726
135 k 125 0.003617469477947388
135 l 122 0.32242372572482025
135 m 0 0.15971584478767975
135 q 53 0.12383659472805497
135 u 119 0.2643066282038875
135 z 68 0.04140145030230202
137 a 78 0.016265970301902244
137 b 102 0.005037827842602316
137 c 140 0.001893088856718017
137 d 42 0.015279385237150778
137 e 135 0.10216482150470918
137 f 18 0.13574122970808788
137 g 45 0.026895465634632187
137 h 50 0.00048284595958691945
137 i 64 0.12984295067036378
137 j 109 0.011722917743604344
137 k 79 0.0028049282901396744
137 l 4 0.08680787948560043
137 m 28 0.026646374511115622
137 n 134 0.004075262280321401
137 o 8 0.000994076217214701
137 p 132 0.014774880008284752
137 q 46 0.013722486321444682
137 r 120 0.04663052883361496
137 t 106 0.004350040603933625
137 u 113 0.021856002024732257
137 v 39 0.09509229830213861
137 w 54 0.04069341885442812
137 y 79 0.01902572996954155
137 z 128 0.12426899052556828
138 a 48 0.026883129740398193
138 c 98 0.06620593994474633
138 e 26 0.22078936843206276
138 h 106 0.04466244699129929
138 i 84 0.03885601720675813
138 l 98 0.19417831107199313
138 m 11 0.07291700237922105
138 q 96 0.027133287779254278
138 r 110 0.029659459273616018
138 s 55 0.052723208853247105
138 u 121 0.02511064965860854
138 v 144 0.014439340046552784
138 x 51 0.00205262687769181
138 y 107 0.13563504358611422
138 z 5 0.02877152485641732
139 b 125 0.3205785377519692
139 c 27 0.02344232229273957
139 d 52 0.09143233563198094
139 l 103 0.331051079202905
139 z 33 0.16282867506071785
140 b 21 0.05512973676190891
140 c 11 0.16454481455210623
140 d 14 0.02674257262084767
140 e 25 0.045534125492948996
140 f 22 0.06043479459638745
140 g 51 0.04346849448143386
140 h 28 0.0017078428053614036
140 i 121 0.036839610059535066
140 j 18 0.03378836975800148
140 k 144 0.05515013839279814
140 m 43 0.02320743430035843
140 n 4 0.0077389154949186745
140 o 9 0.018084167682673846
140 p 83 0.07348357062430988
140 r 139 0.00315566015843316
140 v 94 0.0070436556507078585
140 w 71 0.061349795869517165
140 x 115 0.07537513239837068
140 y 94 0.007159927219504203
140 z 71 0.10508474667016598
141 b 26 0.0019187475304073276
141 e 76 0.04318283842462567
141 h 124 0.0729555541695237
141 k 81 0.03203624497074842
141 l 24 0.022729412413854178
141 m 105 0.010526382902063536
141 n 122 0.07202595746285512
141 p 123 0.02705536981902068
141 q 117 0.1168558789725922
141 s 61 0.24386545184911035
141 x 31 0.1833593147164987
141 y 29 0.01949591046840282
141 z 30 0.11204351273461255
142 k 83 0.47053876646710746
142 m 120 0.03660923458473808
142 t 5 0.24882592422668248
144 a 134 0.021070886668372424
144 b 140 0.28256852219381967
144 c 31 0.004293200676391384
144 d 69 0.0008721369520019451
144 e 136 0.012445719052733617
144 f 64 0.08661256147685137
144 h 76 0.051786473465065375
144 j 38 0.0028259103176994094
144 k 58 0.048267172449882434
144 l 36 0.06766944435465516
144 m 74 0.11821851952736218
144 n 4 0.015556523373802644
144 o 75 0.043936506735263725
144 s 69 0.009353092889291093
144 v 50 0.029433938747029265
144 w 24 0.1405280292662927
144 y 73 0.028913746194500933
