167 26 2162
0 0.00724166762539491
0 0.0595600366956931
0 0.039652769074427274
0 0.1877378211821652
0 0.13718475707917077
0 0.12270700017516734
0 0.3085762781787088
0 0.12776785971582694
0 1.0
0 0.10924764140149046
0 0.11886897287938902
0 0.10669907592855787
0 0.006186095493515453
0 0.01862308777793298
0 0.011638669546020441
0 0.7354891310432601
0 0.05238230474083505
0 0.061599719282262044
0 0.056486571479800296
0 0.07258921134779384
0 0.38840363743634587
0 0.07683609367506461
0 0.004594810743622002
0 0.016555166197204207
0 0.24362478023399659
0 0.04926551175991045
0 0.08673043449843354
0 0.025300848850470348
0 0.03576528541090107
0 0.006717350911870756
0 0.030779009654763323
0 0.16338260757325207
0 0.04435381279765105
0 0.09703899465626153
0 0.24937169198732168
0 0.007722865418835156
0 0.019848139164294953
0 0.033357967318906834
0 0.12312751083484508
0 0.007525560280949195
0 0.00014178823528587792
0 0.3867813811742217
0 1.0
0 0.014678249595383552
0 0.0004821573771186527
0 0.06421067530633207
0 0.00039368847616050306
0 0.030260004785032768
0 0.02475194993223373
0 0.8903826232523735
0 0.005848596864497679
0 1.0
0 0.018911342786620766
0 0.08917306515809675
0 0.17944014479249726
0 1.0
0 0.4440335565095068
0 0.001568748894441474
0 0.21108935890055236
0 0.0638907527646031
0 0.008500898674768331
0 0.02189090825483231
0 0.30967869431645934
0 0.07550278334600935
0 1.0
0 0.05667206476085629
0 0.01798353253763274
0 0.12872562447196612
0 0.0651760664192722
0 0.005989043238534664
0 0.016488270913044167
0 0.09328624727583057
0 0.37240872708974415
0 0.04266747116970582
0 1.0
0 0.05418285133344236
0 0.057668699412004476
0 0.018108883321455882
0 0.15924548533799965
0 0.045588560199507966
0 0.13634423562200693
1 0.003395094225629891
0 0.09444079997451793
0 0.013961162061811083
0 0.4538120730340811
0 0.007608925245657927
0 0.008718585317498029
0 0.00507119727272487
0 0.23736141044522385
0 0.09846876458361342
0 0.04958256307078124
0 0.019123330674648886
0 0.10667918635194895
0 0.066222891800781
0 0.061791061788000645
0 0.022653575184733987
0 0.001725936299842079
0 0.008490829758550977
0 0.07122407964689448
0 0.08788358170538468
0 0.01800399664376162
0 1.0
0 0.03616843294354066
0 0.18308370811558827
0 0.012361802313308079
0 0.040922319895229764
0 0.28462380323400693
0 0.07350864720906325
0 0.2515611710492396
0 0.06103211139671605
0 0.024158743620477874
0 0.2819964868552882
0 0.10586236963386109
0 0.010397117175725334
0 0.0461226463759663
0 0.14065091659083184
0 0.05212081847307504
0 0.019614124746750727
0 0.006841439518960879
0 0.13715455827350154
0 0.09018068847080662
0 0.029272581837440637
0 0.058683191941090285
0 0.11687389012431615
0 0.09972824101643785
0 0.2941890377691845
0 0.07732220101317155
0 0.030238417523688832
0 0.07046930740464785
0 0.027008618090653025
0 0.052116164524021125
0 0.049806661594282486
0 1.0
0 0.0206439014580303
0 0.022257639917632743
0 0.17281959998394447
0 0.02491803280196081
0 0.22634792494455414
0 0.06328912913371543
0 0.07085554777135583
0 0.08794668259179494
0 0.17528922386595858
0 0.09460760742948238
0 0.042456552342461595
0 0.005827314343826107
0 0.039534750710312205
0 0.15878097414847092
0 0.03619039772519683
0 0.02103366473527002
0 0.36312577556097025
0 0.03362867486494214
0 0.05120700273212375
0 0.191889662987495
0 0.17442318187686645
0 0.5142811699551766
0 4.4672435207115946e-05
0 0.011250369847583097
0 0.015705491252291592
0 0.023700705409298806
0 0.013593603299270174
0 0.15924213315975788
0 0.02182634681667195
0 0.48651903705810606
0 0.1358265624908962
0 0.04022722236696186
0 0.05120518528953244
0 0.22702383752435473
0 a 88 0.052544424668995116
0 b 72 0.010558609779995232
0 c 153 0.14755990888771664
0 e 28 0.0256884969906096
0 f 4 0.01357174952550122
0 h 68 0.09381402234738245
0 i 166 0.10971775442645548
0 j 72 0.06891562231150294
0 k 149 0.08165326977785514
0 l 15 0.03402097518131886
0 n 5 0.08741030429854124
0 o 1 0.0979567068728957
0 r 72 0.018588996501393784
0 t 86 0.048134808575960975
0 u 128 0.024493193115151968
0 w 157 0.00789721476067029
0 x 81 0.020377877005889333
0 y 71 0.0025834017793010533
0 z 129 0.047270995567468055
1 a 64 0.032618044001091584
1 b 108 0.05718157261367296
1 c 148 0.023676754933125377
1 d 97 0.0007390051787267149
1 e 53 0.014857655878584342
1 g 12 0.25352571997368945
1 i 83 0.11658946347002797
1 k 46 0.047238797507489605
1 m 117 0.007754941027292239
1 n 41 0.0020714987881571556
1 q 150 0.1400557680555864
1 t 132 0.04616062761741513
1 u 87 0.12387715852607106
1 v 70 0.05901571302858499
1 z 9 0.015077242704791938
2 b 147 0.009529297751240007
2 c 125 0.2584410213276128
2 d 65 0.12049747445213776
2 e 95 0.03839500074424984
2 g 38 0.003719220121274902
2 h 101 0.09327078221873142
2 p 1 0.2590490923236528
2 r 129 0.03223694032337654
2 s 140 0.04454727496233468
2 v 160 0.09671637598554861
2 x 144 0.0039447507154133366
3 b 108 0.1062594646549434
3 o 39 0.23807248631161615
3 p 29 0.05585413668161754
3 q 11 0.3267428939264696
3 u 54 0.08533319724318811
4 k 82 0.0748412337651776
4 t 123 0.7879740091556516
5 b 43 0.0033642916584065707
5 c 78 0.24520029810016253
5 d 110 0.11771164848804683
5 e 39 0.011821304701430058
5 g 158 0.16304006339114718
5 i 41 0.020914139688087086
5 k 73 0.09231846878832894
5 o 156 0.007531663175556758
5 p 157 0.11478260387644568
5 u 106 0.0038450752826373336
5 y 165 0.04736549532256551
5 z 80 0.04939794735201819
6 a 63 0.009135351436077799
6 j 130 0.27359002582357084
6 t 95 0.40869834456164256
7 a 146 0.04477458530936995
7 b 2 0.13812120420594765
7 d 35 0.04666164706975684
7 g 29 0.009292084983695381
7 h 116 0.04981485295476884
7 k 163 0.014766731202718097
7 m 124 0.17413828434422163
7 n 62 0.01324537970846329
7 q 154 0.00887263371960445
7 r 6 0.14645884329515202
7 t 26 0.004421339689424597
7 w 6 0.02036215903420946
7 x 49 0.1911936400150498
7 y 33 0.0063737090517530515
7 z 122 0.00373504570003802
9 a 54 0.024002387321525376
9 b 115 0.25877672012065445
9 c 54 0.057151298147290586
9 e 142 0.026893502671381464
9 f 119 0.03147187351517178
9 j 101 0.08921006950119159
9 m 128 0.017586133273823856
9 n 87 0.014630287327646818
9 p 34 0.03773146775786096
9 r 2 0.07220785496654236
9 s 143 0.0037134315251892147
9 t 79 0.004841991224278086
9 z 121 0.252535341245953
10 b 25 0.14647089837646488
10 c 16 0.04280934308096651
10 f 97 0.03378562409827668
10 p 139 0.08807941809812614
10 t 90 0.3406284699857667
10 w 160 0.03240134640828196
10 x 40 0.19695592707272813
11 a 101 0.0018216070567215192
11 b 144 0.10292715141139708
11 c 33 0.009770236002139332
11 d 9 0.1572218567450563
11 e 2 0.015557115778784936
11 g 101 0.08540745288555851
11 l 122 0.029098353417493672
11 p 25 0.015183001626872694
11 q 143 0.08153983882023463
11 r 71 0.09618977541571316
11 s 29 0.022614857973018543
11 t 103 0.0017045018805086354
11 u 166 0.06213763518979776
11 v 136 0.039805458807358085
11 w 11 0.010829518777316749
11 x 8 0.018414827610271023
11 z 80 0.1430777346731995
12 a 137 0.10266767662956822
12 b 101 0.004984110192957192
12 f 153 0.06564263989245744
12 g 104 0.001727470394647157
12 l 76 0.00943730018139477
12 m 125 0.04222394337972579
12 n 66 0.035522638382947
12 o 144 0.0015537357923468553
12 p 59 0.1282711030020547
12 r 35 0.0027682493532029673
12 s 15 0.003081064546483603
12 t 66 0.11918341562111934
12 v 146 0.10899246617157177
12 w 114 0.01667197548483801
12 x 7 0.12993843754118872
12 y 124 0.0647611375043875
12 z 53 0.15638654043559352
13 b 81 0.02559722989940394
13 c 41 0.08307387974944336
13 f 111 0.026546414339837066
13 g 87 0.006112576917306045
13 h 132 0.02803307202950267
13 j 88 0.05044148449195707
13 l 43 0.1547994087741994
13 n 40 0.073623398007994
13 q 149 0.04563450049767148
13 r 15 0.0682176373549589
13 s 105 0.007606600847523515
13 u 97 0.18189912239372674
13 v 154 0.022696930923830183
13 w 59 0.1265204712484792
13 x 10 0.08057418474623346
14 a 72 0.023384321164346078
14 b 161 0.116338520007496
14 c 61 0.03955914918019865
14 d 38 0.06447610075732335
14 e 94 0.03410271591470215
14 f 132 0.004288133077452461
14 g 158 0.015383952699469239
14 h 86 0.02278300478206219
14 j 50 0.005318012572474329
14 k 57 0.14460399784922418
14 l 118 0.03756970334567711
14 m 27 0.09926131732815169
14 n 138 0.020152927442261825
14 o 129 0.028521859817670192
14 p 96 0.01364673801512395
14 q 42 0.03597006681171555
14 r 4 0.009913328865572169
14 s 85 0.051223995911552245
14 t 137 0.00468886944259117
14 u 112 0.03261305106025425
14 v 63 0.0018803730747622982
14 w 152 0.1100797530781179
14 x 76 0.01613656353289117
14 y 104 0.031928318334884964
14 z 33 0.02453655638800445
15 u 96 0.08083524845106427
15 v 42 0.18367562050567565
16 a 29 0.0023388212258745877
16 b 160 0.042493946198828625
16 c 113 0.028815488337513684
16 d 94 0.0016969817688556876
16 e 98 0.017272393245271855
16 f 37 0.0039967350888674424
16 g 119 0.025660595123558783
16 h 101 0.11960322838151394
16 i 105 0.10048500675162775
16 j 21 0.09151378438818814
16 k 61 0.00026777432881841534
16 l 81 0.004956295779249054
16 m 65 0.09292759190243294
16 n 51 0.0014620238206660696
16 o 54 0.0037284715053161888
16 p 9 0.022926678953365864
16 q 64 0.026336400477840027
16 r 38 0.061601647488161215
16 s 98 0.04308685571623261
16 t 0 0.012689891492822736
16 u 146 0.04661365760007219
16 v 105 0.03632956160091583
16 w 50 0.0016245162441570482
16 x 91 0.11447552329536281
16 y 23 0.007758159750265059
16 z 73 0.03695566479338641
17 b 31 0.04715244888140424
17 c 79 0.04975655700469461
17 d 15 0.02010716293736592
17 h 32 0.07358007361219321
17 j 11 0.11322890975092847
17 k 108 0.1390353144986275
17 l 120 0.021997193473640486
17 n 94 0.05096559861749472
17 p 143 0.03442283644393862
17 q 124 0.14055386395955616
17 r 16 0.07031995780982503
17 u 13 0.08722259151759126
17 v 85 0.03727831824939143
17 x 47 0.03596010600231425
17 y 57 0.0156334903826556
17 z 82 0.0011858575761164447
18 a 133 0.10476008099484357
18 b 151 0.033875505204553846
18 c 79 0.014140524044749525
18 e 7 0.010098718956844555
18 f 82 0.04126869830013813
18 g 107 0.005303292873295118
18 h 22 0.008506154729142956
18 i 73 0.06276668546185427
18 j 108 0.01520935681233282
18 k 66 0.061452684280512315
18 l 70 0.16470408230509992
18 n 13 0.050632066242915164
18 r 56 0.014920962859733655
18 v 47 0.02976328250769733
18 y 134 0.3126780416785254
18 z 101 0.013433291267961112
19 c 11 0.07854843667488753
19 d 139 0.04317718273618998
19 e 64 0.01901300696479724
19 f 159 0.009908246890754868
19 g 148 0.07495709312437626
19 h 54 0.02264921830767863
19 l 133 0.004791135757159504
19 m 102 0.07624052533514114
19 o 66 0.03383701552836538
19 p 75 0.1047491484111378
19 q 21 0.05116883882408674
19 r 1 0.019139912225898503
19 s 54 0.08181335076346963
19 t 1 0.01799878286569523
19 v 89 0.06313652067151254
19 x 140 0.03490151227602545
19 y 55 0.010061366636311075
19 z 97 0.18131949465871866
20 a 60 0.3355312923525149
20 w 160 0.19264841446461678
20 x 19 0.08341665574652246
21 a 126 0.008411540875961632
21 b 42 0.026412559039428185
21 c 143 0.10243011868990393
21 g 76 0.02747058482394782
21 i 149 0.04784759733863142
21 k 22 0.06146613298965964
21 o 135 0.06665107941098691
21 r 21 0.2817644240257752
21 s 89 0.00919427682616658
21 t 97 0.004513020772308307
21 w 98 0.06352163415328094
21 y 63 0.026638375417323834
21 z 119 0.19684256196156102
22 b 146 0.044044363742227755
22 f 48 0.02171351685683387
22 g 108 0.006807607506828406
22 h 107 0.08344998545220417
22 i 90 0.1724419961268927
22 j 1 0.07187158601500099
22 m 32 0.14612712070331335
22 o 159 0.030281329043689853
22 p 3 0.06604308772676992
22 q 109 0.04390433575217523
22 s 35 0.009557801292073731
22 t 71 0.09682125028274924
22 u 153 0.09277904857056918
22 v 91 0.06855157304863224
22 y 155 0.019733389077043362
22 z 85 0.021277198059374003
23 a 82 0.0502443797325689
23 b 80 0.03663311519279011
23 d 88 0.022471327924058593
23 e 105 0.043686830498886775
23 f 8 0.016334676118123115
23 g 26 0.028989352079270225
23 h 125 0.05492760950304321
23 i 121 0.004121166945681987
23 j 90 0.04436272084539705
23 k 39 0.03234450195173011
23 l 94 0.03372033296238641
23 m 12 0.11305854916495739
23 p 26 0.0354594798469563
23 q 98 0.12576469257084166
23 r 149 0.09479582140154363
23 s 8 0.022015863342830566
23 t 133 0.014585735540738276
23 w 166 0.12498523024216601
23 y 65 0.011473820189296324
23 z 45 0.07346962774952914
24 b 97 0.1346279420106289
24 f 19 0.18530386927838227
24 i 102 0.00452627834724495
24 p 124 0.016174560952514017
24 r 70 0.011415320447926702
24 s 43 0.0064868697186221125
24 t 64 0.1694008199574467
24 v 39 0.047810930758578896
24 y 127 0.038767201774182136
24 z 159 0.14186142652047673
25 a 143 0.012412513468109343
25 b 85 0.06949781365435814
25 e 131 0.013050038515746265
25 g 34 0.013726139153498185
25 h 37 0.08204233411776851
25 i 18 0.056922759189208194
25 k 8 0.04114893230110794
25 m 84 0.03460770839449023
25 n 162 0.10360801653051677
25 o 11 0.28080196677161984
25 p 6 0.027067776802239263
25 q 38 0.033325184231652205
25 t 107 0.03848689153007523
25 u 85 0.035814263193820306
25 v 45 0.037235022776752724
25 w 104 0.0024094589506068465
25 x 99 0.004040141703813505
25 y 119 0.008111583296832925
25 z 80 0.05642594365787312
26 a 11 0.0297399295695443
26 b 29 0.023326789041989926
26 c 99 0.03154208130989755
26 d 101 0.02108400444643277
26 e 87 0.06627093485531
26 f 89 0.03419107274325406
26 g 114 0.218385015219558
26 i 42 0.16338478142135404
26 j 2 0.015757225540580122
26 k 75 0.04124831340297086
26 l 89 0.039591083704348384
26 m 150 0.0014509326199212413
26 n 88 0.0005650066809653742
26 o 34 0.0012239792148764916
26 p 91 0.1165856846854999
26 q 73 0.01110234012482858
26 s 76 0.04377342083121327
26 t 71 0.0004252051354930453
26 u 37 0.007028029391103807
26 w 97 0.02165488486086442
26 y 25 0.024938850701560322
27 b 161 0.010705311144254437
27 d 62 0.16600473493544632
27 g 138 0.019800556663282287
27 h 149 0.056591026448076565
27 n 100 0.0519811128113552
27 q 110 0.029104480812306655
27 s 53 0.18458278997643474
27 u 47 0.04162809097121711
27 v 129 0.028995035919741063
27 x 91 0.11557859617735189
27 y 133 0.04250967462363253
27 z 39 0.22721774066643086
28 b 102 0.0580355987804122
28 d 14 0.1785280697987882
28 h 87 0.25919146962847683
28 i 96 0.019112346203222108
28 k 72 0.009220067360185102
28 m 112 0.14478267411676338
28 n 56 0.11806843625901886
28 r 112 0.08620516140809309
28 v 65 0.025606865462782014
28 x 47 0.024590325723188422
28 y 140 0.04089369984816871
29 a 94 0.020974424758066212
29 b 139 0.1254271871976178
29 c 99 0.007376391391374804
29 d 40 0.05327408651797849
29 e 33 0.020205143639514977
29 f 148 0.05126912880327972
29 g 6 0.06618937426481042
29 h 100 0.025666039674005714
29 i 96 0.12196742475830447
29 j 25 0.036798442322650504
29 k 153 0.0743869906233584
29 l 128 0.02198431565340231
29 m 157 0.08462992325534147
29 n 130 0.03162683548164169
29 o 37 0.009660080609490307
29 p 37 0.033943707019855274
29 q 81 0.03626816434488278
29 r 164 0.01893805397563475
29 s 150 0.014482900916475638
29 t 107 0.008058486486701044
29 u 99 0.00827970222556973
29 v 49 0.05228526315910409
29 x 39 0.022395563949603736
29 y 58 0.010907434660421655
29 z 67 0.036287583399043255
30 d 75 0.01691205230449122
30 e 72 0.13376114371558656
30 f 158 0.04438567611564004
30 g 16 0.023604815052767125
30 i 164 0.051794534719284524
30 j 51 0.02315840300829597
30 l 149 0.11295725038671678
30 m 133 0.009200400600831937
30 n 40 0.06765830689828722
30 p 58 0.22066078089089103
30 q 52 0.01142494875698119
30 r 119 0.10382326004237497
30 s 112 0.003062133383779253
30 t 64 0.032450584284790085
30 u 119 0.04444088111769484
30 y 32 0.05658943471608602
30 z 53 0.013336384350737918
31 l 146 0.06183863112042287
31 p 105 0.23370628345188726
31 q 91 0.005466679228484317
31 s 87 0.05029842757715364
31 u 70 0.31799633725092635
31 w 146 0.14696681911487086
31 y 164 0.020344214683002626
32 a 148 0.14947476413700345
32 c 106 0.059367387523011406
32 d 140 0.005637891669148076
32 f 124 0.02310443289513464
32 j 56 0.040362917687886024
32 k 127 0.01621472294207915
32 m 21 0.0030719279612804185
32 p 152 0.0837047454750488
32 q 83 0.14345851563505352
32 t 88 0.1442247407096532
32 u 130 0.08560070595422065
32 v 97 0.036527797053086286
32 w 28 0.05579143715696744
32 x 35 0.10092983104325881
32 z 79 0.008174369359517097
33 a 157 0.10633998292148406
33 b 76 0.1659387257106374
33 d 134 0.012890925674215015
33 f 24 0.11914115650779256
33 g 62 0.050904946309497046
33 m 26 0.10343295463835289
33 n 69 0.016045500561351234
33 t 140 0.05611356737533646
33 u 90 0.1303303523613556
33 y 105 0.14182289328371622
34 a 49 0.21878721680522883
34 h 14 0.22872291419426094
34 m 159 0.30311817701318855
35 a 135 0.016623354613408692
35 c 129 0.12916693174081462
35 e 87 0.07129647230468728
35 g 126 0.1117076026673488
35 h 147 0.011677619624126168
35 i 155 0.05731353909257664
35 o 155 0.21564587532959367
35 p 113 0.02758386386137146
35 q 21 0.0807401067103205
35 r 85 0.024765852106833797
35 t 10 0.0494749117792358
35 u 87 0.021784557285817185
35 v 20 0.015492592601341504
35 w 82 0.06742153608150125
35 y 24 0.05499705038016289
35 z 9 0.036585268402024584
36 a 74 0.04549851681325012
36 c 97 0.04951166533554319
36 d 135 0.01145102130194764
36 e 26 0.016440237943999403
36 g 102 0.06671900659024788
36 h 66 0.449366945323056
36 i 124 0.01177543283513649
36 j 163 0.021002873405047584
36 m 118 0.10005741461815743
36 r 144 0.06572946310519934
36 s 29 0.002641441238364073
36 t 58 0.011077963686685899
36 u 88 0.02503763778081136
36 w 17 0.001439978170542755
36 y 134 0.1024022626877159
37 b 91 0.04618317957745666
37 c 127 0.030499914789681393
37 d 69 0.006720355166384806
37 e 148 0.0026913210919748964
37 h 93 0.06823266432989095
37 i 54 0.005907922451330205
37 k 59 0.08283396450619573
37 l 37 0.009413367559044095
37 m 124 0.09737155892958205
37 n 97 0.02074154575357312
37 o 97 0.016717015005581093
37 q 76 0.002978515198286402
37 r 108 0.10660668238634186
37 s 166 0.08303340819370131
37 t 66 0.06790424466085476
37 u 146 0.02874354400679635
37 v 39 0.0901786062874077
37 w 149 0.016791167287841913
37 x 126 0.03811570715652335
37 y 135 0.14497734834264453
38 h 163 0.2331476373903849
38 i 144 0.22259248854176072
38 l 9 0.01833414034325087
38 q 153 0.22937652369308914
38 x 30 0.10874928681425855
38 y 10 0.06467241238241073
39 a 37 0.06161703920221506
39 b 22 0.14952763956066384
39 c 99 0.0026175930071136166
39 d 99 0.0012700404958655431
39 g 70 0.12355676145460326
39 h 125 0.01747282030239028
39 i 52 0.03494761617830444
39 j 113 0.02531778620987668
39 k 128 0.010723790373503794
39 l 8 0.029232308112057015
39 m 146 0.020778382586650768
39 o 125 0.0018938381228088552
39 p 32 0.20662044424122594
39 q 7 0.14171168003395107
39 s 24 0.005320215230182446
39 t 114 0.04043556179869601
39 u 75 0.016264496116536242
39 v 43 0.019096623591868478
39 w 117 0.06446756089382621
39 z 13 0.01960224220671125
40 a 125 0.010491531421780165
40 c 56 0.17731818298914548
40 d 19 0.00811855167528408
40 e 13 0.03845700541266883
40 f 161 0.0953748902890772
40 j 160 0.038093942024290395
40 k 53 0.018859552318522765
40 l 144 0.09015991383989419
40 m 159 0.14555509749865603
40 n 106 0.003082738943369967
40 q 133 0.0017297767896866656
40 r 4 0.00689900332149429
40 s 3 0.03726057431537122
40 t 23 0.12221475200662091
40 u 56 0.0825408371378028
40 v 144 0.021369624928719855
40 w 166 0.05440398611364283
40 x 50 0.011394073911995761
40 z 53 0.03653417682669069
41 r 7 0.6132186188257783
43 a 108 0.0335092635094677
43 p 141 0.25674392908842414
43 q 64 0.03875274390267969
43 u 126 0.4265227327921043
43 y 47 0.12189343311709822
43 z 159 0.10789964799484242
44 b 155 0.04265770642118438
44 c 42 0.00886621305951596
44 d 52 0.012796383548810186
44 e 146 0.11981363697905012
44 f 152 0.14647067053153084
44 g 138 0.006421055543682219
44 h 121 0.006692008658329973
44 i 29 0.011118373618138166
44 j 158 0.11926987993172256
44 k 61 0.07026928161260848
44 l 43 0.014414048188330364
44 m 85 0.03552043764817148
44 n 138 0.02452427265889101
44 o 22 0.004415805794641736
44 p 74 0.022635098241021723
44 q 20 0.056137083743403426
44 r 17 0.01648405200679348
44 s 8 0.014160162726276071
44 t 24 0.019732042733807242
44 u 9 0.008349737502462928
44 v 55 0.05752779163569666
44 w 19 0.07121561701721879
44 x 27 0.08167642090520677
44 z 64 0.028350061916386782
45 b 24 0.0651125998276808
45 c 30 0.06701474912572569
45 d 66 0.06995088023005669
45 e 112 0.053314744177791695
45 f 151 0.04233903717828569
45 i 55 0.05634486339742806
45 j 100 0.025292349987637075
45 k 22 0.012154463535343107
45 l 158 0.03220989971013044
45 m 114 0.0034948637586214026
45 n 78 0.02625211168936492
45 o 140 0.12435325788339413
45 p 69 0.026429188506458368
45 q 129 0.052370066802839066
45 r 140 0.01532165017366982
45 t 65 0.054934610970194364
45 u 108 0.05413786620717642
45 w 55 0.11176951323427342
45 x 100 0.03431232511601512
45 z 162 0.00868028318158165
46 a 164 0.09675338332628747
46 b 131 0.02377185945812288
46 d 159 0.0028802984214210126
46 e 54 0.08140986899121472
46 f 125 0.0220833789751389
46 g 50 0.004348712822150325
46 h 95 0.07722684479678177
46 i 82 0.025329015172921854
46 k 37 0.09915855087310621
46 m 83 0.00901024020711172
46 n 8 0.1258119428095309
46 q 93 0.041571481482815864
46 r 44 0.000513134874098764
46 s 133 0.12584938060560702
46 u 74 0.14014979147490492
46 v 116 0.008379677457475476
46 x 46 0.10428238166616499
46 y 77 0.011076368108984713
47 i 13 0.03523512369230197
47 k 100 0.4066582151622067
47 m 51 0.034107607961980646
47 n 91 0.06415578682767831
47 q 52 0.023077778034293672
47 v 129 0.381283878661108
47 y 107 0.02522160487539793
48 c 77 0.28308898164661067
48 d 139 0.015633203584572763
48 e 87 0.0035138137884241916
48 f 75 0.03818590722954274
48 g 46 0.07079544467461607
48 j 69 0.002707456250588214
48 k 64 0.04843549626436916
48 l 166 0.04041268097957085
48 m 34 0.17960724853340204
48 n 8 0.02531155580494815
48 o 24 0.025579206069962557
48 q 64 0.026257211011585846
48 t 149 0.05540458068837506
48 w 20 0.024085698354560314
48 x 101 0.11915010328261944
48 y 44 0.01707946190401821
49 w 19 0.02898162590122577
49 z 16 0.08063575084640073
50 a 55 0.0893511248551554
50 b 63 0.0470987662330854
50 d 49 0.13285664341722625
50 f 118 0.08410527835950543
50 g 42 0.0252022449272864
50 h 136 0.10101488439988571
50 j 44 0.08328465452298117
50 l 63 0.05736022015830211
50 m 57 0.10331181194329664
50 n 7 0.02324497455320873
50 o 112 0.0010781295539870062
50 r 86 0.0010063205844225154
50 s 165 0.05145006511250094
50 u 66 0.11747585113373948
50 v 157 0.0014355056256069032
50 w 61 0.056717069727359015
50 z 37 0.018157858027953222
52 a 133 0.0797076438724883
52 b 111 0.1102559397641718
52 c 29 0.02164181764399742
52 d 51 0.03570080515845053
52 e 37 0.03501777397404726
52 f 56 0.004686156986380752
52 h 151 0.13366902094189181
52 i 32 0.023880662024488353
52 j 19 0.009070711333191483
52 k 31 0.011835841203588715
52 l 101 0.11365424299103244
52 m 127 0.04066690486179614
52 n 43 0.0941028243714841
52 o 66 0.007862659976735631
52 p 12 0.008398619412721242
52 q 86 0.02051587991104431
52 t 104 0.026389991258768286
52 u 101 0.021044870479164368
52 v 131 0.05255217025801806
52 w 23 0.023121374996182942
52 x 105 0.003693608127749992
52 y 92 0.03566831930061265
52 z 101 0.06795081836537264
53 a 81 0.08679139771981126
53 b 82 0.09530723469439828
53 c 86 0.0246807022680684
53 d 17 0.038902010147280786
53 e 51 0.05246697671026379
53 f 135 0.16041728839838443
53 g 108 0.14021090221368393
53 i 49 0.029598957251159463
53 j 21 0.051826146475401624
53 k 102 0.0169756879741646
53 o 109 0.05678230203450951
53 w 88 0.05896407204478926
53 z 2 0.09790325690998791
54 e 47 0.16166326651186425
54 g 3 0.09596242245077546
54 k 82 0.03183824166217275
54 m 142 0.49455989013314583
54 n 92 0.03653603444954445
56 a 15 0.1474801089840575
56 v 118 0.25154295117172143
56 x 88 0.0704870798734325
56 z 90 0.08645630346128175
57 b 3 0.16603203763158758
57 f 24 0.15400681330075638
57 g 120 0.06446566529102371
57 i 17 0.0411006016496821
57 j 163 0.0425537928596843
57 k 10 0.3197391738237261
57 m 144 0.03542402616332929
57 q 127 0.019365830340624113
57 u 21 0.13576393158264455
57 w 26 0.01997937846250042
58 b 7 0.15426167900757437
58 e 23 0.0054137012620782965
58 t 34 0.20062105101471184
58 v 154 0.007247741468674351
58 w 24 0.4213664683464088
59 a 87 0.010886437414396544
59 b 120 0.023728361420210953
59 c 7 0.040578968223221046
59 d 157 0.05035389355180986
59 e 62 0.14343017601665498
59 g 46 0.023698851020306777
59 h 55 0.017355574587622602
59 i 52 0.03683974190798067
59 k 99 0.03320812813599083
59 l 163 0.01780228638486092
59 m 137 0.01374924830077695
59 n 34 0.05095072947795909
59 o 97 0.1933352300846518
59 p 102 0.0040380529691962375
59 q 151 0.01876323794905943
59 r 55 0.02938533772683094
59 s 76 0.012846909337850043
59 t 59 0.007314165316235077
59 u 102 0.1136253880089454
59 v 146 0.0164624364452578
59 x 153 0.04304137399707009
59 y 65 0.0035453361371498016
59 z 44 0.03116938282135906
60 a 106 0.012833450654360923
60 c 64 0.06708630559811823
60 e 121 0.05474872816364129
60 f 96 0.07461139134478856
60 j 105 8.21671561330728e-05
60 k 20 0.024762328500135933
60 l 154 0.08568535025762092
60 m 60 0.1126105339693465
60 n 115 0.004936857178107434
60 o 128 0.29822282866532035
60 q 113 0.07397634318667345
60 s 139 0.016742063190309353
60 t 115 0.0045519084031336865
60 u 139 0.14066602926062188
60 w 59 0.0024693610135683164
60 y 19 0.010478967515693882
60 z 79 0.007034487267657874
61 a 152 0.015351242109902907
61 b 108 0.311905321200886
61 c 119 0.033810895493342596
61 e 50 0.06077182340052578
61 h 98 0.015618099138544728
61 m 152 0.0046418294524094295
61 p 138 0.044804230667971456
61 q 161 0.09223129785956807
61 t 52 0.1344259378067576
61 v 111 0.023655877472862463
61 w 78 0.12320717667972103
61 x 47 0.03136344146849945
61 y 146 0.009854816718237402
61 z 42 0.07646710227593878
62 c 33 0.6903213056835407
63 a 70 0.1712482016258512
63 b 31 0.10211979534516147
63 d 127 0.028159731034696378
63 e 86 0.0007983765934117537
63 h 42 0.021015695575545723
63 i 64 0.16354592151375003
63 j 21 0.005991093353534982
63 l 100 0.19465359928705728
63 p 32 0.02215779459002931
63 t 34 0.03306612995754443
63 v 5 0.005078516281661005
63 x 88 0.0577327136944078
63 y 140 0.06711769847127746
63 z 141 0.051811949330061835
65 a 161 0.008457206778955562
65 b 125 0.04766004936272006
65 c 60 0.05199201204550552
65 d 165 0.00019700686246137966
65 e 52 0.02597963783839563
65 f 69 0.003045182128884938
65 g 152 0.021068624988285545
65 h 134 0.039579000201266146
65 i 152 0.0075963504246607805
65 j 91 0.0029678537335521282
65 k 81 0.06342490276557855
65 l 47 0.060349839532067295
65 m 50 0.06053434140492309
65 o 86 0.005320159125230761
65 p 77 0.02597372994700109
65 q 93 0.13013586751796846
65 r 75 0.009260545348388716
65 s 2 0.04663144601221436
65 t 6 0.13647928883939398
65 u 52 0.0045631388041244
65 v 27 0.013906338346280633
65 w 134 0.007728627015629708
65 x 165 0.03848685620732828
65 y 161 0.04946854427879488
65 z 49 0.08252138572953183
66 b 150 0.03680033083729406
66 c 36 0.08364401340295713
66 d 152 0.028989674870564586
66 i 138 0.07007997506591757
66 j 155 0.002485281284664853
66 k 42 0.03870354734442627
66 r 40 0.10389588692434859
66 s 108 0.2520801709874795
66 u 67 0.0951446661357388
66 y 114 0.10494238666855582
66 z 74 0.1652505339404201
67 c 122 0.04289056084080456
67 d 36 0.00021305770943313984
67 e 53 0.03047980735569422
67 h 26 0.17999361552036597
67 i 7 0.1103748466195541
67 j 84 0.11294461426383073
67 l 24 0.04149583074949992
67 o 111 0.0496649299347216
67 p 58 0.11019887377685356
67 s 156 0.04629997159761945
67 t 142 0.07743970752011597
67 v 104 0.009240199903332358
67 w 161 0.0600383597362083
68 a 28 0.2331297558763944
68 b 66 0.021307041098474255
68 c 94 0.07435957707523444
68 d 137 0.1109711072584092
68 g 54 0.016315323838304252
68 j 120 0.033809163471029136
68 m 64 0.20066622228010134
68 n 95 0.021189733713762426
68 o 2 0.006521854839688923
68 r 96 0.040457988392406996
68 v 82 0.0306898793832171
68 w 80 0.04162482832330927
68 y 23 0.0976529601839532
68 z 3 0.006128497846442871
69 e 162 0.24390665742958006
69 h 75 0.06657397559755684
69 l 149 0.07231876684573368
69 p 139 0.02025316502801977
69 r 10 0.12199253224198303
69 t 20 0.018204645336299397
69 u 28 0.022203184435806045
69 v 108 0.1359404749029952
69 w 101 0.00699465575141045
69 x 85 0.07308688123145357
69 y 55 0.1576185219275864
69 z 58 0.05491749603304086
70 a 73 0.03895722151171177
70 b 57 0.021999781710365984
70 c 65 0.019100609599564833
70 e 32 0.029956915213043778
70 f 41 0.04615155361760148
70 g 14 0.025865484149520168
70 i 51 0.1997539771549457
70 j 164 0.028972380017991073
70 k 42 0.11708336282120668
70 l 164 0.04000165785588139
70 m 87 0.10238478648885008
70 p 82 0.032634046792142324
70 s 131 0.1003761910627522
70 t 123 0.005428682372306648
70 u 135 0.016284681753722996
70 v 49 0.006417847945958899
70 w 37 0.01144048103315043
70 x 151 0.02481112879910463
70 y 23 0.08198606635507899
70 z 87 0.03390487283205579
71 a 48 0.1041464248673214
71 m 55 0.1870543504973896
71 p 42 0.0810777216166263
71 r 36 0.15933061006968519
71 s 20 0.1189964778472864
71 t 123 0.143656369701335
71 x 39 0.06883000831252295
71 z 124 0.0436217898120026
72 f 78 0.4133327765336585
72 g 141 0.017802188583557532
72 u 65 0.1964563077930398
73 a 122 0.07352202692554433
73 d 29 0.02862184083744912
73 h 26 0.039490705937040405
73 i 151 0.11659197378771047
73 n 163 0.028548388830283544
73 o 118 0.2536988338571272
73 v 13 0.2966916086079686
73 w 46 0.05834245252305936
73 x 117 0.06182469752411113
75 a 162 0.006865090775948324
75 b 142 0.01880490231836429
75 c 12 0.016851667463276265
75 d 72 0.008706444430324534
75 e 118 0.06845753587346659
75 f 92 0.021632045861407878
75 g 143 0.10261116896005829
75 h 159 0.00703653500200363
75 i 4 0.008642271093780352
75 j 67 0.001182058630953664
75 k 100 0.09406358001436921
75 l 119 0.08028949339278313
75 m 4 0.01505861056577873
75 n 47 0.02050526222981952
75 o 166 0.01303255922313351
75 p 153 0.023688638975807086
75 q 86 0.01744721747794009
75 r 109 0.0792316823688648
75 s 47 0.00031971913249195794
75 t 121 0.004030611490620006
75 u 100 0.16173593059225733
75 v 0 0.015088544594894948
75 w 59 0.029146367932205042
75 x 163 0.012911762468873267
75 y 102 0.07545328789616379
75 z 116 0.043024159900971415
76 a 10 0.09205224275671409
76 b 59 0.07441496708468465
76 c 146 0.018268992229424463
76 d 160 0.03242438791798774
76 e 54 0.01509829855987821
76 f 12 0.031203605851149896
76 h 29 0.07390250491765704
76 j 102 0.015700763258441386
76 l 63 0.033322256345552304
76 m 0 0.004871898878841652
76 o 79 0.04992449326928594
76 p 38 0.026162306294023607
76 q 54 0.06092335899245571
76 r 53 0.012222653710989517
76 u 81 0.14041287344798903
76 v 65 0.021799731187167493
76 w 67 0.007527041413564861
76 y 140 0.05848051433057133
76 z 160 0.1736184101416166
77 a 42 0.0034535505247099696
77 b 21 0.01655467621633866
77 c 151 0.027118825861279894
77 e 97 0.1272078157483112
77 f 118 0.065500558609622
77 g 145 0.0018582340529166297
77 h 53 0.011263604681252204
77 i 98 0.0357115083113585
77 j 6 0.014808995820018489
77 k 158 0.03826508561239772
77 l 122 0.0666770533553398
77 m 80 0.034713361983276014
77 n 82 0.004794175529755251
77 o 123 0.06903625074272446
77 p 150 0.11068402000095434
77 q 61 0.11194272842270492
77 s 54 0.027872254640049166
77 t 60 0.03792007143257836
77 u 64 0.044186142730209155
77 w 157 0.01470589194929639
77 x 126 0.05781895092490208
77 y 129 0.05021550478733705
77 z 27 0.00958185474121187
78 h 126 0.12787981928487424
78 i 44 0.7128746953771261
79 e 49 0.19193421203542693
79 g 160 0.05388310382153427
79 h 80 0.2452497570519252
79 p 158 0.10167266989377732
79 t 17 0.0980908284620795
79 u 40 0.19572321192071396
79 v 34 0.06075025006880108
79 w 135 0.007107406546233763
80 d 120 0.017041877890917934
80 e 44 0.22886867149420942
80 j 79 0.4974413532600245
80 k 34 0.05008697209873236
80 t 135 0.07021688963410888
81 b 81 0.07593542021334143
81 d 71 0.030160895826023215
81 f 14 0.12427987697949283
81 h 59 0.041361154792874166
81 k 2 0.04248372076464324
81 l 44 0.22512535211002682
81 n 24 0.0349120083795631
81 o 51 0.10113167941577195
81 v 21 0.13757326498087075
81 x 25 0.16544524976525887
81 y 61 0.01819628254650374
82 a 54 0.0054811283756159845
82 b 54 0.014716593586813542
82 c 155 0.006154633061671189
82 d 116 0.058974963089675314
82 e 132 0.135444932151083
82 f 99 0.10371819029337448
82 g 162 0.037403064377938944
82 h 161 0.034187798851823104
82 i 81 0.014131216181598405
82 j 1 0.03507768184490445
82 k 144 0.04310847090702519
82 l 58 0.055478216880804676
82 m 29 0.005936913581975789
82 n 9 0.007353249551665719
82 o 129 0.011413105628428122
82 p 154 0.06094747833340686
82 q 61 0.04334609063315287
82 r 66 0.07594397064156333
82 s 86 0.005000620216047191
82 u 75 0.05006381520694614
82 v 166 0.009135111062648749
82 w 139 0.019660120193150332
82 x 156 0.059145097637053556
82 y 73 0.0012608875465947023
82 z 162 0.012475850190520443
83 a 41 0.10684837616575238
83 b 52 0.008530792779506302
83 c 147 0.02990495944859073
83 d 22 0.007295899788179572
83 e 131 0.019634095732703916
83 g 162 0.018975843076701304
83 i 91 0.03135912044767908
83 k 148 0.0663978230124922
83 m 17 0.013295080287415106
83 o 73 0.055652771096920794
83 q 78 0.010965276343202435
83 r 153 0.09297484580040705
83 t 29 0.05316067969781757
83 v 23 0.07201165711840063
83 w 166 0.012142915569252177
83 x 106 0.07190433069214053
83 y 60 0.28413054521392034
83 z 96 0.030853825667106816
84 e 113 0.3074221634674241
84 z 108 0.23876576349849477
85 a 100 0.004994308678297532
85 b 82 0.014498700154303545
85 d 114 0.023120751668654682
85 e 36 0.04468424948413152
85 f 149 0.07010306076197059
85 h 165 0.01974339401389469
85 i 75 0.09650309796467149
85 j 40 0.00717602867604572
85 k 101 0.15244090951804679
85 l 39 0.03216438424688095
85 m 83 0.018735366684028976
85 n 162 0.04543688921452671
85 o 88 0.02585751941925296
85 p 41 0.07043149011782768
85 q 103 0.042836156915494694
85 r 41 0.00778238922316743
85 s 108 0.04117807886248637
85 t 51 0.047393287769674775
85 u 142 0.005883738146506001
85 v 136 0.004428493254185151
85 w 66 0.029841045180892256
85 x 131 0.026712683809663074
85 y 132 0.02289097505947324
85 z 81 0.13755407593026525
86 a 16 0.07802659978699833
86 b 66 0.003307255036456014
86 c 104 0.012898775976040944
86 d 139 0.001276039310981525
86 e 83 0.06896153852274078
86 f 22 0.035713902286450994
86 g 27 0.01678542408830075
86 h 137 0.03141201092824364
86 i 134 0.08900926696001088
86 j 154 0.09171547747005937
86 k 88 0.06119500836510783
86 l 121 0.03504200651759659
86 n 126 0.019091366433065415
86 o 55 0.019151869586102488
86 p 110 0.08203557431152886
86 q 161 0.06982935195549489
86 r 39 0.03632602493937176
86 s 15 0.01002576809188327
86 t 4 0.007228882001973136
86 u 113 0.05357875729032924
86 v 17 0.02468624399071928
86 w 128 0.01591397033497477
86 x 53 0.00697935066987132
86 y 70 0.12061950560339185
86 z 103 0.0004714442248080486
87 a 82 0.10409844234962329
87 b 39 0.2432792135254589
87 c 57 0.004308835853735538
87 d 21 0.020505745418766708
87 e 46 0.05735146001881897
87 g 121 0.03120386445995227
87 h 54 0.04044518087839155
87 k 131 0.01153890882993669
87 l 56 0.07326104902701192
87 m 134 0.13801317622688847
87 o 73 0.00018524363273297872
87 p 90 0.009246033098261996
87 q 54 0.0056616432094754865
87 r 155 0.015142042302692227
87 s 158 0.07666981828812713
87 t 163 0.048330678600401966
87 v 140 0.09267107599371638
87 y 6 0.023016391013282678
88 k 84 0.18070159970076705
88 y 87 0.5819369898540091
89 a 129 0.03158035829202488
89 b 94 0.01510637836677542
89 c 9 0.0011823487474841299
89 d 35 0.009693653482494513
89 e 55 0.003100300716557647
89 g 36 0.0022488303527048448
89 h 102 0.008174680921207877
89 i 113 0.034849211019691406
89 j 28 0.015566320188501792
89 k 160 0.1195479406922586
89 l 38 0.04736821104407185
89 m 27 0.03916244360932064
89 n 18 0.03912192138292225
89 o 8 0.08796870343350449
89 p 127 0.014290859005654521
89 q 73 0.03901427647486999
89 r 101 0.034426560330203526
89 s 158 0.03778070649557608
89 t 4 0.007755338295890701
89 u 50 0.00018971317357041606
89 v 23 0.053802698380316705
89 w 8 0.0969376043645338
89 x 117 0.06113754050220077
89 y 165 0.07891842798353454
89 z 89 0.022606208160515173
90 a 150 0.039883306808545904
90 d 106 0.12674231268873803
90 e 117 0.0023231765850675323
90 f 161 0.025738818668797125
90 h 127 0.02798694801356738
90 i 99 0.13571772496249312
90 j 76 0.10206904629953295
90 l 122 0.0035944985589734246
90 n 64 0.022148448124639675
90 o 80 0.040887023977543624
90 q 76 0.09789525552618139
90 t 128 0.010136057975652424
90 u 66 0.0276423796522417
90 v 165 0.05683553646387729
90 w 89 0.11026264311997669
90 y 16 0.12055425950339049
91 a 65 0.004233223457698165
91 b 70 0.02468735190088056
91 c 157 0.0581385528042665
91 d 70 0.02679451544915068
91 f 19 0.01928002834399367
91 j 21 0.09199712789818038
91 l 29 0.11884309540097793
91 n 145 0.015141735686779012
91 o 21 0.3174832313074317
91 p 18 0.07767838262895721
91 t 156 0.0031245054027604358
91 u 161 0.034122884217891225
91 v 78 0.004231058371627516
91 x 62 0.18512097645475611
92 d 119 0.17523984281835703
92 e 111 0.06008673379217211
92 f 134 0.10612991162722818
92 h 56 0.14104047419901677
92 k 52 0.10529047429031935
92 m 74 0.1346322183462897
92 y 107 0.17090115857466792
93 c 1 0.002000119266071465
93 d 92 0.07428802440286286
93 e 10 0.1498898453994475
93 f 122 0.024210320533588403
93 g 58 0.030493962087670412
93 j 57 0.13611168198150458
93 k 125 0.0018200383865850656
93 l 60 0.12174896669755664
93 m 93 0.009737572378006765
93 o 148 0.07106851366093914
93 q 150 0.0903170896102965
93 r 86 0.04725289168386937
93 t 104 0.004814308534924816
93 u 40 0.07010451127449513
93 x 22 0.0923430480779357
93 z 90 0.007576214223464661
94 b 138 0.11752404485778989
94 c 29 0.06669032866564184
94 e 115 0.0771658491175754
94 f 148 0.008439613137524171
94 g 104 0.009722028772912839
94 h 152 0.0257505989413066
94 j 40 0.0071231527362907165
94 k 3 0.08284825464456136
94 l 152 0.032636616600882684
94 m 8 0.03525200333768719
94 o 96 0.059752179040879594
94 q 137 0.023982356422809548
94 r 142 0.09296001709036139
94 s 61 0.020251262190121855
94 t 152 0.010166965619224255
94 u 35 0.04970411291554877
94 v 116 0.1559596479794647
94 w 74 0.017113005754070043
94 x 10 0.00017808975623068157
94 y 159 0.028357752368126987
94 z 3 0.01663105826298883
95 a 19 0.0019363931008475888
95 d 87 0.07243607891653914
95 f 99 0.033618910490208376
95 k 64 0.24526486894795807
95 n 7 0.05834196904748312
95 o 26 0.07899629892710947
95 s 71 0.006282097700810119
95 w 99 0.37162705414675556
95 x 45 0.10884275353755457
96 a 126 0.0940570576377352
96 b 149 0.055384740427700696
96 c 101 0.002230626884669684
96 d 46 0.002357824965324773
96 e 1 0.0814958128734542
96 f 160 0.02667065414170866
96 g 102 0.07428705833834992
96 h 154 0.004122330251945083
96 i 12 0.057806593441177334
96 j 114 0.1355651705028219
96 k 56 0.015087418242755946
96 m 76 0.010870665350868558
96 n 28 0.023720604957004676
96 o 151 0.04964757597146541
96 p 118 0.0471757568852621
96 q 126 0.0011577797955454328
96 r 32 0.11031778875587084
96 s 28 0.019595980398869117
96 t 42 0.005027101150408275
96 u 104 0.05162443983835352
96 v 17 0.050965274291914886
96 w 41 0.03187375595764408
96 x 144 0.009179816949184572
96 y 104 0.0024284541158350326
96 z 29 0.03562378157428803
97 b 22 0.08558310888050835
97 c 116 0.05952660453759384
97 d 25 0.003670888370147951
97 g 82 0.1560244291083821
97 i 36 0.0678166151074685
97 j 60 0.053380333915171385
97 l 6 0.16275738527889072
97 m 41 0.06407938434749028
97 o 151 0.08852120648097939
97 p 49 0.0008351301043894033
97 s 154 0.21378375765044633
97 t 128 0.030076481718855463
97 y 115 0.0003222721319202648
97 z 162 0.005131572609205048
98 a 29 0.04000736910951452
98 b 132 0.06734415276057648
98 c 121 0.0053080243463449195
98 e 46 0.15631139962717844
98 f 42 0.005428892675292896
98 g 18 0.030878606989222068
98 h 152 0.014367293077774623
98 n 141 0.3015906576089258
98 p 125 0.08915959947001639
98 r 101 0.010323221018691875
98 t 152 0.08016254391006927
98 v 81 0.013490375686348366
98 w 11 0.04812180989550818
98 y 161 0.0662819741776417
99 a 38 0.008062367017612648
99 b 130 0.22893484257495922
99 d 149 0.1005805687951763
99 e 164 0.07034925556404359
99 g 105 0.04563179619439839
99 h 28 0.06016344708260124
99 i 19 0.009291797304347482
99 j 140 0.015376092520079987
99 k 76 0.025752161830007614
99 l 67 0.026500812282624242
99 p 15 0.00287364221219899
99 r 124 0.00589602328613259
99 s 5 0.056196601297495596
99 u 0 0.00023285612612999884
99 v 115 0.06937622433480872
99 x 57 0.04945334768698195
99 y 149 0.05542253579711942
99 z 94 0.08202204638789734
100 a 146 0.044393513628653625
100 b 84 0.0593196098567248
100 c 160 0.010960731275130642
100 d 144 0.022515980715550832
100 e 38 0.21820377562324433
100 f 96 0.030543985812982677
100 g 121 0.007982565372063766
100 h 150 0.039295136035790046
100 i 5 0.054151197742779766
100 j 55 0.15542731399578646
100 l 15 0.048540909731505266
100 n 6 0.0010963984195698773
100 p 146 0.032968597423502
100 q 46 0.046249959963217235
100 r 117 0.022237418410703258
100 s 38 0.11154543961509
100 v 125 0.019459852429962954
100 w 65 0.019503965706960558
100 x 118 0.03718085912415692
100 y 77 0.00041879247286336074
102 a 54 0.04418672114413802
102 c 58 0.017956308108865504
102 d 15 4.6698543855194785e-06
102 e 77 0.0072723024677943116
102 f 32 0.1178182496324146
102 g 117 0.06518725371487244
102 h 66 0.03540079722023537
102 i 84 0.012752273274434955
102 j 108 0.06630002790742151
102 k 137 0.038367486740626844
102 l 18 0.17359099892500263
102 n 61 0.09279826688518089
102 o 58 0.007802204447968419
102 p 81 0.027117310424462526
102 q 15 0.0632631423703578
102 r 137 0.03013280762898951
102 s 81 0.040450888782127326
102 u 129 0.019918673788238306
102 v 155 0.001145071615473281
102 w 44 0.06260970198916338
102 x 166 0.01622492557574773
102 y 44 0.006665056728428431
102 z 137 0.016866427830130037
103 e 118 0.37030246125011923
103 r 74 0.4466138306342925
104 a 12 0.1585145138554266
104 b 54 0.013879148983342193
104 c 142 0.026427070296794475
104 d 40 0.009573880143767588
104 e 33 0.05202730321933591
104 g 70 0.023779924724503743
104 i 124 0.018165857146752895
104 j 164 0.05238787577313553
104 k 112 0.08509282714749178
104 l 119 0.011406105280445389
104 m 52 0.07602989581525477
104 o 14 0.08564519181679575
104 p 135 0.12623519099629366
104 q 66 0.013339755542974063
104 r 114 0.020492220723389853
104 t 80 0.04027500560489905
104 v 54 0.08060793775314845
104 w 162 0.0008305652776960937
104 x 130 0.01594889264885546
104 y 30 0.03954695862562674
104 z 155 0.03743207631076195
105 a 8 0.018446404031242647
105 b 80 0.033369023901403394
105 c 69 0.036436268780714154
105 d 85 0.04223965676406527
105 e 125 0.01172526052557743
105 f 158 0.023402843780094384
105 h 38 0.02085434407429476
105 i 115 0.05312909180277281
105 j 95 0.010180030364559944
105 k 35 0.034962123408676105
105 l 137 0.04218786088771598
105 n 145 0.061469166979323586
105 o 131 0.15742051282668001
105 p 7 0.0440530214963204
105 r 131 0.026584955890724737
105 s 115 0.07284410282962162
105 t 54 0.0203275086762551
105 u 31 0.025272445807648092
105 x 35 0.07765694000988765
105 y 15 0.09793869447069259
105 z 83 0.04857742279649957
106 b 96 0.027211597550086508
106 c 77 0.3287913745803681
106 f 55 0.01888266034436281
106 l 96 0.1226786955884498
106 m 37 0.024035909652848186
106 p 159 0.036707826680257516
106 r 163 0.10001274215752332
106 t 127 0.057055390212096824
107 a 116 0.24664531050322513
107 f 99 0.006086974211829688
107 i 146 0.07472587406364395
107 m 9 0.19234454958039815
107 v 142 0.05682288050969242
107 w 44 0.23767885741985695
107 z 37 0.11218690650229046
108 b 58 0.10204131135708883
108 c 152 0.021080825122896996
108 d 17 0.018519755735805443
108 f 154 0.03399529046944716
108 g 53 0.08375298504532214
108 h 93 0.011952477736596911
108 k 39 0.06853036530408052
108 m 0 0.02648331199359144
108 q 148 0.0030435563069065585
108 s 43 0.14613528116314656
108 t 158 0.010462238645246424
108 u 17 0.011225252401814712
108 w 2 0.053316254988580725
108 y 145 0.157899922680236
109 i 3 0.02774882696516956
109 m 136 0.07358167778213176
109 n 37 0.21437525571091798
109 p 60 0.19895310913047648
109 q 112 0.003053724942612246
109 s 63 0.08674609855606297
109 w 55 0.33450919551591296
110 b 43 0.023595132301453825
110 c 74 0.0644797552359615
110 f 45 0.04015485054636969
110 h 159 0.004138931678686508
110 i 40 0.06631232120762853
110 j 11 0.022447809270971675
110 k 37 0.017832798897247204
110 l 93 0.015613241974120617
110 m 97 0.005260315917298031
110 n 162 0.032618642539871345
110 o 62 0.01833827950963407
110 p 148 0.054525231343349634
110 q 89 0.10211558888555372
110 r 37 0.001020521662291607
110 s 57 0.06900935629218063
110 t 73 0.026329866930479007
110 v 51 0.13380125550670618
110 w 63 0.0022169656956869677
110 x 29 0.08823877051652318
110 y 87 0.11958676405797664
110 z 149 0.06820485640953156
111 b 137 0.017442490126844068
111 h 91 0.0222267823411757
111 o 23 0.11478446007529641
111 p 78 0.13303578075071465
111 q 60 0.06597348615741083
111 t 75 0.15127552661586885
111 w 116 0.21326498707740127
112 c 84 0.13023985933748117
112 f 7 0.07008653345396465
112 j 79 0.08146552811603058
112 u 145 0.0792035904926568
112 w 163 0.29038686332637387
112 y 46 0.09997498290051576
112 z 37 0.1427802727391161
113 a 18 0.17399961780788276
113 b 115 0.07420800072002098
113 d 19 0.031052714391910596
113 g 21 0.0012329300298746793
113 h 27 0.07064388952020151
113 j 41 0.0008617074664292179
113 l 143 0.09407507348731159
113 m 48 0.08206656962359327
113 n 5 0.0023282565475319927
113 o 147 0.03115426084380446
113 p 37 0.013167916788766054
113 q 20 0.0020719269297913012
113 r 108 0.11477427807151575
113 s 157 0.0320198819124361
113 t 8 0.017204953803250822
113 u 49 0.028174673845437148
113 v 154 0.0982517712440164
113 w 5 0.0008563912562615794
113 x 68 0.0284690595421625
113 y 5 7.381131506856153e-05
113 z 100 0.0929151976770074
114 a 91 0.0017124771675662842
114 b 136 0.02362589041368457
114 c 61 0.0021872661241157942
114 d 115 0.03698835906382025
114 e 52 0.025038060226889147
114 f 51 0.04838951547032255
114 g 42 0.03519532663365654
114 h 166 0.02624437535013846
114 i 144 0.018380224463899197
114 j 71 0.036160254257144975
114 k 129 0.0006265297588083918
114 l 166 0.024274419631647004
114 m 98 0.017091005212336752
114 n 90 0.023017115851751258
114 o 91 0.026098593934509973
114 p 129 0.15012178454429792
114 q 40 0.04705653856187597
114 r 78 0.033705917438180744
114 s 159 0.021027277203509498
114 t 105 0.10563317605595379
114 u 100 0.026294819968363692
114 v 98 0.022430075566614693
114 w 82 0.03646756023488518
114 x 112 0.029143014284663593
114 y 109 0.059831372341136335
114 z 152 0.07713640386426113
115 a 102 0.01829146716645602
115 c 148 0.01904679873920545
115 d 83 0.005251224884258443
115 e 41 0.008343635510531078
115 f 111 0.050452105781543244
115 k 135 0.19520850242286014
115 l 2 0.09620588724495405
115 m 42 0.17930439698950196
115 q 124 0.04662020988056992
115 s 144 0.02853919927634141
115 t 99 0.07587970593944915
115 u 0 0.045738070172073986
115 v 113 0.013046133347460631
115 w 136 0.0039352873274494105
115 y 96 0.020795917924138818
115 z 47 0.05269054080237445
116 b 121 0.02924846126178493
116 d 53 0.06086205732812178
116 e 67 0.01102455365267574
116 f 21 0.12390960203554091
116 k 136 0.08875356612190088
116 m 86 0.058189415349857
116 o 130 0.003940269509915217
116 q 27 0.009125620425338266
116 r 27 0.05715412578598933
116 t 71 0.023279271163345383
116 u 23 0.07807721902708997
116 v 8 0.0003804905292820182
116 w 36 0.0065498988727107355
116 x 139 0.29364326081326453
116 z 43 0.10374136965010827
117 c 163 0.3125558707600459
117 d 100 0.15623230228967833
117 e 153 0.027995628057566946
117 f 11 0.24605707439249613
117 k 92 0.002008889209335507
117 m 146 0.008129029675626898
117 q 71 0.08644071905883932
117 s 82 0.036354805347221686
117 t 107 0.056269010713453804
117 u 98 0.009490709793051555
117 w 52 0.03885183595593322
118 a 34 0.04992499429918951
118 c 104 0.01226664609808481
118 e 90 0.02544912627158391
118 g 50 0.14829668192767365
118 i 85 0.3496461045230377
118 r 86 0.01537465473569688
118 s 55 0.2360009385961125
118 v 54 0.13106086556419472
118 x 92 0.021930001986891434
118 z 17 0.003208546478574048
119 b 69 0.062440870974364016
119 c 123 0.014997006886370401
119 d 124 0.00597772958961118
119 e 90 0.010428673828801638
119 h 23 0.27660524297770994
119 r 58 0.24191407408960108
119 t 51 0.02993713921587926
119 v 166 0.04687233638104926
119 x 143 0.0038067607950068583
119 y 163 0.1670107838982594
119 z 78 0.0028548230898454152
120 a 4 0.012418931878521722
120 b 66 0.1961029575166925
120 c 66 0.04244952052147455
120 d 18 0.021582652220473952
120 e 73 0.08722370492305109
120 f 52 0.008561489333627215
120 h 142 0.009341043675152871
120 i 106 0.03272863168322615
120 k 96 0.0898008596871337
120 m 110 0.08256977944772004
120 o 2 0.11407770079358293
120 q 31 0.0849906638263822
120 t 98 0.039789646159272385
120 v 40 0.007198571137832288
120 z 52 0.0809831587250498
121 c 114 0.9462099887432018
121 k 31 0.024517429419357528
122 d 85 0.2563261315958726
122 e 83 0.07781790575063363
122 i 117 0.15452434143030258
122 k 57 0.2507977604669891
122 v 18 0.1404901659448079
122 w 125 0.04004382478708257
122 y 59 0.021316678083221352
123 b 165 0.03189266090164222
123 d 62 0.022703770868373052
123 e 156 0.10129330221036337
123 f 117 0.05088209809701072
123 g 139 0.03734173147502806
123 i 86 0.005425089498642066
123 j 158 0.060651882840052296
123 l 6 0.03791289651668828
123 m 128 0.14104415890694466
123 n 69 0.08520797253540235
123 o 79 0.007057186609447652
123 t 107 0.09150993115901618
123 u 106 0.016870683082638616
123 v 108 0.09475210090010466
123 x 79 0.07671910050822595
123 z 128 0.02186154376610372
124 d 53 0.2985513489910421
124 k 112 0.5282552354988891
124 o 138 0.03934869465472668
124 z 0 0.03411647983890431
125 e 59 0.08727061385486257
125 g 60 0.2019002621913608
125 i 60 0.21679077983493744
125 p 8 0.19251247943461425
125 s 165 0.007336826915040451
126 a 121 0.05021414534740387
126 b 106 0.03605445818563724
126 c 147 0.06157957663380187
126 d 86 0.04788802693781824
126 e 100 0.006132188155659635
126 f 125 0.08246806701259024
126 g 100 0.01144962319934728
126 h 86 0.05176142116575011
126 i 97 0.09716070757823125
126 j 105 0.018964983989439577
126 k 61 0.0036954975597492945
126 l 4 0.01470348107269237
126 m 86 0.014933604911748666
126 n 5 0.029145614395206687
126 o 5 0.0066428056249673295
126 p 56 0.016245491378341304
126 q 154 0.05424132293463968
126 r 125 0.012028719924129572
126 s 7 0.06515317091841122
126 t 79 0.12601101308497054
126 u 41 0.056641351290370845
126 v 148 0.02195323187724929
126 w 70 0.011840420802687435
126 x 104 0.005734521197684916
126 y 58 0.007791894970337276
126 z 99 0.01224245883796271
127 b 15 0.00781207369897341
127 c 85 0.014832053247080923
127 d 80 0.0009293156084622112
127 e 83 0.0415577178468306
127 g 149 0.015495884722005138
127 h 4 0.17715753626401942
127 i 152 0.08070317770215363
127 j 129 0.017068951715170422
127 k 60 0.030831652338051296
127 m 1 0.022064167700303394
127 p 119 0.052925014127690795
127 q 140 0.009816539541200209
127 r 160 0.05493667037425076
127 t 117 0.11326931966882647
127 v 92 0.0543373043660349
127 w 105 0.0016372872922523207
127 x 41 0.13703518008986015
127 y 130 0.04325159405942136
127 z 166 0.09410014211372375
128 a 107 0.03259250868714836
128 b 46 0.013357145571900597
128 c 18 0.024009915271700155
128 d 128 0.050802393224802955
128 e 15 0.034646437167605626
128 g 88 0.017039694180009946
128 h 98 0.08787190488853558
128 i 50 0.006500013058037046
128 j 100 0.07677526517261302
128 k 79 0.019288200210028306
128 l 145 0.020279846782862876
128 o 20 0.14074230274376187
128 p 60 0.016519120188896785
128 q 73 0.05997789708762358
128 t 96 0.00199277020722044
128 v 157 0.0644816610043073
128 w 25 0.17607188617588043
128 y 64 0.0123054393485037
128 z 117 0.07427629162391358
129 b 6 0.06007364936380799
129 d 96 0.11350545848020632
129 g 2 0.17397263167176902
129 h 65 0.04581786133333132
129 m 17 0.031074648925378368
129 p 27 0.11510108874023561
129 q 40 0.2120320414886664
129 r 28 0.05575539661707429
129 s 124 0.017630635877919576
129 u 54 0.1249644330541978
129 v 4 0.023063536356760284
130 b 98 0.10049947292748518
130 c 111 0.031993936710560944
130 m 146 0.05040107143976125
130 n 18 0.15377437452438936
130 o 101 0.02583318171500837
130 r 165 0.025306011353305125
130 s 136 0.17316186949097156
130 u 70 0.2846345352350228
130 y 144 0.10227938207947429
131 a 166 0.002945653072037091
131 b 40 0.017977534398631367
131 c 122 0.0231683409379303
131 d 46 0.015440330623079701
131 e 34 0.028549334341721133
131 f 91 0.00013898850821236763
131 h 33 0.03423833977503965
131 i 54 0.027344997145047012
131 j 103 0.01586050515438797
131 k 48 0.014693387496795496
131 l 33 0.1085064157694734
131 m 69 0.0464861405243312
131 n 100 0.003696655905007007
131 o 3 0.02312565270128919
131 p 88 0.0369182914190781
131 q 129 0.029947742822142298
131 r 61 0.0311585723857416
131 s 119 0.05479744530091135
131 t 13 0.07795327176577138
131 u 137 0.056474766704482815
131 v 4 0.0011850439804411694
131 w 149 0.0744235858457506
131 x 157 0.006311970855348736
131 y 111 0.09750051656473935
131 z 154 0.12134985440832724
133 a 131 0.27158365019939956
133 b 40 0.19280044671141772
133 f 70 0.1879035607464854
133 h 104 0.04625142464340182
133 l 29 0.04652385229602041
133 m 72 0.04258290872478254
133 n 142 0.0388704818596215
133 p 126 0.0039094070795718805
133 q 3 0.08495694319705704
133 s 98 0.013321851254015749
133 u 50 0.050651571830196085
134 a 154 0.008064156129783728
134 b 48 0.005997642900127609
134 c 95 0.02383806929669563
134 d 17 0.1134995855158808
134 e 120 0.016627905647646934
134 f 138 0.016571290078222556
134 g 121 0.02481449494439414
134 h 75 0.010909521566298097
134 i 17 0.047470471993030006
134 j 62 0.17761972627219835
134 l 66 0.029742456184848165
134 m 25 0.026969523967633413
134 n 115 0.010232496615577458
134 o 8 0.1658512604000718
134 p 79 0.007778242181145423
134 r 6 0.01526626401986586
134 t 28 0.1495530279444517
134 u 30 0.011489033277387595
134 w 84 0.028222023188705925
134 x 59 0.08027307208237222
134 y 158 0.005692582551147463
134 z 75 0.0012595133248823887
135 s 60 0.8271804000160555
136 a 79 0.33804161786085507
136 b 118 0.06192378867673476
136 e 78 0.1522950098435425
136 i 19 0.008494091204161447
136 m 44 0.06288201642108215
136 p 54 0.06656327017455554
136 q 160 0.10091610253255712
136 r 150 0.0267752906365204
136 t 123 0.023525952397579375
136 w 146 0.13366482745045083
137 c 40 0.016637565786767783
137 d 12 0.1090525233752494
137 h 114 0.14234691227667984
137 l 27 0.07936481562209485
137 n 40 0.1386410456783187
137 o 15 0.024207433616673324
137 v 140 0.2340715339941496
137 z 69 0.029330244705512376
138 b 161 0.15048904257570006
138 g 94 0.018703250664197202
138 j 70 0.11428725616565838
138 q 141 0.11140604908000284
138 t 105 0.1558211293790992
138 w 23 0.27005999610941156
138 x 161 0.069574108172197
138 y 147 0.046370038720018325
139 a 114 0.06884128422428637
139 b 98 0.022659980109180244
139 d 96 0.1692469961985299
139 f 61 0.006893945544639846
139 g 125 0.04585425085322081
139 i 145 0.041928927518983694
139 j 83 0.012078737827132868
139 k 45 0.062212267354205264
139 l 141 0.0366345497775854
139 m 90 0.016734365424143305
139 n 138 0.012443142340465951
139 p 141 0.005522159308546271
139 r 126 0.23361952549734266
139 s 105 0.13619839653404053
139 u 131 0.03824902210846204
139 x 88 0.014939224597107503
139 y 60 0.0050876770107715075
140 d 147 0.04326352684475154
140 f 77 0.30235388512736916
140 n 156 0.04460508922903017
140 o 40 0.1404851239801691
140 r 152 0.09126403648796999
140 s 166 0.1985351855739741
140 x 124 0.091546470164941
141 a 2 0.11048018143936689
141 e 76 0.02571059102954143
141 f 39 0.1871862057630157
141 o 40 0.1064353413551623
141 q 88 0.1362635449570635
141 t 156 0.19116913177925687
141 u 18 0.06746577981063473
142 c 78 0.05751384037323959
142 e 146 0.01680670116891092
142 f 127 0.0531191464550288
142 g 109 0.002620050809093888
142 h 90 0.0715330992172819
142 i 103 0.0033596851044696008
142 j 45 0.06940436062439248
142 k 125 0.02659914595192181
142 l 43 0.22267140940343688
142 m 72 0.01861450904999251
142 o 129 0.025795341600686972
142 s 107 0.10922357311757169
142 u 66 0.020252440992951426
142 v 163 0.03464929165711461
142 w 56 0.021588483098883393
142 x 2 0.08153802013399236
142 z 103 0.07010329381154878
143 a 100 0.1054194205867548
143 c 90 0.036390730120019366
143 d 103 0.004957905322741096
143 e 37 0.007930935308331666
143 f 165 0.11551276976871738
143 g 140 0.05196857141735356
143 j 140 0.004581327235798294
143 l 119 0.07707305015226429
143 m 16 0.0409414888152434
143 n 82 0.08515619767541394
143 o 135 0.02705187930327535
143 p 88 0.04279167022833952
143 r 112 0.04421657305204851
143 t 105 0.2734152001829686
143 u 100 0.0035360512323437954
143 w 108 0.017165489615409757
143 x 139 0.019434187640515077
144 c 56 0.11766770628946865
144 d 102 0.20027672479534842
144 j 163 0.14087629527271717
144 n 95 0.03729343150579356
144 o 55 0.036210912860010325
144 p 46 0.03083997131447802
144 r 8 0.10861155858736038
144 t 81 0.12905217475053177
144 v 140 0.1933439102804656
145 a 45 0.00918885882168552
145 b 95 0.15274862715571114
145 c 130 0.0244512687787235
145 d 78 0.02272022433931231
145 e 148 0.11526980924289754
145 f 54 0.02312033907405675
145 g 163 0.006578633040108306
145 h 144 0.07339077745379197
145 i 98 0.008704195223383504
145 j 117 0.015230665739046856
145 k 19 0.06106121407927023
145 m 86 0.025876729033074475
145 n 33 0.08083413608169976
145 o 11 0.02261540727442679
145 p 100 0.02846774930058471
145 q 89 0.032894268681815886
145 r 20 0.01607337531179176
145 s 5 0.06802281255741383
145 t 95 0.004426958186932395
145 v 106 0.09669138884733974
145 w 140 0.030378996813352765
145 x 38 0.008290641490782402
145 y 156 0.011823853122312822
145 z 18 0.021604319640172842
146 e 53 0.030001924098218224
146 g 103 0.000121967335516171
146 j 129 0.08310885295931292
146 k 112 0.029228137265301046
146 n 99 0.4019407015725279
146 p 100 0.13038760945306782
146 t 50 0.11154472864630494
146 x 158 0.05488510452128004
147 a 109 0.058487296399405864
147 b 56 0.08846434063182473
147 e 5 0.00556160493323532
147 f 31 0.17518070274265063
147 g 141 0.053018352472853914
147 h 36 0.05200165559538161
147 i 37 0.01783040520490653
147 j 99 0.03575041830054948
147 k 143 0.0010083628609485196
147 l 44 0.02394407783287067
147 m 27 0.011499179474157906
147 n 24 0.04249608370613345
147 o 119 0.03273308867799507
147 p 98 0.006056079620093913
147 q 163 0.006058605254360749
147 r 137 0.07836460255289357
147 s 24 0.011340739344601891
147 t 110 0.016397232813845086
147 u 140 0.004407353267991465
147 w 77 0.0022404203620359775
147 x 6 0.010145172313905326
147 y 9 0.11851967778800099
147 z 164 0.1123041501241605
148 a 81 0.1642014245038972
148 b 112 0.1171023648158267
148 f 14 0.2657845863580014
148 i 79 0.17492136126940272
148 j 163 0.008892605742956805
148 k 79 0.03426845276950918
148 n 17 0.07098923753582365
148 v 145 0.06659304790608511
148 w 100 0.07621325436322723
149 b 130 0.005619058145650113
149 c 88 0.026785129237093974
149 d 0 0.038084284179284555
149 h 136 0.018551749527073835
149 i 65 0.01171520455923103
149 j 85 0.10835010169600712
149 l 41 0.009595739444495432
149 m 55 0.08367055776889265
149 r 7 0.08724305908666607
149 s 82 0.11711877355779343
149 t 77 0.0863119431912599
149 w 147 0.04382862404558163
150 a 158 0.13283446213001326
150 e 82 0.000935857937425455
150 f 77 0.0006193989389078336
150 g 84 0.07585877335510183
150 h 55 0.0015787499168934405
150 i 51 0.035354237547538525
150 j 37 0.02089100189640969
150 m 123 0.002738950120613093
150 n 4 0.09113885522359899
150 o 163 0.005615856529246233
150 p 129 0.0341887696699783
150 r 128 0.011223751084722622
150 s 2 0.24163515076703634
150 u 36 0.008352232422457528
150 v 110 0.02720698978574565
150 w 26 0.006796318391290246
150 x 50 0.152339272006753
150 y 157 0.05261257063651248
150 z 103 0.06445012677481332
151 a 130 0.25132283634489394
151 e 158 0.23619782036112746
151 f 163 0.025180209575918155
151 h 24 0.11772079039166061
151 k 59 0.02002308710092726
151 l 152 0.07371052460738337
151 m 91 0.016724764425090854
151 n 95 0.02589338894266091
151 p 119 0.026976498275148697
151 v 160 0.07859650569412902
151 y 141 0.04583851459715971
151 z 95 0.030608056951776264
152 a 55 0.02994668261870559
152 e 2 0.12512505542396857
152 i 21 0.10326083228947913
152 p 78 0.1271730030744781
152 q 14 0.3867226509907121
152 t 129 0.0358821126151615
153 c 123 0.12611152366275835
153 d 23 0.11964028840241647
153 e 27 0.0016648578460527474
153 h 88 0.15669068608353265
153 i 125 0.028478078823306552
153 j 30 0.11657079516488078
153 l 165 0.03560114968870387
153 p 97 0.08016940642138493
153 s 144 0.15547138595942245
153 v 2 0.005178646070674753
154 b 102 0.07427974598550757
154 j 147 0.05103362465280292
154 v 147 0.13374778867942128
154 w 118 0.16927572071034214
154 z 163 0.057381950016749506
155 b 50 0.07562930953911517
155 d 131 0.0018964094174455104
155 f 150 0.051959716423763624
155 h 147 0.25110010205104705
155 i 89 0.09714374308643214
155 k 87 0.018905935331721246
155 l 4 0.04118240004307849
155 m 159 0.12238623246677394
155 o 99 0.09283620281344662
155 s 106 0.05222109833493638
155 u 48 0.04183101050838778
155 v 7 0.0466197068922235
155 x 12 0.07481739056739911
155 y 126 0.03142607008902232
156 a 55 0.12312604823666862
156 d 114 0.16307530856212848
156 f 159 0.07151769596432334
156 g 34 0.05183568439037656
156 h 145 0.1806011056914123
156 k 106 0.07014379937320614
156 m 106 0.03076584600591814
156 n 29 0.02622315946245468
156 o 106 0.12432759466972065
156 p 151 0.01849804274533573
156 u 98 0.012793876286542494
156 y 158 0.11584146876432977
157 d 53 0.025935599092743455
157 e 110 0.06816094671081596
157 f 31 0.12900158517437144
157 g 45 0.07323460764483514
157 i 9 0.18073299849445024
157 j 124 0.016472345999181126
157 l 79 0.11434214739522253
157 m 79 0.08793201597252054
157 t 120 0.10763694391660206
157 u 41 0.06578989491643727
157 w 14 0.11027707322775548
157 z 125 0.004778350202773174
158 a 31 0.031427922642244144
158 b 102 0.09841303472269003
158 c 127 0.09127973693323366
158 e 164 0.0749866971423867
158 f 3 0.038785443404434905
158 g 30 0.08687426686536104
158 h 16 0.05377027043801297
158 i 71 0.039820841099002635
158 j 112 0.08037718092460067
158 m 124 0.06423381217765589
158 n 64 0.044028860392262725
158 o 61 0.039602218858636795
158 q 97 0.024021952225779852
158 r 76 0.16330526266241285
158 s 131 0.002806560908423572
158 t 59 0.019297319146289627
158 v 106 0.015644224596715994
158 x 31 0.007623689450557136
159 a 134 0.006799883974690113
159 b 117 0.05554404318620043
159 c 19 0.041402225094174794
159 d 112 0.00389262580306704
159 e 145 0.07720480873309754
159 f 4 0.019878446073926415
159 g 144 0.014423903273799388
159 h 84 0.028510481306310842
159 i 153 0.05606724445243494
159 j 164 0.15404178086478504
159 k 2 0.005793508243591927
159 l 145 0.09631106249913568
159 m 59 0.024474586376467378
159 n 162 0.02923832345976196
159 o 108 0.008272289073388173
159 p 117 0.08799451383607326
159 q 157 0.01634950959611825
159 s 91 0.08622112985662955
159 t 23 0.04224383062159709
159 u 130 0.01733561613818979
159 v 17 0.0433352468627467
159 w 43 0.03483950320415419
159 y 142 0.0263712963093361
159 z 76 0.009860537861053231
160 b 43 0.001327570191641314
160 c 148 0.02708776102483612
160 d 110 0.02866720188934868
160 e 84 0.0018680846194067957
160 f 90 0.0006857684901958594
160 g 117 0.0020854056684980193
160 h 166 0.015482340739647604
160 i 96 0.061679996316449714
160 k 60 0.0035414760736088846
160 l 16 0.0071416972542234225
160 m 144 0.001306867594985106
160 n 74 0.054639032245219266
160 o 33 0.06230590079020626
160 p 5 0.048435477687763795
160 q 133 0.1921443581060026
160 r 39 0.0746528187603247
160 s 116 0.0263080509138387
160 u 89 0.052195263613466936
160 v 3 0.02170981393319049
160 w 22 0.011315142289752722
160 x 83 0.07416778048510242
160 z 125 0.0720100581525327
161 d 71 0.02691618296276066
161 e 146 0.08102356726941795
161 g 29 0.051861008661050145
161 m 84 0.25743137214443923
161 n 29 0.005267336303243053
161 r 8 0.011945837350738175
161 u 102 0.22851299252985957
161 w 30 0.04821801704859119
161 x 69 0.20612045214398034
161 y 100 0.06087688676924774
162 c 15 0.3024205785231687
162 m 88 0.2110603844187252
163 c 103 0.24857897831525422
163 g 37 0.04867568195971328
163 i 57 0.02974235503099687
163 j 94 0.07020977560135377
163 l 38 0.19112138586550032
163 n 63 0.06633094517058258
163 o 34 0.03201511244575994
163 q 121 0.02356444050714568
163 r 42 0.06317622416675273
163 t 3 0.060061446013440434
163 u 121 0.012410609319490007
163 v 118 0.018286483113113983
164 b 107 0.03729041980109027
164 c 73 0.013811342527643489
164 d 126 0.03904255184560401
164 e 37 0.026213466041608124
164 f 126 0.017161748883219308
164 g 100 0.009671656068608758
164 h 139 0.003581364820210209
164 i 92 0.025266944190388996
164 j 109 0.06671121752393316
164 k 14 0.03800579371303392
164 l 109 0.025370348934980136
164 m 148 0.027929721459035717
164 n 43 0.022101975234826488
164 o 48 0.0647571086365053
164 p 123 0.08324977585674542
164 q 0 0.003753169218233987
164 r 67 0.0077258728818003775
164 s 162 0.05069683154100746
164 t 0 0.0896238304848962
164 u 8 0.0019951955412625955
164 v 121 0.011850344738752239
164 w 155 0.10270487967601849
164 x 65 0.06680117031647381
164 y 18 0.029263585057632935
164 z 19 0.09519246263952674
165 a 11 0.03567863305236041
165 b 113 0.02611309548003382
165 c 87 0.013677918830122482
165 d 136 0.011501119121282821
165 f 91 0.008378644054742534
165 g 136 0.09427655734171458
165 h 160 0.008049610822832176
165 i 44 0.17472274978632918
165 j 142 0.04418811691557378
165 k 125 0.029088817325910288
165 l 8 0.0837168959560578
165 m 130 0.04037448625334317
165 n 83 0.003931467894290108
165 o 151 0.011371807035275183
165 p 48 0.09436807383589396
165 q 73 0.018126449334761263
165 r 51 0.023788721503432364
165 s 45 0.0002814403392553677
165 t 92 0.001739957148998994
165 u 79 0.008788299893993101
165 v 81 0.011147114333306174
165 w 120 0.020109111191895845
165 x 128 0.010389044409506276
165 y 29 0.16883198559298285
165 z 115 0.006154697256573027
166 f 67 0.3099929803114202
166 j 110 0.05618175168163564
166 q 157 0.1470794404738106
166 t 75 0.2597219900087788
