61 26 771
0 0.1267530881561737
0 0.0435227323970141
0 0.15149110247773867
0 0.043342617916431125
0 0.7405693851009253
0 0.03102160107905705
0 0.015332288494735669
0 0.03997301699711153
0 0.09069032837744984
0 0.368322636357607
0 0.017803662589445657
0 0.05650333964141918
0 0.05760446474915337
0 0.14892486653222792
0 0.00969752308337335
0 0.6183345863603824
0 0.08744167510931644
0 0.2713249124010919
0 0.36924889733962196
0 0.012932302476071134
0 0.004358356959665577
0 1.0
0 0.12588713638813442
0 0.6773236216821698
0 0.051483008607003944
0 0.2477676474000542
0 0.25071227790972683
1 0.15153307189247167
0 0.02038831234504579
0 0.0035441745616058284
0 0.14416522040491964
0 0.09294149267986063
0 0.01643543508721368
0 0.5639451058995432
0 0.012503740099500615
0 0.10358583368935192
0 0.11943569469887638
0 0.009010759881103336
0 0.0038841794751095504
0 0.05897688579362326
0 0.017854741621581405
0 0.05903708630751048
0 0.013168988790966618
0 0.06787068427833198
0 0.025023890913500546
0 0.07208571635888494
0 0.05357133149245119
0 0.08872305466667285
0 0.022589600508835628
0 0.012708249201709543
0 0.18431137416437493
0 1.0
0 0.0261553609927776
0 1.0
0 0.020976060186648438
0 0.40961651821538225
0 0.0030538871230523235
0 0.010136603793122312
0 0.2533398913406498
0 0.06913553821112062
0 0.019978361100988162
0 a 48 0.8732469118438263
1 c 51 0.42565251751138056
1 d 44 0.07826244347275757
1 i 57 0.046115946409138964
1 q 48 0.034012081806954586
1 x 35 0.05839961898110646
1 y 25 0.09138544552215422
1 z 16 0.22264921389949355
2 d 36 0.17970290824506197
2 k 57 0.08166101876233489
2 s 10 0.46555274855472306
2 t 33 0.12159222196014141
3 a 22 0.07785255970162708
3 b 10 0.08808285170708863
3 d 55 0.01228534861767705
3 e 46 0.027379755247208815
3 f 31 0.003146930993239594
3 g 39 0.0003597786380000745
3 h 13 0.044305909106974406
3 i 59 0.0010789248941615037
3 j 35 0.022077423349162406
3 k 55 0.1300682180047522
3 l 45 0.04868923246110868
3 m 57 0.03138599369717787
3 n 29 0.030368320035613627
3 o 47 0.08146598771156499
3 q 28 0.02377506561285392
3 r 29 0.008032054346599149
3 s 39 0.028133382414828656
3 t 2 0.028910474134822062
3 u 49 0.09713231306868708
3 v 30 0.05788538843654001
3 w 8 0.03644917067584663
3 y 15 0.0720692057448502
3 z 56 0.005723093483184227
4 h 41 0.2594306148990747
5 b 49 0.1100534913974448
5 c 0 0.04078620235605157
5 d 2 0.051527220664873585
5 e 37 0.015360782181725985
5 f 10 0.012184487494198426
5 h 21 0.06274885222925974
5 l 59 0.15097048995741058
5 m 42 0.22502548853578574
5 n 56 0.025865118004589016
5 p 18 0.014494733071236166
5 q 14 0.11767414862987147
5 s 24 0.021315690695554057
5 u 15 0.023316623197066733
5 v 39 0.03056779308337687
5 w 21 0.02119133331121048
5 z 1 0.04589594411128772
6 a 25 0.06416856215261124
6 d 49 0.021580976629652526
6 e 13 0.015000685352531296
6 f 12 0.08045217598761045
6 g 4 0.06289351814992783
6 h 22 0.05434168964098751
6 i 33 0.026507835167158267
6 j 26 0.04537954763625707
6 l 14 0.04398018552939409
6 n 33 0.1138524753693031
6 q 34 0.09293083006819958
6 t 30 0.021107076875319764
6 v 34 0.007225311509595045
6 y 50 0.267054414476115
6 z 37 0.06819242696060157
7 a 8 0.12943966265483686
7 b 2 0.008021928405804957
7 c 38 0.05712114171298466
7 e 22 0.03252874048444099
7 f 57 0.004654260446071534
7 g 25 0.057971000350874546
7 h 45 0.02007156480214556
7 i 11 0.04586519252008825
7 j 47 0.0007742603694175232
7 k 50 0.03781829426534511
7 l 32 0.07056517232943538
7 m 47 0.012918312914867114
7 n 53 0.013631481950703739
7 o 30 0.05278721541331288
7 p 38 0.0059597959096030495
7 q 26 0.08727835841478737
7 r 21 0.009787491022293704
7 s 9 0.027502465928040176
7 t 53 0.00772612263802086
7 u 13 0.02205728649023897
7 v 40 0.05746568723769718
7 w 29 0.10163945418812237
7 x 44 0.01626202891084294
7 y 26 0.04779273825131436
7 z 3 0.03238732539159839
8 a 50 0.04661612696008455
8 c 7 0.04230433930655386
8 g 48 0.005918839528785691
8 h 23 0.03480462763923187
8 i 46 0.47002699394589054
8 u 48 0.30963874424200366
9 f 34 0.04515819127257681
9 g 50 0.014585031370388468
9 h 6 0.061682251189206894
9 i 5 0.02308119333272063
9 j 24 0.031160091058280992
9 l 12 0.14585253581840718
9 m 51 0.03193667787588794
9 t 11 0.002895902687178875
9 u 50 0.27532548903774523
10 e 55 0.10344634818680665
10 g 13 0.09030284432861857
10 h 2 0.07316491922301405
10 m 32 0.10373897513667552
10 n 17 0.11764360818040875
10 p 23 0.018963141860799948
10 t 0 0.03589932114924432
10 u 21 0.17233670817087343
10 w 38 0.015331405727612823
10 x 28 0.003767925166696884
10 y 49 0.17785825527135846
10 z 56 0.06974288500844494
11 a 55 0.14763226696510345
11 b 42 0.00020805189270911573
11 c 17 0.01613236897448267
11 d 22 0.051355224514845865
11 e 28 0.024377694354400514
11 f 11 0.04642723814042404
11 g 32 0.002728111388469512
11 h 54 0.04704118977924798
11 i 0 0.02896010733943133
11 k 21 0.0429268241129539
11 l 16 0.07908243734051057
11 m 44 0.011489602956775147
11 n 45 0.012752561221104575
11 o 52 0.013581541889344906
11 p 51 0.008544882354277417
11 q 17 0.06453966351870977
11 r 16 0.003688138394227547
11 s 12 0.0013739649174470125
11 t 38 0.0020777398659094226
11 u 49 0.03822070807382405
11 v 13 0.11938367770371472
11 w 51 0.0053272524750456185
11 x 55 0.15165452353099296
11 y 21 0.008835094166327773
11 z 55 0.015155794488300955
12 b 8 0.002071577303108363
12 c 22 0.010565169368782601
12 h 38 0.03152658704210598
12 i 49 0.07247331538342505
12 j 57 0.05975083530039704
12 p 26 0.045727699621906925
12 s 42 0.1962746156103402
12 t 60 0.16426275138003732
12 v 59 0.13230515314840552
12 x 54 0.22743783109233762
13 b 12 0.07124652868593351
13 m 42 0.05033880460747042
13 n 1 0.02556350297125809
13 r 0 0.1666627832191141
13 t 54 0.014961898153464714
13 w 4 0.2129301852249228
13 y 35 0.30937143060560846
14 a 53 0.04562909521648839
14 b 30 0.022367029425075624
14 c 27 0.1752836981172432
14 e 17 0.03591085846978059
14 f 41 0.08135668782378103
14 g 20 0.04063874560529346
14 h 20 0.03274951679140947
14 i 30 0.048353066090766506
14 k 51 0.02933801209569853
14 l 15 0.04546594021636896
14 m 59 0.08057282913894548
14 n 47 0.0974741550395557
14 o 31 0.06550631120843964
14 p 54 0.03373620282289158
14 q 34 0.030277970356345607
14 r 11 0.0787572840351306
14 t 37 0.000427601650881404
14 u 36 0.010062036113924866
14 y 13 0.03639543669860601
15 f 36 0.16607225684746385
15 p 8 0.21559315679215374
16 a 7 0.02025441546570772
16 b 6 0.08325023653556951
16 c 15 0.014515873243709398
16 d 51 0.031223891910927448
16 e 18 0.044422453678802376
16 f 42 0.00962836619172902
16 h 8 0.16087364903421186
16 i 45 0.03437944751422162
16 j 12 0.056848756708980264
16 k 53 0.06935632490689692
16 l 16 0.026941633929619235
16 m 28 0.02775748238046749
16 n 26 0.013502202032709576
16 o 34 0.005200783245779883
16 q 36 0.004290862774547044
16 r 58 0.021024536364162794
16 s 21 0.014981894904767423
16 t 25 0.028992610191300394
16 u 13 0.0021557653794204157
16 v 33 0.10737282222066502
16 w 24 0.033178938594777385
16 x 41 0.03450705072605753
16 y 38 0.029229398184688282
16 z 25 0.03866892877096495
17 e 55 0.12307275984008703
17 g 49 0.28927517734294417
17 v 17 0.04146903968568394
17 w 58 0.27485811073019295
18 p 58 0.630751102660378
19 b 57 0.04823654816626188
19 c 60 0.016476115508602396
19 d 38 0.04080928500890557
19 e 52 0.10222380877005299
19 f 45 0.1062631533844689
19 g 17 0.06531272214976813
19 h 40 0.026317615215175172
19 i 8 0.0077532795944351696
19 k 20 0.18659979009442862
19 n 19 0.0945544784863741
19 p 25 0.019698721688165333
19 q 35 0.021133491252266712
19 s 39 0.048806894585243676
19 t 44 0.04112304102750719
19 u 23 0.097670777628456
19 y 8 0.0028244989259540443
19 z 18 0.061263476037862974
20 a 10 0.1337995534035229
20 d 28 0.2529754069193426
20 f 21 0.0998752504008319
20 g 38 0.03346375738473473
20 j 22 0.13011051905385884
20 k 48 0.05785597185387148
20 l 55 0.0072120501939940684
20 n 1 0.15318232606231297
20 q 15 0.10964686019418823
20 z 21 0.017519947573676697
22 d 2 0.0043352535137708426
22 f 5 0.00441744548444345
22 g 34 0.007794226886048694
22 i 6 0.1026616453070649
22 j 33 0.10448298667243794
22 k 47 0.04424052165626502
22 q 36 0.1035778877377298
22 s 49 0.23950481038489213
22 t 60 0.011933938404206423
22 v 33 0.03363615735656289
22 x 13 0.05458746037688955
22 y 41 0.11277531167413068
22 z 51 0.05016521815742325
23 d 21 0.1739322141679872
23 n 30 0.14874416414984304
24 a 55 0.031162479241763297
24 c 5 0.05487092094221491
24 g 12 0.2548308342511634
24 n 21 0.23147979164027754
24 o 0 0.012045512974914074
24 p 51 0.02397583702802253
24 s 4 0.10668820127468293
24 w 12 0.2095737448295889
24 x 28 0.023889669210368503
25 c 45 0.02898706073603996
25 g 11 0.21243047997242337
25 k 55 0.08835013469280883
25 m 28 0.004239610133640159
25 n 45 0.05826669486194558
25 o 48 0.03055541064331868
25 q 46 0.07308820636510116
25 u 12 0.08358412507357793
25 v 38 0.007190674908230443
25 w 60 0.009932229240829704
25 z 56 0.15560772597203
26 a 7 0.06149555446666688
26 b 35 0.12149077585861978
26 e 33 0.047506841684414214
26 i 6 0.040407394990198964
26 j 22 0.0059375728897550495
26 k 56 0.0043438848277664865
26 n 12 0.006387434372069234
26 r 0 0.10804712440554853
26 t 47 0.06381163188356676
26 u 44 0.10549292775396713
26 v 1 0.08410754972825474
26 w 1 0.0031287422858821134
26 x 14 0.06926945349895708
26 z 28 0.027860833444606214
27 a 50 0.16282169460629303
27 f 37 0.07841945688318697
27 i 50 0.21551198616027079
27 l 46 0.03086056954535621
27 m 58 0.21920327534951223
27 r 33 0.10419520466761023
27 w 36 0.03745474089529888
28 a 60 0.14224665345243004
28 b 24 0.07668625738116763
28 c 23 0.019758637068761575
28 d 33 0.017491611132598894
28 e 23 0.06708660557007506
28 f 57 0.017108977462413133
28 g 58 0.01702814350385895
28 h 51 0.00476247923504769
28 i 11 0.02962686816110549
28 j 29 0.0334262863083199
28 k 29 0.008106244866096901
28 l 34 0.009719279812809956
28 m 53 0.0751238658691078
28 n 26 0.043973883120319024
28 o 52 0.06702333548715511
28 p 39 0.01808004586966916
28 q 27 0.024295087710283658
28 r 52 0.00956993807394535
28 s 33 0.005318616525545439
28 t 55 0.04800667646740109
28 u 18 0.024405684857338072
28 v 15 0.054135244522866
28 w 18 0.013298797090689152
28 x 45 0.02539196757930806
28 y 54 0.06566604885911531
28 z 11 0.062274451667525765
29 b 52 0.1266006675710899
29 d 51 0.29142930875373785
29 e 52 0.02782057714052999
29 k 33 0.15779734701119208
29 m 40 0.04210823617247328
29 n 22 0.028422292857914755
29 o 25 0.07651997072037375
29 p 21 0.06676033116920987
29 t 0 0.039537787272403646
29 u 27 0.020520745626489756
29 v 42 0.05701892683150378
29 w 24 0.03311321894965824
29 x 58 0.028806415361817272
30 b 6 0.0797450853801498
30 f 14 0.07687639550577963
30 h 59 0.22173940790735513
30 k 43 0.0787168319120094
30 n 48 0.05378475507748626
30 p 20 0.050928739660489386
30 r 52 0.10588569545092952
30 w 48 0.04994813111222063
30 x 31 0.0033670716973474013
30 y 28 0.07123833948215275
30 z 56 0.06360432640916047
31 a 51 0.12867445205543926
31 c 43 0.31725094516705177
31 e 33 0.003956929319653968
31 h 19 0.00029732636496015985
31 l 32 0.17454133401817107
31 m 42 0.029039082751978085
31 o 55 0.25329843764288507
32 c 12 0.006451673931303636
32 d 17 0.01224802012187265
32 e 18 0.07170398432545766
32 f 8 0.023141055840793623
32 g 21 0.024665591044533475
32 i 19 0.008895046328072365
32 j 35 0.04546500528612041
32 k 8 0.005389000680887546
32 l 38 0.13514674909329494
32 m 3 0.09418459889108077
32 o 19 0.11222573305702044
32 p 57 0.033811649240818475
32 r 57 0.05099406621655367
32 s 50 0.09491503766864784
32 t 19 0.016799309237481186
32 u 14 0.17172384748112768
32 v 33 0.0167421615624197
32 w 29 0.011578762592429848
32 x 10 0.02767939943090858
32 y 0 0.019803872881961837
33 l 19 0.32481136010504197
33 x 54 0.11124353399541487
34 a 20 0.045811278174621384
34 b 23 0.012880420626229405
34 c 42 0.015452274520875053
34 d 5 0.008288667873648237
34 e 38 0.031689322351446614
34 f 21 0.035238257198401235
34 g 39 0.01211482138886455
34 h 0 0.04202472920337941
34 i 8 0.07655674650281519
34 j 55 0.036524817502378126
34 k 27 0.012318158750160069
34 l 54 0.05173358134756134
34 m 48 0.01716044308986131
34 o 10 0.13286500903122056
34 p 24 0.06451905148907267
34 q 1 0.03946354023058085
34 s 34 0.01136059327816108
34 t 58 0.006266189476020867
34 u 52 0.06312984674245725
34 v 25 0.10056651007670281
34 w 28 0.052579642347767686
34 x 33 0.01587428171482186
34 y 55 0.0002955731562666042
34 z 46 0.10278250382718523
35 c 28 0.05858621162012312
35 d 31 0.5698875005730183
35 f 57 0.0026272522005305055
35 h 56 0.020574452129835552
35 u 27 0.19566670674757014
35 v 14 0.030583622393771548
35 y 57 0.01848842064579892
36 a 22 0.03442480552972094
36 b 39 0.0034858151926764336
36 c 30 0.07851527343545706
36 d 28 0.017429024165500295
36 e 44 0.011643612235251233
36 f 3 0.03220673673758445
36 g 10 0.06240449611126753
36 i 11 0.0415853137936133
36 k 23 0.02861907401057473
36 l 5 0.0032847956129458122
36 m 44 0.015671551544307216
36 o 29 0.016774199182721827
36 p 43 0.0584917271377402
36 q 20 0.052859357229912196
36 r 60 0.026182999055927136
36 s 2 0.028729948548644524
36 t 6 0.04436676371557491
36 u 57 0.05667206877148645
36 v 43 0.014633493350204141
36 w 7 0.05520029436282192
36 x 9 0.191305280957475
36 y 59 0.005838829392063927
36 z 52 0.00023884522765238447
37 a 4 0.034679138364164364
37 b 17 0.03479829167145054
37 c 9 0.03604305706833322
37 d 59 0.06495503179469975
37 e 44 0.08840436584739364
37 g 4 0.09184726902455476
37 k 2 0.02039183392847599
37 m 21 0.01172739324633898
37 o 39 0.0331366102576931
37 q 46 0.024605826661537655
37 r 23 0.01232168179225579
37 s 32 0.29897464184245803
37 t 17 0.01383703288225846
37 u 19 0.03526744712994212
37 v 9 0.021739173652004062
37 x 53 0.06363284313464923
37 y 54 0.021447660287228887
37 z 54 0.08317994153345809
38 a 27 0.13070036216813663
38 c 31 0.10151966371583676
38 e 23 0.08500400533278873
38 i 4 0.015813785886778287
38 j 55 0.012436062779253132
38 k 8 0.01273218792033226
38 l 44 0.07343846695529099
38 m 23 0.07739540639776288
38 n 38 0.06277897909003693
38 o 9 0.1054058524321827
38 s 39 0.0376196980261192
38 t 30 0.058510120296360824
38 u 48 0.005590858541092647
38 w 17 0.0569726852471657
38 x 32 0.0423639027431747
38 y 43 0.004249437892862251
38 z 48 0.11358434509971582
39 a 51 0.19890151688354518
39 f 35 0.002811981833959032
39 g 41 0.022459359701111348
39 i 1 0.11082514496155726
39 k 55 0.027266531842369046
39 o 11 0.06582437016997733
39 s 54 0.0652437136427606
39 t 20 0.15678308711936173
39 u 31 0.03638720412911889
39 w 7 0.09797854219441426
39 x 23 0.006759605646969646
39 z 55 0.1497820560812324
40 a 32 0.01135557299310308
40 b 18 0.014834273306195467
40 c 2 0.00902617181864096
40 d 34 0.034355603633821286
40 e 38 0.065323291664526
40 f 58 0.000274444811344976
40 g 47 0.053138213871032236
40 h 37 0.025679124955032995
40 i 59 0.03484243490014438
40 j 6 0.1034783136222246
40 k 17 0.06764030949051714
40 l 37 0.028996293788957295
40 m 2 0.10421020372603951
40 n 21 0.011792542618746071
40 o 36 0.04287308094246245
40 p 5 0.003116832341942377
40 q 27 0.014142592486030114
40 r 29 0.004581716141810133
40 s 55 0.09511190125412494
40 t 49 0.01852560474218401
40 u 42 0.044973783022425384
40 v 6 0.012757800057444868
40 w 53 0.015716065394093426
40 x 60 0.002983494565312772
40 y 37 0.12535362989533938
40 z 48 0.03706196233492276
41 a 54 0.03753762624161183
41 b 42 0.04843482249166142
41 f 47 0.2229381080818963
41 g 45 0.04754214103784582
41 h 20 0.11483195475310759
41 j 27 0.025099393385356827
41 m 58 0.05338472961770491
41 n 2 0.009136295734915256
41 p 25 0.03734719389581753
41 q 7 0.23307807509357858
41 t 26 0.08966322025691942
41 y 7 0.02196935310207404
42 a 34 0.06862758985911821
42 b 56 0.05362737097893633
42 d 54 0.018920528752232935
42 f 41 0.034346777066122214
42 g 43 0.06461756917052819
42 h 41 0.04939051789735205
42 j 47 0.03219609810416524
42 k 19 0.04654019051041114
42 l 49 0.008087380528219335
42 m 4 0.041573314034656916
42 n 18 0.011832691814211316
42 o 39 0.03543474148822645
42 p 26 0.014309969720557203
42 q 22 0.05286084646711964
42 r 31 0.023256518108089153
42 s 16 0.02601346695656548
42 t 24 0.0008805586008909794
42 u 33 0.052239711792298804
42 v 58 0.11440768951997082
42 w 34 0.004095900972661548
42 x 3 0.14792446021637773
42 y 31 0.014502004139895774
42 z 8 0.07114511451042593
43 a 18 0.047647040969776566
43 c 33 0.011284757052143823
43 g 31 0.07942087289391053
43 h 43 0.15187079687039218
43 i 20 0.032585745353100326
43 j 48 0.110743201498685
43 n 35 0.1427927067734137
43 o 45 0.12241962436259735
43 p 2 0.05181499806452938
43 t 4 0.09134872288499929
43 v 38 0.00466331488237115
43 w 35 0.02992055229773538
43 y 9 0.055616981818013334
44 a 25 0.0015190156228347407
44 b 18 0.016224281696510356
44 c 20 0.023813208896262372
44 d 40 0.002456503658276765
44 e 38 0.026157871127230004
44 f 57 0.03928055119450424
44 g 0 0.03240556703884112
44 h 35 0.04344056738756907
44 i 0 0.04486444824117097
44 j 47 0.006337910146835046
44 k 29 0.05441409523158336
44 l 3 0.12589716097893644
44 m 13 0.07564347480442468
44 n 56 0.06496369310685801
44 o 15 0.03662317562323247
44 p 53 0.002182462623650183
44 q 5 0.0009171363926854248
44 r 26 0.02178472092339101
44 s 21 0.008881754827748556
44 t 32 0.08875505235856662
44 u 15 0.0476755920314591
44 v 12 0.026699883494062493
44 w 7 0.04088691064941574
44 x 28 0.09723301071277002
44 y 55 0.03019126238799108
44 z 48 0.015726797929689562
45 b 17 0.0306399230765676
45 c 45 0.08083639942481102
45 d 47 0.04244965253528998
45 e 56 0.04040649882885239
45 f 27 0.025520781637949908
45 g 55 0.09209162462633369
45 h 43 0.07562819228935702
45 i 41 0.11413240523437329
45 j 36 0.06427552600484288
45 k 30 0.05104725731694937
45 m 15 0.03241164104770944
45 n 0 0.012087062027374973
45 o 44 0.008473197193483828
45 p 28 0.07610722969661321
45 r 14 0.004076451349774302
45 s 56 0.014242397553442254
45 t 7 0.016381139869259598
45 u 29 0.05172028993083955
45 v 47 0.013696144542258093
45 w 26 0.02210039438659106
45 y 60 0.0019598800294818863
45 z 49 0.05763019503895972
46 b 41 0.09285136005669858
46 d 38 0.013110149839918872
46 e 3 0.10283857359539816
46 f 53 0.030463005774905794
46 g 14 0.008770334035917204
46 l 57 0.00242074305265616
46 n 28 0.0344078253690423
46 o 15 0.0591564940134498
46 r 39 0.14952178983794995
46 s 8 0.12311012075314354
46 u 18 0.004408678990664883
46 v 1 0.03961067326401113
46 y 56 0.12149201594244208
46 z 46 0.16426690398135035
47 a 11 0.04318216753946236
47 b 14 0.07494033659030364
47 d 19 0.09275749222804563
47 e 9 0.013838631909192323
47 f 1 0.032042149031449974
47 g 58 0.0023508759025018255
47 h 0 0.08273715058365583
47 i 56 0.015261309535971046
47 j 27 0.05633730449702368
47 k 55 0.027257063338605447
47 l 11 0.04237027174806096
47 m 17 0.00937261976041781
47 n 33 0.004521955213263595
47 o 19 0.011999328512836693
47 p 13 0.0403030844456469
47 q 0 0.04260803336682639
47 r 37 0.0076525470208801405
47 s 9 0.012056020440211368
47 t 5 0.03414025206378257
47 u 38 0.005273264738425931
47 v 4 0.07566716147059382
47 w 23 0.05091105493727566
47 x 11 4.592181610996171e-05
47 y 28 0.0006560471497181197
47 z 46 0.13299490149306548
48 c 44 0.09150497593934992
48 e 0 0.1465466965332034
48 h 7 0.05075093475712
48 i 26 0.032359620748480755
48 k 23 0.12539298904259044
48 n 31 0.031338012062302356
48 q 56 0.033419773705404165
48 t 33 0.06771766349759456
48 u 46 0.011063020231488419
48 x 43 0.05710162049198719
48 z 27 0.33021509248164316
49 z 43 0.9872917507982905
50 b 30 0.08928186926353576
50 c 2 0.03822869164141407
50 d 26 0.4632456184165227
50 f 16 0.0010366360165577904
50 g 6 0.03809798030100131
50 j 2 0.00030988783082686044
50 m 3 0.04045212425221911
50 s 31 0.020552805715036482
50 t 17 0.05387026072108225
50 w 37 0.040180504707432174
50 x 20 0.03043224696999658
52 a 10 0.027222898891679947
52 b 11 0.0359809404033854
52 d 0 0.06953295953524374
52 e 58 0.03614043315012894
52 g 28 0.110452446677069
52 i 25 0.2400911410918728
52 j 31 0.05410128815224036
52 k 39 0.0505305112416069
52 m 24 0.0479461374866873
52 o 46 0.034306005787116844
52 r 40 0.05160391233740114
52 t 34 0.030804628213591312
52 u 44 0.10707189421436358
52 v 25 0.013905645951898471
52 x 52 0.0617760703474548
52 y 53 0.00044648364569732646
52 z 14 0.001931241879784551
54 a 0 0.0858950877939314
54 b 0 0.04230476684205897
54 c 33 0.02766007554208294
54 d 22 0.016167448293371134
54 e 0 0.04961564372047478
54 g 15 0.06312018502260541
54 h 22 0.10489319350219939
54 i 19 0.008935761805927922
54 j 33 0.10996309257637127
54 k 13 0.014513571418092175
54 l 16 0.01117251739531988
54 m 38 0.00878814694555452
54 n 56 0.00013390299962445784
54 o 21 0.038405016031028194
54 p 3 0.008672724466807669
54 q 48 0.02443227426061234
54 r 55 0.039685891341763146
54 s 29 0.0914570144903809
54 t 57 0.0837325890801024
54 u 14 0.020328740204684115
54 v 48 0.009786205135234205
54 w 46 0.01394994147857287
54 x 13 0.04099554089082491
54 y 52 0.008349673189757767
54 z 35 0.056064935385968795
55 f 34 0.22837598499732914
55 o 5 0.30968467837638436
55 w 33 0.05232281841090425
56 b 26 0.23827875781277752
56 g 59 0.18647955405922645
56 l 53 0.19985959251479357
56 o 34 0.02224819874541739
56 p 47 0.17215548896322141
56 v 3 0.05968081533126879
56 w 2 0.11824370545024254
57 a 29 0.008049157310354604
57 b 26 0.05458446263429484
57 d 60 0.010394716751211619
57 e 56 0.023056835442728296
57 f 56 0.02683582973955223
57 g 15 0.05313824711375115
57 h 48 0.03862667124419672
57 i 10 0.04743923541097983
57 j 22 0.01398842956237989
57 k 42 0.03928123151735474
57 l 52 0.03078637874221657
57 m 6 0.009154930021785579
57 n 25 0.04134077649465029
57 o 49 0.012761885668797879
57 p 16 0.015249344422216371
57 q 60 0.05413124036345329
57 r 20 0.026542478186538987
57 s 42 0.03764323818455095
57 t 27 0.026690746806981247
57 u 0 0.032181129853964485
57 v 21 0.19971120588750146
57 w 30 0.1795590051570668
57 x 11 0.007861154306259333
57 y 8 4.407000692707719e-05
57 z 43 0.0008109953771634482
58 c 33 0.03797550048298404
58 f 46 0.0018296880925851022
58 g 52 0.03229015282871184
58 i 5 0.05462779484935698
58 j 26 0.0739823369657604
58 k 38 0.11731104487690003
58 m 57 0.03262832014246497
58 p 20 0.12305100341149944
58 q 22 0.00512152010616429
58 s 19 0.05558899132484907
58 t 39 0.10433811107156588
58 w 11 0.05245830289575326
58 x 53 0.055457341610754884
59 b 54 0.0025069807657043253
59 c 51 0.014927701587318598
59 d 30 0.0887755428708461
59 e 14 0.16199300218370105
59 f 47 0.07981689878275833
59 j 14 0.012427906231152752
59 l 32 0.09561025172876958
59 n 15 0.11384228225457682
59 q 4 0.1685668847950067
59 t 41 0.045501385039122044
59 w 27 0.02033061105538314
59 x 32 0.06790191009551827
59 y 15 0.052369072774840375
59 z 36 0.0062940316241812955
60 b 58 0.10742864014120257
60 c 2 0.10398389360429783
60 d 27 0.017510161236799826
60 f 10 0.06071725938633388
60 h 0 0.4915467141241684
60 i 17 0.01296177642484797
60 j 4 0.07381691401671608
60 l 10 0.10237420175241851
60 p 23 0.009682078212226775
