18 26 208
0 0.07473230994321145
0 0.1963320125532746
1 0.1066098764455442
0 0.3645735786887202
0 0.11209075530898849
0 0.02495088290346581
0 0.07638546053515904
0 1.0
0 0.1914199732424604
0 0.08507282482518008
0 0.08014669140338038
0 0.060534195256402246
0 0.08770795274020093
0 0.10721980620338045
0 0.021788798343786442
0 0.06592176557712615
0 0.07741913942643641
0 0.09433898056480228
0 c 12 0.021902826360046257
0 d 11 0.03561064044352524
0 f 4 0.07130216431629577
0 g 13 0.0286326254494077
0 h 12 0.035166399239810686
0 j 14 0.030968187131963698
0 k 5 0.09669228473437186
0 m 0 0.047681891063815596
0 n 14 0.0037461769599924644
0 p 5 0.048144347147239364
0 q 7 0.05580973634222752
0 r 13 0.1696832804699946
0 s 16 0.05043757371215973
0 t 11 0.008064029851740817
0 u 12 0.019546438888476292
0 v 11 0.09227734036425106
0 w 8 0.044318503517118635
0 x 13 0.04278448332683371
0 z 11 0.022498760737517554
1 l 13 0.005176173423595443
1 m 15 0.0059933161920109335
1 p 7 0.4264491206695348
1 r 17 0.3021940659931289
1 t 11 0.06385531116845533
2 b 5 0.027123605506227166
2 c 4 0.22958489127745563
2 e 11 0.0028640591350048705
2 f 7 0.034879746306910486
2 i 8 0.033857373024089865
2 l 10 0.09971563556594532
2 m 8 0.2310994847215858
2 p 7 0.017484391635643415
2 r 0 0.0626086527948081
2 s 10 0.05114103965692318
2 w 6 0.10303124392986196
3 j 7 0.24720973191551132
3 m 13 0.17120657542149553
3 q 4 0.12087967535297695
3 r 5 0.0021810324539318637
3 s 15 0.08680169883336997
3 z 7 0.007147707333994169
4 f 15 0.0611290956891708
4 g 6 0.11235265942593842
4 j 5 0.08284305830650618
4 m 5 0.14576901709272605
4 o 1 0.02320128481382755
4 z 15 0.4626141293628425
5 a 12 0.01778016093297674
5 b 4 0.04370949637734611
5 c 9 0.012553242571947232
5 f 14 0.028322587053770665
5 g 12 0.01579876972903127
5 h 8 0.039242412040576546
5 i 7 0.0544498164712901
5 l 3 0.0025942374481653374
5 n 11 0.035255592884535614
5 o 1 0.10155133097372449
5 r 8 0.23718497683695083
5 s 2 0.02478465369988403
5 u 7 0.14846413594186303
5 v 0 0.02588937454828033
5 w 14 0.034023700929630585
5 x 0 0.1028812981463667
5 y 1 0.001838606041407953
5 z 2 0.04872472446878662
6 e 6 0.5548648116115488
6 p 6 0.13988673633229398
6 r 8 0.2288629915209982
8 a 15 0.009955309629169573
8 b 11 0.13933800332768453
8 c 7 0.06387527385848168
8 d 7 0.030396874676609564
8 e 7 0.027985205928887757
8 f 7 0.043327065051333324
8 i 10 0.013597667042234418
8 k 14 0.024908988853664216
8 n 1 0.028529915244516646
8 o 4 0.04640870151463572
8 p 9 0.047693185940730354
8 q 16 0.08280309300853728
8 r 1 0.0913618859144002
8 s 0 0.002779224449599438
8 t 9 0.029801425754416355
8 u 1 0.02409147156499214
8 x 13 0.02515154187192148
8 y 1 0.021993990657974694
8 z 8 0.05458120246775022
9 i 11 0.2867969666277478
9 x 10 0.6281302085470721
10 h 13 0.07929399486958899
10 j 7 0.04337190930663026
10 n 12 0.13563493315304165
10 o 17 0.043691251304172285
10 p 12 0.04438876759623478
10 q 1 0.10912655631821311
10 t 11 0.13177244129856414
10 w 10 0.00520321638000687
10 x 17 0.2059403124930691
10 z 0 0.12142992587709844
11 b 9 0.030572393790755714
11 d 13 0.0140905145578889
11 f 3 0.17460402781696438
11 h 8 0.07366417200258701
11 j 4 0.08684088847968308
11 k 17 0.11318509878631167
11 l 15 0.01550367260738239
11 n 8 0.09888062900530592
11 p 1 0.023738557285536088
11 q 14 0.051828023152335256
11 w 9 0.08643336301026827
11 x 7 0.014476342852817625
11 y 1 0.07918513695123985
11 z 1 0.0764629844445216
12 b 3 0.05777571679121207
12 e 1 0.022843042062314134
12 f 12 0.056573724887499455
12 i 6 0.05833802584542791
12 k 10 0.09082017182391011
12 l 4 0.009760178392037022
12 m 15 0.22631222908011495
12 p 7 0.06706294777345856
12 s 4 0.056862517616348196
12 t 16 0.015867212175233125
12 u 8 0.04575874512184264
12 w 11 0.011829818301349437
12 x 7 0.19248771738905146
13 a 2 0.07931955332121843
13 e 16 0.2257124107586933
13 f 4 0.005481711008256784
13 u 8 0.3055787460507734
13 x 1 0.27668777265767763
14 a 4 0.05030006945524901
14 b 4 0.05755323810546065
14 c 3 0.06928301108429691
14 d 3 0.010623116843115565
14 f 0 0.10600748283491146
14 g 4 0.08974664840361224
14 i 11 0.08603382107883173
14 j 0 0.07178615632811569
14 k 5 0.008808810035314196
14 l 4 0.021276596540341197
14 m 11 0.0038736380211790156
14 n 14 0.193828942461717
14 o 12 0.011071815932614748
14 p 3 0.042281717795340956
14 q 9 0.008111420596550678
14 r 16 0.04930163748065641
14 s 4 0.03411524906005847
14 t 2 0.009844840663052912
14 v 3 0.011805062104327524
14 w 13 0.030835515435614913
14 x 15 0.005405220330037652
14 z 6 0.006317191065814631
15 a 1 0.033459311230691124
15 b 7 0.030980548595109347
15 c 5 0.021709226127428982
15 e 4 0.029465542321574834
15 f 0 0.011369057230287027
15 g 10 0.05774214270175815
15 h 9 0.0537675168517594
15 i 6 0.03924466146517369
15 j 9 0.025046449386959102
15 k 6 0.10954687166370625
15 l 16 0.030349002103925216
15 m 0 0.015745058211657836
15 n 2 0.011272371066584297
15 o 8 0.039798686199085775
15 p 7 0.0209083515560059
15 r 10 0.02987095286670194
15 s 5 0.02104842582895594
15 t 12 0.1345437345696595
15 u 2 0.09241231101750769
15 v 15 0.027714134092484355
15 x 10 0.09391966523029138
15 y 11 0.004164214105566111
16 a 11 0.13959752971545958
16 b 1 0.03504912656694159
16 g 3 0.02564546768413245
16 i 6 0.03936476307000336
16 k 5 0.1264448626952217
16 n 14 0.0519811151412668
16 u 3 0.14790867291574483
16 v 6 0.051178978045944845
16 w 8 0.03874040773662579
16 x 9 0.059527860811292355
16 y 2 0.04566109901826265
16 z 2 0.16148097717266763
17 a 16 0.007300936177256689
17 b 12 0.012583726171285337
17 c 10 0.04938677976633288
17 d 11 0.0351834839504791
17 f 0 0.0047949190477515335
17 g 4 0.026659830251528294
17 h 15 0.010909399609090875
17 i 13 0.023293725770806684
17 j 10 0.10240485081483952
17 k 14 0.02539251964560152
17 l 16 0.015288850356067307
17 o 9 0.03885937348274837
17 q 13 0.11088051412390221
17 r 16 0.024407738563863135
17 s 3 0.056409908440155254
17 t 14 0.08568235447761596
17 v 12 0.08012869195434913
17 w 10 0.04803730003542028
17 x 17 0.04569711118800124
17 y 8 0.08522664275906566
17 z 13 0.017132362849036742
