141 26 1835
0 0.16335616315819268
0 0.053522417722782656
0 0.20639509177868098
0 0.009945247287325487
0 0.15827462669337178
0 0.11210040454993786
0 0.013673798515417168
0 0.0012827993110651192
0 0.16421038622097228
0 0.06097191147090286
0 0.07323671721038372
0 0.0850577870265784
0 0.04135369550318013
0 0.04944413147876303
0 0.08517069783764053
0 0.0118521368020581
0 0.012014885821317045
0 0.011539253406764205
0 0.06753569912535706
0 0.03676452392939977
0 0.09834807918372612
0 1.0
0 0.15125466320782543
0 0.0007726282630051706
0 0.12462365691097599
0 0.008603719590148384
0 0.10529347511294807
0 0.04135975063922903
0 0.016061100407476436
0 0.21473300270626006
0 0.021325904603353263
0 0.48226617328683197
0 0.17977402290003464
0 0.006251405030309631
0 0.16379624028393003
0 0.1278865540664662
0 0.0761669027886932
0 0.14492385847047096
0 0.6986412044001153
0 0.26626283901476644
1 0.015436670203891611
0 0.003803952062958138
0 0.01968136616626781
0 0.14332923847037504
0 0.020873800702226553
0 0.018819628483245143
0 0.019462475868096463
0 0.10206241360520041
0 0.11347936269904324
0 0.17650398422417657
0 0.011007848649713159
0 0.1967749578392577
0 0.05735634701299952
0 0.5490537580528361
0 0.033169233078331306
0 0.07330780234454892
0 0.02469945618549474
0 0.05749802161966355
0 0.14980516322040605
0 0.9289123728930195
0 0.07049626157016231
0 0.1479935055534517
0 0.9167422164382667
0 0.011060352388238215
0 0.03381930816648593
0 0.07380608815284306
0 0.0036069127609644758
0 0.05020815187398153
0 0.08333693000296527
0 0.05346708727430738
0 1.0
0 0.04964156344324888
0 0.010059588792998286
0 0.033810744062400255
0 0.3351551595350353
0 0.005405992471832932
0 0.06538184836813277
0 0.02396946913054998
0 0.1599387268958965
0 0.25192496046758794
0 0.07629583180322297
0 0.005468031499286208
0 0.08083767696745514
0 0.09852310757600502
0 0.20065030650524274
0 0.00047164349642092596
0 0.006644293982004057
0 0.23451009334253636
0 0.03988589070141957
0 0.0939211201563741
0 0.04011008538732452
0 0.026619652244264214
0 0.042196276865578364
0 0.0037275589378042984
0 0.027063521987783057
0 0.8083873919533866
0 0.06307993226828856
0 0.12635668529962418
0 0.7474588996879615
0 0.11400387366785292
0 0.1144609741500322
0 0.012188023227272415
0 0.015703518281852014
0 0.12053139925366685
0 1.0
0 0.26901345225853424
0 0.10592945385461439
0 0.03757322048691314
0 0.002857351177279477
0 0.2009288628933803
0 0.025501666781866272
0 0.023966332182950967
0 0.1003425597347043
0 0.01872152670142413
0 0.013748955201918323
0 0.03702747760599445
0 0.06618139078579932
0 0.00171653055475407
0 0.2093361280785958
0 1.0
0 0.03800318744246567
0 0.07909403951233018
0 0.08947781232589125
0 0.07277806491422334
0 0.00030026729823928733
0 0.05868085120690736
0 0.24074895862274304
0 1.0
0 0.015034538718846524
0 0.2773607067175722
0 0.07611791806131107
0 0.21421875955587966
0 0.01747371838396794
0 0.13837003379617308
0 0.04872151918361389
0 0.04832634401825653
0 0.13814446099980182
0 0.0902508046028958
0 0.02308253000423166
0 0.0339375647493233
0 1.0
0 a 134 0.01035162784905963
0 b 106 0.0030298216455265647
0 e 79 0.06693049338912127
0 f 67 0.12507115155928938
0 j 33 0.019787386891907066
0 k 68 0.017712979309930432
0 l 135 0.06878009070149438
0 m 96 0.06771462489957802
0 n 118 0.017220880535753103
0 o 41 0.016089163552750696
0 p 0 0.0487070917794461
0 q 139 0.02211190501015614
0 s 47 0.2744255889058147
0 t 39 0.058077808315131874
0 u 0 0.005825279510474846
0 w 119 0.01247384029133003
0 x 60 0.002334102695043083
1 c 60 0.011244188660391896
1 d 66 0.043261483136112666
1 e 38 0.02593385724023556
1 g 119 0.06505619094046344
1 h 35 0.020755621053054396
1 k 66 0.4016190442160643
1 l 53 0.10517679268913216
1 m 43 0.002173883414655964
1 o 72 0.033083713892899325
1 q 31 0.08508855567170537
1 r 76 0.013872346780922973
1 s 129 0.010964252261084106
1 t 23 0.05934374955349331
1 v 124 0.04337325966719041
1 y 94 0.012436515192269071
1 z 128 0.013094127907542386
2 a 95 0.10413655524049426
2 m 29 0.0018666081355394049
2 o 139 0.28301437468904844
2 p 122 0.09648159789867528
2 v 135 0.2635939539997457
2 x 58 0.044511818257815916
3 a 11 0.04715883792392361
3 b 131 0.2390062850702317
3 c 104 0.010991517079615543
3 d 119 0.05149001257507324
3 e 0 0.08637619124541951
3 f 12 0.02961286067929325
3 g 40 0.003667744317726207
3 h 47 0.04467271316337529
3 i 11 0.0014986397203734514
3 j 17 0.056053117586767565
3 k 125 0.008090211488552268
3 m 13 0.009001759487176964
3 n 120 0.07105634567848151
3 o 89 0.010773243680945122
3 p 140 0.062479662154149795
3 q 95 0.057929848797661276
3 r 137 0.007746833758678795
3 t 32 0.06172819897467918
3 u 12 0.034757644083660444
3 v 96 0.04116328418163295
3 w 99 0.014760361103117847
3 x 136 0.0011694332275836716
3 y 105 0.025890924776549973
3 z 97 0.012979081958005345
4 a 38 0.025039073846466198
4 b 112 0.020295423294439008
4 c 24 0.05183409001806605
4 d 40 0.06849981495368929
4 e 90 0.004679612363632679
4 f 47 0.0473196888935139
4 g 115 0.08479769462429387
4 h 79 0.016247315596724765
4 i 27 0.09750906536070048
4 l 76 0.03955364675873707
4 m 100 0.031185650240409202
4 n 81 0.049280740207031104
4 o 83 0.05738585733108037
4 p 107 0.03402557577190879
4 q 114 0.006112775729897435
4 r 69 0.020368572404806384
4 s 9 0.00024920435263442453
4 t 110 0.03276718275551427
4 u 59 0.06946069818665934
4 v 75 0.026255186135355046
4 x 121 0.007003171584963996
4 y 132 0.04202251314012362
4 z 52 0.009832819755980937
5 c 120 0.011232368873468235
5 f 49 0.288041035556875
5 l 56 0.009452256009959803
5 o 12 0.13327930672018162
5 p 38 0.19260011753621764
5 q 16 0.14172555457315472
5 u 27 0.02284989947293692
5 v 38 0.07390992123602391
5 x 17 0.014809135471244295
6 c 93 0.03284899453098533
6 d 89 0.2381961953934555
6 l 9 0.11105039455827437
6 o 121 0.1375463660945212
6 p 112 0.0014967833248166196
6 s 107 0.17217816410677378
6 u 20 0.1427097592391624
6 y 4 0.15029954423659364
7 a 103 0.04266259017707119
7 b 16 0.0028338692749358962
7 c 10 0.06634105200697926
7 d 0 0.09439906048650293
7 e 41 0.025583258690087707
7 f 115 0.013281316472866123
7 g 76 0.01518351406399543
7 i 76 0.19853546820260504
7 m 38 0.03858577015745723
7 n 38 0.01702747692457862
7 o 11 0.039811258783489234
7 p 68 0.11461925052738997
7 q 59 0.009653848005727994
7 r 32 0.030631680141719464
7 s 51 0.04037102028361128
7 t 45 0.030861872846784766
7 u 57 0.01518705557980915
7 v 56 0.024694695164563463
7 w 64 0.02992798838633748
7 x 14 0.05340414258533621
7 y 101 0.0009001023184748158
7 z 75 0.09422090960861162
8 h 111 0.8357896137790277
9 c 132 0.0917878001276381
9 e 119 0.11159878070562324
9 f 120 0.10664990291080756
9 h 78 0.011254579922194585
9 i 50 0.00887133559625397
9 j 13 0.03540559107207086
9 l 17 0.04832414188567036
9 m 100 0.0844850991433006
9 n 139 0.023682511581966548
9 o 139 0.07844844847054422
9 p 43 0.030806596710423517
9 r 87 0.07361949263564183
9 s 55 0.004837187051994318
9 t 74 0.0842053187481866
9 v 39 0.1008151499381722
9 x 29 0.020471722987720486
9 y 103 0.00916296687148388
9 z 27 0.014601462169404278
10 a 138 0.031257480924255954
10 b 128 0.03893941488358765
10 c 124 0.028974676892369544
10 f 58 0.06547437622239605
10 g 94 0.08823245048656736
10 i 64 0.042597312446701174
10 k 76 0.1311519278773069
10 l 52 0.02133044785721039
10 m 120 0.0434600688468203
10 o 28 0.025923722319512232
10 p 107 0.08328741334424516
10 q 43 0.12603263992612979
10 r 114 0.046258050176951615
10 s 3 0.02467986144286405
10 t 1 0.01120136122251536
10 u 108 0.07151457289111207
10 w 126 0.0183197517386815
10 x 94 0.006657535492840094
10 y 30 0.021470217797549096
11 a 5 0.15465546081590642
11 b 66 0.022537783609913542
11 f 47 0.04357632867780725
11 i 36 0.06845286391154015
11 j 105 0.011485799639904593
11 l 60 0.04470281691329214
11 n 25 0.05302281380844465
11 o 113 0.10967361465815306
11 p 59 0.03152650259812528
11 r 139 0.020628791344625252
11 s 85 0.2468747371518768
11 u 86 0.0337469027004027
11 y 10 0.07405779714342975
12 b 13 0.0026130720395014517
12 c 107 0.028092745559470056
12 e 15 0.04723168969267866
12 f 66 0.058035754350865165
12 i 135 0.008086723291104603
12 j 52 0.024301004414021388
12 k 48 0.04476063818749865
12 m 35 0.0075267899947844
12 n 27 0.019695072744325914
12 o 32 0.13413624791354484
12 p 92 0.0338152295289641
12 q 45 0.08787486994105143
12 r 90 0.045410515292896414
12 s 3 0.0017188029570053276
12 t 79 0.06379560284472408
12 u 116 0.12262202610126982
12 v 96 0.059811022894349364
12 w 29 0.022415643772186078
12 y 19 0.01422322054392211
12 z 64 0.13247963243265604
13 c 109 0.00023625543111327474
13 d 38 0.1902714766597211
13 g 138 0.10803964446707726
13 h 126 0.07453041371849989
13 l 135 0.00902568591309616
13 o 113 0.0656542570631663
13 p 76 0.10618154474016062
13 s 53 0.03354184174740271
13 w 39 0.20569811057532073
13 y 61 0.0824239630043836
13 z 18 0.07495267520129534
14 a 106 0.013588312026697524
14 b 118 0.13535056089377173
14 d 113 0.052887904573474476
14 e 115 0.04582511160492375
14 f 90 0.007220481101161691
14 h 24 0.015637133335913767
14 j 52 0.03710357694692312
14 k 14 0.0074297450112222885
14 l 4 0.008556132376333347
14 o 133 0.048073800550656354
14 p 113 0.08624987374561743
14 q 70 0.03835337575719722
14 r 21 0.0003805166139372318
14 s 138 0.06646096307886196
14 t 54 0.0522399271279953
14 u 9 0.012214263640136114
14 w 88 0.07696321401602246
14 x 82 0.05295181058671805
14 y 129 0.00016295830786727805
14 z 127 0.15717964086692837
15 a 49 0.0036768063459714506
15 b 29 0.04123554730908585
15 c 113 0.07521851776371391
15 d 4 0.004152777940078178
15 e 79 0.03799751466337342
15 f 112 0.07264627913617394
15 g 90 0.07347000347544663
15 h 52 0.005025378586004048
15 i 50 0.07303193976281586
15 j 11 0.02010951541476036
15 k 86 0.04090586319571299
15 l 83 0.030442601569978467
15 m 28 0.07132984583431679
15 n 103 0.05214617669228572
15 o 112 0.02121794068327365
15 p 134 0.06218455455446692
15 q 5 0.03708403443376429
15 s 16 0.037944309189016034
15 u 27 0.18884757592700674
15 x 18 0.03911248783643084
15 y 65 0.00036819288426581664
16 a 70 0.007647141235880728
16 b 17 0.06307283186881041
16 c 5 0.01048695985360737
16 e 23 0.004847451225721722
16 h 121 0.11851246213325695
16 j 17 0.006348954480385638
16 k 55 0.022453244066372835
16 l 50 0.09589675949756127
16 n 93 0.0010536166347274722
16 o 140 0.001459430241159243
16 p 83 0.04203718610755447
16 q 49 0.0036271730259473944
16 r 23 0.03576073636553945
16 s 119 0.07475606684897218
16 t 7 0.1570057831810322
16 u 33 0.008611806019987345
16 v 29 0.07399022718977177
16 w 138 0.05340365519334367
16 x 34 0.09480609342715729
16 y 67 0.007281848776110933
16 z 131 0.10492568680578263
17 a 27 0.02708753361329408
17 c 62 0.16606622597092802
17 d 134 0.018109614700732357
17 g 113 0.07212312865088477
17 j 65 0.026298846529253295
17 l 71 0.11002768771724225
17 m 139 0.010482789407319726
17 n 52 0.021344555766443007
17 p 102 0.019125689673659574
17 q 16 0.03403321926399461
17 r 98 0.07758500713795469
17 s 1 0.15494692268474675
17 t 2 0.010318935647573246
17 v 76 0.15732870614321004
17 y 71 0.038858782286789406
17 z 83 0.044723101399209986
18 a 53 0.07103077998241047
18 b 42 0.03037537145602287
18 c 21 0.02711597687049183
18 d 83 0.011239325170559922
18 f 16 0.04198003143725926
18 g 33 0.022775457660581422
18 h 24 0.030185477322903775
18 i 61 0.031364226753648694
18 j 70 0.08614433096777907
18 k 90 0.080577702483288
18 n 30 0.0426969179087322
18 o 105 0.11605724285376029
18 q 113 0.11617070295905352
18 r 46 0.10210663987449997
18 v 126 0.03185668851814916
18 x 107 0.030332378103019142
18 y 77 0.037388248032661386
18 z 31 0.02306680251982196
19 a 140 0.018697221359107008
19 b 116 0.0362585788189409
19 c 87 0.08543394578752683
19 d 7 0.08270803133741556
19 f 40 0.06710694226246072
19 j 29 0.0006309273391953418
19 k 31 0.024231326137609255
19 l 1 0.027346440375133008
19 n 22 0.06747126773096512
19 o 51 0.013927652888896636
19 p 49 0.038989512663184844
19 q 33 0.044705604418833644
19 r 86 0.018079368798897266
19 s 126 0.023600708713214402
19 v 12 0.11557113652421991
19 w 49 0.051938768882656694
19 y 58 0.12609531734992807
19 z 89 0.12044272468241501
20 a 133 0.04888973191622459
20 d 119 4.711864515494213e-05
20 e 105 0.006784305886699427
20 f 1 0.009477402834663584
20 k 33 0.21589922771417958
20 q 10 0.1875873204998061
20 r 70 0.04617329196299591
20 s 55 0.05119622139619162
20 t 100 0.01338982189987692
20 w 34 0.07920314012724272
20 z 129 0.2430043379332385
22 a 115 0.11757163456359021
22 b 21 0.05120816405021822
22 c 112 0.012120801080812371
22 d 81 0.028002982491471262
22 e 90 0.018056370611081785
22 f 4 0.035142506408366136
22 g 24 0.03481158424178732
22 h 3 0.03863716527612049
22 i 84 0.012532071917770615
22 j 42 0.12967783549028122
22 k 45 0.0020159862723372335
22 l 122 0.0028273047015452413
22 m 105 0.03123428117288951
22 n 62 0.02676162857648745
22 o 134 0.032512671964294304
22 p 32 0.0793041158290323
22 q 2 0.019126679901757093
22 r 64 0.015182866820592777
22 s 91 0.0011789299155697819
22 t 129 0.00021773234863942115
22 u 83 0.012057508986593413
22 v 102 0.0858369293976905
22 w 31 0.001205034136351979
22 x 113 0.024188109516075307
22 y 133 0.005812852562877446
22 z 119 0.03152158855794118
23 a 6 0.026223792591398953
23 c 14 0.018658501244855685
23 d 140 0.14497797284462943
23 f 27 0.0541106596595915
23 g 44 0.007557388225313044
23 h 36 0.008880356909446552
23 j 16 0.023835307461332
23 k 36 0.007662772042414612
23 m 3 0.014458089472276892
23 n 55 0.06319449246143838
23 o 35 0.01563482605235955
23 q 67 0.03416872534490145
23 r 124 0.023616399206027427
23 s 106 0.04083989482235473
23 t 4 0.10879542964714117
23 u 69 0.10923867594800396
23 v 108 0.07706016661065895
23 w 47 0.04962190991436588
23 x 78 0.10058664574007947
23 z 9 0.07010536553840518
24 a 49 0.2910084229039622
24 o 23 0.024591322250023917
24 u 49 0.2779155403913707
24 w 84 0.2818610575436672
25 c 19 0.11396144924672058
25 d 16 0.0304028828402092
25 e 14 0.007357105660477203
25 h 54 0.007289270580216556
25 i 53 0.14206080431138712
25 j 123 0.08131282253553063
25 k 91 0.005934090937034675
25 l 69 0.027781564771040768
25 m 22 0.1320369679201152
25 n 27 0.08265707484889928
25 p 70 0.01975487114308727
25 r 52 0.01935063212402366
25 t 12 0.0789777907854543
25 u 118 0.047523378462386856
25 v 26 0.008327769483243985
25 w 71 0.014411439182158925
25 x 58 0.06982305396989874
25 z 89 0.10243331160796665
26 a 129 0.014315562978614138
26 d 78 0.07749334146996334
26 i 101 0.051940193377087995
26 m 60 0.08649803786228027
26 o 52 0.005576447219691194
26 r 75 0.047608343501309824
26 s 60 0.10878335233456549
26 u 23 0.11460090492116393
26 v 87 0.030994035707963774
26 x 84 0.10749872606769928
26 z 89 0.2493975794467127
27 a 64 0.10659976341686273
27 b 34 0.18340568623448839
27 c 99 0.05026812385394175
27 i 60 0.0514467407226078
27 l 114 0.011336881229961682
27 m 113 0.025389340957086892
27 n 124 0.1345521603630343
27 o 117 0.21838487704815668
27 s 100 0.08423139726894191
27 v 90 0.09302527826568885
28 b 12 0.024422734116942735
28 c 71 0.04937147739268888
28 e 2 0.046652850587314165
28 f 51 0.05762160221135004
28 h 61 0.03845994469572678
28 i 101 0.11582931190157497
28 l 35 0.0636849263168292
28 m 11 0.09180976608333868
28 n 19 0.07573132667196802
28 p 51 0.010857145776654309
28 q 132 0.2171063888694349
28 w 53 0.0147519948211704
28 x 69 0.075625100677714
28 y 52 0.026761379432756582
28 z 139 0.0752529500370599
29 a 30 0.08389805976169751
29 c 130 0.029002733877012465
29 e 124 0.14512167302606427
29 i 19 0.009044264054959172
29 j 36 0.053967672100592834
29 k 130 0.09057253112938934
29 p 7 0.12561718248031917
29 r 57 0.04789033481243543
29 u 75 0.0012505722251735518
29 w 57 0.13457973721004557
29 x 113 0.06432223661605063
30 a 31 0.003110456215598245
30 b 66 0.04018484575848136
30 c 105 0.2918586600576707
30 e 8 0.03280741017951494
30 h 104 0.06120350019802501
30 i 78 0.047312272270387146
30 o 56 0.1399576514776507
30 q 76 0.06459759385928932
30 v 51 0.12660725626461622
30 y 131 0.040388046235873
30 z 23 0.1306464028795401
31 s 129 0.517733826713168
32 i 131 0.4085814873017185
32 o 75 0.2457505754215633
32 x 42 0.16589391437668355
33 b 44 0.009330276469530885
33 d 66 0.05282805316755079
33 e 74 0.25976627253482254
33 g 69 0.02441372163053057
33 h 42 0.11513242812373226
33 i 71 0.06887124979100989
33 j 32 0.09720515266552177
33 k 89 0.002368142272991869
33 l 33 0.0510629040558056
33 n 8 0.023776589655336577
33 q 28 0.04451194070406361
33 r 10 0.0255511286672776
33 t 2 0.03176869183976194
33 u 67 0.06173834957706403
33 v 128 0.04354657482562607
33 w 128 0.02030099504860794
33 x 71 0.01620967127200934
33 y 86 0.04536645266844708
34 d 81 0.057063184689000956
34 f 127 0.014233968547812004
34 h 127 0.19368827002571942
34 i 133 0.013372868624825007
34 k 132 0.009889795643943877
34 m 133 0.08628150309532745
34 n 9 0.03259509096757629
34 p 98 0.0528559515701954
34 q 5 0.23590394037354112
34 s 74 0.03428745379276488
34 t 112 0.06972544063313957
34 x 3 0.023125088616195666
34 z 95 0.01318120313602833
35 d 116 0.011160281190636723
35 e 139 0.012203681169700276
35 g 44 0.08210490176639829
35 l 97 0.012991938825951954
35 m 123 0.12049815896901617
35 o 39 0.1419297514814597
35 t 100 0.12650407682868992
35 u 140 0.0014227146233195542
35 v 8 0.004206246799205893
35 w 105 0.054812758398219974
35 x 14 0.048576868683214314
35 y 41 0.06125920793379869
35 z 135 0.19444285926392235
36 a 115 0.13698861540429352
36 b 14 0.004289645249197727
36 c 78 0.06159800768917445
36 d 82 0.02899439068288623
36 e 101 0.029032008768965722
36 f 25 0.09271898206309293
36 g 6 0.07055307821098633
36 j 128 0.02636428005218705
36 k 125 0.0172449033992077
36 m 91 0.009381119118010206
36 o 52 0.009967827814742813
36 p 37 0.012359025362690623
36 r 40 0.01325453838440449
36 s 43 0.0731177829517542
36 t 99 0.06716976027296184
36 u 101 0.01513667031367083
36 v 115 0.01725151880849507
36 w 32 0.026434652070446263
36 y 86 0.2119762905941388
37 b 27 0.08513205348785291
37 c 109 0.11262376754973225
37 f 139 0.03794937976662749
37 o 63 0.21986934677774272
37 q 88 0.09957231983823678
37 r 33 0.0373431349921689
37 t 105 0.058132254297359354
37 u 45 0.010297708914910442
37 x 16 0.1834231172846702
37 y 117 0.010733058620227998
38 u 110 0.30135879559988465
39 d 49 0.1838219977468717
39 h 133 0.05799543438863164
39 i 18 0.07406417280082644
39 k 8 0.05998210711768237
39 l 22 0.15221034285941382
39 t 73 0.2056631060718076
40 a 129 0.004676154835085211
40 d 123 0.03783426897936615
40 h 77 0.06138262261871952
40 i 72 0.05485914929400526
40 m 93 0.11616001431670764
40 n 52 0.11368423175293019
40 p 89 0.097133582290295
40 q 23 0.23103101664770187
40 s 74 0.04375310179800551
40 u 110 0.014589196983419539
40 w 57 0.09674029700773834
40 x 88 0.014594371278945473
40 y 17 0.09812532199318869
41 a 22 0.028308489810832782
41 b 98 0.08090009895915085
41 c 38 0.013061589430264586
41 d 118 0.051258383706654476
41 e 104 0.022968395028818644
41 f 101 0.03668880863702495
41 g 16 0.020373043636524923
41 i 21 0.02937516315852029
41 j 122 0.1258431151020203
41 k 16 0.00012143632518235581
41 l 75 0.036458887731113276
41 m 121 0.007008832270589793
41 n 78 0.04670438633137475
41 o 2 0.1209454341826387
41 p 104 0.033718191281208565
41 q 132 0.0530507953916296
41 r 103 0.024670154327785743
41 s 47 0.06671074250301745
41 t 33 0.0027697534049043737
41 u 103 0.05547747179911788
41 v 119 0.04756101474259722
41 x 84 0.015597800537465845
41 y 52 0.0385960691302788
41 z 104 0.038027990508325726
42 a 13 0.020149306505453657
42 c 49 0.012936976027319802
42 d 132 0.017309487031522908
42 f 112 0.013763143665876165
42 g 92 0.039712109370206417
42 h 134 0.03074604112003476
42 i 5 0.07849158056101879
42 j 29 0.043646485868942486
42 k 67 0.04645304257744276
42 l 104 0.03252595802797953
42 m 89 0.07090635360278663
42 n 132 0.14195329894631314
42 o 71 0.04608201593402694
42 p 95 0.027330537158099077
42 q 81 0.03749326067045966
42 r 55 0.026374213271451508
42 s 125 0.07277347945953117
42 t 57 0.02992333714494655
42 u 85 0.0352828969747323
42 v 77 0.052613870741732516
42 w 119 0.03332324990044966
42 x 132 0.0398598173771203
42 y 126 7.381221014224337e-05
42 z 83 0.030594359686143213
43 a 37 0.22796177202537826
43 b 41 0.12842022622364513
43 d 107 0.06200214525399328
43 f 18 0.0007142195466007806
43 g 102 0.011529925712693512
43 h 5 0.04522491891378333
43 i 82 0.005915471082881374
43 k 67 0.004158821469550378
43 l 112 0.20803602110654762
43 m 126 0.05240634577084402
43 q 101 0.05761213058179582
43 y 108 0.029094562213678565
43 z 59 0.02359420162823289
44 a 76 0.013377168082625679
44 b 11 0.02703219821626157
44 c 103 0.10159021124128509
44 e 64 0.13335210564465327
44 j 26 0.00026451977807562255
44 k 134 0.12474844070239344
44 m 101 0.02230709196953662
44 n 13 0.028623433389270314
44 o 3 0.014696503131681915
44 s 3 0.12419798753149158
44 u 89 0.11761444297394952
44 v 34 0.1880609555571976
44 w 108 0.009179042673727267
44 x 25 0.07408209840562396
45 a 10 0.05798419631637863
45 c 9 0.08239080032002555
45 d 37 0.11808128379137584
45 e 62 0.036671606743856944
45 f 38 0.0005582271014830109
45 g 134 0.012324616747441675
45 h 109 0.0019914396160009007
45 i 93 0.02663182149366783
45 j 71 0.0008699952925677046
45 k 85 0.06149496665586529
45 l 65 0.0070848525470140755
45 m 72 0.12055789195251243
45 n 109 0.0011090273358591585
45 o 38 0.012263613357984537
45 r 104 0.04540104666502531
45 s 8 0.10972018575603204
45 t 34 0.0005910551445477141
45 u 17 0.0959364571468706
45 v 117 0.004686102675697135
45 w 2 0.00508469090900443
45 x 5 0.05942941964457171
45 y 123 0.018697661854199188
45 z 120 0.10161941244877315
46 j 49 0.0040629744459541595
46 k 97 0.23646911370508594
46 u 61 0.37314082222517264
46 v 62 0.2955989079118376
46 y 93 0.07126570584385317
47 e 19 0.8860846136080455
47 g 44 0.011852972786754123
48 d 70 0.1573278871763133
48 e 55 0.04760917369177464
48 i 52 0.053233083460034636
48 k 112 0.02044967812796361
48 l 134 0.055710360143102156
48 m 19 0.11592890857036375
48 n 95 0.06942681556240482
48 o 88 0.0023905202490392963
48 q 5 0.05630135352360732
48 r 42 0.009900887363143984
48 v 82 0.07771817922193236
48 w 52 0.03627710070027901
48 x 130 0.03392903603112207
48 y 4 0.016738316885953508
48 z 107 0.1335793365939223
49 c 49 0.10694443697303158
49 f 132 0.06438593271281057
49 i 97 0.06278376794207052
49 j 25 0.5893818781479108
50 h 42 0.31495532457794084
50 j 61 0.6368251889693819
50 p 93 0.037211637802964104
51 b 123 0.21280700552856502
51 i 27 0.017451953485430383
51 l 122 0.07122733822189364
51 o 129 0.05047088470435612
51 p 59 0.026135619826035406
51 r 56 0.07129439733665544
51 u 77 0.029233837428629394
51 w 59 0.27492084912085835
51 x 118 0.04247830312805978
51 z 10 0.00720485338025878
52 c 111 0.15257703907996234
52 g 12 0.11497553796256699
52 i 121 0.14114387034183096
52 o 34 0.12460982838576584
52 p 11 0.10091388160182857
52 r 29 0.16997727871750246
52 u 54 0.1353813000032421
52 w 2 0.0030649168943012173
53 b 125 0.02188468873013316
53 e 65 0.029026898311894533
53 g 38 0.05763917463704771
53 r 101 0.10521623291156801
53 s 39 0.15570006661912994
53 t 16 0.018816885257405325
53 x 67 0.007187253672948701
53 y 77 0.05547504180703655
54 a 0 0.005608754196346322
54 b 19 0.004340215131045655
54 d 122 0.029512198131585787
54 e 20 0.03426830723178931
54 g 84 0.005799927381789027
54 i 121 0.03936531948284505
54 j 0 0.007845879588088245
54 n 80 0.2222441822330974
54 p 26 0.011798359111797718
54 s 58 0.047591390956144286
54 t 52 0.18168631216351638
54 u 36 0.027255387606186177
54 v 82 0.015648776424398547
54 w 126 0.04786932792612453
54 x 31 0.10387918780912586
54 y 41 0.1821172415477884
55 a 37 0.04529030526901623
55 b 8 0.020120213315271918
55 c 56 0.07697773934892838
55 f 35 0.11131406012367895
55 g 39 0.05957203554624024
55 h 136 0.023605703991709026
55 i 137 0.03230164872634844
55 j 117 0.07117067349353223
55 k 67 0.004106049832453218
55 l 109 0.02860510584944409
55 m 52 0.020083082474022462
55 n 119 0.0020159724516971567
55 o 73 0.007905901635061219
55 p 136 0.013386750131729075
55 q 109 0.0010146114041525989
55 s 119 0.07123695733988644
55 t 98 0.07501710265527683
55 u 82 0.08154501010789517
55 v 128 0.03256373703540849
55 w 138 0.008195385148759837
55 x 40 0.08345548495246535
55 y 51 0.0033346084617997818
55 z 133 0.05387405836067394
56 a 118 0.15718696271687593
56 b 138 0.04523535783013788
56 d 100 0.00013185688706540688
56 e 17 0.006268115407144337
56 f 0 0.03938765704959257
56 g 20 0.047452077128322556
56 h 79 0.02303944927872037
56 i 137 0.08099207723960011
56 j 47 0.02310433976938786
56 l 6 0.046724258045531264
56 n 23 0.010611070244111676
56 o 89 0.013821873024209674
56 p 73 0.00994641918656125
56 q 51 0.003857655781896785
56 r 62 0.05438781478764099
56 s 120 0.04238267310303934
56 t 49 0.012659930666589436
56 u 1 0.19792998584582444
56 v 60 0.0015785656654404567
56 x 81 0.11848507631820537
56 y 74 0.0255188209630266
56 z 29 0.014598506875580952
57 b 104 0.09053701669183167
57 c 116 0.006280747115973817
57 d 32 0.03545645748846238
57 f 1 0.005158104336641434
57 g 113 0.0029642938956261355
57 h 46 0.05210377634366836
57 j 126 0.0891724196530318
57 k 42 0.043289932685556254
57 l 38 0.0033513344264919365
57 m 84 0.01924862353455392
57 n 78 0.060871933565401215
57 o 56 0.09248161844041047
57 p 59 0.1793544695992032
57 r 101 0.011928306953311152
57 u 131 0.10056202504610445
57 w 113 0.045967717733574
57 x 80 0.010679733750406317
57 z 61 0.09309346712008792
58 b 50 0.047318762966607864
58 f 138 0.0582533747847338
58 q 88 0.007122245777669511
58 v 104 0.5159900216048672
58 w 55 0.14831962341458482
58 x 48 0.01006958954123549
58 y 126 0.05173250788599437
58 z 44 0.011388710803900914
59 w 102 0.07108762710698047
60 a 113 0.04688430302906832
60 d 85 0.047635525974823456
60 e 139 0.06897134369371372
60 f 136 0.02279299439979532
60 g 38 0.029097440456171686
60 h 90 0.014129400170924122
60 i 33 0.004278945948364865
60 j 109 0.0020787984157286665
60 k 43 0.14154852929359363
60 l 5 0.01656035761485719
60 m 100 0.04416447169651172
60 o 4 0.11710376468068173
60 p 115 0.0722497999541235
60 q 22 0.09037661862563062
60 r 28 0.0373132568837925
60 s 60 0.011981265451004863
60 t 58 0.058675846247680186
60 u 99 0.025509991321366665
60 v 114 0.0032074601083560417
60 x 19 0.07494362446364888
61 b 60 0.2524450975578264
61 d 108 0.15106874964537464
61 i 85 0.024642133734238847
61 r 128 0.1650302607417392
61 v 30 0.05846729258985872
61 y 46 0.046673461686294715
61 z 130 0.15367949849121576
62 j 18 0.0832577835617333
63 a 63 0.01777047500608131
63 c 87 0.08522442199048674
63 d 42 0.007046807854927395
63 e 48 0.0018784175010572168
63 f 91 0.030683016464472468
63 g 108 0.03548252131920682
63 h 127 0.04005885591356362
63 i 106 0.04000398164084584
63 j 108 0.07429125506912126
63 k 104 0.03401408300355768
63 l 127 0.04854788203947713
63 m 85 0.007245041835366228
63 n 119 0.04898168246286139
63 o 9 0.03752773046099678
63 p 110 0.13198395173893263
63 q 35 0.02069582074488019
63 s 126 0.05607235190939319
63 t 45 0.07123572042215087
63 u 65 0.003927733039594039
63 v 42 0.033377813566934034
63 x 119 0.07342077719607287
63 y 77 0.05434329024555751
63 z 11 0.03512601618622457
64 b 38 0.09683229051847964
64 c 31 0.012754037905336135
64 d 61 0.03202508403602855
64 e 85 0.14006896979527095
64 f 106 0.026387444892857603
64 g 85 0.1388659630142639
64 i 13 0.10919301327421937
64 k 99 0.20198272920128035
64 l 46 0.14229088649641097
64 n 30 0.01351700129885025
64 x 98 0.00677532870778752
64 z 79 0.04548794269272882
65 a 24 0.036017731144665
65 b 33 0.0008108181026861283
65 c 77 0.0009068545239010462
65 d 132 0.011873421059524047
65 e 11 0.06765103298331854
65 f 23 0.03993890191228355
65 g 42 0.05348114472588039
65 h 40 0.012164089016330148
65 i 15 0.0008965173638298962
65 j 78 0.04139928957143402
65 k 78 0.03769141668621123
65 l 38 0.10547005342973348
65 m 62 0.045053249719134714
65 o 105 0.0543393655984149
65 p 87 0.023180521233479245
65 q 35 0.060014622154788144
65 r 45 0.04539075913664459
65 s 108 0.037015420309254865
65 t 75 0.0017346486860146948
65 u 99 0.037002232280637815
65 v 123 0.04163528772465186
65 w 3 0.06742828531191647
65 x 39 0.016545453049045977
65 y 114 0.023930638846954677
65 z 42 0.06462215727642151
66 a 113 0.0004293690717156462
66 b 58 0.01597936405034106
66 c 8 0.022064820360025772
66 d 105 0.008514527583651677
66 e 5 0.044867331733059235
66 f 41 0.0023432616712805165
66 g 93 0.09396247303417116
66 h 58 0.057184073568695926
66 i 21 0.029519195956330013
66 k 94 0.00048034671882690727
66 l 44 0.13681729559307665
66 m 27 0.04711106754477301
66 n 96 0.00027344326419642684
66 o 4 0.012899702271060076
66 p 47 0.0032525157839362606
66 q 27 0.02919543835634486
66 r 106 0.0899293436758637
66 s 52 0.12407785757265033
66 t 78 0.022435961663085924
66 u 18 0.09607087916129009
66 v 108 0.01751371671634916
66 w 94 0.018673653410027247
66 x 71 0.051821749025572905
66 y 45 0.01588017441310674
66 z 30 0.05509552503960424
67 a 87 0.16169111090629085
67 b 84 0.05370095292049404
67 g 127 0.08794882217127908
67 i 122 0.529780476035851
67 j 109 0.028194388233869327
67 l 84 0.019863405008801016
67 s 121 0.016908325229203824
67 w 129 0.03361213394547191
67 y 31 0.01809223367475743
68 c 57 0.05366784472834851
68 f 89 0.01211868916746972
68 j 108 0.04464890173531888
68 k 46 0.01996073799481901
68 l 91 0.022620506209251823
68 m 127 0.04636127484790775
68 n 39 0.06641012613439234
68 o 104 0.10137153696194601
68 p 66 0.046076356374795124
68 r 91 0.1432274465436586
68 s 57 0.03278779363063411
68 u 7 0.050054061301645025
68 v 62 0.2132403054297266
68 w 137 0.027886911077389498
68 x 52 0.0069558333654279325
68 y 100 0.029274744494303784
69 a 55 0.021450624472036273
69 d 133 0.014585726882753614
69 h 37 0.00535489660542765
69 i 113 0.2765989611774179
69 j 58 0.1323968858935447
69 l 132 0.0784878749528618
69 m 113 0.11765080214922874
69 n 115 0.02627793629801045
69 r 37 0.008448249879037473
69 t 33 0.1503508256058519
69 u 9 0.055495846541362526
69 y 50 0.01939409762648492
69 z 109 0.04004018464167469
71 a 135 0.009269802140978722
71 b 48 0.01024505990321578
71 c 115 0.015273372346926384
71 d 81 0.004907319309257141
71 f 129 0.03860467516487964
71 h 99 0.055453558290465055
71 i 39 0.0037985930340453944
71 j 19 0.1963196586221736
71 k 42 0.13916879012457573
71 l 46 0.0008912186599907557
71 m 18 0.006517848081572186
71 n 85 0.0008605064096919302
71 o 94 0.10316686591891555
71 p 101 0.10683994543413489
71 r 69 0.027500527441750577
71 s 132 0.033501618335432304
71 v 24 0.12830266373403354
71 x 22 0.019876595415001308
71 y 135 0.049859818189710636
72 g 15 0.13043229478092844
72 h 74 0.19992366171392661
72 p 96 0.22477933731462962
72 s 37 0.22229833045063363
72 x 115 0.2125067869468834
73 a 80 0.02290438115155402
73 c 25 0.1675593945464121
73 d 112 0.00807004526291788
73 e 37 0.022425816306164914
73 f 56 0.09530400360621083
73 g 62 0.07230754043512577
73 i 67 0.07795289263049077
73 j 9 0.05873871153880794
73 k 108 0.05266165195179173
73 m 17 0.013072006910897271
73 n 23 0.009738620220318128
73 o 138 0.0003597190123161287
73 t 93 0.03004783628520058
73 u 59 0.11669932579005715
73 v 7 0.0553816843449938
73 w 105 0.12560663130192806
73 x 5 0.03735899464241266
74 h 62 0.33418503136381406
74 j 112 0.09170876747016399
74 m 0 0.008594178116111073
74 v 35 0.2303568635148756
75 a 70 0.004207105286861745
75 f 46 0.08519536415780571
75 g 121 0.003135333520208672
75 h 55 0.04905840880296064
75 i 41 0.07732914627597609
75 k 38 0.05991963691898761
75 m 15 0.016762835177052682
75 o 56 0.024791644236415444
75 q 68 0.13647684826670703
75 s 11 0.1787754038401812
75 t 118 0.02412044152560955
75 w 91 0.20290176241153146
75 x 20 0.019332173300743105
75 y 98 0.11258790380712613
76 a 91 0.08178764809081951
76 d 13 0.0558454938993892
76 e 2 0.014196508945142017
76 f 35 0.017246483160968884
76 i 19 0.02565112037067141
76 j 137 0.017767344039358535
76 k 82 0.03871757011245325
76 l 59 0.005862308721476417
76 m 102 0.011707783561364704
76 n 31 0.08183275017633995
76 o 86 0.14181901833838317
76 p 104 0.01095367558264082
76 q 111 0.015494417992957366
76 r 19 0.008191635824971732
76 s 127 0.013634025229338431
76 t 27 0.04068669916821421
76 u 37 0.06683624006782762
76 v 72 0.01491544143043233
76 w 28 0.02298728023565688
76 x 40 0.20636851916654086
76 z 101 0.04211618751691992
77 a 134 0.0077873465506631545
77 b 54 0.0482891747579115
77 d 97 0.17856052656935917
77 e 124 0.07005899739136157
77 f 14 0.07698868857443741
77 h 132 0.0973358965491351
77 i 48 0.02392851932687945
77 j 40 0.039592041196981675
77 m 77 0.024401479859109898
77 n 62 0.058427915734550195
77 q 137 0.012055183472563402
77 r 26 0.05191456254373761
77 s 130 0.06808367848214991
77 t 87 0.06849850818413883
77 u 56 0.0461544919516651
77 v 64 0.04470529263700029
77 w 62 0.05924822708780575
78 a 79 0.25471730352110145
78 f 130 0.00493341264618985
78 l 126 0.004922782998374009
78 o 108 0.06429596998929565
78 q 87 0.13996319414992875
78 r 116 0.22812043688677985
78 t 15 0.034847437681537974
78 w 93 0.03520531003182881
78 y 64 0.07305542519906716
79 a 7 0.12253039827646162
79 c 86 0.00735263758227378
79 i 108 0.1318051352008831
79 k 120 0.08006047072726608
79 l 106 0.11443120138900831
79 m 23 0.01622761645651083
79 o 56 0.16112603392246794
79 u 95 0.03857683796992473
79 v 63 0.07596470800761568
80 d 128 0.05549492530374822
80 f 81 0.050093923031079624
80 g 60 0.07658888414821396
80 i 11 0.11225852803615821
80 j 91 0.15059728887961454
80 l 89 0.08981205727428743
80 q 120 0.2284920947467579
80 r 94 0.011477716769996205
80 s 123 0.010879184627413996
80 t 120 0.007659998872057816
80 w 51 0.11752117381723926
80 y 106 0.0013057269803441462
80 z 76 0.01152266570986571
81 a 42 0.026151071571493434
81 b 125 0.14802882299950715
81 c 72 0.01465921444674878
81 d 137 0.001206225508634362
81 e 103 0.008436551827628813
81 f 75 0.0009990153347370079
81 g 21 0.052152512148314956
81 h 112 0.05296901119269881
81 i 133 0.02956187646116959
81 j 121 0.01194337041688398
81 k 44 0.07205902628898042
81 m 2 0.017010108146812142
81 n 38 0.043563968838789546
81 o 57 0.046655797027323254
81 p 63 0.0375533360637762
81 q 6 0.007215196338123286
81 r 47 0.04165852256542024
81 s 77 0.02545820300033641
81 t 79 0.014126081001567425
81 u 64 0.059980329295769574
81 v 78 0.07136175330216321
81 w 45 0.06614454357507638
81 x 35 0.12571891787265987
81 y 124 0.012511692350668069
81 z 68 0.007406820925430879
82 f 140 0.042141780228650894
82 i 122 0.11721210276130611
82 j 75 0.25940635205268214
82 l 122 0.07496003158321507
82 n 63 0.11725560854024364
82 o 112 0.16487592824310737
82 p 92 0.002506541983506194
82 q 97 0.013938531956629086
82 t 24 0.03933321335689044
82 u 86 0.03528884660938281
82 y 131 0.0522433857169311
83 a 70 0.05814723272917588
83 c 137 0.18835263311565276
83 s 139 0.09545232097469758
83 u 123 0.1539767229280542
83 w 58 0.21037021315606708
83 y 41 0.1951777695203475
84 e 105 0.34524973906891376
84 i 132 0.34551056866994734
84 u 89 0.10858938575589616
85 d 78 0.13957448488680835
85 e 131 0.07127035650344982
85 f 33 0.03378031136953774
85 g 53 0.1076373560260121
85 j 12 0.0470544755822343
85 m 101 0.05398567958450173
85 n 105 0.07182166939185253
85 q 40 0.02503849770070099
85 r 27 0.13311177448214573
85 w 85 0.2695742968353533
85 y 136 0.04667945414098251
86 a 134 0.28893710150493845
86 b 111 0.041109071207333536
86 c 76 0.1380011519574642
86 d 105 0.05912447805446308
86 g 109 0.019917288109464693
86 h 46 0.005709331058736167
86 i 109 0.12359956267775574
86 k 115 0.13797085104323759
86 q 39 0.054334556125999356
86 t 99 0.08237404641240587
86 v 20 0.029536326679118652
86 w 84 0.01274194118707861
87 h 111 0.38281156047138987
87 r 103 0.38267834618607377
88 a 123 0.05434438148958387
88 b 105 0.065412979029148
88 d 24 0.007295896478409114
88 e 83 0.01573046837907044
88 g 11 0.1026032252962441
88 h 98 0.03827041609571202
88 i 23 0.07895538834298332
88 j 99 0.021788982642116372
88 l 47 0.15665909657250177
88 m 62 0.055446009344147895
88 o 47 0.05199231215772837
88 q 44 0.009993117948217112
88 s 86 0.0058433501157619805
88 t 118 0.0785620021825586
88 u 34 0.08732797508821233
88 v 103 0.08538018667919278
88 w 70 0.04450832145699235
89 a 105 0.024163294189816886
89 b 62 0.22488672569427448
89 c 93 0.05066971639947915
89 d 5 0.030009586143799005
89 e 44 0.02019650367444714
89 f 10 0.025428176626067556
89 h 86 0.04481017595624537
89 j 119 0.02525771622246442
89 m 28 0.0687959656773427
89 n 52 0.12043188800924798
89 o 9 0.006071013558851646
89 p 106 0.07233313266346786
89 q 66 0.009618234136757886
89 r 14 0.02134567325051473
89 t 73 0.04000500718400268
89 x 84 0.01648226372256223
89 y 17 0.03299029328951841
89 z 77 0.07258351344476577
90 a 98 0.04352928995674066
90 b 39 0.002723008997802312
90 c 87 0.018377458964274895
90 d 17 0.06489236579891322
90 e 96 0.031195371704025088
90 g 15 0.024733030764551245
90 h 46 0.06708356069123167
90 i 85 0.0117726190615699
90 j 101 0.04086365864733166
90 k 43 0.07785790111486213
90 l 82 0.04310033652036316
90 m 14 0.11736605283755308
90 n 18 0.0019690747250782348
90 o 133 0.023574256905009694
90 p 107 0.02137461739951041
90 q 93 0.004855371685502985
90 r 55 0.02862793255589513
90 s 65 0.05139919578944929
90 t 88 0.0842075945558508
90 u 47 0.019899363510817558
90 v 18 0.008133255532171146
90 w 0 0.06493478827646393
90 x 7 0.0249065758762006
90 y 140 0.08251323274150668
91 d 123 0.07130230828543305
91 q 8 0.21357363995937684
91 s 104 0.06447237836237851
91 t 139 0.15225009462215766
91 x 97 0.4717819265263897
92 b 125 0.08848087143229633
92 c 100 0.19537114900996477
92 d 116 0.005019033320716071
92 e 25 0.026044777031497768
92 g 133 0.041826518276601554
92 h 66 0.036230731342001055
92 i 46 0.052613776153084824
92 j 83 0.01947976915850924
92 k 92 0.00953179713660579
92 l 95 0.0360924910062278
92 n 57 0.0028198759004725016
92 o 6 0.21895016876007045
92 r 43 0.0025318122766533335
92 s 101 0.022898506855047907
92 t 92 0.005622138554746137
92 u 18 0.011475044471706441
92 v 18 0.03309940058135408
92 w 38 0.04406172069419956
92 x 67 0.02020273368253922
92 y 82 0.009640163541050684
92 z 71 0.07581124394907612
93 a 80 0.1934201149262349
93 o 59 0.2924073258958103
93 s 89 0.39061213793814287
93 u 92 0.11983286230200763
94 c 5 0.05966358285677542
94 f 27 0.11666314439104564
94 h 100 0.40849716657256385
94 i 133 0.03744004695349412
94 k 9 0.0713391760483868
94 l 92 0.15831192868028066
94 q 45 0.00971280538295849
94 t 24 0.02068222451454582
94 u 114 0.07483322498441536
94 y 121 0.015793177627750787
95 h 129 0.040204721543396826
95 r 21 0.15140788650321657
96 g 117 0.18802053525636764
96 h 111 0.09903154110154833
96 j 89 0.1515099328653141
96 m 81 0.08511837956008983
96 n 131 0.019116544602219232
96 p 131 0.17819820620686566
96 r 3 0.08612234349567605
96 t 77 0.0556548077063268
96 v 69 0.03290748117912101
96 y 137 0.04124029575818278
97 a 54 0.011190808186636758
97 b 75 0.0011619701748365463
97 c 73 0.08357738019079897
97 d 135 0.01123101347005473
97 f 14 0.013729127552207565
97 g 126 0.007969199494137547
97 i 133 0.0035653165666571507
97 j 64 0.008492353940407482
97 k 135 0.050310400755727236
97 m 59 0.021402765481293606
97 q 51 0.0469303407753211
97 r 44 0.06793412505613827
97 s 101 0.10762414850335755
97 w 107 0.3116114351278141
97 x 29 0.039920733603000635
97 y 75 0.08699219582198658
98 b 65 0.11250038460125378
98 q 17 0.1400407157107847
99 a 92 0.09002282866921418
99 b 97 0.02418585884421931
99 d 19 0.009928823006759901
99 e 9 0.017536594994354893
99 f 38 0.03461280972468617
99 g 64 0.006139687088921653
99 h 17 0.019532628916470562
99 k 62 0.01973892062665472
99 l 0 0.011268805334915477
99 m 97 0.0856558348105535
99 n 126 0.00523176328103403
99 o 31 0.03859473071341213
99 q 56 0.02574814592329866
99 r 48 0.0005623060033319582
99 s 20 0.007239191623374386
99 t 53 0.08736359820388884
99 u 0 0.14653129167923873
99 v 123 0.06078038428266652
99 w 48 0.09626017840961032
99 x 9 0.0004031653101091992
99 y 115 0.010250429340104783
99 z 23 0.08840814954532716
100 b 110 0.05300081666937684
100 c 9 0.032905398180180456
100 e 102 0.137770740771459
100 f 51 0.04769563841291291
100 i 55 0.06268291245527247
100 j 128 0.006396984063168909
100 k 81 0.06300102149041287
100 m 74 0.03291458354050669
100 n 107 0.05429449127242547
100 r 62 0.2653011702153325
100 s 5 0.0793474224153311
100 z 131 0.05022784636358857
101 a 26 0.02256429037344221
101 b 110 0.0367349860698436
101 c 93 0.03610056707002607
101 d 20 0.013516673546064562
101 e 109 0.07775350792166602
101 f 65 0.0009711382894701526
101 g 78 0.012480488141231816
101 h 111 0.024769453454097423
101 i 31 0.009316594438185888
101 j 80 0.0222019067883632
101 k 50 0.009639786167724318
101 l 95 0.023510272824222245
101 m 10 0.07977439192105806
101 n 98 0.05450288296091055
101 o 110 0.13026240118097254
101 p 82 0.029678057607633757
101 q 53 0.09274109601070657
101 r 76 0.020365685006762724
101 s 24 0.03025300787016827
101 t 114 0.02134386362303564
101 u 92 0.035749040739931015
101 v 16 0.009869475659742055
101 w 63 0.12570273948461141
101 x 105 0.024685428772116436
101 y 82 0.026040164755013806
101 z 18 0.01728407609572724
102 a 129 0.012505722662735752
102 b 139 0.017610984637066895
102 c 69 0.06475366051480314
102 d 55 0.04945418705713778
102 e 25 0.016402159234011227
102 f 106 0.06299584415374715
102 h 95 0.02599742823561091
102 i 49 0.1141442025214724
102 k 78 0.0717124046251647
102 m 123 0.06185744902701362
102 n 109 0.006738804347563243
102 o 62 0.03237672718062001
102 p 24 0.013407873080966581
102 u 65 0.11773237249861612
102 v 64 0.005477782275320142
102 w 39 0.02030492441427001
102 y 139 0.13315122788416167
102 z 67 0.15767272736786664
103 a 93 0.011308464860888878
103 b 78 0.11135535532832797
103 c 19 0.23722420807439526
103 d 87 0.02390286739883074
103 f 103 0.023466378225232565
103 g 49 0.1433934832757917
103 h 47 0.06522042865911848
103 j 134 0.017019951739095873
103 k 113 0.03727014512562077
103 m 130 0.02087349293468921
103 n 56 0.000781933036280269
103 q 10 0.020770083073401113
103 r 106 0.053634698995406516
103 t 68 0.06230756077986588
103 v 77 0.042202000150052044
103 w 29 0.008737549089335883
105 c 48 0.14480948747789335
105 f 11 0.18745791462383266
105 k 112 0.13670332134341934
105 r 14 0.05043148787687857
105 v 50 0.21158433641944185
106 a 76 0.2719373808499429
106 e 50 0.009738472981778101
106 g 8 0.19458829745627337
106 i 60 0.03525062038908444
106 m 136 0.21023256833566317
106 s 47 0.042765548347496796
106 x 10 0.012964654230843697
106 z 16 0.11659300355430313
107 a 135 0.010721833432082772
107 c 31 0.02365140674292454
107 d 38 0.09267910661404888
107 e 116 0.026870264066605087
107 f 13 0.1012502763020755
107 h 103 0.008163974186875533
107 j 130 0.00569499807988838
107 k 140 0.09623803193949665
107 l 116 0.002892470468846331
107 n 62 0.02145260084018108
107 p 103 0.0024236150357787034
107 q 18 0.06850164357641597
107 s 117 0.11733331676197511
107 t 28 0.028399757103435896
107 u 138 0.10351749350549844
107 w 103 0.031065880927446665
107 x 60 0.0835785924323893
107 y 132 0.075543587914498
107 z 82 0.06244792958262402
108 a 101 0.005169093378846301
108 b 76 0.08392311008534625
108 c 9 0.007925026941895785
108 d 1 0.09203046357717337
108 e 134 0.012408384858109689
108 f 3 0.025872315950826064
108 h 9 0.02833535361941808
108 i 140 0.014000300565859769
108 j 118 0.0005309907174222417
108 k 114 0.1596441744859337
108 l 29 0.06797928739451375
108 o 67 0.09257107613170712
108 p 118 0.12919537481801724
108 q 133 0.015174424791367658
108 r 128 0.05762465526907756
108 s 129 0.06457648951677364
108 t 54 0.04993425051751932
108 v 1 0.007219002951541209
108 z 92 0.08302887325137176
109 b 54 0.1292588187250957
109 m 131 0.06457365651431601
109 q 58 0.1927358684436643
109 r 91 0.03720012088047275
109 w 74 0.3629981999377674
109 y 14 0.01230447260530354
110 a 87 0.061714196795508824
110 b 66 0.03227986351461931
110 c 104 0.21468613425123995
110 d 59 0.0205644005201997
110 e 123 0.025383275734603306
110 f 117 0.05417838415188614
110 g 82 0.03938377843363661
110 h 50 0.0405073330665211
110 i 27 0.009035351431454841
110 j 59 0.019229165356399514
110 k 112 0.11285641425532444
110 l 78 0.08434679707131809
110 m 116 0.004211059102605663
110 n 112 0.05678835390732584
110 o 5 0.00723431360840443
110 p 120 0.02219668072938319
110 q 44 0.011614747982637508
110 r 63 0.004330916413177288
110 s 137 0.005435410801853946
110 u 61 0.04646690402298581
110 v 74 0.03133472500527834
110 w 15 0.021412833852809787
110 x 69 0.02039792061178003
110 y 95 0.0010057306669342125
110 z 19 0.02790364193024586
111 a 50 0.019189884559803194
111 f 117 0.016695120572621902
111 i 22 0.3083545848056015
111 j 45 0.2523644528407599
111 l 62 0.020196839608221273
111 r 44 0.06851180453818329
111 s 118 0.029989712728293316
111 x 120 0.22468085350043887
111 z 12 0.03605041466312575
112 a 86 0.01594782033076758
112 c 13 0.032528880648808656
112 d 74 0.11584374257411134
112 m 132 0.2385691430084883
112 p 74 0.1364893427255809
112 t 20 0.014990811519195013
112 u 102 0.03879651844443266
112 v 126 0.09013052266926347
112 w 99 0.1169978666307141
112 x 103 0.0993627917139337
113 a 115 0.20477008399050578
113 k 72 0.03879586779064914
113 l 58 0.034788993964625425
113 m 65 0.018802581019654374
113 o 106 0.14787292687983522
113 p 109 0.28621989864742525
113 q 133 0.05632004781481137
113 t 81 0.13915555815250236
113 v 38 0.021051429103252528
113 w 66 0.03350108593531442
114 a 55 0.02924010020486789
114 b 80 0.024264939383663253
114 c 17 0.0017921460597745131
114 d 8 0.0031606487171593756
114 e 82 0.0011603266549710112
114 f 28 0.005892279607150663
114 g 87 0.04999736282591938
114 h 10 0.08213590036559448
114 i 123 0.06320025139585705
114 k 119 0.041111624309255634
114 l 8 0.04555547763814938
114 m 19 0.0023612655520193204
114 n 134 0.12473544042523388
114 o 41 0.006557992266126522
114 p 108 0.13709511370577698
114 q 88 0.010092845008684459
114 r 8 0.01637292933131551
114 s 95 0.20948802717861026
114 t 58 0.0034348916056053946
114 u 95 0.05008047316825137
114 v 139 0.0709755809274979
114 w 102 0.0005727448651092759
114 x 110 0.00299365060361112
114 z 115 0.003979032997877052
115 d 9 0.2251987038905976
115 g 18 0.10218940171688362
115 o 140 0.048970143688151446
115 q 52 0.06450342865605274
115 s 108 0.30566975785244554
115 t 83 0.01871242314439281
115 u 105 0.03788824732781271
115 y 86 0.15984041611766908
116 a 89 0.07366168905198034
116 e 113 0.0646834293644577
116 f 5 0.07422908146472595
116 o 37 0.375343016930313
116 s 8 0.1676056054824615
116 u 86 0.018222493910378
116 x 125 0.1199534290265798
116 z 70 0.04011986398330436
117 a 137 0.05814932619930535
117 b 109 0.018347156021135347
117 c 132 0.00806976645135149
117 d 49 0.004644023800224106
117 e 28 0.009146696291310152
117 f 110 0.029260621255213337
117 g 97 0.024149049578324866
117 h 111 0.020472837035922176
117 i 64 0.009623601204957088
117 j 68 0.002648279299792944
117 k 61 0.0007432359135942646
117 l 33 0.08183492796264202
117 m 5 0.006877209652824567
117 n 51 0.0183798526946507
117 o 112 0.011793093035878055
117 p 83 0.12672189153082114
117 q 34 0.22466951559312276
117 r 85 0.00833585720921981
117 s 15 0.1933442024142802
117 t 27 0.003274214536840625
117 u 91 0.011054159345855075
117 w 44 0.03341303781065397
117 x 30 0.0029914067102528863
117 y 44 0.033429403373058664
117 z 4 0.05691010452401435
118 g 74 0.11033601215865174
118 k 100 0.23168714693627213
118 m 90 0.3291488061842137
118 w 6 0.11949190664226661
120 a 42 0.022829390601148192
120 b 116 0.10254287725822386
120 c 61 0.004473054756832684
120 d 98 0.01811081966168615
120 e 79 0.004598104993492225
120 f 42 0.007406182603694633
120 g 93 0.0788636759994894
120 h 92 0.016564705053937034
120 i 140 0.05216581461858749
120 j 49 0.0989894544187222
120 k 39 0.07662403815759578
120 l 79 0.07639631092624577
120 m 100 0.037290229536894426
120 n 87 0.00041972878070695163
120 o 59 0.010326300406382494
120 p 50 0.08049631421855985
120 q 49 0.019171615766886196
120 r 120 0.016430265335857674
120 s 33 0.017706287073810723
120 t 51 0.0042718165719363155
120 u 34 0.028259067554560535
120 v 103 0.00017606063139841144
120 w 138 0.04250488298772492
120 x 114 0.004977218109102788
120 y 4 0.12757557850964796
120 z 75 0.012827018024409664
121 a 42 0.014224905683206224
121 b 126 0.016390539227410184
121 c 38 0.003431752837682045
121 d 7 0.01845099552633911
121 e 67 0.14989421047158324
121 f 73 0.0469472125970255
121 g 117 0.09280662337951806
121 h 71 0.0010144200357538047
121 i 26 0.040444081178237945
121 j 25 0.03421531334763517
121 k 25 0.01662887139685676
121 l 130 0.011963049261176861
121 m 79 0.006476945114691213
121 n 71 0.10035933515497175
121 p 62 0.04764236343302619
121 q 69 0.08800147275791748
121 r 135 0.10302408257670592
121 s 1 0.03259983344883055
121 w 11 0.012964264750062293
121 x 121 0.06488904782330218
121 z 64 0.018536640485737332
122 d 66 0.11935942895271967
122 f 13 0.12470180805330189
122 j 84 0.1009399500372532
122 n 81 0.01255687472739242
122 q 72 0.35780441952545716
122 s 21 0.1951597063779844
123 b 80 0.014818338138009368
123 c 1 0.21287951696610197
123 d 18 0.04946919322228149
123 e 62 0.023454603024382514
123 h 21 0.16088930566010373
123 i 34 0.1595793489427736
123 m 100 0.14858809605333057
123 n 43 0.02323081245865921
123 o 29 0.003193612746006491
123 p 115 0.006301661590626506
123 q 69 0.012441405968919295
123 r 60 0.08016766979138734
123 w 77 0.032208370523194585
124 a 132 0.0029271876809248143
124 b 115 0.12834818164396067
124 c 62 0.2939154627400121
124 d 100 0.010185341124959946
124 e 137 0.03976785138121364
124 f 114 0.020240534820436418
124 g 21 0.006540468541541444
124 h 51 0.013943410926257727
124 i 113 0.06643743137951008
124 j 11 0.016819057462005738
124 k 33 0.041285173350802395
124 l 113 0.03995003425363575
124 m 35 0.08799137144320901
124 n 100 0.001787235418208577
124 o 80 0.006808395468773876
124 p 137 0.0008686634563855877
124 q 77 0.02272554081621947
124 r 103 0.002412383939554563
124 s 79 0.012706755742758813
124 t 101 0.008012517429671018
124 u 23 0.016350274418743704
124 v 113 0.03490086002608017
124 w 41 0.03783756596247978
124 x 111 0.0027274729713533397
124 y 88 0.025479964936229726
124 z 134 0.05873059536683234
125 a 96 0.011098210971750566
125 b 134 0.031065900766667598
125 c 126 0.00970746788332788
125 d 138 0.03715776211452415
125 e 69 0.012243749584641583
125 f 93 0.11539616111487361
125 g 135 0.003940384005836073
125 h 126 0.03869266733070065
125 i 125 0.02338902246217678
125 j 3 0.11367488732217013
125 k 54 0.03232056693830243
125 l 117 0.1229801008436412
125 m 67 0.012112573605230659
125 n 138 0.012719955475931077
125 o 75 0.03097055066288157
125 p 41 0.01819673087601592
125 q 96 0.024152045638563657
125 r 44 0.0025749988635084264
125 s 6 0.04893197653203918
125 t 46 0.06599234654629171
125 u 134 0.028987832742396247
125 v 1 0.05523931301050944
125 w 4 0.03589710765541798
125 x 35 0.004547129929364124
125 y 4 0.042667450884390834
125 z 13 0.006662255031939179
126 b 1 0.08601281289876217
126 c 75 0.007951182728829442
126 d 67 0.02292989170644877
126 g 60 0.1454848035047106
126 i 58 0.23254753108024007
126 p 40 0.0486388145197465
126 q 17 0.04441598501629629
126 r 82 0.1243916077133167
126 u 38 0.03293073089685161
126 v 1 0.013947681312054816
128 a 34 0.019748548899466867
128 c 42 0.2525260780108227
128 d 65 0.15582887632310394
128 j 121 0.14788579082169295
128 k 42 0.07116438109618894
128 m 4 0.052774100149588166
128 o 55 0.009919810152764885
128 q 5 0.028355359215425535
128 u 56 0.027756731035954996
128 x 60 0.11052035956331474
128 z 11 0.10848542601282973
129 c 115 0.27091474741956234
129 h 130 0.022204934603599513
129 u 26 0.42951961125926597
130 a 65 0.3427511421506959
130 b 63 0.010930867292333502
130 d 56 0.04970661665832099
130 e 65 0.0034444871337665495
130 h 13 0.20711591614974734
130 i 74 0.04112413928089176
130 j 125 0.004398583151772439
130 m 45 0.0029977408999015687
130 o 82 0.011935509332509309
130 q 123 0.034718217007180585
130 r 66 0.07581735570240655
130 v 103 0.09073041285077943
130 y 69 0.048211094328383
131 g 42 0.10295485818998984
131 i 76 0.07247996584726424
131 r 118 0.036256692797380086
131 t 100 0.05620099824203817
131 x 13 0.517888725367448
132 a 73 0.17913898363547764
132 b 110 0.048943377717198255
132 c 12 0.10285521194431746
132 e 75 0.08423115773302525
132 f 125 0.026050278631215562
132 g 108 0.02567161332879342
132 h 9 0.042819077356567314
132 i 25 0.006478877945300332
132 j 106 0.011865213464787194
132 k 124 0.05964783415564112
132 l 60 0.0019028159693842417
132 m 124 0.10126578592589308
132 n 39 0.004649553839306653
132 o 29 0.022568117623777084
132 p 114 0.03723027279078539
132 q 19 0.1498267392537116
132 r 136 0.0027163468316755424
132 s 66 0.014810847261159332
132 u 92 0.009846849535457891
132 y 6 0.050007326672557695
133 b 78 0.2408853135102479
133 f 4 0.06907608703418178
133 k 111 0.08153723380220934
133 l 33 0.02326635029412738
133 m 66 0.06959252425125162
133 p 111 0.2229558188775378
133 t 103 0.14183452800702423
133 v 24 0.00837742587777579
133 y 111 0.004104684549471105
134 a 66 0.05749898974474521
134 b 29 0.06128353832659561
134 c 69 0.04351555499003901
134 e 37 0.01935405125670686
134 f 0 0.014440096141633108
134 i 73 0.0009618371611684884
134 j 7 0.035828891927359274
134 k 48 0.02348380980603859
134 l 8 0.03517726672782284
134 n 31 0.0575325002383692
134 o 52 0.026510226035085016
134 p 34 0.048163787480629994
134 q 73 0.016826453264055297
134 r 73 0.12428594010002691
134 t 76 0.00879898086786779
134 u 127 0.13381541022633092
134 v 63 0.037897604476785696
134 w 129 0.043185898679424906
134 x 85 0.054276350199708334
134 y 95 0.032227115607414314
134 z 103 0.07621417755857873
135 a 26 0.19170912974126952
135 c 92 0.08637612985172638
135 h 9 0.00912545217846461
135 m 125 0.06458770374628187
135 o 26 0.11994673050733373
135 q 84 0.07515711754207943
135 r 3 0.03355937875669113
135 s 3 0.03966889822397546
135 u 93 0.08661668056001237
135 w 51 0.028794757489741696
135 x 20 0.198050241582161
135 z 45 0.018081435802006274
136 g 134 0.6659837782355202
136 k 47 0.09826687381728572
136 y 74 0.09760488694739222
137 a 135 0.07728282404601028
137 c 55 0.05508888062569328
137 d 93 0.008479802237955747
137 e 21 0.024191570385156624
137 h 135 0.06265496518322211
137 l 37 0.05346553481164207
137 o 36 0.2587633984759993
137 p 12 0.21363085082846167
137 r 118 0.035863302430377164
137 u 33 0.08469477865634067
137 x 68 0.0356332877162453
138 a 114 0.03286093026560155
138 b 10 0.03366614095279419
138 c 62 0.0044372573152199335
138 d 120 0.0008080796751865904
138 e 109 0.002418198875487554
138 f 79 0.15558028943529856
138 g 25 0.05053553550584722
138 h 71 0.0375766258143041
138 i 109 0.03887707998609902
138 j 137 0.04447954131835796
138 k 22 0.03141938532777744
138 l 107 0.015328244858224704
138 m 44 0.03406151727559048
138 n 41 0.016646814815310496
138 p 111 0.010886018180654267
138 q 81 0.04271193789995065
138 r 17 0.012812498154091467
138 s 115 0.02075482395410322
138 t 4 0.07625132017450142
138 u 63 0.18667611754226476
138 v 13 0.029824026715993934
138 w 44 0.012310397319128641
138 x 25 0.025150513501697613
138 y 75 0.015001411613665527
138 z 105 0.04584276351861705
139 a 6 0.06419109256210498
139 b 120 0.018249317593369452
139 c 26 0.07529594469683731
139 d 126 0.015214222210119921
139 e 107 0.02810506944000568
139 f 7 0.040609169118600685
139 g 76 0.006846901545848327
139 h 67 0.012949230828296132
139 i 13 0.09620590790600037
139 j 125 0.036702308360375135
139 k 9 0.007086733359771724
139 l 2 0.028070518209941997
139 m 94 0.0003132137700310178
139 n 79 0.071866989511851
139 o 10 0.03404998157783912
139 p 0 0.002101772748182018
139 q 93 0.059653883106081995
139 r 75 0.010420150246745363
139 s 139 0.013082508202358234
139 t 24 0.010272385330324707
139 u 15 0.07098437196580709
139 v 69 0.036118026794877856
139 w 32 0.01830431883860839
139 x 87 0.00134063342167845
139 y 9 0.1511777759758175
139 z 9 0.05685000792920225
