47 26 587
0 0.22920689203312217
0 0.2221609459652576
0 0.5677099383055626
0 0.25273424575870396
0 0.21283450650320757
0 0.0830557661408513
0 0.0452741082629432
1 0.034775602978624476
0 0.025528393621434664
0 0.02405347772545685
0 0.14025925602607436
0 0.0048370002004866075
0 0.04689438900762477
0 0.2019057173659835
0 0.020814774915836054
0 0.06191239096572554
0 0.1962428184228756
0 0.011486489383113474
0 0.000935822172095313
0 0.1657484823619807
0 0.03563698763224621
0 0.072631327387365
0 0.13522894016637055
0 0.06998639833436171
0 0.07296707900143384
0 0.11279002490391399
0 0.10849142552526359
0 0.31303370598084623
0 0.14603182013676042
0 0.08263844737276294
0 0.14891210232301721
0 0.07501003768138614
0 0.03210878081636459
0 0.151982376502117
0 0.020565869050819918
0 0.004589664424037965
0 0.07633071541117575
0 0.016979315843925202
0 0.1656835934391846
0 0.05195417650578371
0 0.07998156580166049
0 0.19992216035584698
0 0.012556037119506258
0 0.02091381069081577
0 0.17893230566518037
0 0.12437215338055307
0 0.08862398467658905
0 a 12 0.3086848570123426
0 i 43 0.1698035487357984
0 j 14 0.04398708594846412
0 l 13 0.028285117624170186
0 v 13 0.12307381893729341
0 x 43 0.009328688248100403
0 y 26 0.08762999146070871
1 a 2 0.20456828775404823
1 c 43 0.09151155330705729
1 d 45 0.12988714599898488
1 e 11 0.03313666781419189
1 g 30 0.01182212424662199
1 h 3 0.0609144727012193
1 i 8 0.139138630937375
1 k 12 0.028415106539869006
1 r 41 0.03740933236832489
1 t 14 0.040324880602692126
1 u 8 0.0007108517643578116
2 i 21 0.4322900616944374
3 h 29 0.24340795716863306
3 o 34 0.009694836547280428
3 q 46 0.2517691186627815
3 s 8 0.06494806268629594
3 u 6 0.15742819490907833
3 y 27 0.020017584267226773
4 e 34 0.10749546692382872
4 i 34 0.014324192113434164
4 j 5 0.20306440465824216
4 l 21 0.08400128921715277
4 m 35 0.03778711087527731
4 n 36 0.0650406303149692
4 o 1 0.007544983302333663
4 p 35 0.08309154913429295
4 v 22 0.042345335363090486
4 w 27 0.03866304445638391
4 x 46 0.10380748713778709
5 a 41 0.0018471989130561806
5 c 8 0.031708172833690096
5 e 32 0.02409748365074682
5 f 46 0.09698728340788265
5 g 21 0.031667742285449885
5 i 8 0.028940396331219476
5 j 0 0.17409572457698597
5 l 29 0.025541938397862785
5 m 0 0.15957078038217742
5 n 26 0.029344069694710595
5 r 38 0.07857481464662552
5 u 6 0.13320662458144883
5 v 8 0.012624120347374257
5 w 4 0.03063402544911553
5 y 7 0.02045114381582247
5 z 31 0.037652714544980204
6 a 36 0.11970566317933684
6 b 0 0.17073901644479617
6 d 3 0.04603792955629593
6 e 0 0.026020540674199122
6 g 5 0.008049632712034516
6 j 29 0.08216101774607532
6 k 26 0.050705392823328976
6 m 12 0.032334660178789276
6 n 30 0.12500659035566086
6 p 18 0.03471140876637757
6 r 3 0.12195618721927748
6 s 31 0.00887541926799651
6 t 41 0.06048550182710255
6 w 36 0.032183258822704675
6 z 40 0.03575367216308101
7 b 42 0.01670556716237659
7 c 40 0.11441165698909883
7 d 25 0.01094088214954736
7 e 18 0.03365775927524306
7 f 43 0.18102129747042572
7 g 15 0.09858286188642451
7 k 36 0.020016380703307246
7 m 17 0.026661834761751324
7 n 36 0.033137192151823536
7 o 28 0.09479634995963926
7 p 28 0.00026093763653023405
7 r 36 0.08191120411516295
7 s 26 0.001515578858662714
7 t 10 0.13228433454098454
7 u 13 0.048632838079986196
7 v 40 0.032105714800477636
7 x 45 0.026418541186064903
7 z 6 0.012163465293868914
8 a 4 0.04301644847920938
8 b 2 0.059735053588518716
8 d 2 0.07061769211408853
8 e 41 0.07814548654295117
8 f 31 0.01662571410527347
8 g 8 0.029067611002295046
8 h 7 0.030124928796284256
8 i 10 0.0814686273445423
8 j 30 0.04846784983661334
8 l 25 0.013741987911137565
8 m 18 0.06850488199127658
8 o 26 0.058123565136157795
8 p 25 0.004981003928414718
8 q 40 0.03013106619964523
8 r 13 0.024501630121527174
8 s 6 0.02678694340182397
8 t 4 0.10594700068811114
8 u 18 0.036900154849975
8 v 2 0.012241006851083536
8 w 38 0.04289564825770176
8 x 25 0.0006468041126943547
8 y 39 0.09083766123322967
8 z 30 0.0009628398860106469
9 b 7 0.7128560336327141
9 j 46 0.024056311242186323
9 u 32 0.009121290190918563
9 z 26 0.22991288720872416
10 a 35 0.15770889530053656
10 c 14 0.23017266519927093
10 e 19 0.024334065753235823
10 j 46 0.12780807588327892
10 l 5 0.1305896279475005
10 m 5 0.08113881021162339
10 t 2 0.042695765912147965
10 u 28 0.062349891382808775
10 y 46 0.002942946383522771
11 a 31 0.00877519586609432
11 b 20 0.04721368667742243
11 c 21 0.18282263898163864
11 e 28 0.017313210118573452
11 f 11 0.020769308009837006
11 j 4 0.14748326406602863
11 l 12 0.16079365397789747
11 m 20 0.031447201862078056
11 n 44 0.050685150703760784
11 o 18 0.20439819010525695
11 r 3 0.044346127610052855
11 t 42 0.002376670929594815
11 v 24 0.0019987100205899333
11 w 37 0.07473999087068806
12 a 37 0.0032334244608175355
12 c 21 0.04700582166583123
12 f 19 0.0123615946174771
12 g 19 0.033170381968751106
12 h 32 0.058271505091096576
12 i 41 0.0010406399299311975
12 j 0 0.12620979559963585
12 l 35 0.0052443815512732694
12 m 20 0.03397287268337246
12 o 11 0.043250724880778746
12 p 2 0.03864299920805747
12 q 2 0.1111585632481703
12 r 17 0.031683983228916746
12 u 38 0.1597205385010536
12 v 41 0.00034210949351520803
12 w 10 0.04836689052684451
12 x 32 0.15069236960119403
12 y 44 0.007403311975232585
12 z 2 0.041333702760425695
13 a 1 0.09079831724698773
13 e 36 0.17639897892652578
13 g 17 0.2516835598194016
13 i 43 0.11809096871570868
13 j 6 0.05838398519254273
13 p 26 0.10273847273284997
14 a 2 0.12776101245750238
14 b 16 0.028231682466032804
14 c 20 0.01755234854939236
14 d 27 0.05092030552336657
14 e 9 0.11731339709107724
14 f 13 0.038304005209269354
14 g 32 0.05313202697448516
14 h 27 0.017160313380828573
14 i 6 0.0018017061785857713
14 j 36 0.027151858376700755
14 k 9 0.020816564939824977
14 l 17 0.00892635048979562
14 m 15 0.00973645753639285
14 n 0 0.10310180743656072
14 o 17 0.035733546101536784
14 p 22 0.06341082762600192
14 q 41 0.010504459700144131
14 r 12 0.006892225332048807
14 s 36 0.04735112145981213
14 t 7 0.009113285726084053
14 u 23 0.060996665385048776
14 v 13 0.0032151923858800835
14 w 9 0.017804217789848753
14 x 10 0.0074802137073436414
14 y 11 0.060603957755372084
14 z 9 0.03416967550522765
15 b 1 0.14546805257226358
15 e 20 0.05011338337236748
15 f 19 0.11110724243628511
15 g 22 0.018995367088692094
15 h 40 0.004759142616933887
15 i 11 0.03136821927648592
15 j 1 0.025611808770410693
15 k 14 0.13046591310544686
15 l 14 0.04994491164410997
15 o 24 0.07867871208388522
15 q 35 0.0636711168900207
15 t 37 0.031165299587503248
15 x 1 0.06729326741117503
15 y 29 0.09963093894859443
15 z 31 0.02981423323010024
16 a 11 0.8037571815771244
17 d 35 0.04299101243314596
17 e 21 0.041204827095378205
17 h 19 0.10056719007784887
17 j 28 0.029214351668236604
17 l 10 0.23050808869198758
17 m 22 0.06733882448245698
17 o 34 0.06138168257688581
17 r 37 0.17622247626409537
17 t 35 0.05107747750108338
17 x 42 0.01186803791708202
17 y 39 0.03659297415992291
17 z 20 0.13954656774876284
18 a 5 0.043122335669985024
18 c 0 0.012644829292454696
18 d 3 0.016827794261570883
18 e 25 0.16896398152233816
18 g 25 0.08170830422194841
18 i 7 0.08599873666315327
18 k 45 0.17419774547354605
18 q 37 0.05727506959356676
18 u 36 0.2149573031594988
18 v 13 0.07905239372245654
18 w 28 0.04430928136733259
18 x 31 0.02000640288005351
19 a 15 0.10561282056340782
19 b 37 0.07406060169415174
19 d 31 0.013347937274808097
19 f 26 0.1048233665903967
19 k 24 0.022021307266431145
19 l 18 0.10575399192849166
19 m 8 0.0028723620668233973
19 o 8 0.004848110706907605
19 r 8 0.06058533445172776
19 t 9 0.10700763349327191
19 u 11 0.0744775871704686
19 v 20 0.047029303269519596
19 w 3 0.0008882575618073263
19 z 13 0.11092290359980594
20 a 19 0.03949174644650755
20 b 27 0.023223164433404442
20 c 4 0.15553889960844325
20 e 35 0.08339601557286436
20 f 7 0.015618336336171712
20 h 35 0.02601254794799268
20 i 33 0.05216179383303543
20 k 34 0.007747446998324525
20 l 40 0.03483758920691993
20 n 23 0.03664720203580796
20 o 21 0.09293507560369618
20 p 22 0.05894630061277639
20 q 40 0.10446077148032085
20 s 1 0.0013908065622242338
20 t 36 0.016913205799157782
20 u 17 0.0613801028807226
20 v 18 0.00015620752483092026
20 w 4 0.05840557152187409
20 x 25 0.029588308851345224
20 y 38 0.0026680936160790036
20 z 30 0.06284382549525469
21 a 1 0.04719656690699481
21 b 3 0.012803308229557109
21 d 15 0.1103743056991876
21 e 31 0.039049924934549285
21 g 46 0.03262370108298662
21 j 2 0.10520552521918125
21 l 21 0.13136302354500318
21 m 40 0.031458960612416376
21 o 34 0.20860422772117593
21 p 35 0.002455902654467268
21 s 41 0.07758421275256955
21 u 12 0.03730432790940863
21 v 23 0.04937768402018239
21 w 28 0.00048464138338932816
21 x 42 0.032521709528604115
21 z 5 0.008960650412961568
22 b 41 0.15221789590004575
22 c 19 0.013077927616463758
22 d 36 0.003660905791086244
22 e 39 0.10552343441604772
22 f 37 0.04742311675862021
22 g 36 0.032009181313671475
22 i 4 0.1321694639937261
22 n 35 0.0353324391470905
22 q 1 0.1309249886341982
22 t 10 0.024157785875681514
22 w 6 0.036705043732129794
22 x 16 0.12291193244968368
22 y 18 0.028656944205184498
23 b 29 0.13607546359365807
23 c 31 0.20191033026352223
23 g 41 0.05943664939718696
23 k 0 0.043108054746171964
23 l 3 0.05232259251492666
23 n 19 0.10932004728937761
23 p 0 0.21707629339819068
23 t 15 0.04838907756445254
23 v 3 0.062375092898151574
24 a 46 0.02342810443585741
24 c 9 0.026205474512628557
24 d 22 0.035880513106263945
24 e 6 0.040503399649643446
24 f 31 0.05038664325652242
24 g 12 0.01120708772343415
24 h 46 0.06931930471510284
24 j 6 0.0936213847862376
24 k 7 0.027118536397313098
24 l 30 0.014990020066857901
24 m 9 0.008583587203725096
24 o 28 0.03193823997770673
24 p 19 0.0007832168210100132
24 q 26 0.04003701663830084
24 s 39 0.01800617813415828
24 t 38 0.04865704496175438
24 u 21 0.17373778120441719
24 w 37 0.14036525604655714
24 x 13 0.012098441894284773
24 z 8 0.06016568946679035
25 a 30 0.01599157426870046
25 c 39 0.026822103641916173
25 d 4 0.06386285931597258
25 e 5 0.08184976319043935
25 f 21 0.023553845078371882
25 g 6 0.03274083385680249
25 h 7 0.003061684722946656
25 i 14 0.029894051721986892
25 j 34 0.012216589940737155
25 k 13 0.07182969423755059
25 m 15 0.03231211108052956
25 n 33 0.19180591211699216
25 p 24 0.006472119630631656
25 r 42 0.14996289010929653
25 s 46 0.016253152370763524
25 t 28 0.004166713642089426
25 u 41 0.016374881725300217
25 v 25 0.003747494450713429
25 w 18 0.016616008936583992
25 x 25 0.00034845233623326255
25 y 16 0.022745238933162493
25 z 1 0.06458199978836554
26 a 29 0.046165895675469026
26 c 14 0.11112497517700004
26 d 29 0.014051902534985006
26 e 35 0.018914633163036876
26 f 27 0.09878807010072799
26 i 33 0.041656154880433505
26 m 10 0.03986022615073925
26 n 14 0.1623455747494601
26 t 29 0.01933806548574102
26 u 16 0.12416475333415389
26 v 46 0.11585200318286726
26 w 36 0.003887912853414943
26 y 22 0.09301367920733505
26 z 6 0.002344727979372463
27 b 2 0.28438797505422597
27 e 24 0.3098998962512589
27 g 24 0.007029753634678504
27 m 29 0.08564866907899038
28 a 19 0.08497879107505224
28 c 32 0.36091499904665447
28 d 36 0.04637624212832325
28 h 38 0.12958008084178563
28 l 18 0.06801357453343015
28 t 26 0.010212911145094594
28 v 37 0.15389158109289924
29 b 30 0.08944039351818334
29 c 14 0.1502705163813044
29 d 28 0.04683198477594863
29 e 24 0.03694748661584779
29 f 19 0.021161371748889324
29 g 30 0.0033564718602933086
29 h 1 0.11777479470203778
29 i 12 0.028956068552671743
29 j 28 0.03956309892762555
29 k 25 0.04035706088706026
29 p 25 0.08205802220518132
29 q 43 0.014407706975995027
29 r 25 0.06623630798621205
29 u 29 0.015885532415365722
29 z 37 0.16411473507462082
30 e 21 0.4026277714943104
30 f 15 0.4484601261826724
31 a 46 0.16122193141486219
31 d 46 0.008594545480899107
31 e 35 0.304329245588025
31 f 4 0.04496327877751072
31 i 20 0.14008395394214446
31 q 6 0.0025746718908374877
31 t 27 0.010923830940368195
31 w 18 0.2150884356430255
31 z 45 0.03721006864094123
32 a 29 0.041880627520832214
32 b 10 0.027186711240584582
32 e 43 0.03439187936083299
32 f 13 0.06999010817715545
32 g 2 0.022552018668279827
32 i 41 0.013228532930747106
32 k 42 0.011300402528994669
32 l 6 0.14540613864619933
32 m 25 0.06485839531644666
32 o 13 0.047873699329609165
32 p 10 0.08165926908750865
32 r 5 0.08199098521099057
32 s 2 0.04308671783677065
32 t 5 0.023866233790893587
32 u 13 0.0760860815570642
32 v 39 0.062326430902942986
32 w 19 0.07231107654073565
32 z 17 0.047895910537047115
33 a 42 0.44638454418832774
33 b 16 0.05470578688312977
33 c 27 0.017430847512204806
33 d 26 0.15565071255719454
33 u 37 0.17384573235702616
34 a 24 0.0016913108898033435
34 c 39 0.040160573858222914
34 h 34 0.046067442947267834
34 i 23 0.02166294155481019
34 j 34 0.23777519590952467
34 k 41 0.1587484111605464
34 l 10 0.11145542254156438
34 m 40 0.11303814752704688
34 p 11 0.005390540169195601
34 q 43 0.015913491747565955
34 s 2 0.11867975691316979
34 v 5 0.03683127587738133
34 w 4 0.07201961985308081
35 a 22 0.08731647208470106
35 b 1 0.1275375663996663
35 c 7 0.014922857663912437
35 g 41 0.07460144360223564
35 h 44 0.06450550799811894
35 i 9 0.06561396831831989
35 j 24 0.06107190654128125
35 k 15 0.04600812726812431
35 l 21 0.12036168824454963
35 p 41 0.08073937852737534
35 q 41 0.14196764251254756
35 s 16 0.013496136890616461
35 t 17 0.02432310541638283
35 u 40 0.03253202821038159
35 v 0 0.026633987302833173
35 w 34 0.013778518594915634
36 a 34 0.010152171125957565
36 b 35 0.24707079484814864
36 g 29 0.24621176276600965
36 h 25 0.018678914829026727
36 i 23 0.12954802879475014
36 l 14 0.012381011644259199
36 p 1 0.1033499796131534
36 r 5 0.03308279173173867
36 s 30 0.02586250129811818
36 x 20 0.060906899301572004
36 y 26 0.03642442863609008
37 b 36 0.03917798981517695
37 c 0 0.04674440911596833
37 d 39 0.029199639922712017
37 f 9 0.02554594618030115
37 j 25 0.03464608031323302
37 m 34 0.1095358070057677
37 o 5 0.01723063197479202
37 p 37 0.04510678772461829
37 q 42 0.0038970388293078084
37 r 11 0.024994010096363595
37 t 0 0.08110907487744334
37 u 24 0.009918092010068325
37 v 31 0.15227534883174676
37 w 29 0.0196563295907638
37 x 5 0.13157539816017239
37 y 30 0.1018054706688134
37 z 42 0.1106026290388259
38 d 43 0.01954420273994728
38 g 28 0.04867798012194524
38 h 44 0.16123985112328143
38 i 33 0.3540350471552792
38 l 45 0.03673039686041468
38 q 37 0.16785991083421659
38 x 10 0.04622901772573096
39 b 33 0.07235542844130993
39 d 8 0.024561481741546376
39 f 25 0.0690396081811594
39 n 1 0.01123010144797243
39 o 6 0.01895323022310702
39 t 7 0.10083276319966927
39 u 19 0.6510732102594519
40 a 23 0.062062467075402306
40 e 40 0.20929900464532314
40 f 12 0.014724948251701453
40 g 32 0.021153754283472104
40 h 11 0.30715350046978973
40 k 28 0.006372524853296202
40 o 33 0.14440153366064745
40 s 6 0.04643843185952523
40 t 32 0.004165428907078161
40 v 45 0.0060571787842117475
40 w 45 0.00774172751833746
40 y 33 0.09044793388955452
41 a 29 0.04108638657046293
41 b 33 0.07240869144931061
41 c 4 0.022444715668699988
41 d 13 0.05942260547355194
41 e 36 0.08007253215035881
41 k 24 0.01575624879914539
41 l 17 0.14758335474056616
41 o 12 0.13090953313613196
41 p 17 0.10774450773584654
41 w 13 0.04091752404108495
41 x 37 0.08173173987899374
42 a 10 0.03983556094965335
42 b 11 0.009185087952972681
42 c 45 0.06993247899925914
42 d 39 0.039921414010485656
42 e 6 0.029349670029479413
42 g 38 0.1723194421794264
42 h 39 0.00995841554113075
42 i 0 0.008074604524621276
42 j 45 0.07243681105115851
42 k 5 0.04943518545525727
42 l 22 0.10654911503409892
42 m 40 0.009020232851182586
42 n 11 0.0005984570688430946
42 o 9 0.027759588992028128
42 p 18 0.04489944327720363
42 q 11 0.017337658857622507
42 r 40 0.06616800024779268
42 s 23 0.018846171529312783
42 t 3 0.023421293534076848
42 u 12 0.09912580089368672
42 v 35 0.004438915238108243
42 w 21 0.025951049843713436
42 x 10 0.0009267239181489639
42 y 10 0.0019694021243054083
42 z 38 0.03998343877692534
43 a 22 0.1259327561248864
43 e 37 0.03111406484025292
43 g 10 0.049186396338169014
43 k 35 0.05455331407233932
43 m 45 0.10104409908717549
43 o 0 0.054012033770086565
43 p 37 0.0017827069741074286
43 q 7 0.259256586254036
43 r 15 0.006844370116484866
43 u 44 0.1258577787599774
43 v 36 0.15035173954961745
43 w 2 0.010662892399566748
43 y 16 0.008487451022484604
44 b 25 0.12454044077663273
44 f 37 0.04935619059237262
44 k 0 0.005216101355785985
44 l 27 0.12267991555781244
44 m 37 0.002479637423790537
44 n 4 0.041748161260896866
44 o 40 0.012906012041421167
44 t 30 0.14011783838096192
44 u 33 0.06003512137531475
44 v 26 0.04869560743862966
44 w 25 0.16342169674859752
44 x 12 0.049870971382603435
45 c 34 0.0637129901938015
45 f 25 0.12534588430617521
45 h 46 0.14991107100898116
45 n 9 0.2091588016956626
45 r 21 0.023960896138722876
45 t 4 0.049689580947029355
45 u 40 0.053345221749613314
45 v 11 0.20050340057946092
46 a 11 0.004719737384009548
46 b 42 0.1533921555468124
46 d 5 0.08559090861406393
46 e 17 0.0316834359565632
46 f 5 0.03344788143085631
46 h 21 0.03832190762962817
46 i 26 0.027225169556429507
46 k 38 0.07443901571857747
46 n 11 0.05114448516891701
46 o 25 0.020094998049654755
46 p 34 0.1213011567140142
46 q 6 0.00751944237404778
46 r 4 0.02013076647063672
46 t 35 0.02355877827341346
46 u 18 0.02564609924647665
46 v 41 0.03807171341543558
46 w 19 0.046770451056529105
46 x 16 0.06346446969896913
46 y 2 0.03768998985296068
46 z 17 0.007163453165415334
