139 26 1833
0 0.0491755359110031
0 0.2864802856811335
0 0.02904138449699656
0 0.0964730360610544
0 0.025895964614931377
0 0.003989116309922269
0 0.06363607593210752
0 0.0975561359137973
0 0.02529302780774445
0 0.009077574295639601
0 0.006081743198152356
0 0.008302005903981557
0 0.05431392447141836
0 0.40785478229540506
0 0.3247930091521237
0 0.07079954286763823
0 0.19154871058107448
0 0.05219829459927705
0 0.007112363785482079
0 0.013935588255541864
0 0.025269159389418983
0 0.11688184945726954
0 0.22543839025393986
0 0.017118810398587092
0 0.011559938874888154
0 0.0807215814131591
0 0.006350737732276901
0 0.17810753395492207
0 0.0931913819524306
0 0.046733874664216635
0 0.20987850804067043
0 0.004731033618963321
0 0.227280596053678
0 0.012800656291127366
0 0.04293469301820296
0 0.00980152461444661
0 0.05807440918447826
0 0.024295647124286
0 0.02643057532080162
0 0.02985850685468039
0 0.11893173043116423
0 0.0029489384001473162
0 0.04175587568287942
0 0.12419546109025348
0 0.13094094194544392
0 0.2398617384713767
0 0.07492644782627922
0 0.40202995260344976
0 0.16241814187136938
0 0.02181400007931744
0 0.08666928149204856
0 0.05354440692601736
0 0.016092526899869952
0 0.012907964955173101
0 0.07916198053964008
0 0.09507923690875142
0 0.00869412990838303
0 0.08908713409931246
0 0.1391793429863567
0 0.019448902514394795
0 0.24936949999911306
1 0.44159879890025633
0 1.0
0 0.028089606361719754
0 0.09164120714467716
0 0.5061822446690947
0 0.04811263296027768
0 0.015166363245757597
0 0.003599984991732086
0 0.042983354405435326
0 0.08220592785842418
0 0.0482059619263554
0 0.0032877637556174566
0 0.08629865897281586
0 0.05833092709577836
0 0.08450977268931892
0 0.1678198780396013
0 0.03794453820038479
0 0.001501458799660016
0 0.2069385486013141
0 0.10879963809388171
0 0.23507566962008597
0 0.028543836938481615
0 0.00414894034873714
0 0.049536070142562116
0 1.0
0 0.6885054288736362
0 0.021337936170936156
0 0.10908184635071116
0 0.15446215687045728
0 0.1550937047452955
0 0.0018993637092179494
0 0.18548054957971816
0 0.19848940032624074
0 0.12316991112854059
0 0.34815475735159584
0 0.3736830606573809
0 0.008037407378785444
0 0.08061940724222505
0 0.25270874698922885
0 0.1389731580603989
0 0.0010079709269558146
0 0.09383640148540462
0 1.0
0 0.1484954981342228
0 0.03091138416339778
0 0.10540018630433057
0 0.018053772259608913
0 0.004931700354656399
0 0.08778945273425942
0 1.0
0 0.07886373435036775
0 0.08931922570684281
0 0.5928620315291805
0 0.019695332745104377
0 0.015057697355326471
0 0.12036998974167978
0 0.5677595383555007
0 0.007120101795956013
0 1.0
0 0.06834612360856818
0 0.025698810586990972
0 0.15721602994467943
0 0.20501972193762474
0 0.014178721398083516
0 0.02595530244982014
0 0.025395259477274168
0 0.1818405873177391
0 0.2036345703032102
0 0.2945431196944399
0 0.06145569875378332
0 0.19980150031280064
0 1.0
0 0.07577428721683899
0 0.025631173459028433
0 0.027718804936551655
0 0.0205648519035192
0 0.2593920342807363
0 0.027423589096034373
0 a 134 0.02911521531486838
0 c 37 0.04563461899884491
0 f 135 0.034702537596720706
0 g 49 0.03889654022964628
0 h 9 0.07736368860227083
0 i 91 0.027286684591244503
0 j 137 0.05338308876292275
0 k 76 7.6184450352734245e-06
0 l 76 0.015856680868486794
0 m 19 0.0806486038005585
0 n 4 0.04444038279455753
0 o 124 0.0075611012231326935
0 p 11 0.05279664022454256
0 q 12 0.042672919274867716
0 s 24 0.12321769771355018
0 t 53 0.004718641570471527
0 u 55 0.0723030084480979
0 v 113 0.028545720615771653
0 y 63 0.03006695850305874
0 z 84 0.1416061165103475
1 c 109 0.26634415642140463
1 h 69 0.05473613037769853
1 k 6 0.328798535043912
1 o 56 0.06364089247585136
2 b 129 0.11129030132415829
2 c 22 0.08570274842471348
2 d 29 0.08202831003611666
2 g 125 0.004332658724316429
2 k 53 0.04595723542253205
2 m 83 0.011050292997336175
2 n 60 0.046120062229589975
2 o 114 0.10066755019515172
2 r 77 0.16316552955558472
2 u 135 0.1887495151120122
2 v 68 0.06096893031009687
2 w 15 0.026009934833325032
2 y 133 0.04491554633806982
3 a 1 0.005668861903509348
3 b 27 0.06388398507340576
3 c 107 0.02463931947776621
3 d 103 0.014563625579810724
3 f 71 0.004923816715050822
3 g 3 0.08512334047418535
3 h 121 0.0601292851907429
3 k 49 0.028750838947875668
3 l 18 0.04349784127458556
3 m 117 0.07323894655654706
3 n 80 0.003529946673692441
3 o 114 0.00589345936186314
3 p 86 0.02001439115969894
3 q 39 0.10147121170810203
3 r 61 0.20934478553793123
3 s 128 0.003371293447628987
3 u 80 0.004899887750070886
3 v 89 0.012515144129302325
3 w 11 0.06630817843871617
3 x 67 0.04129042502628688
3 y 5 0.014535348016167848
3 z 45 0.015933031496005334
4 n 13 0.02342625300108714
4 t 20 0.9506777823839815
5 a 95 0.006792567159114471
5 b 123 0.07927604446515324
5 d 11 0.04369405592403908
5 e 38 0.009749589963779504
5 f 133 0.028881065057169253
5 g 43 0.06958452201505105
5 h 95 0.0711203158880469
5 i 72 0.09114523867069368
5 j 127 0.01785879806428914
5 k 30 0.05999122187445205
5 l 138 0.03671727064536201
5 n 95 0.05579384772014362
5 o 112 0.0013730709538978259
5 p 20 0.0453489429443833
5 r 6 0.037776386265441664
5 s 121 0.021887596595033365
5 t 117 0.16408758056034256
5 u 89 0.022814469140365556
5 v 120 0.005128287849983426
5 x 14 0.045498547368906905
5 y 6 0.005987865564335726
5 z 128 0.0755035990000934
6 b 58 0.07300023087832175
6 c 131 0.06988074627265661
6 e 99 0.04663300252478231
6 f 43 0.02570284148907165
6 g 1 0.009628246840178267
6 h 84 0.03283686406221897
6 i 101 0.09774261043832999
6 j 67 0.009463788617400382
6 k 119 0.11158332017335026
6 l 26 0.015874168230383012
6 n 135 0.04926309882944613
6 o 111 0.025132150721361768
6 q 110 0.0634299000250188
6 r 95 0.014881165528231155
6 s 101 0.005720606850059595
6 t 122 0.06805604850273572
6 u 58 0.04069236824356004
6 v 38 0.0687247932908549
6 w 32 0.02591619001515344
6 x 72 0.02667068683075613
6 y 1 0.027373078094592107
6 z 9 0.028158017609429487
7 g 59 0.004297188427846543
7 h 48 0.07771071842690425
7 j 110 0.03487967926676072
7 l 49 0.461305133847573
7 n 107 0.06301845556582486
7 u 4 0.26123268855129333
8 b 119 0.04638177956729683
8 e 27 0.009635857345728693
8 f 60 0.004008620174630884
8 g 0 0.17850643488981344
8 i 134 0.017054648198937872
8 j 17 0.1569139418646962
8 m 88 0.002836377740045082
8 o 38 0.025686433733029257
8 q 31 0.05103129714826937
8 r 133 0.028921695767265443
8 s 26 0.18093140753094894
8 t 69 0.015499594106452297
8 u 103 0.04087250899561379
8 v 46 0.06974752261583084
8 x 15 0.021302074589749642
8 y 104 0.09796500757258098
8 z 43 0.027411770351365994
9 b 20 0.0160749893906047
9 c 80 0.01238350452328052
9 f 2 0.1309960684481022
9 g 69 0.08896156270768196
9 h 100 0.12650585533530767
9 s 121 0.0041097808000076785
9 u 46 0.2613315364937614
9 w 109 0.1671290900585657
9 x 18 0.067326461629443
9 z 119 0.1161035763176056
10 a 16 0.07191444148828763
10 b 30 0.024276465229846278
10 c 17 0.004866769023854967
10 d 23 0.032791960627637784
10 f 73 0.049467952249270364
10 g 85 0.04515227179476011
10 h 77 0.06018579114495404
10 i 49 0.0025814178398438914
10 j 6 0.014324949314919566
10 k 11 0.046219638128778495
10 l 35 0.0015483871551896788
10 n 96 0.009912531567199068
10 o 60 0.03440603688523847
10 p 117 0.0156821059815484
10 q 86 0.03329645473923748
10 r 7 0.18533891265342073
10 s 116 0.023157989904354803
10 t 122 0.0010875013396631772
10 u 2 0.05210395850718508
10 v 101 0.10127878657866696
10 w 107 0.027347171130231773
10 x 93 0.046264836736028436
10 y 133 0.07667731040084902
10 z 31 0.034034616380881455
11 a 113 0.037231348412983034
11 c 97 0.05340163825343036
11 h 11 0.15332512408577714
11 j 90 0.09316813935612811
11 k 55 0.056205723852210454
11 l 81 0.3837391260935422
11 q 59 0.008268121514208193
11 r 56 0.05153945899716261
11 u 26 0.011220966461057191
11 w 51 0.10473141666964558
11 y 22 0.038866930399873545
12 a 126 0.00915898353632183
12 b 39 0.07162419916880625
12 c 31 0.01861573576758735
12 d 101 0.053529074246878805
12 e 19 0.05525962496621817
12 f 10 0.020070784584484636
12 g 28 0.09256285173599121
12 j 75 0.0022717529630349453
12 k 119 0.0011504913214220869
12 m 5 0.012626608147380258
12 n 66 0.0026865310422238275
12 o 50 0.09910250699453915
12 p 97 0.02950304855182373
12 q 98 0.04216617109313647
12 r 97 0.060559727406681474
12 s 42 0.028625354959196714
12 t 35 0.06840961437086601
12 v 53 0.01231896844349989
12 w 88 0.11715881491129321
12 x 126 0.010065344832942857
12 y 81 0.044938459356712035
12 z 61 0.09328142712754073
13 a 100 0.16984888664684317
13 d 42 0.4222963310577518
14 a 31 0.012875360152121762
14 g 104 0.3132657460124356
14 k 67 0.15447056744274612
14 v 99 0.1497903870331163
14 y 122 0.04480493020745646
15 b 77 0.08217960523214984
15 c 56 0.010810333180723108
15 d 21 0.03060312969543999
15 f 69 0.028878131808462215
15 g 38 0.005758491231028451
15 h 99 0.01177718434179964
15 i 86 0.015081800333894835
15 j 98 0.003885123641313326
15 k 136 0.13160262927367505
15 l 125 0.001370033343074617
15 m 42 0.0021789829872963518
15 o 75 0.019941827668136347
15 p 104 0.015980234337983457
15 r 52 0.016742233856591016
15 t 55 0.004116637348718255
15 u 134 0.2643500589359632
15 v 137 0.04820253228599958
15 w 44 0.13622266622078072
15 z 64 0.09951882140933177
16 b 86 0.1563229135473171
16 h 1 0.22799531973897147
16 i 5 0.055879340631129315
16 j 40 0.001322088223030593
16 o 75 0.061557761744582495
16 q 93 0.14233341522895526
16 r 83 0.04125474931715145
16 t 28 0.003492072791128842
16 v 78 0.021820241135104057
16 w 105 0.007329695940369696
16 y 11 0.054793795253558986
16 z 129 0.03434989586762627
17 a 103 0.006682739501935875
17 b 17 0.028774919525944576
17 c 110 0.013111859697578665
17 d 28 0.05980304465047026
17 e 127 0.02428826561904318
17 f 9 0.11402870476672589
17 g 67 0.0074344981988268
17 i 83 0.053831430038399075
17 j 80 0.04923588963613723
17 k 6 0.0007104520800068626
17 l 49 0.08250841013207422
17 m 13 0.11863380088586584
17 n 43 0.05488609388430776
17 o 13 0.011349974853419376
17 p 25 0.03319409093106451
17 q 34 0.05178305341152001
17 r 30 0.009654232574000332
17 s 93 0.02363497215562471
17 t 67 0.06689273303609111
17 u 74 0.010486468209178201
17 v 10 0.006455100650145651
17 w 118 0.027043123510223865
17 x 109 0.04300724619370888
17 y 107 0.008296830636646324
17 z 77 0.042073770621783746
18 a 58 0.0014384968631873107
18 b 41 0.010440198910720677
18 c 47 0.005272512467461854
18 d 40 0.001815261185426631
18 e 0 0.005472933104878175
18 f 13 0.019571873873064916
18 g 41 0.005350042592276449
18 h 80 0.033014388643792136
18 i 0 0.002646586508435411
18 j 64 0.1044025223878764
18 k 7 0.04892018508276874
18 l 135 0.1275103936041252
18 m 40 0.0423947461792864
18 n 24 0.044087607209225665
18 o 36 0.07159098191421387
18 p 121 0.08647049434622422
18 q 66 0.017464750952344676
18 r 72 0.0005941213352045338
18 s 91 0.041029826996421215
18 t 95 0.003535257414626569
18 u 27 0.059343234298079084
18 w 65 0.057591626440327226
18 x 124 0.06734154881623988
18 y 23 0.10116430109169983
18 z 125 0.034423743996610856
19 a 32 0.03857301419230419
19 c 69 0.021180355852325916
19 d 40 0.01955725684741416
19 e 79 0.03288975254021742
19 f 76 0.08733833337653796
19 g 55 0.018798373489791853
19 i 21 0.19063386801416426
19 k 10 0.005566774430125099
19 l 111 0.044366124214895164
19 m 136 0.0774681767879567
19 n 45 0.08033972863349925
19 p 105 0.1974835349094758
19 r 0 0.014818287417517229
19 t 32 0.07501235960258124
19 u 84 0.009223267187016937
19 v 132 0.030601795394845754
19 w 85 0.015240268727181983
19 y 79 0.024527066178505197
19 z 104 0.0024460739481020344
20 b 71 0.06820592369475376
20 f 126 0.16523858025970406
20 j 55 0.07521418494130905
20 l 16 0.3094781849089553
20 m 37 0.028265526662825113
20 p 54 0.005286371014613822
20 q 70 0.3061362650100401
20 x 43 0.00860108813598992
20 y 7 0.00830471598238991
21 a 94 0.044127692666284135
21 b 51 0.004945413962177847
21 e 78 0.024590713783604445
21 g 62 0.060474829711800515
21 h 38 0.004449668354517877
21 i 12 0.012113688304828285
21 j 94 0.04419731644960323
21 k 86 0.002662208299165636
21 l 17 0.05437238386835819
21 m 106 0.004002950822187379
21 n 117 0.16454570185097583
21 o 38 0.01832659061669517
21 p 53 0.007368376694640522
21 r 100 0.05380200987009254
21 s 37 0.08769727995296905
21 t 33 0.00167734156192334
21 u 28 0.06819153817996626
21 w 88 0.033144873988354195
21 x 53 0.03112442524465875
21 z 8 0.16130314635992726
22 p 81 0.2639489864241983
22 s 122 0.23825344066463527
22 x 114 0.2723591826572266
23 b 125 0.025930876356795918
23 c 45 0.05290030984061367
23 e 107 0.18429627469444043
23 g 70 0.040698422262349765
23 i 13 0.020577155136913605
23 j 127 0.10066544150692569
23 l 12 0.012164136936878345
23 o 86 0.14747816414504944
23 p 121 0.11778532433507871
23 q 86 0.047917166454268245
23 s 1 0.07379803370958116
23 t 105 0.04524273378540977
23 u 21 0.054865857745377555
23 v 32 0.047715171830605474
23 w 74 0.01084612086112513
24 a 61 0.050314948073967636
24 b 56 0.04399335710005736
24 e 121 0.05464670494754309
24 f 99 0.06497374993339211
24 h 52 0.09877408826835976
24 i 93 0.012308655097423848
24 j 6 0.040319966761285575
24 k 110 0.051041783508341654
24 m 77 0.13658150392026636
24 o 51 0.017729383540362798
24 r 62 0.09453171681155825
24 t 105 0.019197055112270656
24 v 120 0.11427682937557693
24 w 17 0.03393645021337499
24 x 82 0.13518609130655346
24 y 2 0.02062777715477737
25 b 27 0.048966465148006955
25 c 33 0.33568685353693095
25 f 92 0.06057587975422518
25 j 107 0.019160915851704208
25 k 14 0.003571751417735025
25 l 50 0.00985891158369867
25 r 109 0.22756332369375132
25 s 24 0.0034274108129777048
25 z 35 0.21046690678781088
26 a 44 0.0704300342617793
26 c 24 0.10812242565849473
26 d 72 0.13651889295101516
26 e 102 0.09360045698839314
26 h 26 0.048142281751733185
26 i 134 0.12812787393390235
26 j 80 0.009793534929813275
26 k 106 0.02043975753109406
26 n 109 0.0714479022193103
26 p 122 0.09326818636013279
26 q 33 0.05324113218384574
26 r 84 0.045571415161481776
26 s 138 0.027733351308769305
26 u 115 0.025421900297789457
26 v 38 0.024565677259896
26 w 14 0.021571897059504686
26 y 136 0.006935658947649248
26 z 79 0.008716883463118608
27 e 6 0.08617739272526648
27 l 28 0.20987115460593386
27 n 123 0.03517366020611823
27 o 121 0.36002943805134535
27 p 23 0.08165851323654394
27 r 84 0.04898230721987007
28 a 47 0.10757527165382574
28 e 21 0.05029924713075795
28 g 77 0.014860827682264155
28 m 108 0.05080645893416669
28 o 119 0.19104932660320084
28 p 115 0.13640072629443956
28 r 118 0.12967447377529318
28 s 88 0.0678301266263095
28 t 88 0.07283993896832353
28 u 17 0.06371289768469668
28 x 62 0.021759322694291594
29 a 92 0.02477583983864995
29 b 33 0.10401524000836382
29 c 0 0.09124949987562647
29 d 76 0.024777262539534384
29 e 58 0.06786530581723837
29 f 24 0.14379725147948708
29 g 85 0.008034641603020143
29 i 68 0.007070922779876421
29 j 103 0.0014968976209811524
29 k 36 0.055818925358447014
29 l 63 0.056913783876988755
29 m 119 0.017914622782753353
29 n 50 0.016908957544081615
29 o 49 0.008579374930732908
29 p 123 0.007676868545422044
29 q 72 0.0003754227660088816
29 r 138 0.018526993677972725
29 s 83 0.009155508499382625
29 t 36 0.03102049744660662
29 u 88 0.01389834472327145
29 v 65 0.011199518772367134
29 w 47 0.02561362569293213
29 x 91 0.035452866358431034
29 y 68 0.04297015680441685
29 z 41 0.12815779599319044
30 a 65 0.0037898717038615803
30 b 9 0.042137575326504084
30 c 118 0.021289683800864267
30 d 59 0.051540236228752145
30 e 101 0.005066437926615541
30 f 92 0.006210125686347823
30 g 30 0.07264556625182772
30 h 23 0.1172584726557705
30 i 4 0.013302178672014775
30 k 35 0.04682973296806092
30 l 121 0.022933068755766395
30 m 41 0.02274452365584201
30 n 125 0.07417404563810326
30 o 36 0.05193564145345164
30 r 110 0.05634073503136061
30 s 82 0.055428029595238404
30 v 31 0.007406149569533893
30 w 80 0.0023900350583327956
30 x 102 0.00530584007757362
30 y 66 0.07174120655326122
30 z 134 0.03965233535024637
31 a 2 0.0035161281625303298
31 b 80 0.022523705437330732
31 c 121 0.003265877277813467
31 d 46 0.06218551779751058
31 e 83 0.12927349336584648
31 f 91 0.03410905649960516
31 g 67 0.055266756809099316
31 h 41 0.0665363736704373
31 i 112 0.061679303756124404
31 j 27 0.02847154705808419
31 k 76 0.042677774410013525
31 l 118 0.01502603923661272
31 n 107 0.07594410826148323
31 o 68 0.044755999746727726
31 p 24 0.06808188714918206
31 q 51 0.00125985654278582
31 r 22 0.02083449731854692
31 s 122 0.033417090963650975
31 t 44 0.030256756860598477
31 u 91 0.006450773758243322
31 v 36 0.08697242776710179
31 w 24 0.05106374253313084
31 x 102 0.016080131489645044
31 y 51 0.009979928027260332
31 z 135 0.02564019248167193
32 a 50 0.15744056317176747
32 c 28 0.006484881555626765
32 e 12 0.001216090621631194
32 h 106 0.04997261411997278
32 n 45 0.06208162128801198
32 q 44 0.013323004392772342
32 v 124 0.032231634781182406
32 x 75 0.15381874457285105
32 z 19 0.296150249442506
33 a 125 0.08626364029210987
33 d 24 0.41177642555700067
33 g 124 0.12021254280184546
33 n 103 0.23562378361881753
33 s 74 0.1333229514390991
34 a 130 0.028495655754678717
34 b 55 0.0830478479438802
34 c 54 0.08023857881831309
34 d 127 0.046235695918219966
34 f 80 0.0016839401833598222
34 g 4 0.03352108138806309
34 j 30 0.015100868896360309
34 k 29 0.04770674138585285
34 l 83 0.060455836485760805
34 n 12 0.33043305399061296
34 o 97 0.009502255994013775
34 p 51 0.0645027523217534
34 q 107 0.03255173098138786
34 t 12 0.05882065851628937
34 y 46 0.06476860840325083
35 a 1 0.0810615046991523
35 b 110 0.039014160358499916
35 c 17 0.0005096059308949963
35 e 89 0.03271151604546052
35 f 65 0.057474796491819746
35 h 37 0.05839447289304034
35 j 2 0.011185795865717219
35 l 84 0.09803058156952782
35 m 33 0.1174464054262635
35 o 78 0.06729077463907784
35 p 40 0.05477254484459759
35 r 82 0.08675950019103107
35 s 28 0.06424685955685216
35 u 23 0.07829810837513207
35 v 2 0.001400233662408934
35 w 77 0.09651918181910313
35 x 16 0.04508243301697423
36 a 131 0.016045094340540356
36 b 57 0.0366376392076706
36 c 53 0.01586541952403364
36 d 13 0.006004692852118909
36 e 48 0.04527524886602796
36 g 78 0.002533454844866334
36 h 0 0.011556857253447683
36 i 97 0.004197030320724493
36 j 106 0.10890955398753921
36 k 1 0.048315295297067684
36 n 51 0.09232178762005683
36 o 111 0.08161976916368652
36 p 34 0.11834049566669791
36 q 3 0.07960400280016533
36 s 36 0.03948983216103308
36 t 47 0.017343847420108527
36 u 15 0.006689887650432658
36 v 8 0.04200197738332401
36 w 74 0.008195387495257944
36 x 96 0.011726143602367123
36 y 67 0.10581161096063874
36 z 47 0.04344056239771621
37 a 53 0.0405815371710897
37 c 32 0.03772119867019841
37 e 117 0.053393402626380815
37 g 68 0.3302548588944756
37 j 91 0.1520913678737058
37 k 80 0.15999578075024135
37 p 82 0.17306771658976006
37 x 38 0.028598490299862278
38 a 81 0.17810612885378507
38 b 34 0.07129983932803563
38 c 96 0.03664554741868853
38 d 78 0.013873113093700207
38 e 39 0.06125903458118176
38 f 94 0.10976522128535049
38 i 10 0.04259665308756255
38 j 69 0.06145891792784164
38 m 136 0.006692997042903381
38 n 65 0.008188481330167696
38 o 66 0.06448391858507552
38 p 3 0.055013114655937057
38 s 115 0.012083404857080149
38 t 6 0.07611099567777901
38 u 130 0.05963819259127945
38 v 96 0.013082998413871061
38 w 8 0.03441967637154619
38 x 37 0.06885118957741299
39 h 89 0.13957486989965673
39 j 96 0.09158423483287026
39 k 103 0.06335628002861926
39 o 95 0.4708848497187501
39 p 132 0.20474125866542325
40 c 53 0.00877454085653373
40 f 105 0.0061624317540905915
40 k 89 0.012585200224713211
40 n 99 0.06445162255016312
40 s 114 0.03423497446745061
40 u 123 0.3351707648512938
40 y 58 0.4196887348645907
41 a 116 0.027276404992846337
41 b 85 0.0375485197080766
41 c 4 0.03312352360534099
41 e 4 0.002748127311691273
41 f 104 0.021257844246207913
41 g 53 0.014827809474865727
41 j 43 0.07405661768017657
41 k 89 0.07184976303932367
41 l 63 0.009522472481987676
41 m 78 0.027983923176146952
41 n 64 0.07550821601373936
41 o 24 0.014837355139185715
41 q 10 0.2760410689403907
41 r 62 0.046716786841832
41 s 119 0.022456674196669302
41 t 110 0.0964412785350598
41 v 38 0.01849057622624506
41 x 48 0.07540458278404594
41 y 115 0.0509595172060211
42 d 78 0.12932166884139362
42 h 118 0.17025265478689067
42 k 37 0.1002432508714115
42 p 70 0.019877447758418376
42 q 41 0.3623001821127221
42 v 92 0.012711484992010469
42 w 11 0.028919749580770704
42 x 32 0.06616446925162045
42 y 100 0.027231345111554783
42 z 120 0.041221871010327926
43 a 62 0.004159468879728956
43 b 104 0.006012994618918244
43 c 59 0.0188698451751792
43 e 113 0.0006563540169255422
43 f 111 0.0369625861345918
43 g 1 0.007875609841928699
43 i 98 0.17623026552465504
43 j 121 0.009516841150012278
43 k 107 0.18766449129962792
43 l 77 0.05661816155276911
43 m 128 0.03721317097412258
43 n 56 0.06581380094633638
43 o 75 0.028173188171370267
43 q 38 0.03215865169921173
43 t 51 0.030500822858864796
43 u 20 0.01023025575239045
43 w 7 0.034932015573141184
43 x 102 0.05898878824748521
43 y 108 0.007869093779591663
43 z 91 0.06535813271289548
44 a 31 0.004377231744624455
44 b 129 0.03148787559506061
44 d 34 0.02695475000772607
44 e 76 0.0643407861867662
44 f 79 0.07672267129671695
44 g 111 0.06980167827668471
44 h 57 0.04203790704544752
44 i 21 0.005330668677000605
44 j 84 0.022639765251408428
44 k 0 0.10671921713208843
44 l 49 0.011275676352921038
44 m 63 0.05222699427857802
44 n 28 0.019168704016338967
44 o 46 0.013632949250954818
44 p 98 0.10870048298130774
44 q 85 0.0025528899688401774
44 r 92 0.010687798486222921
44 s 24 0.0034068895812096045
44 t 84 0.02587852238978705
44 u 50 0.0529618958360526
44 v 120 0.009404276355146068
44 w 19 0.019550127725234123
44 x 2 0.07395388543261194
44 y 25 0.007036009855667658
44 z 80 0.008209404330159376
45 a 33 0.021371100396076148
45 e 63 0.0995476663465158
45 g 46 0.010918561690202111
45 j 19 0.036092212010335634
45 k 4 0.05257314518780232
45 m 122 0.11157151539647947
45 p 68 0.05970841880759359
45 q 102 0.07581909987311686
45 t 134 0.11985287350221507
45 u 61 0.038582200814973655
45 v 12 0.021138444052520855
45 x 66 0.009748460670859216
45 y 51 0.10321456277993257
46 a 21 0.028470815460067467
46 b 84 0.028439230684093153
46 c 19 0.0030982680284152853
46 d 7 0.06630756125989867
46 f 98 0.04066278587962169
46 g 102 0.10341477070399385
46 j 22 0.01956095140526659
46 l 93 0.2171654003686625
46 n 30 0.004688492151980306
46 o 75 0.1332940983821821
46 p 64 0.00727211633144953
46 q 103 0.01686676739577253
46 r 133 0.04035136623231861
46 s 86 0.03609791525290973
46 u 9 0.1217973644112208
46 v 16 0.0016519069224423255
46 w 129 0.01634139540430013
46 y 6 0.0017341538261677059
46 z 14 0.03785819207295782
47 t 45 0.5528026377021719
47 y 137 0.04516740969437838
48 a 87 0.244924777578033
48 j 48 0.20847214104591494
48 k 92 0.3841849395046827
49 a 100 0.007931882845212068
49 c 110 0.01856424542897228
49 d 106 0.06190585746500954
49 f 74 0.07222481688816751
49 g 79 0.2129353924965548
49 i 117 0.052354751675785516
49 k 89 0.016043278874283917
49 m 55 0.14138739995414962
49 p 89 0.10386483361556598
49 q 19 0.13007178160570965
49 r 65 0.04575870124925707
49 t 85 0.05711000929241372
49 z 31 0.058033048529600895
50 d 70 0.32782458376752766
50 e 24 0.10035854727767324
50 g 8 0.13807659798593774
50 i 34 0.1426571294649711
50 p 11 0.05979120778770908
50 q 1 0.07055967594319035
50 s 129 0.07406297628094227
51 a 79 0.003128477983928124
51 b 136 0.016501746772318637
51 c 121 0.001559905229093661
51 e 72 0.17704217616207119
51 f 40 0.03400888022505799
51 g 65 0.1896993278023853
51 h 132 0.14573370278962472
51 j 18 0.030522608973572618
51 l 80 0.08324285664941578
51 m 122 0.0207863664842175
51 n 91 0.033799786910615026
51 o 28 0.04962722405045894
51 p 115 0.057542316620765366
51 q 13 0.0329029884003299
51 s 34 0.014928529195224138
51 t 37 0.0011217019588565247
51 v 131 0.05058005909078889
51 y 22 0.0037269377752583432
52 a 47 0.001119888331652441
52 b 0 0.029946180681943435
52 c 57 0.07138198491803638
52 d 41 0.022669333511827428
52 f 93 0.018931236056325518
52 g 137 0.030521030869251953
52 h 77 0.1569504581097273
52 k 100 0.00602089767359304
52 m 133 0.06525059422243817
52 n 110 0.08918825238953121
52 q 10 0.05451472215279207
52 r 108 0.008171952716502617
52 s 98 0.1335147016847943
52 t 137 0.016214536001625146
52 u 83 0.1005311010456198
52 w 21 0.0671842845910181
52 x 66 0.052629857373022615
52 z 22 0.05916646077042853
53 h 136 0.003802969494979047
53 j 7 0.05157411476891394
53 k 20 0.018564082028953877
53 l 104 0.13662741543097
53 n 2 0.2672096282118307
53 p 111 0.0847415463684249
53 r 9 0.06951070487467592
53 s 90 0.054839144829877284
53 w 21 0.08252858388342155
53 y 29 0.19723220191674196
53 z 80 0.02046164323603772
54 m 16 0.04533818086270869
54 u 87 0.11966939708415547
54 x 110 0.21630033479250566
54 y 130 0.5395301067209901
55 b 119 0.24968560911851445
55 h 111 0.06050588008916036
55 l 22 0.12520257941437096
55 w 104 0.4695266944692028
56 a 94 0.005622678647077994
56 b 28 0.05331652565728351
56 c 39 0.08040260018094736
56 d 53 0.009986864675676665
56 e 27 0.0049788649717524835
56 f 7 0.07821055392819076
56 g 117 0.07124296518392914
56 h 59 0.015091866859513803
56 i 108 0.031926312673376867
56 j 59 0.03426499069562583
56 k 114 0.05150801361422441
56 l 35 0.05735149438484011
56 m 113 0.036466368639751945
56 n 112 0.07845657533308581
56 o 120 0.02261575852765596
56 p 3 0.02954975945710936
56 q 123 0.0025369574580684784
56 r 58 0.10935218293276705
56 s 13 0.03397804578383512
56 t 61 0.003643401489609177
56 u 101 0.02258976447005312
56 v 112 0.028638530470337265
56 w 33 0.0637934884407636
56 x 86 0.026233961431037733
56 z 41 0.03954734418510342
57 a 71 0.009777109333444223
57 c 111 0.012344465324139242
57 d 21 0.07518657848588972
57 e 69 0.017383423847694646
57 g 122 0.03093198165848654
57 i 115 0.018894296699014768
57 j 92 0.24839552030373857
57 k 42 0.04764530345313811
57 o 110 0.03339377013062217
57 p 90 0.0012553489489600667
57 q 65 0.02758939291869944
57 r 33 0.01048733561241244
57 s 0 0.058672726713472456
57 t 27 0.15282853454313594
57 u 134 0.1136938595072644
57 w 51 0.0524332184205748
58 a 81 0.0033838725182389062
58 c 96 0.024507694894442933
58 d 138 0.0617774990719987
58 e 98 0.107285471031624
58 g 74 0.0036803737493431576
58 h 45 0.0015428512949547946
58 i 99 0.0158025746957291
58 j 122 0.014166735559592802
58 k 105 0.0917399033788232
58 m 79 0.09090815576836664
58 n 39 0.010544707775327788
58 p 39 0.029987975149685986
58 r 111 0.005581000195903241
58 t 62 0.1929636186773782
58 u 49 0.041845829367465504
58 v 102 0.008846092600412803
58 w 76 0.06537336377662284
58 x 19 0.01093880108851153
58 y 24 0.016112287274364978
58 z 113 0.06383184914485618
59 a 21 0.06962084955811354
59 b 91 0.08301537274214088
59 c 127 0.004528299456176277
59 d 1 0.03717529331123193
59 e 78 0.019977540652230896
59 h 96 0.0029412032939929444
59 i 96 0.13696949195920805
59 j 18 0.1576991386621165
59 m 136 0.025541635730762513
59 n 111 0.05772258611820025
59 r 54 0.0944782258771788
59 s 87 0.019554240270577505
59 t 44 0.13071979862731287
59 v 39 0.027889790794251912
59 z 104 0.11271763043211036
60 a 115 0.16959734362085388
60 n 103 0.0023895661905948273
60 p 88 0.49412998791878016
60 r 33 0.008283145717218665
60 t 96 0.016042507701213737
60 w 7 0.06018794885222567
61 a 107 0.14495679793883065
61 f 24 0.16025194349351768
61 s 16 0.054355138130738445
61 w 56 0.1988373215366569
63 b 109 0.01529771187470319
63 d 122 0.01501076713367111
63 e 86 0.05973865840013559
63 f 13 0.08072595966074969
63 h 137 0.0101882867043247
63 j 65 0.02769826233395767
63 k 97 0.14564550339684523
63 l 26 0.05090398995699985
63 m 126 0.02777090249732128
63 o 93 0.03054115519431444
63 p 62 0.07411498030318275
63 q 56 0.01138728350620477
63 r 5 0.05953327382518303
63 s 83 0.17690715084752873
63 t 55 0.08143224850965014
63 u 90 0.040523280025933195
63 w 9 0.0062884222352408425
63 x 24 0.007945354364241486
63 y 58 0.03190636863193208
63 z 54 0.018350834236160463
64 e 48 0.09678339652196044
64 f 27 0.10029847932956326
64 g 63 0.05290301945459541
64 h 80 0.11813735625267452
64 j 122 0.02456188401222259
64 l 55 0.0018969719851015254
64 n 112 0.1120840192659861
64 q 90 0.022261739192366514
64 r 3 0.041126094764568855
64 s 42 0.007272937306053939
64 w 103 0.12080676622717912
64 z 23 0.21022612854305056
65 e 44 0.011117792237592794
65 r 99 0.30001580484409107
65 s 96 0.1194321574087398
65 u 43 0.03037820283336623
65 v 36 0.03287379800711543
66 a 39 0.0012232520578839834
66 c 57 0.09234822230185868
66 f 116 0.03985051049136745
66 g 108 0.018795156679784486
66 h 46 0.0006855888895287432
66 j 30 0.03585447181231749
66 m 41 0.022480969036648535
66 n 24 0.30580076126794264
66 o 60 0.20222817821132155
66 p 67 0.07614467193630181
66 r 19 0.005227027429699271
66 v 46 0.03641970296299857
66 w 46 0.02324213067585823
66 x 62 0.09158672328621087
67 a 107 0.02462740504820282
67 b 0 0.2265291330856123
67 c 117 0.22548064332586637
67 d 27 0.0857352514327051
67 e 118 0.03323077488688897
67 h 50 0.08032720310234842
67 l 81 0.012273995432329432
67 m 48 0.010627693844282193
67 q 3 0.01057538090621013
67 r 81 0.033327117000526374
67 s 121 0.037796540886311236
67 t 28 0.010943553086066093
67 u 68 0.0032992382351881844
67 w 47 0.12743650502543102
67 z 111 0.06262320145627376
68 a 28 0.11870656133363588
68 c 17 0.014536097949256033
68 d 93 0.03300271745768091
68 f 47 0.1702419882127667
68 g 121 0.03121040069044745
68 h 24 0.001663534070431405
68 k 23 0.02772258589836174
68 l 116 0.018137537324082742
68 n 129 0.052423345278185485
68 p 113 0.05946059860686426
68 q 48 0.033294075464811446
68 r 102 0.11798962958173309
68 s 135 0.08294884056336682
68 t 23 0.026883222355851943
68 v 61 0.022963445555763462
68 w 61 0.04363381493199092
68 x 111 0.08905914127830139
68 y 107 0.019527089662468966
68 z 97 0.032995388792267266
69 a 124 0.014345763835763914
69 d 77 0.09476547061297247
69 e 8 0.20567338051870365
69 f 48 0.006330575821410944
69 g 53 0.14243163386239388
69 h 133 0.05398687960365789
69 i 2 0.008318887929732566
69 l 67 0.01136242685410982
69 o 122 0.021598821172908234
69 p 106 0.05103372097283987
69 q 43 0.04771886676728365
69 r 16 0.04035798406478519
69 s 135 0.07924054177457474
69 t 49 0.0226373482459451
69 u 104 0.043729596406530624
69 v 123 0.04548007799864939
69 y 88 0.06390039384223178
69 z 98 0.0041042753100709595
70 b 78 0.09251424084861937
70 c 105 0.02572029961082345
70 d 113 0.2982647352933564
70 e 112 0.060503881463235154
70 g 23 0.022690605004040965
70 j 102 0.009318278985460227
70 k 98 0.05940467966126184
70 l 52 0.03230021729447852
70 p 49 0.06881561986480056
70 q 29 0.03509926058552304
70 s 0 0.010067366961749924
70 u 131 0.15003014294588535
70 x 96 0.051113678909655014
70 y 107 0.0009929077084680493
70 z 121 0.0009581570042179743
71 a 90 0.01753774185821011
71 b 19 0.02074091410818535
71 c 43 0.007850605154773316
71 d 24 0.000700325318797379
71 e 65 0.02725098426188788
71 f 76 0.0855620364155616
71 g 67 0.019215861073083373
71 i 90 0.03797166679155972
71 k 52 0.06047559051009255
71 l 81 0.028834827098602744
71 m 22 0.016475147923916578
71 n 80 0.025481961854263213
71 o 128 0.02697328642245056
71 p 103 0.025276307552396626
71 q 103 0.013008877519873785
71 r 94 0.047483412439902506
71 s 74 0.015689412431393546
71 t 95 0.13435742549030694
71 u 1 0.054386096377468496
71 v 93 0.07535244361849325
71 w 2 0.0065692621340474044
71 x 131 0.03406997042700188
71 y 7 0.11035488120900105
71 z 11 0.06017500008237475
72 b 80 0.14177445319906157
72 f 118 0.02727008483994464
72 g 131 0.08583708568704096
72 h 24 0.16895521419953363
72 j 20 0.02853549316390258
72 l 41 0.15264591796069482
72 m 88 0.09449033002810525
72 n 101 0.001975129744706261
72 o 98 0.009618318031674011
72 u 91 0.209731447490357
72 v 41 0.01919992126679526
72 y 97 0.05667884063256656
73 b 11 0.13119129787646355
73 f 120 0.08502915695727498
73 j 39 0.010928892375573263
73 k 46 0.042621206949117973
73 l 102 0.0954214272581434
73 o 133 0.2811694960988318
73 p 91 0.07268368289665994
73 r 2 0.08569196783409505
73 y 84 0.1089642127810242
74 c 48 0.002467779124014524
74 e 21 0.19785312376328623
74 g 121 0.0594385236932069
74 i 15 0.0014082927007605939
74 j 26 0.02929528677316018
74 l 94 0.005354793322793205
74 n 99 0.02070884617963009
74 p 132 0.029498528933241563
74 r 77 0.029651748243530784
74 t 35 0.038282731314081775
74 u 9 0.045587672428213266
74 w 29 0.13909496796244458
74 x 55 0.12012839685284915
74 y 62 0.0010534246252520418
74 z 133 0.22184495698775675
75 a 118 0.00535573158427205
75 b 97 0.03921769708098921
75 c 127 0.044306827230575885
75 d 33 0.11163894054773027
75 e 104 0.07003032638970597
75 f 18 0.03981681488074518
75 g 104 0.015405380603437324
75 h 92 0.00032899563325727854
75 i 110 0.005341552261122318
75 j 136 0.03193996175535896
75 k 8 0.019293646933991826
75 l 25 7.290658394532024e-05
75 m 86 0.06825404899959508
75 n 78 0.0016549730008679209
75 o 111 0.037693375363276216
75 p 101 0.012477492339106333
75 q 89 0.01075267317009665
75 r 46 0.03153320635365331
75 s 53 0.06570798045333348
75 t 107 0.04788312377613835
75 u 88 0.06564733491083785
75 v 100 0.007838677215349033
75 w 133 0.02283434971217868
75 x 22 0.029894542355518694
75 y 34 0.08431718336109162
75 z 60 0.04625248481450628
76 p 77 0.8321801219603987
77 a 31 0.07400895585356138
77 b 52 0.07187081105099768
77 c 111 0.04605286249563223
77 d 30 0.11606522122096175
77 e 64 0.05788430463857219
77 f 52 0.025948144959859976
77 h 98 0.11852128581729471
77 j 48 0.026550276775517023
77 k 98 0.052655539474627755
77 l 95 0.005265145947023986
77 m 10 0.007065468572833411
77 o 28 0.034899357453149205
77 p 117 0.02903771757027629
77 q 128 0.001978667801079137
77 r 88 0.07488612215693247
77 s 44 0.09015799833410121
77 t 95 0.049647166387730146
77 v 21 0.026766902141863724
77 w 101 0.01239690732504184
77 x 76 0.018294254164347157
77 y 49 0.001249228476403963
77 z 19 0.020853123181807987
78 f 6 0.30868096319401916
78 g 73 0.030491472695084676
78 k 63 0.36735826469769695
78 w 2 0.04264784004624167
78 x 72 0.24932000056729753
79 v 49 0.7930614513986859
80 a 68 0.10579319003430065
80 b 90 0.13241718331464525
80 c 90 0.04396158353913859
80 d 122 0.10542108759690205
80 e 12 0.002630605024985244
80 f 124 0.07818259884334955
80 j 69 0.05259124328058018
80 k 87 0.010946802812345502
80 l 136 0.031692203421031406
80 m 123 0.02178925662968989
80 o 75 0.04925770690785369
80 p 33 0.1153110779748171
80 q 60 0.04942930694207348
80 t 106 0.03106036587649663
80 u 48 0.007898783200238069
80 x 64 0.03372252672512244
80 z 34 0.019094839782548556
81 b 82 0.02080565968942716
81 d 67 0.07938193543541239
81 g 65 0.008421382078143802
81 j 71 0.13699771481882428
81 k 106 0.04703257703444197
81 l 113 0.012508628080325157
81 m 80 0.056585229194449305
81 n 16 0.037475359932455876
81 o 88 0.0773419527201693
81 q 54 0.003693236753150586
81 s 6 0.022410209344761345
81 w 17 0.012508371653602746
81 x 48 0.13459572992848723
81 z 33 0.11516634371626289
82 a 79 0.03664488010438516
82 b 93 0.056719206460745464
82 c 117 0.09863299218687172
82 d 88 0.20588155643262995
82 f 28 0.020001848076366402
82 g 76 0.01043622776559594
82 h 21 0.038903034842447615
82 j 138 0.01898761694079787
82 k 74 0.09197444990267656
82 m 77 0.023959888986324618
82 n 11 0.11683124479178442
82 p 136 0.06500879667240111
82 q 42 0.016413420669130097
82 v 8 0.004294416801544965
82 w 89 0.12412592764595853
82 x 3 0.02857562169547101
82 z 96 0.014065033086386958
83 d 97 0.03494633073851605
83 j 66 0.04871695243842289
83 s 135 0.08428014357845615
83 v 47 0.29703464944037494
83 x 7 0.5173759498882841
83 y 114 0.013497033567208772
84 a 39 0.04176324744014526
84 b 28 0.012538079240282052
84 e 65 0.035498160601459494
84 f 81 0.013854108107636431
84 g 105 0.14499119538003313
84 h 127 0.07153692263550127
84 i 67 0.07305525607352814
84 l 109 0.06362809883711351
84 q 117 0.28241948253222493
84 r 116 0.04082562599078898
84 u 50 0.08362537144061133
84 v 11 0.007829142767481034
84 x 23 0.00016714952604657274
84 y 76 0.017151434315836322
84 z 99 0.061580654968749426
86 z 97 0.3114945711263638
87 a 75 0.110495165707311
87 b 43 0.017797561523481442
87 d 25 0.09552159773115199
87 e 16 0.032468558818856796
87 f 31 0.022518674256998827
87 g 124 0.08704988902007049
87 h 110 0.028185144215430835
87 i 127 0.06678708161939972
87 j 94 0.0804380667253618
87 l 2 0.01660127680196699
87 m 104 0.018211524630731613
87 n 45 0.007389326837933696
87 o 11 0.020734523025288443
87 p 87 0.026036681562405573
87 q 55 0.010305574828368025
87 r 126 0.03656853860179743
87 t 87 0.028037375788120045
87 u 64 0.050096856291518055
87 v 69 0.02555871897980977
87 w 137 0.042249490995168504
87 x 76 0.0016740569364384061
87 y 109 0.0625799277945317
87 z 124 0.0913564511369227
88 a 38 0.02710520142099926
88 c 65 0.06474359534978225
88 d 53 0.047031017706628875
88 e 12 0.01523045519659949
88 h 37 0.02259145156946274
88 i 126 0.05008715052649282
88 j 34 0.012018591575848725
88 k 122 0.031056242648339727
88 l 100 0.006939406248701263
88 m 48 0.00418767388029051
88 n 105 0.033450921368135655
88 o 84 0.05251722200204001
88 p 26 0.02122491706505647
88 q 36 0.005540669999851033
88 s 19 0.05813794761317581
88 t 96 0.029530995370541713
88 u 123 0.01890867788593209
88 v 33 0.1724176400882158
88 w 114 0.1445261241777267
88 x 8 0.0505238154083224
88 y 20 0.0043897013725952005
88 z 129 0.01875873517455029
89 b 85 0.14930270941817947
89 c 66 0.1024100191529147
89 g 109 0.006658273576464091
89 k 67 0.07601123652348929
89 l 54 0.004917086612866495
89 o 8 0.04700664917750641
89 r 11 0.2009174494446756
89 v 112 0.01488742406755228
89 x 80 0.13556234417146396
89 z 40 0.10786465098443043
90 c 101 0.02318975773575116
90 d 136 0.021821206120727132
90 e 56 0.28239033376732525
90 h 138 0.007425094731381865
90 j 105 0.04359874623064519
90 k 50 0.07634234210636781
90 m 33 0.022919632305011817
90 n 7 0.04842814004917306
90 q 49 0.06463734649453534
90 r 99 0.015564572738039129
90 u 47 0.13626487306908885
90 v 53 0.0998111222148299
90 y 27 0.0025131276918279877
91 a 84 0.029476681300700913
91 b 99 0.1020790761632584
91 c 68 0.08530982936750453
91 d 60 0.049976224365992916
91 e 90 0.00814050123784571
91 f 86 0.008007130550740427
91 g 128 0.047157035788935486
91 h 0 0.026394884660029705
91 i 17 0.04410516405605902
91 j 131 0.028701519169840983
91 k 119 0.04151455466369569
91 l 89 0.013692026539389834
91 m 29 0.031720251457711846
91 n 71 0.0944799805508455
91 o 68 0.039530235078079956
91 p 87 0.03455074012510673
91 q 38 0.02003267469079384
91 r 74 0.004681558826646004
91 s 26 0.01914713564578885
91 t 40 0.09605665170887356
91 u 35 0.011107954279249155
91 v 90 0.036852346605533604
91 w 3 0.03722334458431453
91 x 115 0.06075639214659945
91 y 116 0.013377768446948046
91 z 117 0.014028974280297368
92 b 25 0.053047019559101516
92 k 5 0.27481329355466855
92 p 99 0.04841046755358924
92 s 79 0.0976924111876708
92 x 113 0.3201356790661828
92 y 121 0.020420579499068947
93 e 55 0.5019505057585175
93 w 81 0.11306948161125685
93 x 9 0.1864906123039849
94 e 65 0.4315010272870906
94 j 30 0.04674789247833444
94 p 115 0.04254423233163973
94 s 41 0.1519758658200231
94 y 95 0.20406107095437154
95 c 84 0.030297309851539
95 d 59 0.006323484766724952
95 e 112 0.1646082652762073
95 f 71 0.016066315367445405
95 g 42 0.07304022692823775
95 j 45 0.015709570102212522
95 k 136 0.11733190301031393
95 n 4 0.058028920151787844
95 r 98 0.052317950687546744
95 t 121 0.02590948194514897
95 u 131 0.020146848927809158
95 v 10 0.04185410592853123
95 x 44 0.007171799250306199
95 z 9 0.02303906045459314
96 y 12 0.6263169393426191
97 a 42 0.13328042774688498
97 n 114 0.0021812848644163774
97 q 37 0.8122794508133487
97 z 93 0.044221429196564466
98 b 118 0.1575142616975147
98 c 79 0.02043429563299548
98 d 23 0.010311719493462657
98 f 125 0.018059697142500775
98 g 60 0.1756068395214644
98 h 50 0.1129051499321071
98 i 60 0.012718891389367104
98 j 132 0.009244378607628279
98 k 62 0.0605804548444594
98 n 23 0.02594592978221455
98 o 121 0.09267841867726545
98 p 91 0.003616788273358651
98 q 43 0.0764886274692198
98 r 31 0.07478872969243155
98 s 102 0.007455778368193999
98 t 49 0.0185725338025593
98 u 79 0.0176420431591382
98 v 57 0.024816055271893567
99 i 100 0.7472912530107712
100 a 95 0.0254118386608031
100 b 109 0.012401184271488064
100 c 78 0.05311040352886287
100 d 138 0.016655061144776884
100 e 73 0.02449073021755588
100 f 77 0.027505510323729276
100 g 61 0.01691736607200811
100 h 82 0.002177548386288475
100 i 27 0.06247855647085032
100 j 56 0.005644428181242889
100 k 15 0.020600195712600522
100 l 0 0.009422834662906276
100 m 133 0.04364792846085708
100 n 49 0.01378801932915763
100 o 12 0.04378695540095945
100 p 115 0.12396877314428012
100 q 116 0.030785663192531065
100 r 97 0.11521022968363182
100 s 19 0.06013513948112004
100 u 75 0.08042805700560207
100 v 46 0.0018576509942183073
100 w 27 0.035314613667474015
100 x 23 0.004245245618455962
100 y 97 0.02622978284816846
100 z 92 0.004813125480032432
101 b 29 0.10538051602696907
101 d 22 0.15392304597067918
101 e 30 0.046568179461621284
101 g 110 0.12138483483600504
101 h 101 0.034630349794029125
101 l 21 0.013274418912429087
101 n 66 0.013843693451509265
101 o 27 0.0970305207131138
101 p 14 0.0717910271501343
101 s 37 0.06615555239593851
101 t 19 0.025112680989254565
101 v 1 0.002592023223759732
101 w 98 0.04727156651859021
101 x 117 0.12189387482771108
101 y 82 0.06406891631050649
101 z 130 0.014070828490793441
102 a 12 0.06630012214588588
102 b 19 0.14884709098092397
102 d 70 0.0609714136863877
102 e 34 0.0012080194778488762
102 f 4 0.0634127534046901
102 g 34 0.02311371919464078
102 i 38 0.06253117618854032
102 j 128 0.062188515791618104
102 k 92 0.004920528106487354
102 l 30 0.050195054453726184
102 o 39 0.0004633165516696458
102 p 89 0.014553236768526379
102 q 84 0.032675514699975206
102 s 59 0.026151932294914193
102 t 43 0.005144203845562134
102 u 91 0.05014224023014835
102 v 71 0.077081561562373
102 x 84 0.040674817163392274
102 y 16 0.11490289089092764
102 z 117 0.0006854910763572919
104 a 95 0.021112794960818193
104 c 77 0.04910861294913993
104 d 51 0.09240854206304028
104 g 41 0.08322890196106303
104 k 56 0.03161439091220586
104 n 106 0.03620232937932755
104 o 88 0.1875591368974705
104 p 16 0.029684203652643126
104 s 11 0.06026533961643543
104 w 24 0.2603202494736333
105 a 72 0.035384671917845
105 b 40 0.018141680687167927
105 c 9 0.028158520470604298
105 d 52 0.06750914181583523
105 e 20 0.007420182828758448
105 f 128 0.03833639133969047
105 g 97 0.008836625310909896
105 h 98 0.04547044972776393
105 i 57 0.03527937875085896
105 j 0 0.015370403029723367
105 k 36 0.029079478662791924
105 l 21 0.056779843768238636
105 m 18 0.008117429561211975
105 n 107 0.05478907205961858
105 o 109 0.025494493411713393
105 p 7 0.041518991555479556
105 q 8 0.030518638944640353
105 r 88 0.016909161475638368
105 s 112 0.13658128895834198
105 t 41 0.10273594356658722
105 u 126 0.010035783825176003
105 v 120 0.007786638121681899
105 w 127 0.06612282452947482
105 x 31 0.009642022869619571
105 y 109 0.011685015215699979
105 z 14 0.061384543431530436
106 a 28 0.02452439637604731
106 b 133 0.06909783281182214
106 c 108 0.04869820685656434
106 d 123 0.011176360671231955
106 e 35 0.010495006648883032
106 f 115 0.07127365715171186
106 h 29 0.08901721450683586
106 i 137 0.03752787417157799
106 k 2 0.021793098310108783
106 l 29 0.033161580253131206
106 m 81 0.003112124627702162
106 n 101 0.010947288423287516
106 o 105 0.04769708382836679
106 p 111 0.0161627131785419
106 q 117 0.0053458358763521785
106 r 84 0.006559230288446405
106 s 32 0.053726324687655924
106 u 57 0.05236782199523837
106 v 114 0.020527275658608013
106 w 27 0.016927588576743036
106 x 106 0.043043970220248196
106 y 18 0.09362143818065993
106 z 50 0.10779589039590454
107 d 50 0.18576477279506687
107 e 13 0.08105463191172457
107 f 70 0.4273566621266789
107 j 60 0.0874672057783219
107 p 81 0.013002949383230988
107 x 22 0.090215840225779
107 z 9 0.09708416551958887
108 a 90 7.671384322749386e-05
108 b 53 0.011296330371281638
108 c 83 0.07450504685751258
108 d 131 0.003235784890851079
108 e 15 0.017938608574460058
108 f 83 0.06714565635904945
108 g 9 0.046022444124216966
108 h 65 0.05577992646965435
108 i 125 0.02510402888209029
108 j 84 0.03180285712352504
108 k 101 0.02108056563616223
108 l 90 0.02651188636184798
108 m 92 0.014244240361257932
108 n 4 0.020094092956278065
108 o 134 0.019133177141932745
108 p 76 0.009199087721651233
108 q 100 0.03099694845351364
108 r 55 0.0502430541884884
108 s 12 0.23534497907629326
108 t 52 0.018503939578837225
108 u 125 0.02936726035921222
108 v 16 0.0857330954535942
108 w 96 0.014690114622430972
108 x 19 0.03329939176192076
108 y 60 0.030475587732419873
108 z 87 0.023243480743633915
109 e 67 0.07007290747459671
109 f 19 0.035422937679046695
109 g 62 0.09371072328020824
109 h 74 0.02655929415637237
109 i 31 0.029272618972826847
109 l 97 0.0013754529326532872
109 m 129 0.08361820945747389
109 n 104 0.10088633494741461
109 p 29 0.032725185167123194
109 r 39 0.0031965537745148875
109 t 116 0.05986752429185316
109 u 18 0.047201366009257395
109 v 131 0.07355277765541146
109 w 25 0.08715473516342076
109 x 126 0.04021828072583933
109 y 136 0.04780479403263094
109 z 40 0.0795708515450968
111 g 55 0.41550882440273873
111 o 134 0.17442740616968389
111 s 106 0.2129887320462699
111 u 63 0.04599169269125436
111 y 117 0.07221961033968538
112 b 122 0.020033537913083155
112 c 109 0.10084091546563301
112 d 40 0.022012418277724488
112 k 2 0.01107190332180119
112 l 47 0.055380202361844266
112 m 90 0.15760877027066467
112 o 77 0.18698734780313853
112 q 24 0.04281708900084924
112 r 137 0.11032837762208592
112 t 121 0.016875103529062185
112 y 20 0.002873976562617897
112 z 8 0.18385113216465265
113 u 86 0.4071379684708195
114 a 121 0.11368367843735472
114 c 17 0.10482808754296236
114 e 7 0.10498085851113248
114 g 61 0.021140147228562833
114 j 73 0.03130280117741535
114 k 36 0.0011937026890033176
114 l 54 0.053202143163577964
114 n 49 0.222048859033261
114 o 23 0.039923377466948295
114 q 16 6.923935325398034e-05
114 r 3 0.037983254205897654
114 v 61 0.0623758902666629
114 w 53 0.0041933922968823145
114 x 70 0.11696524310646383
114 y 108 0.01920759445632969
114 z 5 0.04720639831918694
115 a 49 0.010659118856844119
115 b 73 0.1078823702070828
115 c 131 0.010578755683892105
115 e 83 0.07257050595388559
115 f 32 0.004029922279802034
115 g 75 0.15485399754693774
115 h 23 0.07945887864768686
115 i 97 0.06418496207189772
115 j 113 0.038229016110749026
115 k 67 0.020139657480325868
115 l 53 0.026406332089180418
115 m 31 0.035115758946005604
115 n 73 0.050496705232662475
115 o 97 0.02669648282731152
115 q 4 0.014525080114129785
115 r 71 0.03400816246697791
115 s 84 0.12260866994371178
115 t 56 0.08797505189895172
115 u 75 0.0016547983242979347
115 w 4 0.017031261129745068
115 x 60 0.0034423767056074306
115 y 81 0.00239443812698803
116 a 135 0.08532681349527649
116 c 15 0.05941820177589663
116 g 25 0.06891057529623912
116 h 51 0.10284423370605789
116 k 37 0.24052670752433303
116 s 47 0.1563230348375071
116 v 135 0.16628044362300998
117 a 89 0.43224046164449925
118 a 40 0.03868606439808453
118 b 12 0.03415361827139529
118 e 44 0.03651307136727033
118 f 14 0.02581012550611972
118 g 118 0.15450164706996028
118 h 78 0.08501843173400758
118 i 27 0.035520080410719634
118 j 84 0.00894993743869854
118 l 108 0.09144786803974958
118 n 11 0.053186479002552245
118 o 115 0.019300324355124188
118 p 8 0.024032474016569383
118 q 57 0.02487212337516742
118 s 71 0.01982580709921644
118 u 137 0.05190492804797464
118 v 4 0.031622846027740126
118 w 48 0.04166750302941136
118 y 16 0.10508488118308212
118 z 124 0.11078168783120057
120 a 49 0.050309520449973055
120 b 30 0.09594668355119607
120 e 106 0.015965619886404103
120 g 129 0.013926898607888094
120 h 135 0.12799634418744332
120 i 86 0.06924774164934588
120 j 2 0.02631721132877729
120 k 29 0.10007860218122577
120 l 34 0.015873923737605433
120 m 110 0.12993780635500718
120 p 124 0.08267363494566304
120 x 49 0.08335864870177812
120 y 47 0.05445567297356613
120 z 103 0.06556556783555834
121 a 65 0.0010586109904568985
121 b 62 0.003597288848890212
121 c 115 0.03293875996513018
121 d 53 0.097295499366847
121 e 73 0.01909860567194621
121 f 116 0.016032563031438296
121 g 130 0.040330504083484264
121 h 98 0.15831054336189476
121 i 23 0.0014800285012663839
121 j 95 0.07332030338861328
121 k 82 0.014476406928184526
121 l 136 0.07691518711554524
121 m 130 0.07483268175529201
121 n 138 0.013956338417235647
121 o 42 0.03769383223356437
121 p 12 0.011955700072749265
121 q 59 0.07331398137507672
121 r 15 0.034882172761407704
121 s 26 0.0011341886187457018
121 t 95 0.020505172745989175
121 u 30 0.003475875046792365
121 v 58 0.003799052868484365
121 w 54 0.028351984462472335
121 x 14 0.12134303994873463
121 y 48 0.014202867852767476
122 a 82 0.03681288174913777
122 b 134 0.09613643328505728
122 c 102 0.002624980182843073
122 d 7 0.023781098978177373
122 e 13 0.03466473707233164
122 f 96 0.056377033466442295
122 g 13 0.015884357510231983
122 h 84 0.024823713809122294
122 i 138 0.004429587853741701
122 j 81 0.027010024696000667
122 k 105 0.04972939004324062
122 l 93 0.010025317708708958
122 m 58 0.036621010544969135
122 o 133 0.08368199928528186
122 p 66 0.05401892570060762
122 q 107 0.016168130784129375
122 r 2 0.01404840637926752
122 s 61 0.028555878509515353
122 t 85 0.014146237052507615
122 u 119 0.027354293274516883
122 v 123 0.02501546645587227
122 w 98 0.03316636148606922
122 x 18 0.032765608357740894
122 y 13 0.019757982602986113
122 z 45 0.07518411326682106
123 b 91 0.011430270956310773
123 h 47 0.0016812057950186254
123 j 53 0.08576622333591022
123 m 36 0.09639673674109739
123 t 98 0.156324610785599
123 w 7 0.15960822296677868
123 y 110 0.16045395344714808
123 z 69 0.12331905403451249
124 b 3 0.23262949872842287
124 g 0 0.1614991832701228
124 j 34 0.13158463290992306
124 s 124 0.2222482188343795
124 t 99 0.12618958163131422
124 u 131 0.11167016322775403
125 a 19 0.045200714951208476
125 b 70 0.009583014560683889
125 c 74 0.0036533655119593833
125 d 83 0.05219775132608595
125 e 130 0.0028140869836780213
125 f 67 0.04557168767273556
125 g 37 0.09651829881187224
125 h 60 0.17855008409826645
125 i 20 0.03963605691134042
125 j 133 0.11818998792375512
125 k 94 0.013601555121660391
125 l 41 0.05679807563506545
125 m 30 0.037072491236970095
125 n 44 0.06718263714674788
125 o 117 0.009138139653579902
125 p 17 0.02524784657133694
125 q 48 0.01817428733510107
125 s 30 0.04083715994275816
125 t 101 0.0029654701077681533
125 v 93 0.02729837514316813
125 w 137 0.053732151285191154
125 x 8 0.009761141034243637
125 y 44 0.020320318585003383
126 a 24 0.013914908516873603
126 b 50 0.030288546731118693
126 c 30 0.0020819221873663585
126 d 30 0.03004620815773318
126 e 4 0.033528920252976935
126 f 35 0.043333074973592844
126 h 80 0.013105811308042226
126 i 6 0.031747209108563434
126 j 128 0.001911470332023213
126 k 55 0.19123446706055625
126 l 14 0.10090979976215364
126 m 78 0.062570158807991
126 o 99 0.0009912339733589848
126 q 123 0.05695532060039632
126 r 32 0.037673626322077935
126 s 131 0.18146603893752677
126 t 95 0.04215808173958968
126 u 20 0.023897903991474734
126 v 121 0.019740385556964002
126 w 103 0.017404860684537282
126 x 70 0.003025392756092593
126 y 29 0.002184553831937497
126 z 51 0.03443484492977866
127 f 86 0.4290902795988828
127 h 76 0.04967048214490677
127 o 111 0.0866450951886305
127 p 101 0.2527535557498408
128 c 57 0.0015484257280387048
128 k 130 0.1295875189379595
128 l 125 0.06631591013058002
128 r 4 0.12093895816955946
128 u 126 0.09401860352991298
128 x 7 0.01932894405176111
128 z 73 0.364627069148978
129 d 28 0.22839219686850964
129 g 58 0.26954780117987165
129 t 135 0.006826815168043288
129 x 58 0.2006900670891355
130 b 110 0.008388416102928953
130 c 20 0.0014738329039986064
130 d 124 0.08578185765706314
130 e 1 0.06035714748594512
130 f 14 0.031131715260847015
130 g 97 0.04234048253809697
130 i 25 0.009140623656060387
130 j 102 0.17876520449644107
130 k 74 0.20823317042918998
130 l 53 0.0326057519265569
130 m 103 0.010603148856173195
130 n 62 0.06152806987193693
130 o 76 0.06849564500854055
130 p 18 0.004322391162687289
130 q 28 0.00011355683402047845
130 r 39 0.06258118190178052
130 t 5 5.247727709234429e-05
130 v 23 0.005226571597752083
130 w 1 0.02689714032658419
130 x 29 0.040505915952520954
131 i 123 0.28296542800997826
131 n 50 0.2733505077861166
131 x 39 0.2246097727422406
131 z 83 0.019272791148863933
133 a 2 0.05161681407442753
133 b 71 0.008415668804971133
133 c 70 0.02058515492006341
133 d 5 0.06748887695742001
133 e 59 0.06112540902884378
133 g 78 0.026307285062294183
133 i 26 0.010887836851100507
133 j 128 0.01730845978654838
133 k 60 0.08019685863574766
133 l 53 0.020516013086108842
133 m 100 0.0632650969066646
133 n 84 0.025509566170171083
133 o 131 0.0592018617463107
133 q 135 0.0125016136519982
133 r 95 0.11267156644605003
133 s 65 0.01561809622912902
133 t 105 0.062439207863606794
133 u 112 0.05453398218258909
133 v 94 0.004797572193490973
133 y 112 0.014141525004012667
133 z 129 0.13509724718161242
134 a 79 0.021502317475258437
134 b 56 0.011112243047440074
134 c 83 0.05018937902257481
134 d 107 0.013296669868406386
134 e 58 0.08229011403381348
134 g 107 0.005567307679980371
134 h 114 0.018569395527128996
134 j 98 0.04300656500256117
134 l 120 0.009054360081819812
134 m 99 0.17166010799490783
134 n 33 0.030413315131163965
134 o 74 0.005287646847659255
134 r 69 0.25104493930963656
134 s 41 0.048213629854803486
134 t 47 0.0330539782865672
134 w 14 0.03138729968226461
134 x 62 0.09668712929796941
134 y 65 0.010696370506380948
134 z 97 0.04133605789063477
135 a 19 0.007190868527575112
135 b 128 0.03959906181424189
135 c 31 0.0026317635060666422
135 d 54 0.19134541513755765
135 e 138 0.04956360199972398
135 g 29 0.007144041656962474
135 h 70 0.0038940994889999914
135 i 114 0.04525868809187661
135 j 57 0.055127065880903214
135 k 111 0.004626516213346421
135 l 101 0.029935281861929952
135 m 47 0.00542593805743008
135 n 129 0.006233125585414223
135 o 68 0.16344947434036106
135 q 63 0.025095213726116006
135 r 62 0.039594149083845176
135 s 117 0.002207915288853557
135 t 108 0.01639610711998296
135 u 8 0.09487868282052525
135 v 23 0.05546044839346209
135 w 22 0.010090144483785313
135 x 126 0.010850056333248426
135 y 42 0.08318283529799342
135 z 99 0.02310070035324685
136 a 123 0.03171429463144382
136 b 18 0.02001858239885601
136 c 69 0.10447202577429227
136 d 70 0.03018587854200383
136 e 48 0.005159554921922438
136 f 97 0.035898509965271774
136 g 95 0.0026706860457461623
136 h 44 0.00026838516677119006
136 i 128 0.026148483963660762
136 j 7 0.004546130310319474
136 k 43 0.21374113374532566
136 l 18 0.03361340055490192
136 m 70 0.03750925684116224
136 n 70 0.08700229071285559
136 o 55 0.0821565620635013
136 p 108 0.0032430473590888687
136 q 76 0.011113826003685934
136 r 66 0.06188286415210564
136 s 131 0.060908868265713845
136 t 129 0.011077656997209084
136 u 95 0.006860684844346987
136 v 50 0.01636566351659874
136 w 70 0.015735675936685234
136 x 36 0.05324034455130178
136 y 122 0.02269112725089728
136 z 9 0.0012102135808129688
137 e 112 0.07512886459673407
137 g 53 0.03740371644045559
137 h 12 0.11050402057447029
137 k 27 0.21037287332307475
137 p 94 0.006910057213358467
137 r 39 0.024696827926848464
137 t 127 0.24193633961469618
137 x 104 0.028829946628026848
137 y 90 0.004825319401599026
138 b 117 0.07011130235924079
138 e 103 0.2010494348688333
138 h 6 0.02369338237188412
138 k 93 0.2683372459704042
138 m 13 0.14635459176760635
138 n 60 0.024461004975937617
138 p 23 0.06501626068061073
138 s 118 0.10966337715873786
138 u 18 0.01777471397532482
138 x 70 0.0017811162054925944
138 y 127 0.04433398056989324
