83 26 1061
0 0.027336234549628524
1 0.043258803305458504
0 0.0966352368673391
0 0.0015760240884710175
0 0.04138727627343097
0 0.00909770548995148
0 0.000945214023717944
0 0.22004719101020498
0 0.024319092223939576
0 0.012797497108881783
0 0.12319446901067588
0 0.0028918793456225167
0 0.19783576171805095
0 0.7389153040547961
0 0.025028593852194025
0 0.017700253014009015
0 0.18161174105131617
0 0.003827674356378874
0 0.07744228154868738
0 0.016534583566247152
0 0.06895657759785812
0 0.18868606595597248
0 0.07869795257834766
0 0.06325317811705
0 0.09403228586364232
0 0.004540358408848366
0 0.060391013292391715
0 0.0035321574206852446
0 0.0456190063939822
0 0.05669065043025334
0 0.06162053901701281
0 0.0706685941116898
0 0.04123910143273157
0 0.002534553450589616
0 0.0033699415716020864
0 0.004956963376393064
0 0.009311603599609253
0 1.0
0 0.017016250662799104
0 0.4165155668263345
0 0.03165365904634543
0 0.17310386056817717
0 0.0632242527772745
0 0.1388975155384543
0 0.09080673155810604
0 0.00834974705133018
0 0.015821625283078955
0 0.505790043914146
0 0.014918618982573961
0 0.006024379486476716
0 0.17623612176564196
0 0.1360690482917255
0 0.041362196599798784
0 0.6504925930635704
0 0.16103290049379326
0 0.1936506313176335
0 0.24977721147832266
0 0.06646827267503641
0 0.06514076184917283
0 0.025149623671860244
0 0.10344676751123616
0 0.010327903262382199
0 0.37071419113938275
0 0.15514761830661328
0 0.10037810741885389
0 0.026377075298456232
0 0.0665568162072
0 0.038762419895708944
0 0.5119721405420149
0 0.5842701611708264
0 0.3500813072183878
0 0.07305546306444077
0 1.0
0 0.03762136388191584
0 0.00639721650319014
0 0.03972227479597401
0 0.023307260710800026
0 0.01962709001679952
0 0.18902000244368566
0 0.5688830840889694
0 0.012520945293428176
0 0.19390369499673177
0 0.10357142421878485
0 c 58 0.03940829560915127
0 d 45 0.012834969895101356
0 e 71 0.042234970332528765
0 f 50 0.10411362303902816
0 g 23 0.1862925698037381
0 i 61 0.04180391103328707
0 j 70 0.012532809579776871
0 k 54 0.012038713919303445
0 l 23 0.04895615970141054
0 m 72 0.07732643069604139
0 n 63 0.011104115359082734
0 o 49 0.0141231258632043
0 p 13 0.05259364012505119
0 q 67 0.008241959604675664
0 s 36 0.005325088595747984
0 u 32 0.12734518221190894
0 v 42 0.029786580281457864
0 w 6 0.08154185930257718
0 x 82 0.0644919942426776
0 z 40 0.0005677662546210716
1 c 50 0.49313743040509317
1 h 7 0.05650133488307674
1 j 77 0.23656718763482365
1 n 73 0.12145335894909592
1 o 69 0.01606512932672688
1 q 75 0.001157857998394407
1 x 29 0.03185889749733073
2 i 58 0.051955612744688406
2 p 79 0.478134148331929
2 q 20 0.049860423761007966
2 u 10 0.3234145782950355
3 a 46 0.04991198880291259
3 b 69 0.016588440716016617
3 c 46 0.09854747218025228
3 d 61 0.0018687755664301697
3 e 39 0.10383750726219643
3 f 20 0.050463426623289065
3 g 49 0.062962747715673
3 j 73 0.04716359942002002
3 k 9 0.0009474988224413838
3 m 74 0.002304591159966951
3 o 37 0.03681548314571592
3 q 22 0.0173080734484935
3 r 24 0.029792264115362066
3 s 47 0.09467588808080885
3 t 18 0.07265897466991178
3 u 0 0.13914656595125474
3 v 3 0.008073138725076978
3 w 69 0.08200527035134597
3 x 29 0.07648161572121503
3 y 7 0.000283439241609007
3 z 29 0.006587214191536628
4 a 66 0.030561230056599387
4 b 12 0.06247290230791558
4 c 19 0.05879423715965448
4 e 60 0.0308932896559051
4 f 13 0.05287648278933399
4 h 45 0.004400342106775312
4 i 73 0.04699766175279296
4 k 38 0.014967914088828138
4 l 7 0.03981857600434169
4 m 49 0.031732728148102796
4 n 25 0.007837003440588797
4 o 14 0.02166531211764855
4 p 18 0.017117117249579983
4 r 55 0.0076629092486922845
4 s 39 0.10102421321250332
4 t 22 0.10434081415961338
4 u 67 0.01950267159610386
4 v 54 0.013584211591940454
4 w 8 0.09674729292056905
4 x 40 0.0018456835899604007
4 y 54 0.16208219235800203
4 z 7 0.03168793817111748
5 e 57 0.8331513370152773
5 f 45 0.1577509574947712
6 a 51 0.07939444207830393
6 b 76 0.1291872260714224
6 c 11 0.012807171107353299
6 d 17 0.03338229596772957
6 e 57 0.062278139169728575
6 i 79 0.0035515893321300673
6 j 10 0.003804138643338506
6 k 50 0.030959183692138903
6 l 7 0.005401005389516156
6 m 59 0.03837343710153518
6 n 76 0.0259162773413677
6 o 53 0.13161813747151718
6 p 77 0.14188321810748372
6 r 4 0.006671529702647838
6 s 72 0.026777155467283542
6 u 34 0.008140852608230165
6 v 1 0.13571500203750664
6 w 68 0.049149745469211026
6 x 81 0.020608535038641018
6 y 38 0.038917279237224545
6 z 27 0.014518424941972086
7 i 29 0.19139334247836304
7 k 30 0.06717185680510185
7 m 58 0.45843647489387995
7 s 17 0.06295113481245018
8 a 13 0.04205890110653565
8 b 42 0.0476600800510214
8 c 55 0.1521689196212831
8 d 51 0.05410745120387994
8 f 77 0.01261554414528343
8 i 17 0.04481036867878996
8 j 40 0.13113260828356654
8 k 12 0.09184174989577387
8 l 53 0.01804575273196074
8 o 67 0.0147196664058441
8 q 3 0.18960202852529429
8 s 59 0.04366438472767664
8 t 65 0.11185813589880755
8 u 57 0.011677835318045449
8 x 69 0.00971748118229776
9 e 33 0.02055908729557554
9 j 26 0.033576876683213075
9 k 46 0.0034247372972865398
9 l 39 0.04063841134348578
9 m 4 0.033730193274993825
9 n 15 0.08535266358875482
9 p 72 0.13339540619977086
9 r 48 0.004028973071092734
9 s 7 0.011098598450869912
9 t 39 0.10666182960075699
9 v 67 0.07404002401237053
9 w 20 0.02306901597758315
9 x 13 0.015907646464309755
9 y 50 0.07915780982794296
9 z 70 0.32256122980311175
10 n 56 0.35463435405867794
10 p 50 0.5221711769306462
11 a 81 0.005185578713291283
11 b 57 0.05370011902842542
11 d 27 0.030314156025423644
11 e 7 0.0114328250813579
11 g 49 0.03728179993594183
11 h 0 0.07108347870340681
11 i 21 0.06180953432646907
11 j 30 0.16029781362622697
11 k 78 0.030172557575940173
11 l 27 0.03045769493778616
11 m 71 0.018480895932087127
11 o 59 0.11130266251525578
11 q 43 0.12282365738829926
11 r 39 0.009650988474600886
11 s 57 0.024008460783272123
11 u 6 0.010274543927932034
11 v 31 0.05976005112976468
11 w 64 0.003275864023230879
11 x 56 0.028981711841553515
11 y 34 0.08378664547944259
11 z 73 0.03302708120466935
12 a 31 0.04621539507404049
12 c 82 0.04610751915250433
12 e 26 0.03032059435438972
12 f 46 0.007584182618018409
12 g 73 0.005868341081129103
12 h 71 0.014435249377838466
12 j 41 0.0665761168949276
12 k 80 0.013590231113831841
12 l 6 0.11625439360625067
12 n 29 0.13110519278976196
12 q 53 0.012347208213077776
12 r 81 0.14603870751850645
12 s 59 0.08248558398105033
12 y 79 0.04672174235811699
12 z 45 0.036513780148504926
13 g 62 0.10674604228522278
13 x 20 0.15433865365998112
14 a 14 0.0018353370394246227
14 c 14 0.022448188697166693
14 d 38 0.009709430660038487
14 g 8 0.021754170060496292
14 h 29 0.014320775269265451
14 i 47 0.008046704645325309
14 j 55 0.027785214648900713
14 k 76 0.2081382562651608
14 l 11 0.049316665241070035
14 m 41 0.06466848110266843
14 n 4 0.07520256701251715
14 o 31 0.03612312893171199
14 p 16 0.03901555296044035
14 q 6 0.0276085719505319
14 r 74 0.022057103931064748
14 s 6 0.012312990332190799
14 t 16 0.02799358510672023
14 u 40 0.03414168770238368
14 v 7 0.15468061867081706
14 w 61 0.006327461085387287
14 x 0 0.06308147382934703
14 y 40 0.008556673231093992
14 z 51 0.039846767774082914
15 b 20 0.005674704536036912
15 f 15 0.30069300080391936
15 g 36 0.03818467142508053
15 i 66 0.08999037904999019
15 j 36 0.056125475148113946
15 k 29 0.043169141723458204
15 l 61 0.021396167017755707
15 n 48 0.01292304822474899
15 o 39 0.17380306479790186
15 p 20 0.060831556738102366
15 q 82 0.06364784661901102
15 u 48 0.07908629535841238
15 x 27 0.017309777270724913
15 z 46 0.019464618272734602
16 a 76 0.0701578580984139
16 g 57 0.13299932584515306
16 h 68 0.17452176469539094
16 k 9 0.04508518441210008
16 o 32 0.04905633360178874
16 t 44 0.06557628523738124
16 w 20 0.23107795416582488
16 x 41 0.049913552892631
17 c 38 0.017234317676390498
17 d 4 0.009449165210161481
17 e 79 0.020333543929036857
17 f 80 0.06589986301641537
17 h 6 0.11506206075206393
17 j 21 0.004367007122131339
17 k 34 0.0034472253163836397
17 l 39 0.0029133549311333162
17 m 22 0.0026819082978557507
17 o 12 0.023059181586408073
17 q 73 0.0069106951092515745
17 r 66 0.05147407444726937
17 s 76 0.052477704622045374
17 t 74 0.27679653482980837
17 u 42 0.0003977022444282552
17 v 33 0.08667621711397411
17 x 37 0.2569917694388638
18 g 76 0.19477991385792603
18 n 5 0.035383349546169285
18 q 53 0.03955801643657353
18 r 82 0.024977944713012512
18 s 58 0.436265886273419
18 t 12 0.08284237896709112
18 y 18 0.002532989792565221
18 z 65 0.10621723886455592
19 a 70 0.018760845915438473
19 c 76 0.24223824141730566
19 d 35 0.03262877693722932
19 g 0 0.019841316434632827
19 h 3 0.1312324149503865
19 i 19 0.058325205642292044
19 j 56 0.007865785190336094
19 l 10 0.02967194991537403
19 o 69 0.05892092351181455
19 r 38 0.0102892772310893
19 s 80 0.25294918171861336
19 v 20 0.07868800300005252
19 x 56 0.0028980052964908687
19 y 76 0.0391554892726973
20 a 42 0.1510069754696325
20 b 63 0.010995903319477196
20 c 31 0.0819098444135794
20 d 65 0.004402017159122251
20 f 68 0.009098487953662193
20 g 2 0.0031656044215404577
20 h 53 0.03394249502644964
20 j 29 0.0717072503166748
20 l 59 0.009755486170347605
20 m 77 0.024372559589480036
20 n 60 0.08717553161952318
20 o 60 0.11739782318531489
20 q 68 0.011886078118932053
20 s 80 0.00814438414160601
20 t 24 0.017769778349120968
20 u 0 0.14311546578403778
20 v 47 0.031852159012763726
20 x 77 0.02162764166590525
20 y 60 0.06580541410409879
20 z 30 0.025912522580873176
21 d 75 0.11731631704433454
21 e 1 0.27106790142232795
21 f 6 0.0035478323985574933
21 g 11 0.2150627236915228
21 i 10 0.0438460128111724
21 s 58 0.09520897189748867
21 y 9 0.012644751260148746
21 z 73 0.05261942351847493
22 c 47 0.05011925494428404
22 g 70 0.6429205843943154
22 k 39 0.012098826313963085
22 l 33 0.0005724952108292491
22 r 66 0.19263255579159455
22 x 62 0.02295833076666598
23 a 21 0.24757000005898833
23 k 51 0.060003859828197004
23 m 73 0.1322351158419347
23 q 72 0.05383281643233562
23 u 36 0.35722346381850656
23 y 67 0.08588156590298779
24 a 49 0.10534152422358811
24 i 49 0.027980863353661012
24 k 23 0.12289678305419394
24 n 59 0.17001669285700438
24 p 43 0.2955107423280642
24 q 15 0.18422110831984606
25 a 46 0.09459177469825863
25 b 14 0.017511969768467917
25 c 73 0.03623005831717441
25 d 29 0.03567252876724436
25 e 58 0.03488786140405187
25 g 81 0.04300961222708677
25 h 57 0.0545461370666237
25 i 56 0.005493614734503938
25 k 29 0.08085123316692899
25 o 28 0.012391059583375275
25 q 72 0.06317329310145381
25 r 9 0.08552688371380834
25 s 19 0.013050556101268151
25 t 19 0.002422231036964262
25 u 34 0.09601688639178607
25 v 60 0.04323069332800267
25 w 3 0.07503940612671656
25 x 81 0.10524836724402842
25 y 59 0.07041272618018302
25 z 35 0.026152748633224476
26 b 81 0.057825627335193475
26 f 77 0.017500771973899987
26 j 28 0.04785762255654358
26 m 80 0.07213504758629496
26 p 67 0.07163102734915439
26 u 15 0.02468709846066508
26 v 73 0.1357262407307962
26 w 6 0.445522153755296
26 x 54 0.06672339695976459
27 a 2 0.017701096159445262
27 c 70 0.013060777066029927
27 d 26 0.04731290834336166
27 e 47 0.23545207370331067
27 h 28 0.2457206635005843
27 i 47 0.042589562746191634
27 j 79 0.03660653863377117
27 k 56 0.001402435801586166
27 l 58 0.009095183417944686
27 o 2 0.003591560677847383
27 p 51 0.03735836939387016
27 q 59 0.10876419088823563
27 s 9 0.1420948225137717
27 u 61 0.018631839237475356
27 w 73 0.037085820495889044
28 b 17 0.006185621725923962
28 f 4 0.0005518115317380001
28 h 33 0.024835932137058925
28 k 5 0.08800772791157041
28 l 45 0.18037245747949093
28 q 71 0.17711172908831208
28 r 74 0.03448826221948742
28 u 41 0.20727337265436185
28 y 12 0.23555407885807422
29 b 22 0.24887198543308808
29 e 26 0.024783133995552875
29 g 11 0.061803859301973074
29 k 40 0.004425997558098915
29 q 48 0.04533065405195702
29 v 50 0.40500289270446543
29 z 81 0.15309082652461126
30 a 66 0.009374498425914646
30 b 12 0.010622182197427166
30 c 52 0.06496653359502214
30 d 43 0.07153011117796193
30 e 0 0.0059096355614762786
30 f 78 0.02086699808487602
30 g 64 0.2091381294143937
30 h 24 0.06257544313327379
30 i 6 0.015981849422542105
30 j 12 0.051117656397533406
30 l 74 0.03250822853741975
30 m 22 0.004769716838142424
30 n 7 0.026945991566587946
30 p 15 0.006559619168105102
30 q 40 0.13138160678791577
30 r 6 0.03166783959066799
30 s 12 0.0743928719591469
30 t 15 0.003004978900407518
30 u 30 0.061103720591124566
30 v 71 0.03446600577313674
30 x 38 0.009495843859911313
31 a 30 0.0063240050821801175
31 b 19 0.0003835862414268698
31 c 32 0.036973705870352425
31 d 61 0.0511537723682749
31 e 23 0.06805034866080184
31 f 49 0.03789604881132613
31 g 51 0.030635773238421704
31 h 80 0.026172615656607445
31 i 59 0.000136233176607381
31 j 66 0.011464528688205577
31 k 20 0.07900528791530037
31 m 24 0.011647669301065866
31 n 22 0.0018643596804657214
31 o 5 0.06676869168068167
31 p 16 0.05328235331804687
31 q 74 0.08109750064745014
31 r 10 0.012112639616028043
31 t 76 0.05796331091857321
31 u 59 0.04296014080911015
31 v 33 0.05451845086517182
31 w 58 0.057396983964633996
31 x 4 0.033439876904723165
31 y 59 0.04984793963131873
31 z 41 0.05823558284153607
32 c 17 0.02237463253102856
32 g 57 0.09644150689070985
32 h 39 0.17907001727171346
32 l 59 0.07713055746616748
32 m 39 0.0449547167986204
32 s 82 0.25691170517758555
32 v 63 0.13640488874981915
32 w 45 0.03458519560067175
32 x 18 0.11088767808095223
33 c 0 0.11031798788623892
33 d 11 0.0749393634973724
33 g 50 0.11421650312672005
33 h 3 0.13825006951239838
33 k 6 0.0437516008711194
33 m 44 0.04504619143689936
33 p 0 0.02874860026968573
33 q 54 0.015541434594520509
33 r 59 0.29085429176139166
33 s 19 0.059358745507132604
33 z 70 0.07644065808593137
34 a 82 0.027253392424310796
34 b 46 0.0026789927745094477
34 c 71 0.053842177304646355
34 d 12 0.05877926220549157
34 e 47 0.043441007489808614
34 f 19 0.03284454880794596
34 g 51 0.056014261209046734
34 h 71 0.10956546922705246
34 i 5 0.0499450942044003
34 j 38 0.042064062479204356
34 k 7 0.022634679319980755
34 l 15 0.04441505730430961
34 m 27 0.021113498966749522
34 n 57 0.017545170110590425
34 o 49 0.03351280715048266
34 p 3 0.03952906126956934
34 q 59 0.14599033337317902
34 r 60 0.01490286976930899
34 s 45 0.009608459411840742
34 t 50 0.009392308021708096
34 u 5 0.08404230780963529
34 w 26 0.05018819943518826
34 x 18 0.023875026323220472
34 y 16 0.003452012036218144
35 b 40 0.2661627849104533
35 c 33 0.021972919634466237
35 g 54 0.0360961287898065
35 k 11 0.0978892364259899
35 n 69 0.04349288894993397
35 q 28 0.40739268535634454
35 t 6 0.017882233201450548
35 v 77 0.0037676340458481228
35 y 7 0.016253581308044107
35 z 0 0.0841329440012697
36 a 46 0.007074041322715829
36 b 44 0.04886414597407607
36 c 55 0.024730047784378595
36 d 18 0.0009572214496507137
36 e 44 0.013929575601709487
36 g 1 0.1033763402707496
36 i 9 0.09258558251444338
36 k 37 0.02277590538805807
36 l 11 0.0024202759490108416
36 n 36 0.01780877564932737
36 p 24 0.23619292224265787
36 q 51 0.007125791220312205
36 r 69 0.19322432031274417
36 s 16 0.1519964832855466
36 t 18 0.04206783394557312
36 u 53 0.008788625919366577
36 z 48 0.01677050757007026
38 a 53 0.04195724262571909
38 b 3 0.02766465742389468
38 c 13 0.015286053940403277
38 d 55 0.007495611239763056
38 e 79 0.0778833852001829
38 h 80 0.09632698044246557
38 j 1 0.04193999452167885
38 k 2 0.03806112533046535
38 m 47 0.018192108830500486
38 n 57 0.003888524265310278
38 o 32 0.033494924802873305
38 q 36 0.013413186754897999
38 r 68 0.040780874790138366
38 t 63 0.06215263110472502
38 u 52 0.10527558198380438
38 v 14 0.04604969575234319
38 w 55 0.044982985635248385
38 x 50 0.11603527072850361
38 y 17 0.11594095971960772
38 z 32 0.03616195424467539
39 d 43 0.0019161919322483456
39 f 27 0.08531409763545206
39 j 45 0.11995530717336078
39 p 55 0.2408575182702668
39 r 69 0.012725535228283236
39 t 31 0.022063233318896147
39 v 5 0.10065254961515813
40 b 15 0.07984089306829223
40 c 82 0.05623534016123022
40 d 57 0.045556792832560644
40 e 77 0.021739794420762237
40 f 18 0.013547695732141984
40 h 52 0.01752319559240334
40 i 69 0.010934250995943584
40 j 3 0.019248617717669836
40 k 23 0.021160041119397288
40 l 53 0.006454099474567543
40 m 28 0.13501805153120872
40 n 79 0.040866697866747126
40 o 35 0.004890833683377727
40 p 74 0.06211519957251366
40 q 5 0.005601951984084308
40 r 48 0.05670576453273857
40 s 72 0.020718410499326878
40 t 21 0.10946290879940024
40 u 26 0.013637769680086564
40 v 62 0.025490336025539517
40 w 82 0.09000043157344562
40 x 55 0.016472273832101814
40 y 45 0.09512499025811494
41 c 44 0.06820470349664431
41 e 6 0.05747333616553707
41 h 2 0.039718605255226636
41 i 11 0.014198681348086217
41 k 40 0.3704213390309067
41 l 4 0.06864749107023194
41 n 38 0.05501940714246434
41 q 43 0.0017110276839703564
41 r 10 0.048720193411115
41 u 63 0.10278135482764028
42 h 63 0.025196709435014397
42 m 73 0.19130591983394118
42 r 8 0.041526219189086166
42 w 1 0.015211441721703634
42 z 77 0.6635354570429801
43 a 37 0.06934650040546742
43 c 13 0.014330299781775802
43 d 51 0.19617030195592156
43 e 71 0.003562796176703742
43 f 77 0.0002633760077077607
43 g 60 0.003457263630129437
43 h 42 0.045762058111837756
43 i 36 0.007914883728888045
43 j 17 0.0074831755370567965
43 k 49 0.021980870462638413
43 l 73 0.02119042698011231
43 m 3 0.027345192992614065
43 n 64 0.012904203529607083
43 o 37 0.004244781069945525
43 p 63 0.031148718329346403
43 r 18 0.15542094633075842
43 s 73 0.0700820582622369
43 t 56 0.0012336532981787052
43 u 36 0.00464130836492449
43 v 14 0.07729744035843844
43 w 38 0.018315864738566168
43 x 28 0.0008703831331382528
43 y 64 0.00576217721311012
43 z 47 0.06037380406244208
44 c 51 0.108713050701429
44 d 82 0.14002050001650523
44 g 20 0.06814383466033846
44 i 55 0.1743475545645523
44 l 42 0.04228391311171753
44 m 15 0.15151883574899816
44 v 43 0.20539803757728958
44 w 82 0.008878990409566967
44 z 12 0.009888551651496713
45 a 69 0.04853387103414597
45 b 73 0.036152102185230905
45 c 66 0.0059426562434551355
45 d 8 0.09215402754930402
45 e 19 0.058558143192810386
45 g 43 0.011286156860834784
45 h 55 0.07427134540783087
45 i 72 0.10361790753473155
45 j 77 0.00010583023393240243
45 k 22 0.05982643346299332
45 l 79 0.03794538367921074
45 m 82 0.07357531907322412
45 n 64 0.05450692485898845
45 o 49 0.01936508850251073
45 p 28 0.0367890450719327
45 q 14 0.1138185670058276
45 r 4 0.012411164313958611
45 s 72 0.052795679056480194
45 u 58 0.022644706290679828
45 v 10 0.013198707049471459
45 w 25 0.0030166911844046185
45 x 61 0.01746062169947893
45 y 78 0.0436738814572325
46 a 2 0.00749952456574543
46 b 53 0.042728588722839245
46 c 64 0.049848805931467344
46 f 19 0.003712542766577953
46 g 32 0.02938733045614117
46 h 36 0.037981724400207195
46 i 46 0.024932516755295064
46 j 27 0.023944398478243478
46 k 67 0.030982800164830238
46 l 3 0.1569600029203515
46 m 77 0.015331868072573696
46 o 76 0.11871088711303679
46 p 56 0.005893031344653243
46 q 4 0.12960768189637617
46 r 14 0.04199000496034433
46 s 51 0.042784911246822266
46 t 51 0.03888854533408981
46 u 4 0.08682182000083338
46 v 22 0.061927627514490435
46 w 72 0.004215499985389393
46 x 24 0.018486387508546254
46 y 3 0.009119794364359834
46 z 58 0.002422080213706823
47 f 72 0.00997401585362101
47 l 20 0.19074090303284108
47 n 10 0.0338148335575591
47 o 24 0.061137407759145224
47 w 3 0.1948090641761171
47 z 66 0.003733731706570542
48 a 16 0.02132866774756481
48 b 75 0.01276103320085098
48 c 0 0.12754894622509605
48 d 14 0.0030162796939459113
48 e 28 0.09510840774396356
48 f 47 0.015485814175107082
48 g 19 0.02115775930229291
48 h 31 0.019452204841055698
48 i 18 0.056927851297516874
48 j 42 0.052027682834031586
48 k 18 0.06957364774644204
48 l 73 0.0845159515484033
48 m 27 0.05942931907629356
48 n 14 0.023851874773304527
48 o 60 0.0034400269572266717
48 p 28 0.006043341219251985
48 q 52 0.0019614106533885067
48 r 62 0.028885673458052263
48 s 80 0.022813615001665455
48 t 28 0.09239855685830944
48 u 41 0.007820354510250538
48 v 45 0.029058498610670225
48 w 23 0.05010700270864221
48 x 46 0.011861574253041351
48 y 29 0.0682763400118993
48 z 64 0.00022954656915918914
49 a 27 0.016433218488452694
49 b 35 0.014278798035655016
49 c 11 0.006046644690220093
49 d 31 0.1534473499502107
49 e 65 0.012312856569066555
49 f 59 0.0030863178897286847
49 g 49 0.010090609045482646
49 h 10 0.0030255989955981777
49 i 17 0.03132398348899068
49 j 50 0.029017910821477644
49 k 43 0.039864823538216854
49 l 42 0.0014108910153247667
49 m 32 0.019359329805248016
49 n 79 0.0037881777407945405
49 o 52 0.031968421507233
49 p 15 0.12707896818814968
49 q 9 0.08048206290900284
49 r 40 0.037079222703689685
49 s 54 0.030525901992278337
49 t 21 0.0023096022668050997
49 u 0 0.021867277576575028
49 v 32 0.005964393904115406
49 w 22 0.023290417399041363
49 x 50 0.09374292889095803
49 y 33 0.07033456606924537
49 z 44 0.12584534703196237
50 a 62 0.017436198932046287
50 b 39 0.06172124123158984
50 c 31 0.09418306421537115
50 f 18 0.09528977913477277
50 g 8 0.024849976576333477
50 h 56 0.0038574183629468406
50 i 18 0.04249550784883327
50 j 11 0.01518218902431867
50 l 41 0.07162353012665246
50 m 64 0.04300294736081911
50 p 28 0.008208761869449077
50 q 79 0.010632177765264483
50 s 37 0.03226478065270355
50 t 6 0.0055019468492800705
50 u 31 0.1676374860799822
50 v 39 0.045349901686268956
50 w 15 0.047833024813819236
50 x 4 0.036693945703906605
51 d 22 0.03306937849367131
51 e 76 0.2997187457564692
51 f 74 0.3061596336217859
51 g 9 0.04573362904098455
51 k 41 0.051133578571498806
51 x 77 0.12811598622386478
52 a 72 0.003247752423728545
52 b 30 0.06847880958322461
52 d 73 0.08040941386976741
52 e 54 0.07635499658043943
52 f 36 0.024155617288380005
52 g 69 0.10309678892847163
52 h 46 0.08886939571381136
52 i 17 0.09727429552230882
52 j 31 0.08151007174809555
52 k 69 0.07283698085859858
52 o 28 0.023569318669156125
52 p 15 0.001628612758005965
52 q 37 0.07206144841592121
52 r 44 0.008524127870809362
52 s 27 0.016306302248518367
52 v 31 0.05239175680588737
52 w 16 0.02996739270228377
52 x 77 0.043278728646019116
52 y 80 0.014675992766774004
53 z 5 0.34950740693642957
54 b 43 0.017725221371299282
54 g 52 0.003013108564027367
54 k 7 0.05777999294837832
54 q 75 0.10974679696111955
54 r 35 0.08371281335282155
54 s 67 0.2344918982565003
54 t 26 0.1229131870419441
54 u 7 0.10569314489995052
54 v 72 0.011977910033914352
54 w 59 0.06426392475302878
54 z 55 0.027649101323222625
55 a 65 0.016076607360259842
55 d 20 0.023712716233444397
55 f 56 0.12766264162446805
55 h 50 0.062258692563157414
55 k 18 0.06891955513815629
55 l 39 0.07748075385133013
55 n 72 0.06372351083609995
55 u 44 0.1420754329005941
55 v 0 0.00972539888456836
55 y 47 0.21260182661950433
55 z 59 0.0021122326707836425
56 n 67 0.15061996249050136
56 v 42 0.599602826031176
57 a 18 0.1140671807622059
57 b 7 0.024255549079526095
57 d 36 0.017657330022873174
57 e 33 0.01192214610323128
57 f 73 0.0012809660465136208
57 g 38 0.00606864896541226
57 h 70 0.10949106189299296
57 i 59 0.01980370635664841
57 j 82 0.03867560141882631
57 l 34 0.03356336816039218
57 m 59 0.08906850170081382
57 n 55 0.041709574845583575
57 o 59 0.004002153609257819
57 p 67 0.0636047646359873
57 q 38 0.0009423302092907981
57 s 17 0.05495114854509087
57 u 22 0.07112330445566717
57 v 59 0.026154822367435382
57 w 71 0.08204401093043867
57 y 33 0.123145557216776
58 a 6 0.1812205466933856
58 b 32 0.07863862094875074
58 c 41 0.0587987217915894
58 f 4 0.03341761217618622
58 g 8 0.12681754837151904
58 i 60 0.004064154142124021
58 j 2 0.009525811410485918
58 m 19 0.0030545612963540636
58 n 51 0.00976707642206287
58 o 67 0.019650021895513792
58 p 50 0.17030565552861587
58 s 7 0.025843153860260926
58 t 74 0.025684595318375858
58 u 60 0.04405174477111429
58 w 39 0.02895254130008451
58 x 30 0.11137519166283638
58 z 53 0.0036916805615676562
59 a 42 0.05999082298672809
59 b 4 0.02563739814793542
59 c 60 0.031842208231131486
59 d 27 0.31444888742087984
59 f 64 0.0027784553669963907
59 h 81 0.06660590505481423
59 i 13 0.07139316635127124
59 k 21 0.0008441672055630178
59 m 75 0.07282235476348597
59 n 66 0.0006772257718231645
59 o 47 0.005757076222670965
59 s 40 0.034350182175508004
59 t 53 0.15812257954431896
59 v 72 0.057693343187831925
59 x 63 0.07188660389718105
60 b 16 0.04160870410164563
60 c 49 0.03659872456134794
60 d 9 0.023365754065552746
60 g 80 0.24422006140597452
60 h 60 0.02765021342635121
60 i 0 0.043121468649874206
60 j 26 0.08025427928218942
60 k 71 0.004860389807499366
60 n 78 0.07092368521615866
60 r 8 0.028973540116911112
60 t 80 0.07957136467863635
60 u 61 0.015409891067840853
60 v 65 0.1170293264859249
60 w 22 0.030784966301058092
60 z 60 0.05218086332179883
61 b 3 0.09713916831577385
61 f 43 0.14772444717568312
61 i 67 0.123268486026477
61 k 74 0.2036301758317497
61 s 72 0.36140432756405627
61 u 75 0.056505491823877874
62 c 51 0.016418356162314685
62 f 6 0.02297920755417815
62 i 52 0.07089845847672938
62 j 60 0.06394761932190274
62 k 78 0.005998892918183341
62 n 19 0.011265713892701701
62 p 7 0.08263120120049716
62 u 53 0.0480456767122166
62 v 61 0.20164039586316262
62 y 64 0.07514867875566889
62 z 55 0.030311608003061985
63 a 50 0.013617175167218054
63 b 2 0.038451820450395524
63 d 6 0.07972807446739494
63 e 48 0.01166937327735651
63 f 66 0.008405046330112853
63 g 60 0.009677422816617653
63 h 55 0.041456737423424705
63 i 2 0.07118287448628069
63 j 68 0.016350340489242443
63 l 48 0.023897622974973443
63 m 48 0.02572481967084128
63 n 64 0.1208666914076405
63 o 20 0.023518978411828262
63 q 31 0.020981777611930763
63 r 57 0.08554381541498157
63 s 12 0.007057062609811204
63 t 32 0.01643179591725208
63 u 4 0.04058434566189184
63 v 79 0.06094354663556323
63 w 23 0.023025757085514464
63 x 40 0.008809330634297452
63 y 19 0.052896954141944064
63 z 61 0.044031018606873196
64 b 28 0.02746866205919596
64 d 65 0.20170956600786039
64 e 11 0.04617939727094367
64 f 78 0.051225231759394974
64 i 19 0.005420871428140517
64 r 29 0.020147385919732086
64 s 68 0.17524157730531198
64 t 18 0.13561825255153903
64 u 41 0.15757873346766493
64 w 52 0.04274569983490695
64 y 52 0.03628651497645563
65 a 30 0.26048095507156355
65 c 81 0.0946773680428008
65 e 9 0.03511210235304163
65 j 28 0.2559672909594364
65 s 15 0.3273852082747014
66 p 23 0.0743999109543948
66 r 28 0.8191971779264184
66 y 49 0.03984609491198676
67 a 36 0.17572744848194366
67 c 66 0.17880490334642962
67 d 10 0.1929724132207743
67 e 34 0.12981288977151817
67 k 65 0.08641676084230787
67 l 51 0.03224074824375511
67 m 44 0.043946104810784425
67 s 36 0.017370311378499204
67 t 1 0.0788718837527107
67 v 75 0.011359432367855082
67 y 57 0.013714683887712908
68 a 22 0.4036190121361535
68 i 38 0.04779015384871177
68 j 43 0.03661869347311986
69 k 79 0.4157298388291736
70 x 59 0.6499186927816122
71 a 64 0.027007478048912903
71 b 33 0.01995068104698794
71 c 1 0.009056776414915535
71 d 13 0.016764917100495325
71 e 19 0.029750154588905398
71 f 67 0.0624394549876891
71 g 33 0.049120798282133116
71 h 1 0.0036857611059814
71 i 47 0.23932610911075647
71 j 72 0.002722461999404846
71 k 41 0.169982105981905
71 l 17 0.024267487680495248
71 m 70 0.006659481963240954
71 o 53 0.0017419039298770533
71 p 44 0.03094362589014188
71 q 38 0.0009272638181045956
71 r 9 0.004209639342605653
71 s 33 0.001098523349960967
71 t 38 0.057217311711311725
71 u 13 0.01230735192837884
71 v 70 0.036483682696614506
71 w 45 0.0019717904507635664
71 x 36 0.04479680680479381
71 y 76 0.0178598950852219
71 z 36 0.0566530736159615
73 b 65 0.21909804812691813
73 g 72 0.1371039846731581
73 q 23 0.436504037785181
73 u 21 0.16967256553282695
74 b 58 0.0635360115454271
74 c 35 0.0012149507344548782
74 d 21 0.06048860824532609
74 e 74 0.006804664625503998
74 f 63 0.0004386409793352142
74 g 47 0.01534688577014276
74 h 58 0.008440250020474549
74 i 81 0.0054936682431068196
74 j 27 0.0653653647382505
74 k 7 0.19956183691752882
74 l 48 0.03151872844619208
74 n 65 0.011884562616785721
74 o 21 0.024252526172707456
74 p 36 0.07658520261101343
74 q 15 0.095440887486275
74 r 58 0.0302233154963778
74 s 36 0.06820788029989855
74 t 33 0.06169711736452499
74 u 46 0.04693341611207458
74 v 45 0.019903238433299997
74 w 34 0.0006699333906770022
74 x 6 0.021280383608020204
74 y 8 0.07084226113018421
74 z 4 0.0074724485092281245
75 a 80 0.110507670974203
75 b 54 0.025092875664273206
75 c 73 0.08613648685471931
75 d 55 0.20531142992689022
75 e 74 0.07810510406346949
75 f 49 0.09240042116247627
75 g 45 0.005481593768322135
75 h 74 0.05691378245468526
75 j 45 0.013395371466861317
75 l 75 0.014062038827302947
75 m 74 0.03473220726862347
75 n 80 0.006453401187589525
75 o 81 0.02824662879240636
75 p 81 0.0033926014562023488
75 t 18 0.03203559263996281
75 u 62 0.007708641381397707
75 v 73 0.02193465856459309
75 w 5 0.019398386703073922
75 x 34 0.0007208404954847092
75 y 15 0.06969998478017492
75 z 72 0.04854800677131399
76 b 81 0.007911518742962476
76 c 43 0.032075641390373666
76 d 7 0.08801976919049159
76 e 7 0.01916407068389725
76 g 67 0.009999332362570001
76 h 13 0.09961978961828144
76 i 60 0.08815057255027503
76 j 82 0.11944637645119272
76 k 14 0.0451717648782316
76 l 35 0.07338242482191681
76 m 5 0.008474310307634014
76 n 35 0.022432156220413613
76 o 48 0.009850806546828683
76 p 59 0.0401601709476217
76 q 69 0.04590155906201898
76 r 31 0.05392288339253393
76 s 74 0.061115179741198844
76 t 22 0.007538774391293801
76 u 39 0.09266998494601453
76 x 21 0.04536545020992622
76 z 27 0.006320202833523081
77 a 63 0.03583814364634108
77 b 18 0.13365332095230076
77 c 72 0.018127926108377435
77 d 71 0.11341461313147694
77 e 44 0.0649373305808455
77 f 61 0.013392766073147211
77 g 2 0.023696538886994523
77 h 32 0.003710877180649441
77 i 37 0.01103254769586759
77 j 17 0.05588879481871989
77 k 60 0.011991866584284527
77 l 45 0.008844493270501519
77 m 72 0.005818941595595706
77 n 19 0.08355756942562964
77 o 6 0.052931288713967684
77 p 17 0.045788038176552526
77 q 76 0.04094308349461839
77 r 82 0.001993561844610192
77 s 32 0.0489990283739018
77 t 64 0.009520468785891856
77 u 82 0.013586306263487335
77 v 14 0.005626181016171072
77 w 35 0.15940016020403203
77 x 40 0.002179332183567584
77 y 47 0.015401403999264929
77 z 56 9.832697640332899e-05
78 d 3 0.1559156794490424
78 i 36 0.18491429524640024
78 m 64 0.12483142311797157
78 q 36 0.03994784080161895
78 t 82 0.3053707589412812
79 b 22 0.05710424306167661
79 p 31 0.36363028808255227
79 u 67 0.010382384766801755
80 a 40 0.021917783918732447
80 b 37 0.06259667513739353
80 c 58 0.01253248410288621
80 d 52 0.031034084463471334
80 e 34 0.04843075186337864
80 f 80 0.0009233062168906292
80 h 45 0.013320517767103635
80 i 15 0.09726567126014551
80 j 51 0.20203737606124883
80 k 11 0.02065380142894646
80 l 76 0.000791531317357208
80 m 72 0.047883069944105294
80 n 61 0.07494725359722743
80 o 66 0.006069320175874471
80 p 18 0.0074207580537511975
80 q 40 0.05135101649268081
80 r 53 0.0030843674633799223
80 s 8 0.044171960916129294
80 t 17 0.016803610376976752
80 u 21 0.010190296393796094
80 v 14 0.03197613455655446
80 w 34 0.029932608785039783
80 x 21 0.13437582628737865
80 y 4 0.017768848126123227
81 d 16 0.11825234797933393
81 f 67 0.012653862286132411
81 g 14 0.013199401114543097
81 m 48 0.03023926469428906
81 p 60 0.3562328988208381
81 q 11 0.001671460896707
81 t 19 0.03527652910453405
81 u 47 0.2385705401068906
82 h 62 0.25446309793277977
82 i 4 0.17074983946394973
82 j 77 0.1752936455475792
82 k 79 0.0531988829886797
82 l 25 0.0006625182262245399
82 m 30 0.0348811450579255
82 o 34 0.10587414770401671
82 p 20 0.01575871764484249
82 q 68 0.0791020949201523
82 t 46 0.0039982660672529535
82 u 65 0.002446220227812268
