110 26 1520
0 1.0
0 0.04634700187145824
0 0.027486415698368738
0 0.2063112386238537
0 0.22532393940723083
0 0.1442407577263397
0 0.0492209366466595
0 0.004495244742002913
0 0.004125696354878694
1 0.19970643817928146
0 0.25443310740874625
0 0.11133405412106945
0 0.02771387577164086
0 0.08687736377425148
0 0.02803880511192791
0 0.03133229749776689
0 0.0018470354662792898
0 0.07932059440320116
0 0.47109902556443506
0 0.05892625234090909
0 0.08957546748771583
0 0.017674241578177652
0 0.15546677615883353
0 0.03808259310626694
0 0.0861165964517312
0 0.007757618875162242
0 0.0577010106108784
0 0.008817187805179816
0 0.08683791105417116
0 0.057006061625091364
0 0.019771565833878735
0 0.0480649339504986
0 0.5979889230304543
0 0.014001347531495623
0 0.25358193076038393
0 0.06916989387265138
0 0.03073401869593695
0 0.03391117982203029
0 0.2082418875840487
0 0.0901238812012305
0 0.014108004766694271
0 0.03318215971210048
0 0.10739922272547231
0 0.11516666150487376
0 0.09463078641028477
0 0.0440022983041537
0 0.015458134453165906
0 0.015081775580999657
0 0.5538304781644666
0 0.12323751442212705
0 0.05753126404602471
0 0.002488788829399069
0 0.05312244528234411
0 1.0
0 0.03590802044987673
0 0.0468542874620419
0 0.004367115862778936
0 0.03459026629796391
0 0.05261953186988466
0 0.08575223217547179
0 0.11825677489392428
0 0.12360399276872602
0 0.14296131753288988
0 0.007621277898015255
0 0.0008671647528256665
0 0.0910535205494003
0 0.01636230964681651
0 0.12143084917740399
0 1.0
0 0.016734001575077206
0 0.19891860489788982
0 0.019677215534829706
0 0.28803941117191145
0 0.005678640931524148
0 0.012944521770734463
0 0.027553926012236496
0 0.631320391432046
0 0.02296071306227554
0 0.029461666789962204
0 0.0825276295767281
0 0.08666508940342721
0 0.06683848194787878
0 0.07783549966272163
0 0.030658792269923407
0 0.006812579921287032
0 0.04835494998754197
0 0.7908761520180563
0 0.02075663034672326
0 0.06514706670398407
0 0.864309795447284
0 0.2214052619312996
0 0.015899170502908122
0 0.010870164118319758
0 0.17731541918358817
0 0.008831375095032956
0 0.013156419192449698
0 0.10496203683140082
0 0.0665415070466635
0 0.15147434420487937
0 0.298655338535755
0 0.0035260335121132247
0 0.0036982246885678416
0 0.00036087242844240475
0 0.012555026912834388
0 0.8952498319509495
0 0.14224846048085593
0 0.02251646844100652
0 0.10095872293119257
0 0.04622535050024901
0 0.13141719496314497
1 a 54 0.010548693383672814
1 b 48 0.018638614240662044
1 c 61 0.09591168001940642
1 e 81 0.0014227626591483133
1 f 106 0.013319745197315602
1 g 47 0.027807116632415974
1 h 46 0.016999971343716003
1 i 105 0.027254073693680603
1 j 54 0.06987857498315142
1 k 33 0.017570528218419423
1 l 23 0.09541445749880362
1 m 11 0.006615323072964974
1 n 109 0.11149046897805781
1 o 31 0.006118377724400492
1 p 28 0.02530291905631854
1 q 46 0.02985996489458609
1 r 83 0.04629477147721961
1 s 5 0.01515527776867931
1 t 10 0.00919150142812808
1 u 88 0.04367669344939684
1 v 22 0.01868751140919722
1 w 101 0.09537330069294547
1 x 10 0.06415222406003873
1 y 16 0.05775040644548979
1 z 8 0.02921803980072657
2 a 24 0.12694428754422327
2 b 86 0.012036915427377504
2 c 82 0.01786967710554599
2 d 39 0.0020485758975459234
2 e 57 0.05444633715919345
2 f 1 0.0037535603657163907
2 g 25 0.02299179087658554
2 h 6 0.0032533885222705283
2 i 5 0.06621482577702098
2 j 102 0.060944074839772266
2 l 6 0.05929027260564046
2 m 53 0.017751872201974717
2 n 103 0.025782145668964862
2 o 7 0.03303012851546494
2 p 57 0.0430742229962463
2 q 5 0.0019587135507591613
2 r 35 0.035392398867683306
2 s 8 0.07387212401138865
2 t 49 0.02637760537139
2 u 34 0.02674295981365249
2 v 3 0.003260874053940155
2 w 4 0.014457633890801902
2 x 64 0.04449617815753326
2 y 55 0.023837171527221646
2 z 79 0.17268584955371757
3 d 4 0.0581591584161435
3 i 85 0.43404564698987214
3 t 68 0.30148395597013067
4 q 10 0.18614749072448067
4 r 101 0.5885285698682885
5 f 40 0.1667022909235083
5 g 60 0.0012784291337272213
5 i 14 0.127635505979517
5 j 19 0.012482528932747927
5 o 85 0.011570567766799655
5 q 34 0.00918117013184927
5 s 5 0.04809677404099033
5 t 97 0.23329947770641246
5 u 11 0.10582653573657508
5 v 63 0.01638613521564003
5 x 102 0.04059477830007807
5 z 24 0.08270504840581494
6 a 72 0.03150983522208595
6 b 64 0.020061679962776302
6 d 39 0.044832136164645986
6 e 34 0.03438849482239259
6 f 94 0.01512965778633979
6 g 36 0.006340729932011513
6 h 46 0.10280222169669362
6 k 89 0.019460332793693524
6 l 67 0.07590523763589041
6 m 8 0.13708357983120167
6 q 63 0.24589587630946386
6 t 103 0.04242912751468397
6 w 109 0.001835494586911568
6 x 39 0.09136270714917338
6 y 7 0.005291337246235317
6 z 108 0.07645061469914105
7 d 11 0.07518760681516701
7 e 53 0.06116218184835287
7 f 34 0.08689464282631909
7 k 57 0.016754757515085705
7 l 43 0.3937287833589873
7 o 38 0.06992856004991521
7 q 75 0.08812664920229507
7 t 60 0.058268367291899326
7 v 63 0.1311038683148148
7 y 97 0.014349338035160697
8 a 61 0.07664273446377878
8 c 30 0.021065444882390705
8 e 16 0.15071370527889238
8 f 31 0.0013459674976669112
8 h 105 0.0539528680368524
8 i 1 0.043394762938375075
8 k 99 0.16240284694537777
8 l 42 0.04050282642315017
8 m 88 0.024760788974197867
8 n 70 0.019503505302098656
8 o 48 0.048289793972667416
8 r 9 0.07999123696455102
8 s 25 0.13678122567454076
8 w 34 0.029677904847712044
8 x 96 0.03773516781899855
8 z 103 0.0691135236238708
9 a 39 0.031185740590605526
9 f 24 0.09870104427828774
9 n 98 0.18277903305109633
9 t 53 0.21589397657501974
9 w 74 0.23991356455250146
9 z 69 0.03182020277320774
10 g 36 0.16464771443831872
10 s 28 0.26182652577214605
10 y 95 0.319092652380789
11 a 85 0.008846146311345726
11 b 76 0.020679565463376126
11 c 108 0.0019299589882560975
11 d 106 0.03404829558239619
11 e 3 0.013691904327425508
11 f 24 0.022807911213431398
11 g 92 0.004346095119384885
11 h 75 0.00925754401569856
11 i 2 0.055090532194587705
11 l 11 0.10771450480626821
11 m 39 0.09329700529072849
11 n 74 0.02133563965882601
11 o 81 0.23299037364225506
11 p 58 0.06468265021234865
11 q 58 0.015821499086926205
11 r 103 0.008305394978520564
11 s 51 0.019267099063136284
11 t 96 0.013039596752306926
11 v 11 0.057956614244093485
11 w 17 0.055301459487058335
11 x 68 0.0006319539152884746
11 y 36 0.0053432182010526574
11 z 54 0.022280983324219017
12 a 61 0.02531188558185793
12 b 60 0.015866007160614815
12 c 72 0.013361244959942509
12 d 52 0.09240995747148262
12 e 38 0.03353894546195679
12 g 68 0.21089853318799523
12 h 55 0.15976993906681536
12 i 25 0.01053106397240089
12 k 45 0.025903055466174885
12 l 2 0.024258095793347367
12 m 47 0.008197752378026335
12 n 82 0.002148804199422205
12 o 12 0.00565928950406025
12 p 14 0.12024173196924481
12 q 72 0.04257922630487343
12 s 102 0.11488852819757434
12 v 59 0.06672206355256938
13 a 46 0.18081227350746887
13 c 77 0.3147018990850514
13 f 88 0.09890296757940986
13 i 36 0.02959198611056002
13 l 82 0.12403465717132856
13 o 108 0.1650788527719298
14 c 51 0.0687058897523577
14 e 80 0.005241343714784463
14 h 63 0.19451238197422172
14 i 25 0.0677231694229693
14 j 71 0.09726211489099768
14 m 27 0.0013476158112213366
14 o 34 0.0037925112384636916
14 p 33 0.28121305399430774
14 v 10 0.10104468484036189
14 w 24 0.0015024664188957315
14 x 24 0.004050422445107227
14 z 58 0.14556554038438363
15 a 22 0.01720341099632161
15 b 98 0.016068031502672886
15 e 100 0.10910515478769611
15 l 8 0.1406992700987042
15 n 51 0.007908199257403936
15 p 33 0.038385869454381716
15 q 107 0.02767093983256108
15 s 73 0.10282753580036075
15 u 12 0.013102169410116549
15 w 50 0.06993636272775317
15 x 83 0.17851619939996155
15 y 38 0.025758097176394212
15 z 58 0.22148646205790534
16 a 85 0.04029741991257474
16 b 71 0.0448626636597218
16 c 8 0.05480320977133191
16 d 15 0.0038039472878919067
16 e 64 0.002073245826402892
16 g 105 0.08699022348869168
16 h 102 0.057563151234179766
16 i 10 0.017649562181522915
16 j 80 0.06129559065034107
16 k 26 0.05523684646505056
16 l 55 0.09479362786198442
16 m 105 0.0012347822697760247
16 n 46 0.12496468171787711
16 o 94 0.1039207912125294
16 p 42 0.033044992143133944
16 q 95 0.04206115471095717
16 s 65 0.012954466745640492
16 t 19 0.009077251627408134
16 u 3 0.0036131667038136195
16 v 16 0.03633746868689569
16 w 94 0.08828045764304637
16 x 104 0.0003046400227747492
16 y 57 0.02298962271017435
17 a 100 0.04929021496074659
17 c 94 0.16154182960267982
17 g 58 0.02132908950313983
17 i 108 0.05179962995494514
17 j 91 0.012916900763732975
17 l 68 0.0694221143764927
17 m 68 0.05436160536917167
17 o 99 0.18429023514533893
17 q 44 0.19364547809533494
17 s 12 0.0014023291502683888
17 t 94 0.021965183512552278
17 v 19 0.05997921626025993
17 x 72 0.03873557890213564
18 d 62 0.3240152233632404
18 e 35 0.20488575107232454
19 c 82 0.2245921443327451
19 k 97 0.23230297778232745
19 p 10 0.12494382030717599
19 s 42 0.0867305605610329
19 t 76 0.0981360952658803
19 u 25 0.07021249221472559
19 w 49 0.02628536387166902
19 z 64 0.07787029332353457
20 b 76 0.028663303631332848
20 c 86 0.01979995635314269
20 d 97 0.010857777649888822
20 e 44 0.0541416506800626
20 g 53 0.009733850142870426
20 h 7 0.18311451166903392
20 i 106 0.05928033555685808
20 j 91 0.022627064199848612
20 k 68 0.1176502517158412
20 l 64 0.07588226956176203
20 m 55 0.06420776946674922
20 o 108 0.08849428113050317
20 p 42 0.0019981386659230216
20 q 28 0.00646243163629967
20 r 101 0.036159247247048665
20 s 94 0.022011143043457526
20 v 6 0.02022234421429514
20 w 42 0.01306729412139751
20 x 62 0.015095325908760171
20 y 85 0.006573136326343487
20 z 64 0.054382449590865356
21 c 5 0.04059560088400238
21 e 73 0.04294143505429837
21 f 52 0.11404161389267986
21 g 38 0.030711959182686543
21 j 55 0.037344364651164974
21 k 87 0.20505681046268665
21 l 101 0.01026513262177775
21 n 19 0.04635482185855677
21 o 51 0.022483820871088134
21 p 97 0.003773210296305174
21 r 5 0.11774608401681219
21 u 22 0.08626380446888737
21 w 37 0.05170751587571698
21 x 101 0.06841574007437257
21 z 16 0.10462384421078663
22 a 57 0.07891100399719975
22 b 15 0.012393547743401734
22 c 104 0.2085214033109547
22 d 98 0.011469731983690057
22 e 97 0.031238311437859823
22 h 53 0.019030002669750523
22 i 21 0.10383433865600344
22 k 20 0.06327974156694105
22 l 89 0.0454320201798033
22 m 23 0.04809367763252126
22 n 46 0.02259203119105624
22 o 48 0.000650832846595506
22 t 24 0.005048756231874063
22 w 63 0.05125006012605782
22 y 103 0.12240231750323771
22 z 98 0.020385446764219495
23 e 0 0.21957209507985798
23 f 96 0.06568820010991783
23 g 82 0.042446622126933065
23 i 63 0.07415544756078662
23 m 91 0.04731885692540716
23 n 92 0.0010237612421040154
23 o 86 0.0050287294828360585
23 p 100 0.021943403771193637
23 q 20 0.15797930572621988
23 r 49 0.040787481634563694
23 s 62 0.006426673953851769
23 t 44 0.013778816585552023
23 w 51 0.05434994748675992
23 x 23 0.18478761529836696
23 y 105 0.02663044990938246
24 a 35 0.0538306666280326
24 d 62 0.0726961876489246
24 e 47 0.035667719694403965
24 f 0 0.006359903745551843
24 i 43 0.11124874497111159
24 k 104 0.13103208333404148
24 m 73 0.12216178554606161
24 o 65 0.15967403746062026
24 s 69 0.00986733483967106
24 t 86 0.0314982166722555
24 x 104 0.1722026099427768
24 z 11 0.007644113064817493
25 b 30 0.11903136925820845
25 c 27 0.06395932806623217
25 g 56 0.1256708024271126
25 l 13 0.1641666094734191
25 n 45 0.0096092150183259
25 o 47 0.043835125913882056
25 u 31 0.15458918784793485
25 x 48 0.05991556820474653
25 y 51 0.03397855907597003
25 z 32 0.21748661583900608
26 c 19 0.04815551191310963
26 d 7 0.0023529017720360645
26 e 1 0.11234910410809829
26 g 108 0.03924723752502801
26 h 25 0.04302246255334041
26 j 108 0.06963217348520723
26 l 12 0.0036745166749798663
26 m 93 0.015074940380903068
26 n 54 0.05970797565713071
26 r 21 0.3627023411391239
26 u 41 0.1272617833094043
26 y 47 0.010761934628611414
26 z 97 0.0483561062421487
27 a 52 0.013726702328035523
27 c 11 0.006288704865456851
27 e 74 0.06855989311257638
27 g 47 0.019970650017854807
27 h 63 0.2317766914391255
27 j 28 0.14619110301602878
27 k 19 0.11481514595452158
27 m 79 0.02631904337445623
27 n 84 0.19043248326025708
27 r 56 0.06300224449011904
27 v 13 0.015632219646012913
27 x 53 0.09446793069037551
28 e 66 0.052780593163057166
28 g 50 0.016878918607240223
28 h 18 0.13296986542754774
28 l 76 0.14490977549530992
28 n 53 0.03219793615387523
28 o 73 0.27673217766834945
28 q 87 0.018033967073285084
28 r 20 0.026963615883644043
28 s 37 0.021184722127056466
28 z 41 0.19051051734646351
29 b 22 0.030908586641021918
29 c 28 0.03915065229786441
29 d 28 0.04139959681902894
29 e 34 0.03804096290074965
29 f 32 0.10011168769831169
29 g 3 0.011556447509326717
29 i 108 0.044958261560535284
29 j 71 0.12063257200812261
29 k 1 0.050215372461502206
29 m 26 0.08735665587876407
29 n 78 0.013532496955042217
29 o 69 0.11183223237336326
29 p 15 0.03270260558643712
29 s 40 0.01805080177654117
29 t 98 0.02454525790131412
29 u 102 0.02601090517838378
29 v 4 0.029280798200674973
29 w 81 0.01087753614355147
29 x 35 0.029379007942794688
29 y 105 0.04993361364823734
29 z 61 0.03251788689334101
30 c 84 0.01895577018875494
30 g 47 0.14997246858108226
30 h 22 0.10024451040514659
30 i 69 0.05385961413277274
30 l 65 0.03785652945061535
30 m 91 0.09367108009432379
30 n 52 0.03831439174845053
30 p 44 0.023055417512349186
30 q 72 0.05981723662834493
30 r 66 0.007985890119724282
30 t 72 0.1781670475475986
30 u 89 0.05685545865956698
30 v 28 0.0790365475173308
30 w 19 0.014391898931786051
30 x 60 0.06419643945215536
30 y 77 0.0025251378228227095
30 z 3 0.0013229953732961652
31 a 67 0.028497611386771093
31 b 62 0.10583292729790361
31 c 34 0.03567382806928754
31 d 28 0.013958106128279746
31 f 98 0.01011021546995583
31 g 89 0.006829232394379381
31 h 40 0.024871669838325228
31 i 90 0.01707703050896714
31 j 57 0.09689143685803714
31 k 104 0.032670340453485824
31 m 3 0.04898822344258558
31 o 41 0.056988229528188605
31 p 83 0.0003315047003609184
31 q 98 0.14521378379612004
31 r 28 0.02802993965542233
31 t 61 0.027514991681686585
31 u 90 0.014625495823965218
31 w 109 0.12310370064709641
31 x 6 0.0130259829076671
31 z 35 0.12170081546101608
32 c 92 0.06995364556408212
32 g 68 0.1881920497809828
32 m 58 0.07024246375826237
32 y 6 0.07362291786621844
33 a 4 0.007051472904249123
33 b 44 0.040866805372266723
33 c 1 0.012385752875401446
33 d 30 0.03393145909285056
33 e 105 0.06363905435890127
33 f 12 0.0998472467955488
33 g 13 0.012075454935269403
33 h 6 0.0010676151354647168
33 i 66 0.0028601998963390107
33 j 19 0.013519876708120826
33 k 62 0.003930923695448119
33 l 1 0.02117343772406266
33 m 25 0.18078129841606438
33 n 43 0.04163030885349084
33 o 101 0.11174257681702082
33 p 42 0.15979485731548926
33 q 21 0.059743493100870015
33 s 42 0.01663361840963551
33 t 84 0.007194444994377935
33 u 6 0.028080306802773958
33 v 76 0.007531329118780183
33 w 6 0.01103029836503766
33 x 99 0.04948682078104116
34 j 106 0.7464180692396161
35 b 40 0.004091714436558536
35 c 30 0.027422665750939212
35 d 35 0.3578807875567013
35 h 75 0.04685451271695451
35 i 74 0.17190701623677596
35 o 56 0.005080575618165328
35 p 107 0.08284943084333263
35 q 24 0.0010978229631134484
35 s 41 0.10263962664415516
35 u 73 0.10287430675539222
35 v 33 0.02673065937259722
35 x 108 0.0014009872326631312
36 a 89 0.0012221181601433928
36 b 83 0.09582016455060094
36 c 67 0.011678513748386243
36 d 29 0.046565831831447024
36 e 37 0.015560629123904435
36 f 105 0.01154961778830954
36 g 106 0.03733053911900963
36 i 11 0.0013411780967093057
36 j 16 0.010531871149528471
36 k 28 0.05180819500218614
36 l 21 0.048124546120464684
36 m 62 0.06855292977775373
36 n 107 0.06043009127889698
36 o 57 0.0024019084479770525
36 p 17 0.02939704261700249
36 q 13 0.15943807881389516
36 r 4 0.005463383003598277
36 s 29 0.0862124805125033
36 t 54 0.02165597691979715
36 u 28 0.01429325758098543
36 v 94 0.024097695459484925
36 x 59 0.021685787068402518
36 y 26 0.08753705082459895
36 z 77 0.056567094308477284
37 b 6 0.13473653657634554
37 g 8 0.04600401241825547
37 h 47 0.2129415121761239
37 k 89 0.07392888295007483
37 m 45 0.23467986915757055
37 o 5 0.1364273752249633
37 u 58 0.05893885465077697
37 v 26 0.06843177702385916
38 c 26 0.034914670944680704
38 g 69 0.06382777855914279
38 h 31 0.0013366251531751194
38 j 67 0.0467525295836666
38 k 33 0.06116425641008583
38 l 35 0.07571891193768698
38 m 97 0.09755017017976542
38 o 103 0.008960677414499019
38 q 42 0.059226852284924525
38 r 100 0.15446144831124908
38 u 48 0.04456625844383888
38 v 104 0.03537078742161015
38 w 34 0.04827095395711345
38 x 108 0.05963619181451274
39 b 97 0.1471947058091303
39 c 88 0.04809621637657635
39 k 80 0.08800942673901191
39 m 49 0.0017983282207379991
39 p 21 0.12117828509507989
39 q 82 0.10696934631220345
39 r 82 0.11994905040671233
39 v 25 0.009281073899084946
39 w 56 0.1360953530265192
39 x 42 0.03395719361385474
39 y 89 0.07010800391178262
39 z 0 0.027239135388075764
40 a 96 0.023847607319563147
40 e 38 0.030577818855288763
40 g 18 0.155252485795067
40 i 60 0.014223432446867634
40 j 39 0.027620112900200278
40 m 65 0.048445564028473775
40 n 75 0.00938579490087188
40 o 7 0.19074321915427772
40 p 48 0.056798770662482956
40 q 49 0.05630228807108173
40 s 91 0.07358417518672011
40 t 45 0.07986829791594974
40 v 102 0.05867074566295749
40 w 78 0.07545904883069843
40 x 99 0.08511263350280507
41 a 95 0.25397200513183316
41 f 13 0.11468405954761629
41 g 87 0.08072965709258484
41 h 81 0.058802878527041025
41 i 0 0.20630006793089606
41 l 28 0.001488470607175385
41 r 83 0.032393644057668425
41 t 59 0.09367001352142934
41 v 44 0.03206723087645447
41 x 33 0.09270981299520054
42 a 25 0.00023200492730968136
42 c 55 0.0736240123287063
42 d 2 0.07468455469736512
42 e 2 0.06301346805005492
42 f 21 0.15010097046872695
42 g 30 0.07076340674340265
42 h 104 0.03557509340442411
42 j 91 0.1095695126889018
42 l 81 0.006291252767698707
42 p 75 0.027973216081639607
42 r 108 0.014044730925293236
42 s 5 0.04499727609210091
42 t 0 0.05448124122684361
42 v 45 0.016492963945446415
42 w 77 0.038518148889159276
42 x 13 0.03494683189814907
42 y 94 0.05523911342416943
42 z 21 0.022052978715135896
43 a 79 0.06095226829430622
43 b 54 0.011898705538491372
43 c 103 0.011864269607247735
43 d 44 0.03337452646677763
43 e 27 0.020760364938098186
43 f 73 0.1487333487838205
43 g 100 0.025305220994545352
43 h 36 0.04522243770296652
43 i 21 0.0018967445769111357
43 j 96 0.008267688151242902
43 l 12 0.0992832047072979
43 n 74 0.053722163164936054
43 p 77 0.19142747207678268
43 r 36 0.06467424443601799
43 t 74 0.049371004756584846
43 u 80 0.005237046062003814
43 v 34 0.02496918590500352
43 x 88 0.010327198046301667
43 y 37 0.015299052765715415
43 z 97 0.0022471915200747983
44 b 53 0.25636000315048724
44 i 73 0.44047026845668225
44 o 39 0.10061744165911146
44 u 14 0.10792150032343428
45 a 68 0.007238496891941781
45 c 8 0.01902900552502551
45 e 31 0.011208664835330895
45 j 42 0.08130150528759372
45 l 109 0.2697914473527787
45 m 26 0.039316483807646074
45 n 3 0.051007594221859076
45 o 31 0.0742874626055754
45 p 11 0.06845388947078679
45 q 32 0.15044990714415574
45 r 97 0.07312850753338851
45 t 103 0.023724384965119305
45 u 37 0.002742822270132228
45 y 46 0.0651422781394464
45 z 96 0.01917525164506617
46 a 35 0.1339168248986311
46 b 98 0.19251379138502345
46 c 20 0.0441564936387846
46 d 66 0.054028082203423144
46 e 50 0.07550900999312005
46 f 27 0.01333279545051147
46 g 9 0.04559346183221358
46 h 79 0.07433112248418272
46 i 24 0.01884076344958674
46 j 100 0.055094061954492624
46 k 16 0.048307924301965066
46 l 27 0.06080479183249754
46 m 28 0.0006650199927881184
46 n 75 0.006091546354895949
46 p 21 0.004545381143784666
46 q 39 0.008445135727742081
46 t 56 0.0018439072434319748
46 u 25 0.016336202455916937
46 v 77 0.038498510023670995
46 x 58 0.04737496708006139
46 y 73 0.016800591589558822
46 z 36 0.02751148051055108
47 c 65 0.08746146850088643
47 d 42 0.06529858860394833
47 e 75 0.2356739915372439
47 i 102 0.05138875607052129
47 j 95 0.016890592355030543
47 k 41 0.013277694971058351
47 l 102 0.001126436037370726
47 o 82 0.01355976733731401
47 p 31 0.03158239484468628
47 r 61 0.03776673221197202
47 t 82 0.08034735808567517
47 v 18 0.012144942240742473
47 x 42 0.2508161168825037
47 y 70 0.08758338474004712
48 i 9 0.4369874340765303
48 y 69 0.009182087759003088
49 b 13 0.05279539073063377
49 f 15 0.02341794568711897
49 i 42 0.08772033060626883
49 k 86 0.008694734773134538
49 l 95 0.36980795842570635
49 n 17 0.031432196304070015
49 p 31 0.2802877724124564
49 v 81 0.01594357962755366
49 x 61 0.006662577010930426
50 a 13 0.054140690297824756
50 c 48 0.1198896279045607
50 d 100 0.0014358727038593644
50 g 85 0.047574708596836435
50 i 83 0.03496883724044608
50 j 22 0.07779569075850601
50 l 45 0.08170555556785264
50 o 73 0.1572577203563098
50 p 91 0.1467351877895684
50 q 44 0.043679027801029946
50 t 11 0.03725319760780488
50 v 37 0.04114179003791407
50 w 61 0.022946112954646103
50 z 67 0.0759447163368161
51 a 7 0.0037827472046396693
51 b 102 0.025541972118441225
51 c 18 0.019333807298977046
51 e 33 0.027779479568817544
51 f 82 0.05024365530044095
51 g 49 0.00011675342807981881
51 h 18 0.09521387554717597
51 i 20 0.0079404090372448
51 j 74 0.028120018650374057
51 k 50 0.03780904343868807
51 l 62 0.25635984294880443
51 m 58 4.954115297950423e-05
51 n 56 0.022062059934772393
51 o 38 0.009606010553896094
51 p 23 0.00398192174464207
51 q 69 0.07120696315763886
51 r 81 0.04673761514575725
51 s 79 0.0018514087024166237
51 t 39 0.03345377005861383
51 u 16 0.059906606956948494
51 v 78 0.07175054421382643
51 w 29 0.04449837376276555
51 x 77 0.04203610261966706
51 y 81 0.03069227067964797
51 z 88 0.0074364179453452195
52 a 83 0.14014473930810933
52 b 59 0.02470210537911488
52 c 100 0.018098714935096516
52 d 90 0.0019859045535566278
52 e 108 0.0660648677770711
52 f 70 0.0664526373800951
52 g 86 0.013331634999774189
52 h 104 0.09168458200425311
52 i 27 0.01819142176001587
52 j 70 0.04522439077431617
52 k 80 0.053550747612551075
52 l 6 0.07454292663655004
52 m 37 0.01900870373261354
52 o 1 0.02039443212584946
52 p 61 0.03191317657612669
52 q 43 0.021322441670728498
52 r 8 0.0006940925481812021
52 s 22 0.05161566885581104
52 t 69 0.019721617773701072
52 u 84 0.0034492794052963793
52 w 109 0.06584519820174695
52 x 77 0.01644733528048148
52 y 5 0.02132451392213608
52 z 45 0.061166421504479485
54 a 106 0.017115341582163768
54 c 17 0.05950969706622411
54 f 63 0.05235388535154728
54 h 27 0.009727707892492887
54 k 60 0.2401825927759299
54 l 83 0.01019190769424938
54 n 52 0.0629651445748245
54 o 11 0.08820958712137739
54 p 91 0.033094412135178386
54 s 24 0.30209324815629834
54 y 2 0.08864845519983733
55 a 27 0.03427546055299824
55 c 107 0.027439057380740373
55 d 68 0.014101539234251503
55 e 34 0.15429699017429266
55 g 91 0.0037303579463121572
55 h 68 0.2069207832838178
55 j 61 0.02527937576791106
55 l 105 0.06342256714398498
55 m 55 0.06206709107798203
55 n 29 0.04460380282152632
55 o 22 0.022646255049343034
55 p 101 0.002068764603244011
55 r 90 0.0944794872002509
55 t 35 0.006356280563832972
55 v 11 0.0020485256320087464
55 w 68 0.14264342397868168
55 x 76 0.0013048924489077462
55 y 28 0.0454610576778719
56 a 105 0.060918688587040526
56 b 11 0.012490090161032086
56 e 46 0.010126724240495988
56 f 88 0.07449118086880946
56 g 41 0.005912944809258303
56 h 68 0.01018018168940249
56 i 77 0.04657031955078672
56 j 80 0.015559440426876292
56 l 21 0.12982578037558812
56 m 8 0.013082186630826387
56 n 71 0.11330608016583399
56 p 19 0.01353547007057987
56 q 96 0.02696396090686992
56 r 106 0.011937731593886558
56 s 105 0.00644775856985591
56 t 67 0.04879700419705946
56 u 29 0.027778793902536902
56 v 72 0.18103024598557949
56 w 13 0.07707464513321505
56 x 45 0.009848428411420973
56 y 63 0.012003268706566317
56 z 105 0.08775195915370027
57 b 103 0.01611638488543332
57 c 62 0.012142290918290777
57 d 13 0.20158759455128572
57 e 17 0.02956424431105431
57 f 62 0.03745270345525309
57 g 56 0.11725555083263883
57 h 35 0.0335981832207316
57 j 49 0.04117015261018864
57 l 11 0.08363765686743707
57 q 24 0.004577821614482613
57 r 27 0.006964397283475421
57 t 84 0.12924501820037593
57 u 19 0.029773759951289502
57 v 63 0.09738570685355719
57 w 85 0.0175931309118339
57 x 39 0.03925406786789021
57 y 3 0.03110018975398532
57 z 30 0.03699087961283265
58 e 40 0.06869996540696177
58 g 10 0.05460612634047446
58 n 39 0.14843016312963975
58 r 0 0.17879134135389496
58 u 21 0.47826857836337133
58 v 73 0.018584293535773067
59 a 86 0.013756695297403643
59 b 84 0.1674735463185376
59 e 84 0.05252364589669356
59 g 106 0.10613391991310162
59 h 16 0.21087569658434657
59 k 71 0.020152796497567182
59 o 42 0.02120056481956889
59 x 86 0.17958944708212743
59 y 57 0.1425414554151817
60 a 91 0.04242210062557039
60 d 11 0.007340156841803558
60 e 91 0.016788948442379215
60 f 43 0.010133936428660006
60 g 104 0.07649944813278442
60 h 2 0.048398957906497175
60 i 74 0.04470919489817504
60 l 84 0.026616905046541017
60 n 93 0.1254336509807612
60 p 56 0.013765895247776161
60 q 34 0.0030495897172618802
60 r 17 0.07999649379922724
60 s 32 0.004187026368375202
60 u 80 0.18668573076511275
60 v 52 0.07161288595155413
60 w 58 0.02274889170217509
60 x 29 0.07264725917187143
60 z 15 0.028706153079549823
61 a 79 0.08988572630481051
61 c 78 0.009936070105885264
61 d 48 0.01707210386446323
61 e 54 0.039696232611832194
61 f 50 0.022852459034389594
61 g 16 0.021529772811251013
61 h 108 0.015416726789443835
61 i 48 0.07242951455840818
61 j 56 0.0018630120783347248
61 k 9 0.019164716100348866
61 l 2 0.004931102205397275
61 m 15 0.057204464787883214
61 n 19 0.009153916393438877
61 o 82 0.08254852057940987
61 p 31 0.061088122137730294
61 q 88 0.02623442455227365
61 r 105 0.001074708577138428
61 s 98 0.005884169931555938
61 t 42 0.04136516876879981
61 u 109 0.08562066246711464
61 v 37 0.037501004433592056
61 w 47 0.02238185636248613
61 y 79 0.10928908983032148
61 z 33 0.022272461944964905
62 a 64 0.042940361309348196
62 b 68 0.022575581958710234
62 e 22 0.07714294488672879
62 l 24 0.03828281958484259
62 m 24 0.147820319257973
62 n 104 0.1605839997440084
62 q 90 0.08788976757681144
62 s 36 0.03514897604520073
62 t 107 0.019980781201715536
62 w 62 0.05540108629063023
62 z 79 0.16927204461114098
63 a 96 0.1279442498706559
63 d 52 0.0807939646120267
63 e 83 0.01657768304268492
63 g 74 0.06287686615630206
63 i 9 0.005910589090687091
63 l 56 0.0516754873145967
63 m 7 0.04238020335251069
63 n 95 0.033937649158258254
63 o 1 0.06381565034247538
63 p 72 0.1073609719789752
63 q 15 0.01013463086912636
63 r 7 0.025189615076086525
63 s 37 0.021211853217860788
63 w 22 0.16001732431799454
63 x 59 0.08404738698606717
63 y 29 0.055388360474829534
63 z 33 0.04311623624084693
64 a 28 0.030776992446735818
64 b 81 0.056569134349000016
64 c 91 0.05577942281288617
64 d 16 0.1428080679897018
64 e 54 0.03574629936506324
64 f 88 0.01867406003767058
64 g 42 0.005073788253778244
64 h 5 0.05517954869805086
64 i 37 0.03362929500305489
64 j 77 0.018735095170920757
64 k 16 0.007430375856658511
64 l 69 0.09499134532164599
64 m 71 0.008306168841548889
64 n 84 0.07618984769373305
64 o 32 0.0033470486617640516
64 p 8 0.1249135096902142
64 q 30 0.009783586004568301
64 r 102 0.03320463971625354
64 s 41 0.11456838782009915
64 u 39 0.01556464140968794
64 v 30 0.026822646245652004
64 w 82 0.0016589364134700357
64 x 57 0.021811259170240294
64 y 94 0.007568738274775999
65 a 41 0.02132582623924051
65 b 83 0.02401708755698706
65 d 69 0.06002148639251326
65 g 79 0.17352062838551874
65 h 31 0.062451428519471275
65 j 96 0.0023209751555334224
65 k 24 0.06675981483942628
65 l 38 0.04693489460087119
65 n 62 0.08271793066236388
65 o 104 0.08077793578358883
65 q 57 0.018329899689536133
65 r 5 0.0401376898105702
65 u 63 0.055821612567629186
65 v 80 9.97936741093941e-05
65 x 66 0.07000095091835767
65 y 61 0.03329823675033139
65 z 20 0.07041028790455128
66 a 23 0.035361099316566946
66 b 80 0.008804379414263375
66 c 87 0.01901992440468714
66 d 81 0.009896350621230288
66 e 54 0.04830606883891286
66 f 47 0.053787674266302155
66 g 41 0.01907968747863431
66 h 83 0.01066749046822113
66 i 75 0.00741540165888932
66 j 14 0.02686941472650084
66 k 42 0.011045067645769513
66 l 109 0.04238706385447333
66 m 49 0.005453462310550661
66 n 14 0.02821719311378701
66 o 25 0.03061168259374647
66 p 31 0.003793583122691513
66 q 71 0.03744992231178845
66 r 91 0.025400036312060004
66 s 8 0.012508680948039252
66 t 2 0.158094272224091
66 u 92 0.06760525303569787
66 v 3 0.12264440007797339
66 w 50 0.07730326735055926
66 x 8 0.03216287053518663
66 y 106 0.0873353550228555
66 z 59 0.0024180886997052786
67 a 40 0.0533500038700474
67 c 8 0.008252133905468861
67 d 86 0.014122767278461623
67 e 90 0.029880022630532577
67 f 47 0.06643735551203145
67 h 64 0.003073156047021852
67 i 16 0.11478148053295467
67 k 87 0.03727447313925081
67 l 98 0.00817145398025687
67 m 87 0.042023947887502744
67 o 13 0.08328422462002616
67 p 28 0.01621215896514805
67 q 1 0.037636418517082104
67 r 33 0.10055854274461129
67 u 0 0.024652634960667164
67 v 105 0.06803408459837268
67 w 53 0.05024197787759754
67 x 107 0.04580819689814175
67 y 6 0.015386656163335788
67 z 39 0.059387460694084626
69 a 82 0.03669017681749276
69 b 81 0.005385632914569061
69 c 9 0.008016084059854767
69 d 58 0.040479680629176173
69 e 58 0.18656121944440718
69 f 14 0.03969825244098757
69 g 74 0.02113822957782996
69 h 62 0.07855317923662974
69 i 18 0.02298305535434264
69 j 82 0.14007049842992592
69 k 105 0.0010246009256582589
69 l 82 0.0017999164117439292
69 m 42 0.047950594017585724
69 n 54 0.022391960652515364
69 o 21 0.003662090537078111
69 p 30 0.05664789429477446
69 q 68 0.01777839985188745
69 r 75 0.017695007661599815
69 s 91 0.021820632049488364
69 t 29 0.0350010423488859
69 u 52 0.015130511764293586
69 v 97 0.07314566199076666
69 w 100 0.009044832425932459
69 x 9 0.015436220440684267
69 y 46 0.04122178007628241
69 z 73 0.023938844070530263
70 a 47 0.12768377289315103
70 b 15 0.06875635775690936
70 c 69 0.14035742944707108
70 d 91 0.0018901160382709392
70 f 46 0.07862265587927897
70 i 71 0.011020630684327126
70 m 8 0.10675893836467532
70 n 3 0.02301087725369788
70 r 68 0.0034424221922164655
70 s 97 0.035539405486142206
70 u 90 0.021845707052329688
70 w 51 0.056782015985843204
70 x 96 0.0264179235662636
70 y 75 0.09895314250193332
71 a 49 0.05757385040210983
71 b 2 0.018394851694263914
71 c 82 0.024025234473543433
71 d 37 0.09947121019992133
71 e 79 0.011926461404136557
71 f 69 0.03385579005322403
71 g 6 0.18739290410184528
71 i 28 0.03696347861150462
71 k 109 0.02868822555229389
71 n 34 0.13747923285445818
71 o 71 0.015215703764506205
71 p 76 0.01848738315572951
71 r 16 0.1066986195875319
71 s 21 0.008083518814677393
71 t 95 0.047568392695324535
71 v 62 0.036214988843902174
71 w 54 0.036139862769400954
71 y 96 0.07614307548679655
72 g 64 0.14143996229950062
72 h 50 0.07911553663766258
72 j 47 0.0057610477782417124
72 o 68 0.18416235227942968
72 t 85 0.11985451798544267
72 v 9 0.042382981856919244
72 w 15 0.09763928210485251
72 y 65 0.041604907886039544
73 a 59 0.04204662309387053
73 b 38 0.035602764403386056
73 d 94 0.002339566842358587
73 e 59 0.049003195584724324
73 g 12 0.05724313752110832
73 h 65 0.09311903707326918
73 j 105 0.04636865667393608
73 l 105 0.03141123038884941
73 m 18 0.004941015366893731
73 n 37 0.23870998530363208
73 q 1 0.011727136577067476
73 s 57 0.0031214874061413767
73 t 51 0.020923748647760698
73 u 95 0.07960271920443962
73 v 83 0.033876842063710666
73 w 37 0.004551518363127727
73 x 79 0.1642709311368159
73 z 3 0.07546176341738409
74 a 55 0.0802249769364538
74 b 109 0.011543492153534674
74 c 74 0.008375865275167094
74 d 37 0.09781102910338768
74 e 71 0.014074726436401064
74 f 26 0.039304344040079986
74 g 25 0.02511241721159141
74 h 11 0.07356161179355825
74 i 0 0.006106963893938944
74 j 75 0.0847592743383615
74 k 69 0.043378126225028346
74 l 89 0.03978116838938406
74 m 0 0.12354416027612447
74 p 44 0.0561805660149961
74 q 81 0.02482977967219746
74 r 54 0.026490615105892124
74 s 43 0.01678173383614967
74 t 54 0.08828897457254914
74 u 67 0.04474389885311569
74 v 4 0.0028702291571042204
74 w 39 0.006482614031105616
74 x 29 0.005107629384608181
74 z 25 0.06770128152853605
75 a 33 0.09751771075291216
75 h 58 0.01206419333536346
75 k 27 0.08656507946263636
75 m 63 0.14271895791997202
75 o 23 0.08707392539586722
75 r 60 0.37805130890395766
75 u 65 0.03067969277713789
75 v 32 0.1156285597982113
75 x 35 0.016038640000931248
75 y 94 0.006108005640774183
76 y 65 0.368679608567954
77 i 41 0.24702570773629617
77 k 58 0.33396698406606473
77 l 108 0.2550047278440577
77 n 25 0.10212740072078974
77 r 87 0.007137331063621133
77 u 31 0.027532462598715446
77 x 43 0.0042446729081795365
78 a 45 0.029765810060695674
78 b 45 0.005180416449339531
78 c 88 0.09993805186072291
78 d 106 0.0337096303098543
78 e 12 0.003980220954818647
78 i 102 0.004103212433245518
78 j 52 0.007789562005553474
78 k 96 0.028707732661318652
78 l 95 0.10191327770970715
78 m 44 0.009776398514401263
78 n 38 0.046480429708217086
78 o 2 0.005165224632693199
78 p 65 0.06455965486983428
78 s 98 0.02296165059024169
78 t 28 0.03147113047428862
78 u 1 0.006352083436846456
78 v 66 0.0007010883600855333
78 w 98 0.18874201562018966
78 x 68 0.03740218750960378
78 y 47 0.10490953910647693
78 z 46 0.13692901594190343
79 a 35 0.05680881857336262
79 b 79 0.03559773243305031
79 c 29 0.03377310329674488
79 d 46 0.002164007254303435
79 e 103 0.007563543933145955
79 f 107 0.05637677662612972
79 g 61 0.02753548359604674
79 h 26 0.02343315609987162
79 i 108 0.012461529052239295
79 j 33 0.034876047841167934
79 k 65 0.028663150561824557
79 l 15 0.11377980840128377
79 m 2 0.06384616976089919
79 n 12 0.01301909329816564
79 p 12 0.03294723478662276
79 q 14 0.0270968863728549
79 r 103 0.019981253854313263
79 s 85 0.048597383953863815
79 t 101 0.050480133254541815
79 u 47 0.02333245564795139
79 w 30 0.0005158374167693047
79 x 76 0.06591504929427061
79 y 85 0.005205772119568408
79 z 88 0.13350194299427998
80 a 77 0.16341120162326928
80 c 79 0.022072318168484206
80 d 65 0.022264803216251683
80 e 41 0.04447582202043099
80 f 37 0.05375233080049002
80 g 101 0.07809051152435131
80 h 12 0.030816795064086744
80 i 79 0.03256646092986859
80 k 75 0.09636341397455483
80 l 71 0.07326520292413419
80 m 81 0.0026535948314074798
80 n 15 4.733773539156161e-05
80 o 24 0.005361711929563473
80 q 106 0.0031514184619924057
80 r 96 0.04231277752752949
80 s 1 0.007749285460825872
80 t 69 7.389247428191137e-05
80 v 1 0.1174705403367543
80 w 28 0.026677026616410027
80 x 90 0.08437139314082653
80 z 30 0.00638707183566789
81 a 54 0.11841729987019356
81 b 89 0.03227169245575345
81 c 2 0.035351705435643366
81 d 12 0.02034699205196311
81 e 94 0.028390992536331483
81 f 64 0.018579437681069733
81 g 37 0.014549518349117663
81 h 91 0.01844709810851286
81 i 24 0.0017339190632060797
81 j 11 0.005904870245872718
81 k 45 0.0420290105897716
81 l 8 0.07477952987076097
81 m 20 0.004840224033271889
81 n 60 0.001984435890545422
81 o 6 0.010358796458822539
81 p 75 0.02317740382650224
81 q 5 0.03451108527728286
81 r 86 0.03617466624916976
81 s 47 0.019702698735798996
81 t 28 0.011647737261632596
81 u 48 0.09984534844556214
81 v 53 0.03641048105472633
81 w 55 0.03650553247812771
81 x 83 0.02732629239159079
81 y 21 0.10328401052525071
81 z 33 0.07659073916564063
82 a 56 0.17755619298168224
82 b 57 0.019690013117241723
82 d 41 0.028002559796748372
82 e 18 0.07408320632108334
82 f 23 0.02248638252008539
82 g 4 0.02485346420956691
82 h 87 0.016834724811983892
82 i 58 0.03866257983085275
82 j 60 0.0032977360454120586
82 k 41 0.013240385493188955
82 l 104 0.018250357089310998
82 m 102 0.12606081120268264
82 n 97 0.017646714951543796
82 o 100 0.06009751696813903
82 p 9 0.02875463837863368
82 r 84 0.0071689550762145116
82 s 34 0.022626621208760356
82 t 98 0.05862374071212173
82 v 13 0.001301284255795454
82 w 87 0.06666033535578786
82 x 3 0.031883872757660026
82 y 11 0.05174956719682766
82 z 55 0.012632840055954997
83 a 50 0.010144781214397991
83 g 54 0.06201072396948426
83 h 51 0.10488080024607893
83 m 30 0.050895293143984444
83 q 15 0.05869357558607957
83 t 31 0.008869345679403784
83 v 4 0.03779782807415655
83 x 16 0.31981886107980684
83 z 14 0.3162299987366842
84 b 62 0.611848686881214
84 m 42 0.0751597170796493
84 u 94 0.3061790161178497
85 c 17 0.05968647291809892
85 f 25 0.10471861843323849
85 g 1 0.056461045123070264
85 h 52 0.047195113579859616
85 i 88 0.02362330631938514
85 j 85 0.0033068279947600088
85 k 81 0.08201001542635122
85 l 66 0.09888742042694798
85 m 100 0.0006619193519369349
85 n 51 0.01902428733795436
85 o 49 0.002667042151549004
85 s 26 0.07168015720824317
85 t 41 0.03714528396989303
85 u 56 0.0027487077486715306
85 w 59 0.08633460911327862
85 x 90 0.1877624112804226
85 y 93 0.009544896216590604
85 z 73 0.05818691541220655
86 g 94 0.017129641531753337
86 i 102 0.19199420645019039
87 b 36 0.1809625592874048
87 d 24 0.12031230479886845
87 e 68 0.0018563424066613265
87 h 108 0.1234841855001989
87 i 44 0.0691462141099155
87 k 78 0.0060711158128706755
87 m 6 0.039292423571840485
87 n 1 0.027199489020375944
87 o 6 0.012711686557150825
87 q 100 0.0017186960074335733
87 r 1 0.09665082506256972
87 s 55 0.024185107914524884
87 t 40 0.027959733072420168
87 u 77 0.0756841238059709
87 v 93 0.11410017112184312
87 w 98 0.05415049162836871
87 z 19 0.0037578999748587583
88 a 2 0.019964779783075093
88 c 49 0.054704314901000584
88 d 109 0.022057556817382418
88 f 55 0.03336175799932395
88 g 33 0.03240038739231066
88 h 44 0.10499254654822376
88 i 104 0.03219788862586148
88 j 21 0.23293918200777464
88 k 80 0.058722443437203564
88 m 59 0.004008125407288343
88 q 25 0.031578713388814794
88 s 37 0.02530541115303564
88 u 22 0.12111780649437165
88 v 43 0.06479006362700623
88 w 63 0.05591467302106534
88 x 14 0.04079728269227778
89 h 88 0.13569020455271597
90 e 88 0.050804747870457745
90 i 24 0.1185419250689077
90 n 57 0.0373619477457825
90 v 18 0.20289892068248783
90 x 21 0.35261093663850374
90 y 33 0.016376260062560877
91 a 2 0.051962893921794984
91 b 39 0.025272594248106683
91 c 17 0.001605864433054216
91 d 37 0.0032128050579457446
91 f 24 0.034015725660868856
91 g 103 0.07122148299718034
91 h 86 0.005970320338773427
91 i 62 0.022723392352380634
91 j 17 0.006358607010841344
91 k 74 0.03044517522524748
91 l 67 0.03923805156022386
91 m 74 0.08903891125573571
91 n 95 0.11466691575304266
91 o 84 0.07856513160775647
91 p 77 0.017631497515400052
91 q 51 0.024102292306934392
91 r 3 0.014687819561592153
91 t 86 0.040531277319345804
91 u 62 0.016327994564556136
91 v 21 0.10026078735165433
91 w 84 0.04384819025257991
91 x 69 0.05127617006281615
91 y 75 0.09205568613120874
91 z 15 0.009081243008051798
92 a 66 0.03247425314046992
92 b 95 0.002896714625159058
92 e 18 0.013449845418518014
92 f 36 0.1601890890835952
92 g 23 0.02116517790366501
92 h 24 0.08774952356943921
92 i 58 0.00673138261452888
92 j 17 0.005040257945809645
92 l 23 0.02442853642074383
92 m 45 0.14571813447083493
92 n 95 0.027166089461101994
92 o 22 0.09341067454653396
92 p 75 0.001852950528660302
92 q 3 0.00028618266736923914
92 r 75 0.11072565167272863
92 t 6 0.06822721094832807
92 u 13 0.01188216565165634
92 w 47 0.0022755890406727097
92 x 45 0.04657205748035309
92 y 88 0.08539756841168034
92 z 59 0.041490780279831885
93 d 12 0.10100230655753961
93 g 65 0.044632953771353234
93 m 81 0.21369761962376344
93 n 9 0.09097961014071432
93 p 71 0.0936779636492181
93 r 22 0.09602174500806337
93 u 82 0.00983859260945752
93 w 74 0.1252026099336616
93 y 98 0.04763117952264062
94 a 102 0.033138633093390935
94 f 32 0.03624923828079385
94 l 20 0.3826930289052939
94 u 27 0.1399322713174056
94 v 57 0.14305184649601366
94 x 81 0.2561036068120691
95 a 101 0.0030073162933802466
95 b 36 0.022890741281775706
95 c 67 0.07048297021829386
95 d 65 0.008115375865844543
95 e 87 0.0710990646986942
95 f 39 0.012694350151452038
95 g 87 0.014664249821948472
95 i 66 0.04668298558910522
95 j 103 0.02061367531491687
95 k 61 0.024448271790101894
95 l 18 0.1550024931920877
95 m 99 0.004025967501736782
95 n 74 0.03861943107459931
95 o 46 0.03553238117844737
95 p 18 0.0725754398001981
95 q 72 0.03614384875014065
95 r 4 0.027587264175590542
95 s 18 0.022435031810549178
95 t 70 0.050954325399449996
95 u 5 0.07535479664323652
95 v 48 0.025616193189895164
95 w 73 0.0442684618541459
95 x 88 0.0053272826647795535
95 y 49 0.0049851507892899605
95 z 56 0.09371651175789053
96 b 102 0.1294687885942022
96 e 66 0.4252949610055151
96 f 49 0.021361947531631675
96 i 69 0.08354775650474111
96 j 61 0.06586977495109991
96 m 79 0.11171038709653336
96 z 7 0.05778434748487582
97 a 66 0.09627400150183074
97 b 64 0.028080889496284955
97 c 23 0.02648867509652042
97 d 38 0.05616238992233047
97 e 86 0.000911575678478993
97 f 19 0.09498220085987141
97 g 87 0.03880007211276082
97 h 78 0.050931699815154996
97 i 30 0.0628881455833088
97 j 103 0.005300336585939314
97 k 3 0.014663576932241074
97 l 17 0.02192179532807681
97 m 89 0.05108144478647236
97 n 24 0.026910901274640353
97 o 18 0.03659927307002009
97 p 38 0.03704567158502137
97 q 24 0.010701032142071742
97 r 56 0.006750676732941385
97 s 50 0.01223968135129827
97 t 37 0.019258239432290436
97 u 81 0.08451941143824693
97 v 11 0.02600028136110233
97 w 32 0.061655328066611226
97 x 5 0.02261120597258781
97 y 93 0.028357959021563794
97 z 48 0.0123220278056696
98 g 86 0.2414680296274988
98 o 97 0.08426617868327468
98 p 88 0.5227914474843471
99 b 60 0.217461858975332
99 p 31 0.0971056173141811
99 s 59 0.07225466276978243
99 t 69 0.13307137466339836
99 x 20 0.18145114774155113
100 a 16 0.039395869284591045
100 b 108 0.011089183083850096
100 c 64 0.007083306131672518
100 d 3 0.10782473876661836
100 e 44 0.0703544267225743
100 f 12 0.005043646473482211
100 g 46 0.003836108025708551
100 h 86 0.02209015259638103
100 i 70 0.07279448474893835
100 j 39 0.07489686414637753
100 k 28 0.012770446259475987
100 l 24 0.01535198817953276
100 m 58 0.02152834718090535
100 n 93 0.04460210980287771
100 o 16 0.0611234316048479
100 p 13 0.0242638618564035
100 q 35 0.021368946512660414
100 r 28 0.005126932821737262
100 s 22 0.041275996308585694
100 t 25 0.07648362531587571
100 u 47 0.021516395935723853
100 v 4 0.06523782945223922
100 w 91 0.0014401423961423188
100 x 19 0.10376132977238517
100 y 86 0.00769984850657679
100 z 24 0.05851395460172315
101 b 42 0.010339933807433144
101 h 78 0.1473284185116851
101 i 7 0.05633545260966277
101 p 64 0.26198553673143565
101 x 74 0.5203124336512155
102 a 87 0.010875135625767585
102 b 78 0.0179618554080061
102 c 96 0.028720042769242893
102 d 60 0.034234770418426375
102 e 75 0.16103361791294124
102 f 14 0.014744338645142796
102 g 55 0.15287880321079417
102 h 43 0.007553490863785539
102 i 87 0.02123229023075135
102 j 66 0.013738324679203218
102 k 50 0.005413260299126366
102 l 74 0.07286028342324125
102 m 13 0.05331338088981097
102 n 21 0.058509993930301096
102 o 79 0.002642044885322936
102 p 52 0.03638454669624702
102 q 96 0.001509614584400909
102 r 106 0.028931550959164998
102 t 75 0.10099483751035121
102 u 35 0.048183762207171243
102 v 77 0.06541299205255413
102 w 106 0.021150071016017402
102 x 6 0.02141892152249858
102 y 44 0.002079706025327699
102 z 25 0.017861491805960528
103 b 104 0.010083488452330758
103 c 8 0.058696084696215456
103 d 45 0.0552827110736307
103 e 66 0.014464364326926327
103 f 24 0.006317803293445223
103 g 2 0.01472195489987349
103 h 30 0.06358292979205438
103 i 23 0.003856654014711247
103 j 7 0.044194674691349634
103 l 42 0.06702719809513147
103 m 25 0.06211097596093551
103 n 93 0.00444229187245937
103 o 101 0.04856028339576979
103 p 56 0.028744198347821492
103 q 25 0.04256386375813159
103 r 29 0.05580951530922451
103 s 96 0.11926550294991467
103 t 74 0.10196323265372353
103 v 107 0.027490095719437835
103 w 7 0.051877180805605994
103 x 92 0.07546420326794767
103 y 91 0.0006145980151213148
103 z 84 0.03031116769540365
104 k 19 0.10475016804905046
105 e 67 0.19945470882398908
105 h 84 0.07489977279373394
105 p 74 0.09265851665286706
105 t 46 0.03539627550551694
105 u 35 0.1254828100120935
105 y 12 0.32985945573094355
106 j 21 0.038815261126948775
106 t 6 0.045200603401646555
106 u 7 0.7085017353220144
106 x 82 0.1849659317083837
107 b 85 0.06591699730721046
107 h 29 0.18217064108344205
107 l 75 0.04225620735123303
107 q 31 0.2611413591373266
107 s 85 0.1609788436187518
107 u 10 0.10539077158157628
107 v 99 0.04575314061372371
107 y 75 0.03543331637554348
108 f 103 0.012876352879337083
108 i 94 0.050426047412833186
108 j 11 0.029123417080505254
108 k 8 0.08161358908135385
108 l 99 0.01731166197716283
108 m 106 0.11705806135213348
108 n 18 0.0891848383423599
108 s 73 0.4186667006496726
108 t 93 0.07862887723789247
108 w 60 0.03482749090334125
108 y 17 0.023834684866823275
108 z 64 0.00022292771633580788
109 a 72 0.03601802054632608
109 b 50 0.045037252350608736
109 c 107 0.00020231149681027016
109 d 32 0.024963104952376414
109 e 107 0.04477979091265327
109 f 6 0.09185100455213802
109 g 99 0.04460128928155982
109 h 11 0.1049701223639371
109 i 58 0.003936532913815571
109 j 71 0.00023744971657513325
109 l 109 0.02362906797350972
109 m 94 0.004431524426199429
109 o 94 0.010510409940726495
109 p 101 0.07390314700741618
109 q 52 0.004576030633964501
109 r 58 0.002920662502656546
109 s 25 0.029265848034412456
109 t 70 0.08706435480152874
109 u 0 0.007001216657381737
109 v 90 0.026174857426457976
109 w 41 0.04345685320273607
109 x 105 0.006308118570112042
109 y 13 0.07098497595458475
109 z 33 0.08175885881836797
