56 26 849
0 0.11191696067446333
0 0.04985255071167638
0 0.031133465165185448
0 0.0005339990841735087
0 0.14630868514803852
0 0.040486924366566646
0 0.038807320260369926
1 0.03909708664650091
0 0.10429109416090532
0 0.022591360446141517
0 0.02731517073475742
0 0.3683095419822755
0 0.10212619126417155
0 0.28046683255722293
0 0.06749744797865198
0 0.07595013723429689
0 0.24382771051749064
0 0.1279568237123444
0 0.2248388553787115
0 0.09531921361411089
0 0.047513403167883994
0 0.11140587299047999
0 0.013829810866796688
0 0.05215055695489901
0 0.4615813605693325
0 0.025293095632052953
0 0.018350204718738716
0 1.0
0 0.12349055805740405
0 0.013344243866453165
0 0.05720137248252344
0 0.001601473427010447
0 0.029138805805701717
0 0.11374863352149933
0 0.00907605889832619
0 0.27415196479552584
0 0.11444845699150819
0 0.008147331008658054
0 0.0009710682482331201
0 0.024942063653261903
0 0.5785858253742239
0 0.05106023201622434
0 0.02926410296840165
0 0.04466527566495759
0 0.4420224973152157
0 0.020051157540830755
0 0.016204330074808704
0 0.41557774291096905
0 0.24249792945838555
0 0.10107992021064638
0 0.04908860279169314
0 0.06545301145320226
0 0.00626013517361812
0 0.0994860079352109
0 0.10182294769921751
0 0.5696890863734771
0 a 54 0.1753989746130734
0 c 14 0.07902196183244137
0 g 1 0.03977617133146216
0 h 14 0.03539003046467304
0 j 40 0.015273289413244462
0 k 7 0.008407986700198156
0 l 26 0.016966197345045786
0 m 46 0.022393464261697416
0 n 25 0.02341532345347974
0 o 49 0.0029028158903722234
0 p 8 0.029159408214861515
0 t 27 0.18476956881728557
0 u 2 0.020023972694116043
0 v 22 0.0031784988782436185
0 w 35 0.07795721952918111
0 y 40 0.11579241391877548
0 z 22 0.03825574196738557
1 b 51 0.14825818942558966
1 c 53 0.03203962787209047
1 d 6 0.00999298442781582
1 e 8 0.06882646020281635
1 f 52 0.005659989543082999
1 g 7 0.0807530839835765
1 i 27 0.05468179269101536
1 k 39 0.06640783487919988
1 l 12 0.07351146724290392
1 p 8 0.018798987562768765
1 r 48 0.038375576246043486
1 s 32 0.07482864603610606
1 v 39 0.12683332716997175
1 w 26 0.12325451479691196
1 x 55 0.018136109113523702
1 z 17 0.009788858094906927
2 a 52 0.0938420618499215
2 c 20 0.1683623019023397
2 d 39 0.01391364931748873
2 e 46 0.11860060189982746
2 f 6 0.09621243993919404
2 j 51 0.032423730144645724
2 k 4 0.006066929084298955
2 m 1 0.03778877110233625
2 n 34 0.005880103877670573
2 p 35 0.0008566345154973343
2 r 19 0.06681873772496794
2 s 24 0.08971847116367992
2 v 11 0.14890563156352044
2 w 51 0.05484876704862396
2 x 16 0.03160022862719547
2 z 8 0.003027475073606567
3 a 16 0.06405321528717367
3 b 54 0.19144728981869819
3 c 29 0.0839041237781043
3 e 39 0.0027533300149511497
3 j 35 0.07104400480058382
3 k 50 0.02556022226301724
3 n 4 0.04556581651703551
3 p 27 0.0109916746882186
3 r 52 0.07103533999303746
3 t 41 0.0686269250980811
3 u 46 0.07212401931544166
3 w 5 0.06575349975080758
3 x 47 0.11577900398142682
3 y 33 0.1108275356092494
4 a 46 0.11841792600377987
4 c 54 0.07068162774457976
4 d 41 0.04004685644094097
4 e 0 0.005846587108378931
4 f 13 0.009066274397527385
4 g 27 0.027865846133247718
4 h 28 0.034109280485519755
4 j 27 0.07448881372377691
4 l 19 0.1523932244714329
4 m 30 0.017678529516694352
4 o 55 0.0019357215405318984
4 p 19 0.013133725544272945
4 q 39 0.008309455248430297
4 t 17 0.02812075475038467
4 u 12 0.04390323459923173
4 w 47 0.018877900913074508
4 x 43 0.1182954517286623
4 y 2 0.012763830291318001
4 z 42 0.057756274210176595
5 c 4 0.13036757892303208
5 d 18 0.19577735227981352
5 f 52 0.003932879143830892
5 h 54 0.12935375648949976
5 i 39 0.04642296635155896
5 k 10 0.0394475667849471
5 l 8 0.0011081309116720561
5 m 25 0.020948608285018544
5 p 33 0.11526726152168121
5 r 1 0.09547189119516919
5 t 52 0.041538457382816474
5 u 48 0.1202208988920026
5 v 28 0.01965572747239097
6 c 38 0.05732290153598141
6 d 31 0.10816695474995541
6 f 35 0.011951961820074741
6 g 12 0.04473852269216827
6 j 44 0.02080078826908971
6 l 6 0.062118117828334984
6 o 9 0.007317147785131706
6 q 0 0.055347450267210996
6 r 20 0.034159146198322055
6 s 53 0.03930353900657424
6 v 21 0.33537890264376824
6 w 47 0.021833995769632963
6 x 30 0.03066107726118039
6 y 32 0.007986706360235685
6 z 12 0.12410546755196927
7 a 27 0.031236858070285867
7 c 1 0.05648534914645853
7 d 45 0.030161596731665852
7 e 38 0.03673256070480768
7 g 25 0.06585611148180759
7 h 2 0.02154545874135949
7 i 8 0.008398502213493586
7 j 12 0.07319446632025606
7 m 46 0.025464389108934005
7 n 9 0.08770318958109302
7 q 32 0.007694362138752409
7 r 6 0.04977195286482794
7 s 17 0.04158466579729414
7 t 2 0.0014221241908493054
7 u 28 0.12178084295519209
7 v 48 0.03575082217615144
7 w 34 0.20419538141746507
7 x 33 0.06192427971280501
8 b 0 0.03141353017702142
8 e 15 0.05426428365733449
8 f 52 0.01148812802452892
8 g 17 0.07127697405166133
8 h 8 0.0005839879070744791
8 i 44 0.04065272302288592
8 j 11 0.05590067455640857
8 l 54 0.2157336745652415
8 m 54 0.0009735104498622693
8 n 42 0.0047047204531447395
8 o 1 0.005245117345805683
8 p 44 0.08340552878972274
8 q 43 0.030491155984553986
8 r 47 0.007191693430465662
8 t 32 0.05913771873739149
8 u 7 0.061483193163483274
8 v 28 0.004956423854507341
8 w 2 0.003946186382943195
8 x 13 0.07149219720376054
8 y 50 0.016357856451413633
8 z 15 0.06500962762988349
9 c 28 0.05783634911376945
9 d 3 0.01114199299109253
9 e 51 0.09807597571827853
9 f 18 0.031231667834645815
9 g 54 0.07687664445164955
9 h 10 0.006618961559797798
9 i 54 0.02834291286744539
9 j 7 0.1197895720201696
9 l 6 0.003371065878815971
9 m 25 0.12731135336764798
9 n 5 0.014395920106834215
9 o 22 0.004219236646117341
9 p 26 0.03857979143967061
9 q 9 0.01669141358264581
9 r 28 0.009370823392674588
9 s 2 0.00823615987565951
9 t 33 0.09801309228508626
9 u 2 0.08097641947304113
9 v 3 0.009823819490062835
9 x 1 0.0048237435157933994
9 y 22 0.026761383967302987
9 z 50 0.1049203399756572
10 a 27 0.0953985331734537
10 b 49 0.018430321775848024
10 c 47 0.035078262538840055
10 f 21 0.02488861186795721
10 g 32 0.15666443660189322
10 h 50 0.035409050619164883
10 i 7 0.027066990964236814
10 j 6 0.11356234549174282
10 k 46 0.02274643078688643
10 l 30 0.011536428724198133
10 m 44 0.10445238483042096
10 n 52 0.003766098433968579
10 q 47 0.01085220359450334
10 r 38 0.006678428734127939
10 t 14 0.010841444825653301
10 u 50 0.02898844662659883
10 v 40 0.062438558977141234
10 w 36 0.003211729139113495
10 x 53 0.05120139422735426
10 y 5 0.10548432411999109
10 z 13 0.04398840321214825
11 l 43 0.41578271459717697
11 m 40 0.21590774342054753
12 a 36 0.14186910025150556
12 c 32 0.09309060230752153
12 e 15 0.012353599756639078
12 h 10 0.05678566322518075
12 i 22 0.017782435688431075
12 l 52 0.03140381245759161
12 n 42 0.009083978538341309
12 r 42 0.0025000914394811558
12 s 41 0.14555599124375862
12 t 44 0.06739438161696976
12 w 29 0.004072301468102779
12 x 25 0.10991390312225902
12 y 36 0.2060679476200462
13 b 42 0.0034561118685879633
13 c 40 0.08748821191474543
13 e 33 0.0487766207757403
13 k 0 0.007845800543179626
13 n 46 0.14250858987263704
13 o 1 0.018429260214307575
13 p 43 0.16919101051533758
13 r 55 0.052962564790242306
13 t 18 0.001317019547168008
13 v 1 0.05242493172341378
13 x 55 0.10400217700357128
13 y 20 0.03113086867384618
14 a 4 0.014791384928298457
14 b 28 0.022001924986644772
14 c 42 0.14343470700033156
14 d 25 0.002254789105368027
14 e 36 0.023167374518459738
14 f 8 0.1650785164881896
14 g 3 0.05327453819358041
14 h 9 0.013491145607193222
14 i 7 0.0037796876914152344
14 j 33 0.017240247669460973
14 k 44 0.015328418608381966
14 l 25 0.037710677412693516
14 m 26 0.024979170451690957
14 n 19 0.013663439921637655
14 o 32 0.011387682182624426
14 p 47 0.009425040679811314
14 r 15 0.024979757145754067
14 t 43 0.010184168235666924
14 u 9 0.02467523028849805
14 v 18 0.03247255031830698
14 w 29 0.04028883567345709
14 y 24 0.22889326491388307
15 b 29 0.1389730730521348
15 d 52 0.03509590913114857
15 l 30 0.326295362563468
15 m 30 0.32078102592795044
15 t 36 0.10290449209100128
16 a 20 0.11838954890390996
16 c 16 0.1445091061105266
16 d 53 0.033621526442271565
16 f 44 0.0032653690670501057
16 j 14 0.22160444425572645
16 p 21 0.031850916916344896
16 s 43 0.021961212817367293
16 u 22 0.012307413271394951
16 v 49 0.09073833276484322
16 w 40 0.07792441893307434
17 f 5 0.09787067335749233
17 h 18 0.0077912890452798145
17 j 4 0.05412498651042286
17 k 23 0.03300358386632374
17 l 32 0.06300116652235221
17 m 17 0.013477986766835759
17 n 55 0.06581385167190523
17 o 16 0.06263923144664729
17 p 7 0.06092394784610489
17 q 24 0.16761464429807726
17 r 30 0.04591339745964995
17 s 30 0.031232666811170096
17 t 10 0.02198103472400781
17 u 11 0.05353889369813536
17 v 55 0.029149384902629083
17 w 51 0.028741459297686567
17 x 23 0.03276880790768155
17 z 6 0.0024561701552537896
18 e 45 0.09475111855990725
18 f 53 0.04075803448121562
18 h 46 0.13351877563236636
18 i 52 0.005798331428762182
18 o 14 0.048608912164665674
18 p 53 0.06696205403767375
18 q 18 0.20148320918595908
18 r 40 0.07509385450097794
18 t 55 0.06464286239657258
18 y 15 0.030070692604194593
18 z 5 0.013473299628993463
19 b 16 0.011627940930804215
19 e 26 0.004110650820710937
19 f 1 0.08760962947337869
19 h 23 0.003030416768169397
19 i 46 0.0014752833678534083
19 j 9 0.05004768550355099
19 k 6 0.009263069477003505
19 m 20 0.20904158670101758
19 o 32 0.06420361713749978
19 p 41 0.08430767462465494
19 s 29 0.17292228924048658
19 v 32 0.05065468096187142
19 y 3 0.07446013239833504
19 z 18 0.08192612898055263
20 a 37 0.018611558834007336
20 b 7 0.0030668635562328683
20 c 53 0.05473942840070711
20 d 16 0.04812082734306877
20 e 10 0.005967254054288551
20 f 49 0.02137255171320962
20 g 4 0.0021284944163982855
20 h 55 0.02400647615006468
20 i 34 0.02558155070727608
20 j 30 0.0883328300293229
20 k 53 0.05214418444258073
20 l 10 0.17762636980724844
20 m 29 0.030773566102850425
20 n 29 0.016943830283304262
20 o 34 0.05235278451175396
20 p 46 0.00952731342833002
20 q 24 0.009287194809767585
20 r 40 0.006082978190663724
20 s 54 0.03191146112381471
20 u 11 0.015593732843632524
20 v 18 0.046337433716285625
20 w 30 0.06137229224814866
20 x 44 0.09441870350578829
20 y 26 0.03586264146742357
20 z 18 0.020324275145947257
21 h 31 0.42930589431769917
21 i 9 0.11314793701208825
21 k 42 0.18028507245548697
21 l 50 0.034020696000397255
21 o 46 0.027019098166883526
21 r 17 0.0964643253280284
21 z 28 0.008351103728936438
22 a 8 0.09574759573431002
22 c 46 0.021995476159036853
22 d 21 0.0660295554882051
22 e 41 0.013366196744246217
22 f 18 0.020565099968438805
22 g 35 0.02082675825640312
22 h 35 0.14191789745818584
22 i 4 0.0521070130475727
22 j 34 0.05656568088310898
22 k 35 0.01261283738697494
22 l 46 0.009787662614173853
22 m 8 0.05936357701925421
22 n 6 0.0007706948612907771
22 o 50 0.009147318286822359
22 p 40 0.0811221099693279
22 q 26 0.06765199424624124
22 r 17 0.0036316895613331956
22 t 45 0.05352168266010948
22 w 42 0.11314015309738745
22 z 42 0.08629919569078026
23 a 38 0.05544922093711668
23 b 26 0.01737708040149588
23 c 20 0.05664503329713577
23 d 4 0.010796317510373465
23 e 11 0.047662245805516146
23 f 9 0.007204059638205251
23 g 42 0.002970317258970012
23 h 47 0.011511421871441496
23 i 9 0.15648348593241357
23 j 15 0.0004009895561487564
23 k 13 0.018976779723963833
23 l 45 0.012550369160143737
23 m 0 0.01195261077527121
23 n 12 0.005686888656653122
23 o 33 0.024468488720686743
23 p 51 0.02744323931428394
23 q 48 0.10316543237738551
23 r 13 0.05450372248261748
23 s 0 0.01325647557952181
23 t 47 0.038301453184871215
23 u 53 0.0887110606180076
23 v 26 0.04173299021636512
23 w 37 0.01954281669519109
23 x 15 0.02526758299140719
23 y 16 0.08726456635631352
23 z 9 0.008524793983600842
24 g 27 0.13074199858848856
24 i 55 0.05807251820315973
24 p 23 0.12905209044900545
24 r 35 0.05608845547550845
24 t 20 0.0873019164031833
24 v 47 0.02015783404637772
24 y 13 0.05700382626494427
25 b 24 0.0016204788665080683
25 c 42 0.04581921208384987
25 d 47 0.041759818514591096
25 h 27 0.0020366157004315655
25 i 48 0.04590573754637817
25 j 20 0.031014476321729934
25 k 34 0.230855109810451
25 p 2 0.20482979035622773
25 q 1 0.07005988930246776
25 s 35 0.006761666744854566
25 t 23 0.0912900985149675
25 v 0 0.011746682213366277
25 z 10 0.19100732839212353
26 a 34 0.0484770494024348
26 b 30 0.1013349028611753
26 c 8 0.065228461332412
26 d 49 0.06956115356805581
26 f 4 0.008504097240808473
26 h 39 0.08645510780854004
26 i 8 0.00929849374093894
26 j 24 0.03804582187648864
26 k 6 0.07847008433731117
26 l 30 0.05468787456757085
26 m 43 0.09378981920278628
26 n 45 0.010731933391700088
26 o 15 0.05704080226808228
26 p 48 0.007447949406112042
26 q 18 0.026329803195152657
26 r 38 0.09799300114249543
26 s 22 0.02638611134214197
26 t 20 0.025976904027625758
26 x 20 0.017657418825292592
26 z 11 0.058233005744136146
28 a 7 0.00032546891037610326
28 b 54 0.012959751522756635
28 c 55 0.0772275954660886
28 d 9 0.00902553946509399
28 e 28 0.09741275318808329
28 f 2 0.0720802726540184
28 g 40 0.08395654051649737
28 i 30 0.08586375987948058
28 j 33 0.012190319923951365
28 l 24 0.00870499088100618
28 m 48 0.11255031244582547
28 n 22 0.011704484881765675
28 p 20 0.08475064139634902
28 r 23 0.0325207051921117
28 s 49 0.04369749253424293
28 v 39 0.06565003397307623
28 w 44 0.0448340473987382
28 x 12 0.02105473171313421
29 a 45 0.0043028690260226155
29 b 41 0.10617884522263787
29 c 47 0.12289810284033331
29 d 47 0.09525691040857409
29 f 14 0.004007800105905401
29 g 4 0.06645202498968861
29 h 39 0.07812251280199212
29 i 10 0.024755839305198646
29 k 44 0.018563902820555755
29 l 47 0.011761666773876578
29 m 10 0.005916481310066279
29 n 0 0.16017289005493418
29 o 23 0.03389698488701287
29 p 19 0.03575866678117101
29 q 40 0.02951285306816609
29 r 7 0.02195326451459023
29 s 29 0.010805175393978739
29 t 54 0.006572460419606685
29 u 5 0.005585411745591351
29 v 19 0.02934661820850948
29 w 27 0.03107426139384839
29 x 44 0.03802419812126867
29 y 46 0.04573601594001786
30 d 43 0.08991157135606043
30 e 49 0.009980031696857572
30 g 5 0.06376270915716964
30 h 19 0.10401276007021742
30 j 19 0.17714648424094026
30 m 35 0.01903211110901959
30 o 54 0.004962347843374348
30 r 13 0.09055685476605058
30 v 35 0.10723611714921166
30 w 48 0.20967036716147824
30 x 25 0.0010613361906430807
30 z 10 0.06546593677645374
31 a 52 0.0070645367411306115
31 b 12 0.023806602656312625
31 c 11 0.003813826541310128
31 d 31 0.04662729081833206
31 e 29 0.044526632754088746
31 f 13 0.029255808359704316
31 g 41 0.06266084413852069
31 h 12 0.13846557049746577
31 i 43 0.021314800666015765
31 j 4 0.06299994855804125
31 k 24 0.20765553447724328
31 l 37 4.577212286416277e-06
31 m 40 0.004447039879531101
31 n 45 0.026563348102157547
31 o 21 0.007218518517012162
31 p 37 0.01865314612795599
31 q 21 0.06892696199962745
31 t 31 0.07294181767019814
31 u 30 0.09164725861001732
31 v 34 0.005845727080213581
31 w 21 0.001101203627224212
31 x 4 0.027205136632967752
31 y 12 0.016316522054741767
31 z 16 0.00933587285089088
32 a 17 0.11192106240908517
32 c 4 0.03795270562839925
32 e 20 0.09690289393393825
32 g 32 0.030894316747378303
32 h 33 0.08344514844647088
32 i 43 0.1796490273098893
32 l 20 0.051172172383911585
32 m 36 0.019318636112999554
32 n 29 0.03596771576911584
32 p 51 0.08639514264080694
32 s 8 0.0869452976316002
32 t 2 0.010329368070869482
32 u 39 0.03878697365595085
32 v 38 0.03975886688901453
32 x 44 0.03159813069450501
32 z 45 0.029823735870363133
33 d 50 0.035726291770111884
33 g 6 0.24670813869873565
33 k 20 0.2337168408631426
33 q 39 0.11422608038276005
33 t 39 0.1037146627390968
33 z 47 0.1521593520246537
34 a 14 0.03699330165319237
34 b 30 0.010933833103488055
34 c 3 0.0033699449908450863
34 d 27 0.009613021970350077
34 e 9 0.04747831879750197
34 f 52 0.061328337497398855
34 g 7 0.034211010400889696
34 h 39 0.012121535055609423
34 i 15 0.017005865074358306
34 j 3 0.005688640123483357
34 k 33 0.039340086755328074
34 l 45 0.013870547633391128
34 m 6 0.029769847935386062
34 n 1 0.045127071973643185
34 o 28 0.015731363123546394
34 p 5 0.07832526721570543
34 q 43 0.04637041912169437
34 r 33 0.0510938252806008
34 s 7 0.13917390230787507
34 t 25 0.007717718089062964
34 u 48 0.0035757163440971462
34 v 54 0.04035020186540472
34 w 49 0.08878309741577539
34 x 21 0.07731777057294287
34 y 54 0.05717221902224978
34 z 21 0.01846107777785322
35 a 1 0.028401489924410828
35 d 13 0.0966993669692674
35 e 48 0.015708092643698213
35 h 45 0.03718893418924818
35 i 22 0.04026173197858396
35 j 18 0.01793262754117253
35 l 19 0.005096405783159286
35 p 31 0.07370855901120854
35 q 31 0.1707833423531504
35 v 47 0.006946344010720029
35 w 46 0.10667918036002488
35 z 46 0.12644196043982991
36 a 42 0.04951603914534497
36 b 7 0.043920069162568076
36 c 26 0.009336982672839222
36 d 18 0.010830604617765305
36 e 27 0.16995450810491264
36 f 0 0.017242010625062143
36 g 43 0.05238130867884261
36 h 39 0.032383954468927056
36 i 15 0.14021961625029378
36 j 5 0.004602063639591258
36 k 32 0.04226765151743195
36 l 43 0.04654922720352417
36 m 49 0.06496030794688146
36 o 55 0.045074163020697666
36 p 54 0.006738036948894965
36 q 5 0.011335669655237135
36 r 41 0.00200634130354449
36 s 31 0.010457083724134342
36 t 40 0.01813538329996589
36 u 17 0.009998438551560018
36 v 46 0.043100621042313936
36 w 26 0.009513044040533214
36 x 3 0.03241741155450817
36 y 19 0.009061167055768538
36 z 51 0.003549838777348824
37 b 40 0.030323940640222702
37 c 34 0.09049148138054197
37 f 41 0.006440990907145561
37 g 35 0.03611476900427668
37 h 2 0.049201195281934784
37 k 51 0.18348518022085836
37 l 38 0.14600762821501312
37 m 39 0.13641451376967684
37 o 44 0.04739057455987761
37 p 52 0.037799310989411805
37 s 19 0.006686856333598112
37 t 2 0.03817457145024161
37 u 50 0.010034553093121623
37 v 47 0.12814980175038815
37 x 27 0.01659334684528535
37 y 25 0.02039764062824223
37 z 11 0.008146313921505444
38 b 31 0.1527854793744401
38 f 29 0.012056319464134102
38 h 17 0.24718365677590115
38 j 54 0.09166727141792264
38 o 15 0.11730607562389239
38 s 50 0.015120630222994147
38 u 51 0.12170474913730944
38 v 44 0.1712751083789117
38 x 53 0.01591460814429979
38 y 14 0.05401503321196144
39 a 20 0.010891121244664737
39 b 14 0.02550222166079663
39 c 49 0.00047632165790667536
39 d 40 0.004824687819644513
39 e 26 0.0026354920521228786
39 f 45 0.0016751888466398634
39 g 31 0.096105230020757
39 h 32 0.06935270475276156
39 i 15 0.028926723948181188
39 j 0 0.013284648563912427
39 k 5 0.045171283030134846
39 l 45 0.021313779435915503
39 m 20 0.1255338755136699
39 n 29 0.020075032705212936
39 o 25 0.008713551750410997
39 p 25 0.10874213252070719
39 q 0 0.07786168316571462
39 r 44 0.024476545258171445
39 s 9 0.023189073563854135
39 t 39 0.00042188933645059823
39 u 2 0.06317109113114427
39 v 12 0.004900108367774547
39 w 51 0.08901502357100588
39 x 17 0.03275952326147946
39 y 30 0.07294208294574356
39 z 14 0.0030969202219607306
40 b 42 0.2196419177873642
40 h 23 0.20177225683841193
41 a 26 0.0606153652641237
41 b 9 0.0396069271025804
41 c 16 0.11445098362730743
41 d 12 0.015108454599559562
41 e 17 0.00015244348960363752
41 f 3 0.26920358530212873
41 g 37 0.048632076641973
41 l 16 0.016415747549178517
41 m 11 0.03941324646781652
41 o 2 0.10621215689766539
41 q 16 0.00862027215210548
41 s 1 0.10254481455477704
41 t 6 0.0614291515814811
41 v 13 0.013392993433458789
41 y 4 0.05314154932001636
42 a 24 0.11950652347893598
42 b 54 0.05873710438032298
42 c 45 0.006441686550953896
42 e 1 0.06491687981005001
42 f 8 0.03334597271217721
42 g 29 0.097510877373715
42 h 13 0.014382244698374458
42 j 22 0.021266973469611816
42 k 54 0.05256245325198061
42 m 17 0.01004373207708631
42 n 52 0.04513882217264553
42 o 19 0.11736253422468057
42 p 12 0.04088523468414995
42 q 22 0.019535579339163056
42 s 52 0.007253271025343455
42 t 49 0.058589120163649255
42 u 20 0.04496943441088708
42 y 37 0.15531459612893417
42 z 0 0.002972857078937019
43 a 26 0.08920215593241376
43 b 55 0.27292708167309965
43 c 33 0.025660965306722905
43 e 10 0.09258298161697787
43 g 38 0.007085709111803173
43 i 9 0.005057599681156266
43 j 3 0.1739699710541599
43 k 53 0.009879830253877842
43 n 50 0.016971240304100355
43 q 23 0.08351490332681877
43 r 28 0.025573606187345055
43 s 9 0.007533922657262715
43 v 28 0.09514421813363394
43 w 5 0.05023053909567021
44 e 34 0.2114381217404584
44 j 15 0.020944223257137295
44 k 43 0.16713937568355397
44 n 39 0.08938082369049316
44 o 48 0.06907495831314148
45 a 36 0.07642423332893078
45 d 25 0.06777641339302654
45 e 53 0.026219573525840922
45 f 4 0.17712303547245445
45 g 11 0.14070338931712711
45 i 20 0.04515934630556517
45 l 55 0.0438456746377035
45 m 7 0.009293957892163696
45 n 24 0.05722361801150644
45 o 20 0.012162342945847282
45 p 22 0.07016098797710268
45 r 52 0.026002619737609756
45 s 9 0.0639617583849954
45 t 11 0.006636446946141961
45 v 12 0.035145275555349964
45 w 40 0.10483048054868149
45 y 39 0.013491869886149699
45 z 48 0.0037878185929723918
46 b 11 0.09901698532829606
46 c 23 0.0942278701974616
46 d 38 0.18805472672612855
46 e 43 0.03497704491356002
46 g 15 0.039549330562835716
46 i 50 0.02830257704826533
46 j 39 0.0078094852197927445
46 k 9 0.11755095421199757
46 m 5 0.012409638353407026
46 n 43 0.07786463208023142
46 o 39 0.0012431006375575038
46 p 9 0.004130958528634543
46 q 17 0.0007335939992558771
46 s 16 0.058453718353993156
46 t 36 0.028467788204159628
46 u 33 0.007105959699536091
46 v 13 0.09311709431621984
46 y 34 0.08897434052121578
46 z 35 0.0018058710226428465
47 n 32 0.584422257089031
48 a 20 0.030310881559091563
48 e 6 0.26113937200482107
48 g 34 0.04733887141614124
48 n 8 0.15017017086657447
48 s 28 0.009084908680383474
48 w 40 0.2069640526033487
48 z 18 0.05249381341125392
49 d 53 0.02786013500684459
49 e 25 0.0018193274211913968
49 f 27 0.00976849465749674
49 g 12 0.026603969968548635
49 h 49 0.13493478493653166
49 i 43 0.0524163900863297
49 j 41 0.02986777571809851
49 k 2 0.016586647121182185
49 l 18 0.006746285658928319
49 m 38 0.0037432288641280342
49 n 53 0.012592416465105893
49 o 13 0.0018398063690661104
49 p 51 0.00924234453780659
49 q 14 0.03215975696851969
49 r 9 0.07158184296940029
49 s 52 0.02689374078204554
49 t 36 0.05377822250757425
49 u 36 0.006137008015465795
49 v 9 0.13858203593232177
49 w 8 0.1311418455102915
49 x 53 0.01466652464713425
49 y 27 0.008130593215540105
49 z 52 0.08182690242980206
50 a 21 0.043150119457316394
50 b 36 0.07205147376598675
50 c 11 0.0017449966146602103
50 d 55 0.034094460426511874
50 e 9 0.11471238105148751
50 f 11 0.11374280035250117
50 h 9 0.009991663246441074
50 i 13 0.008941177139457634
50 k 11 0.08714114138150797
50 l 39 0.04737480182285969
50 m 3 0.018838324551798014
50 n 44 0.011603742584140653
50 p 33 0.03941190558418117
50 q 7 0.03911362281784103
50 r 48 0.01784176842561802
50 s 36 0.02343387145137199
50 t 14 0.0014334536852714796
50 u 42 0.09462673304792446
50 v 18 0.08814884049773575
50 w 51 0.023598167980030338
50 x 12 0.01669282885092871
50 y 0 0.014154804654436415
50 z 35 0.02906831781829855
51 a 53 0.0066962815602668035
51 b 23 0.0984955898845632
51 c 28 0.24120278621747215
51 d 29 0.12664831048628455
51 h 25 0.0179271360242651
51 i 12 0.002574223000041953
51 k 30 0.058743208574984274
51 p 0 0.11060534281323908
51 q 30 0.0422741844309652
51 u 10 0.1035629328787051
51 w 30 0.12581699267601032
52 a 47 0.10683933751276042
52 b 38 0.012955804361799439
52 g 41 0.009734464398936327
52 h 15 0.06458375864497756
52 i 10 0.10110507865070795
52 k 47 0.04505167236460872
52 l 49 0.13426930984091612
52 m 32 0.11736697465235313
52 o 50 0.010698041996471286
52 p 37 0.040962115422430334
52 q 23 0.009821642208379777
52 r 0 0.01620746817748886
52 t 37 0.12227967366881698
52 u 9 0.00943810198790318
52 v 50 0.015236320319587104
52 w 50 0.014949186992596064
52 x 34 0.14181549970974505
52 y 36 0.005539961279292793
52 z 13 0.014885452636610785
53 b 21 0.0145320867492722
53 d 7 0.02364800957658908
53 f 31 0.12539040872734886
53 h 54 0.022321659374344605
53 i 48 0.08125660451482275
53 j 42 0.02782820762187277
53 m 17 0.022697613059673993
53 o 13 0.12964914989950616
53 q 17 0.10757265232352564
53 s 2 0.07226973384944746
53 v 6 0.11186124436065514
53 w 49 0.08119542070571295
53 y 40 0.06652571275550823
53 z 43 0.013765488546509275
54 a 24 0.06231176972508212
54 b 39 0.06323248799228243
54 c 23 0.01375581430221584
54 e 52 0.049648479432044534
54 f 45 0.003685039830347958
54 g 52 0.0056452054824158715
54 h 24 0.011282869176910792
54 i 30 0.05224065688443558
54 j 23 0.12996277340586704
54 k 30 0.012605703605409357
54 l 22 0.003956367785122539
54 m 44 0.1770901642479723
54 n 38 0.05500345500940851
54 o 16 0.030512886012871054
54 p 5 0.017383385602360635
54 q 49 0.009106667174098582
54 r 10 0.029346852362935216
54 s 42 0.030699102164147285
54 t 5 0.005964709418677994
54 u 28 0.017589360379412167
54 v 3 0.013279713244662372
54 w 2 0.004707804740990307
54 x 45 0.039123216858072185
54 y 55 0.01645916168408801
54 z 41 0.04358340577895181
55 a 18 0.39923579015818933
55 b 23 0.03107512346833352
