25 26 346
0 0.01934372886951008
0 0.01945813420761011
0 0.014905128048765204
0 0.015409209337638341
0 0.0030980312562036705
0 0.048104300147217116
0 0.44083967198667773
0 0.08982386399012487
0 0.052642540630182255
0 0.04748737722104912
0 0.0025971369438233527
0 0.09371714764806971
1 0.017890700589798025
0 0.050139076524648996
0 0.2732238883863526
0 0.005033586831484138
0 0.06606741555621098
0 0.25317352816556304
0 0.053857863189212374
0 0.03903171579029763
0 0.024341831100675115
0 0.03202099837605543
0 0.1287301901344442
0 0.10074703388952322
0 0.05886666771635807
0 a 17 0.0020410830594131957
0 c 1 0.07862989665845932
0 d 3 0.016977693371312164
0 f 7 0.08129345726702653
0 i 6 0.07160481880316782
0 j 2 0.08600021220739495
0 k 20 0.11101277740197368
0 m 21 0.02029613956071663
0 n 23 0.13783865714935117
0 o 16 0.002276673210736546
0 p 4 0.10849000100294381
0 q 24 0.017672888259792963
0 r 16 0.12156193426857187
0 s 21 0.03537118147509932
0 u 3 0.052581228876857566
0 v 3 0.006966815295004092
0 w 9 0.02515822689041014
0 z 24 0.004882586372258135
1 a 8 0.010876083339118714
1 b 5 0.05662161729314075
1 d 21 0.021053464513390407
1 f 16 0.024234630133942003
1 g 17 0.011132135019646383
1 h 5 0.05453593071053997
1 i 1 0.031874875531065716
1 j 11 0.005403535266883086
1 k 2 0.01911651154776861
1 l 3 0.06743716269240796
1 m 13 0.040316066774648385
1 n 5 0.19923549185859313
1 o 6 0.007865201275564337
1 p 2 0.016859039864554948
1 r 3 0.08386592075233401
1 s 6 0.008645366416915712
1 u 5 0.0498288076462593
1 v 7 0.14558393683431314
1 w 4 0.09373300626779968
1 x 19 0.026346705414221794
1 z 9 0.005976376639281855
2 a 16 0.10548257287929885
2 b 22 0.03656145587824022
2 c 15 0.038989774975270786
2 d 10 0.02729972955119897
2 e 1 0.010794702430699799
2 f 20 0.08134099972411113
2 g 12 0.0032853383983684203
2 h 18 0.009152003125458497
2 i 19 0.0065753824816287
2 j 11 0.01392477450663887
2 k 23 0.0092767409179636
2 l 21 0.07670961629422535
2 m 16 0.032519850808331974
2 n 9 0.05229372222517692
2 o 5 0.009857572043631468
2 p 9 0.030166944438236643
2 q 14 0.015112828650231891
2 r 1 0.06380265292244791
2 s 23 0.020122675027799186
2 t 21 0.012268403417392881
2 u 23 0.07795764739247835
2 v 5 0.015451407918751658
2 w 18 0.0005171367560478091
2 x 18 0.013535918969344807
2 y 0 0.10159232160398635
2 z 2 0.12050269861427376
3 a 4 0.0496275482427575
3 c 12 0.04714532164303065
3 e 15 0.09272184028897967
3 i 0 0.17311792908921575
3 k 14 0.024252567975626138
3 l 14 0.10355356520771974
3 m 3 0.06603518482939785
3 o 24 0.03266605815998669
3 p 13 0.05560855181012403
3 r 19 0.11635329263186922
3 s 15 0.02266931080077972
3 t 16 0.011219053451614225
3 u 11 0.010779156746954843
3 v 19 0.020247635454591517
3 w 0 0.010403279355713169
3 x 15 0.0591359065927175
3 y 20 0.08905458838128344
4 b 5 0.005777998092089565
4 c 23 0.02712754540945228
4 e 5 0.05802055874861145
4 f 2 0.05005304494495577
4 g 7 0.12002759779604955
4 h 19 0.10302933920568924
4 j 21 0.02469721105393896
4 k 22 0.02106852987674912
4 l 1 0.050799865396672805
4 m 17 0.008962264047174484
4 n 6 0.10013800167775755
4 o 16 0.010881568529175878
4 p 2 0.02878370709148026
4 r 2 0.02903040963419523
4 s 16 0.0542918030744457
4 t 20 0.1391928482698621
4 u 14 0.02973480986352428
4 x 6 0.06003294283527838
4 y 2 0.0089231633554826
4 z 12 0.06632875984121112
5 a 23 0.0534792147781703
5 b 13 0.05102724341336662
5 e 5 0.002507965726133432
5 f 15 0.08489734374883451
5 i 6 0.04884699469115128
5 k 6 0.03072188527376485
5 l 20 0.015771573443761677
5 m 9 0.022668726763978353
5 o 14 0.10040269575106653
5 q 21 0.03861017156723767
5 r 16 0.08237198649615907
5 s 15 0.021098108783645597
5 t 12 0.0135652355434418
5 u 5 0.0028545732924425415
5 v 16 0.16390782180044616
5 w 20 0.06104072979046382
5 x 0 0.15812342898871867
6 d 9 0.07402913080854867
6 e 8 0.21910030685479065
6 m 9 0.26603089034998295
7 f 8 0.1230265575785141
7 h 13 0.2366541429844201
7 n 8 0.2506373911934394
7 t 2 0.025452132401188265
7 x 17 0.2744059118523132
8 b 22 0.013910362327526848
8 c 1 0.12690395861257275
8 d 21 0.03935083347721113
8 g 4 0.04354913243903202
8 i 24 0.13327616699453582
8 j 24 0.013078742982561509
8 m 24 0.004445524655296018
8 n 8 0.11543528289745586
8 o 17 0.26627750180367793
8 r 24 0.0767042663537707
8 t 6 0.04584393230398265
8 u 3 0.018301693638163696
8 v 9 0.05028006088403081
9 a 0 0.004772798795015687
9 b 2 0.008398399836998638
9 c 2 0.013371566786812839
9 d 3 0.17619522546564348
9 e 5 0.056050266514412805
9 f 15 0.03417705860090969
9 g 9 0.01457135983307345
9 h 7 0.027955890974598052
9 i 21 0.11641761376757431
9 k 14 0.011540069098176176
9 l 0 0.0038640755535099824
9 m 17 0.08489616780552534
9 n 21 0.005400864615112355
9 o 11 0.008417761028671422
9 p 10 0.035354494470576814
9 q 17 0.07654553630164429
9 s 10 0.06071627229924226
9 u 16 0.009699852721805624
9 v 16 0.030138109968219418
9 w 2 0.026645827413927736
9 x 1 0.0939150537132174
9 y 22 0.038875752473007896
9 z 1 0.014592604741275217
10 a 22 0.217754221467374
10 c 9 0.015903922108915558
10 d 14 0.03742471376493417
10 e 4 0.015520191237684111
10 j 20 0.10524314148606995
10 k 16 0.03476923463026638
10 n 20 0.31758106336837266
10 o 6 0.013548063835283286
10 q 16 0.0731336691896548
10 r 1 0.016456521867823204
10 v 0 0.05184738998386329
10 w 12 0.04717407670165352
10 x 12 0.05104665341428172
11 a 13 0.04126130652609061
11 b 9 0.03678475335672593
11 c 17 0.020717611070887765
11 f 19 0.041269924668488445
11 g 6 0.0421120950495536
11 h 13 0.008810581657538341
11 i 5 0.12913526089825378
11 j 13 0.04573018208088775
11 l 23 0.025241829797501114
11 n 9 0.05791815640946574
11 o 16 0.002400983651075328
11 q 11 0.13785462246901026
11 r 11 0.04017193478510395
11 s 2 0.015600268977102538
11 u 8 0.09235915099929548
11 v 24 0.1277599565853268
11 x 3 0.018240012427061303
11 y 4 0.02291422094256157
12 b 6 0.11000191392912562
12 e 8 0.018367936794251305
12 g 15 0.049683555124334866
12 h 4 0.3044027159883398
12 j 8 0.03271828945276556
12 k 17 0.015333847105611809
12 l 13 0.14607638654823307
12 m 15 0.0536662491432065
12 n 21 0.007584156318707347
12 p 10 0.07391230665849657
12 t 20 0.166727460970035
12 y 1 0.003634481377094545
13 b 21 0.18203698124384993
13 c 13 0.05961384448001161
13 e 16 0.14093571586855103
13 f 16 0.11150660285799718
13 h 19 0.18797993410240477
13 p 24 0.02678841172513058
13 t 13 0.11461350913089474
13 u 9 0.06775887105928746
13 v 10 0.058627053007223706
14 i 5 0.3193358985104999
14 k 22 0.35091800790274597
14 u 10 0.05652220520040152
15 e 24 0.035727854454476016
15 g 0 0.018316671822175667
15 i 15 0.10021841026408385
15 j 6 0.026230131878005936
15 n 19 0.007919400388082476
15 p 7 0.29778039912759535
15 q 23 0.028331902771516315
15 r 8 0.06546861696865613
15 t 1 0.19210482049469246
15 w 7 0.0337571464364238
15 y 22 0.02789479917904969
15 z 16 0.16121625938375816
16 i 17 0.933932584443789
17 a 17 0.017472931962449367
17 h 13 0.6361322286364659
17 w 23 0.09322131123552169
18 f 18 0.058517385715860515
18 h 2 0.15906651354395285
18 j 10 0.045565573866381714
18 k 6 0.13971927435682607
18 l 18 0.0784168854396442
18 m 19 0.0658569871357988
18 n 5 0.13170836530445817
18 o 4 0.039019201760474465
18 r 17 0.03734291575316373
18 w 20 0.004959386610070338
18 x 7 0.1262104064116979
18 z 6 0.05975924091245888
19 b 11 0.012426756051543197
19 d 6 0.11585317778234139
19 e 19 0.007377191759452173
19 f 24 0.0388468567726038
19 g 8 0.028076863148825182
19 h 11 0.05772142190808527
19 i 13 0.0010039102140330103
19 m 9 0.092962943669322
19 n 7 0.14315307541231936
19 p 4 0.2134702389405202
19 q 2 0.010283458728293393
19 r 6 0.02086339138224691
19 t 1 0.008122678262128091
19 v 8 0.03908496342458134
19 w 15 0.12316030108047438
19 x 20 0.047910486582188216
19 z 6 0.0006505690907444572
20 a 20 0.04164581437443271
20 b 18 0.0348085727046934
20 d 1 0.04247184036413765
20 e 19 0.0885024718318923
20 g 20 0.0840571724012329
20 h 17 0.04888233660340757
20 i 5 0.005792836482020447
20 k 11 0.061665812702982103
20 l 3 0.022844211876194676
20 n 19 0.032123473869385855
20 p 15 0.1538682569367834
20 q 10 0.026650011080516123
20 u 13 0.02639605472326001
20 v 6 0.12140141961611584
20 w 8 0.05342442033803585
20 x 0 0.08361537495119975
20 y 21 0.0475080880430343
21 d 23 0.019422788726684903
21 e 5 0.10422170661126573
21 f 11 0.007338315879260371
21 g 4 0.02895790790328734
21 i 12 0.001146226349070023
21 j 24 0.08407963383395123
21 k 3 0.06329670734705073
21 l 10 0.09815573828005675
21 m 23 0.02558283392637939
21 n 0 0.02119341225527016
21 o 20 0.033169007760363245
21 p 7 0.021198344430413463
21 q 19 0.10229801033903263
21 r 8 0.06608933223648383
21 s 21 0.02106773528348882
21 t 0 0.018655386989730793
21 u 8 0.16143768464374741
21 v 21 0.025299263180238785
21 x 20 0.0027351577199015153
21 y 7 0.06263380792826745
22 b 3 0.07110756434375076
22 c 5 0.13310748612102807
22 e 16 0.2669630570787185
22 l 3 0.003856409356573387
22 m 13 0.021557038211155732
22 n 23 0.2802859582265511
22 q 19 0.010775321696732343
22 r 4 0.07933865794093631
22 s 6 0.004278316890109601
23 a 5 0.003058843709995096
23 c 23 0.05575255749844732
23 e 24 0.026024795853085925
23 f 21 0.02125580130217719
23 g 20 0.060267911074596725
23 h 21 0.10380295598044387
23 i 3 0.12232414431642036
23 k 18 0.1550878048297738
23 n 16 0.036343187388925724
23 o 13 0.004228931907095945
23 p 20 0.02058835266336223
23 q 18 0.01494445658116883
23 r 12 0.04894810397897986
23 s 2 0.12790856485659563
23 t 13 0.001661521792130194
23 u 5 0.0029525984494818136
23 v 17 0.07813632703661078
23 w 19 0.015966106891185494
24 a 2 0.004357165935312213
24 b 7 0.09240907387557828
24 c 15 0.043891464481037756
24 f 19 0.00719800420244876
24 g 4 0.046968883127164185
24 h 19 0.005991926256453506
24 i 4 0.11900837945771592
24 j 12 0.05085111809826148
24 l 9 0.06995253261448409
24 m 19 0.0010808940207217566
24 n 14 0.09520273270604573
24 o 10 0.052232611860673406
24 r 5 0.04218911856284435
24 t 1 0.07911877748319984
24 u 0 0.0071506376981677056
24 v 15 0.10648830161939493
24 x 15 0.022226859601121696
24 y 18 0.004907932852703745
24 z 23 0.08990691783031257
