192 26 2593
0 0.003498574064133231
0 0.060438380958797944
0 0.029738918573578688
0 0.04269027096916689
0 0.03608505032708442
0 0.19658923401739803
0 1.0
0 0.14730929841318785
0 0.04936624559330127
0 0.06958450112870129
0 0.42570256612451596
0 0.06112590588077882
0 0.01791350856182994
0 0.11011327347865629
0 0.003899874408904047
0 0.12246073425487247
0 0.06850121230927764
0 0.07781561902639189
0 0.10166386724048326
0 0.008074821981184477
0 0.0985253244737535
0 0.009726505035102195
0 0.06522215004667442
0 0.004532512539275779
0 0.1817048347079303
0 0.0038533969214902264
0 0.013354160737028664
1 0.010476958025221084
0 0.315175355677212
0 0.045279045541199214
0 0.004226901601393496
0 0.03644583112921551
0 0.02348207614944997
0 0.005578053886216794
0 0.17480005266188725
0 0.06671801066118566
0 0.036869380303817034
0 1.0
0 0.007439689751680523
0 0.10956312967681248
0 0.015065346577952998
0 0.030781804806049418
0 0.002112593378206573
0 0.18070315145426696
0 0.061963195837136276
0 0.00869152990326183
0 0.0696280859431464
0 0.12888061874241719
0 0.012931311262741052
0 0.01676528980540093
0 0.0317906711612872
0 0.29099818804596855
0 0.10584493120119276
0 0.00840854695720672
0 0.13878427020034856
0 0.016823962585000296
0 0.05560937409166011
0 0.00919228716552667
0 0.17218310847503937
0 0.07461710837492797
0 0.0032208746620899786
0 0.0197299964089781
0 0.01811158507992361
0 0.03566992912108624
0 0.32657514438287505
0 0.17502792008614465
0 0.007144979095410342
0 0.03433696828575861
0 0.0069754390669015676
0 0.055711838519133305
0 0.04377547401472659
0 0.0346638278630621
0 0.16973252079649448
0 0.07155933134760628
0 0.03349088819039303
0 0.044053178170874285
0 0.16961459658782874
0 0.13648399679813228
0 0.028124540039833112
0 0.19274227212243888
0 0.022521580278670017
0 0.051756943163963176
0 0.16847873517195489
0 0.003697612222162139
0 0.17036536866013285
0 0.035403416472566174
0 0.005743427730716899
0 0.010287795644219222
0 0.02566804463969674
0 0.043266320471934794
0 0.05726433730563041
0 1.0
0 0.6745182218666758
0 0.00867207621903121
0 1.0
0 0.11451662660674178
0 0.8754959552917397
0 0.9927125906224514
0 0.136348953978931
0 0.045304874435072584
0 0.13975080866591993
0 0.09891885713735005
0 0.060461967786732296
0 0.09641136487452384
0 0.008762434383060569
0 0.03568972190253639
0 0.0017939016875758718
0 0.05153559525684581
0 0.2518575301150845
0 0.030480257658683896
0 0.11183594186206236
0 0.02458807864089041
0 0.21532475286935593
0 0.027457155404437494
0 0.5129991394321664
0 0.02873179115295943
0 0.029839837063562635
0 1.0
0 0.035223654920865544
0 0.008702960308336838
0 0.12414683934521831
0 0.0338197426454766
0 0.17313367526274548
0 0.151872775968385
0 0.017156577202209644
0 0.136793479570539
0 0.15683563999719452
0 0.046697219386686695
0 0.03237360308907855
0 0.012864945199035471
0 0.1445138470959113
0 0.04383435398388269
0 0.07079065149122798
0 0.450652016589175
0 0.13378477466345395
0 0.100530377453109
0 0.0313045463897339
0 1.0
0 0.06657134514246521
0 0.27169766854971067
0 0.08934194798967099
0 0.0654361291809259
0 0.26454961510540054
0 0.0588339316875679
0 0.0017882450053131604
0 0.011480461987751212
0 0.0319498619499895
0 0.0004841676358774416
0 0.010243103501481832
0 0.12089249686110914
0 0.0354189480754854
0 0.07503428022802361
0 0.04861800268543137
0 0.018216870861944012
0 0.01677631143969982
0 0.009936799265800156
0 0.08299007611165077
0 0.0670474100391859
0 0.09047078065636927
0 0.05381162179953425
0 0.12974008784965263
0 0.03763337054397031
0 0.2451879535287692
0 0.07241847498921505
0 0.04704022499274507
0 0.21414792836529484
0 0.03477487037819471
0 0.009817720720597611
0 0.05121435630976301
0 0.04103245139917411
0 0.06803144563723174
0 0.00319313867563098
0 0.1021833940790261
0 0.06008100442604547
0 0.027124958649048736
0 0.010417289686325937
0 1.0
0 0.026433442039151656
0 0.1823425731700874
0 0.04612153996016399
0 0.11022679051712092
0 0.8448128193928991
0 0.01546171209574343
0 0.10588530367395765
0 0.057897309224696825
0 1.0
0 0.3686196952224
0 0.08505245196576694
0 0.028727473308230778
0 0.02111149844090754
0 0.052494000101792726
0 0.27978946249046444
0 a 64 0.035249650607236394
0 b 142 0.03234737793726694
0 d 86 0.017250313743897627
0 e 119 0.07412568067240954
0 g 85 0.23733644935158937
0 h 161 0.005297489621524321
0 i 8 0.07095248743441862
0 j 99 0.06446707638666271
0 k 189 0.004460385945529999
0 m 35 0.058500365198433824
0 n 73 0.037067783284921885
0 o 54 0.023070402815855706
0 p 7 0.006473687476804102
0 q 57 0.1382840697784854
0 r 118 0.014443162063157544
0 s 115 0.00215349409019272
0 u 149 0.004765165577279351
0 v 59 0.010580317253464422
0 w 168 0.13468476310203015
0 x 84 0.024991303594706138
1 a 97 0.018002490269033777
1 b 189 0.06121730667882597
1 c 69 0.015173708088226268
1 d 67 0.05038985986860567
1 e 134 0.07226560053781228
1 f 56 0.010256576908116655
1 g 119 0.0033510345369811567
1 i 130 0.09747779259602463
1 j 85 0.007459933213978753
1 k 148 0.07037537217220702
1 m 152 0.04033345838418145
1 o 100 0.01206753602092725
1 q 129 0.006811504648197575
1 r 48 0.016894581207610893
1 s 9 0.19574148688569204
1 w 113 0.055699236924911855
1 x 132 0.14857911675874014
1 y 159 0.00953011008426874
1 z 30 0.047934913256859946
2 a 40 0.005430921031986058
2 c 61 0.12034413829369417
2 d 22 0.007572517414835667
2 e 27 0.020238132263988295
2 f 32 0.0785987947124216
2 g 149 0.021786800113069993
2 h 146 0.0008578092959850014
2 i 126 0.005399598329792421
2 j 23 0.01359249770063975
2 k 186 0.07474243486976062
2 l 171 0.1104877937630977
2 m 103 0.042385994790192894
2 n 88 0.005988048910168353
2 o 128 0.058851100194724504
2 q 11 0.05695896272720535
2 r 16 0.056988499867968834
2 s 54 0.040007510984804484
2 t 53 0.018161591592968707
2 u 82 0.04997496352750741
2 v 29 0.0006657732347490342
2 w 137 0.10037562945495437
2 x 182 0.025465619825835173
2 y 68 0.03896961825534062
2 z 10 0.016416330270730306
3 u 165 0.9573097290308331
4 a 110 0.016583370223051785
4 b 4 0.014273955762219903
4 c 173 0.02099589266269153
4 d 4 0.044634810312550566
4 e 112 0.09202916086448565
4 f 113 0.032269517009335114
4 g 125 0.028982293527617498
4 h 101 0.008939777080662181
4 i 43 0.028143298241299575
4 j 83 0.0023101318376110846
4 k 177 0.018030482914264234
4 l 47 0.005490335679749103
4 m 177 0.045642975780073036
4 n 92 0.06188988409758067
4 o 59 0.03586160829854568
4 p 67 0.0007582290993762841
4 q 8 0.04468581765191637
4 r 149 0.023134518930808423
4 s 137 0.004678340078269838
4 t 113 0.2063286613065315
4 v 38 0.045298629957650105
4 w 100 0.005147527670224306
4 x 85 0.10948552916668752
4 y 142 0.06473710984451608
4 z 148 0.0035830916751975472
5 a 96 0.007305109377272689
5 b 152 0.012180909996239886
5 c 28 0.08309600088014935
5 d 99 0.0833353411491955
5 e 126 0.06485480099419627
5 f 5 0.020075159521213748
5 h 65 0.027783768065324788
5 i 37 0.013543144071681001
5 j 69 0.0230516041748976
5 k 6 0.019804424678467103
5 l 72 0.04049697783841888
5 m 154 0.01886407812835511
5 o 13 0.015946397996757122
5 p 123 0.10987820195109832
5 q 186 0.06359456185008716
5 r 29 0.016542492265200215
5 s 141 0.02958705421979979
5 t 82 0.013722503257695418
5 u 169 0.043572246778162516
5 v 39 0.017647912657339115
5 w 149 0.0001705315938161922
5 x 142 0.01779494878215737
5 y 40 0.01833120553973855
5 z 23 0.04223139021533828
7 a 37 0.017277856889664656
7 b 137 0.2031652897083407
7 d 90 0.008720349181481457
7 e 119 0.014373704036913515
7 f 52 0.005990971580262627
7 g 8 0.07743241397048772
7 h 28 0.017897337785930056
7 i 62 0.03960397475258737
7 q 100 0.09498797843971796
7 r 74 0.04963379301028781
7 s 18 0.02421399652869849
7 t 163 0.004371129454424971
7 u 64 0.06907148410216568
7 v 122 0.040674021592791654
7 w 188 0.013988320257520503
7 x 37 0.09807202951475291
7 y 188 0.029790029736181056
7 z 30 0.043426021044603025
8 a 56 0.025888799345334834
8 c 178 0.03632709399275269
8 d 101 0.047620798734208325
8 e 63 0.1777124218152627
8 f 151 0.0048233180818267885
8 g 185 0.08593282814379255
8 i 166 0.0018989556184424439
8 j 92 0.021573297667179858
8 l 114 0.016871555389600834
8 m 2 0.05954394812722663
8 n 132 0.02925817321703561
8 p 73 0.003423235780987244
8 u 11 0.060560863224233596
8 w 66 0.3791984652688146
9 b 52 0.0439552051820532
9 k 128 0.018241416977687885
9 m 84 0.13234002915193455
9 n 160 0.00631233480230553
9 o 95 0.5278032855531217
9 p 68 0.06948179925436515
9 u 177 0.13228142794983067
10 a 31 0.13896814607571795
10 b 1 0.006616720811805754
10 i 1 0.3197127270427004
10 p 73 0.10899983994525997
11 a 60 0.028792477510219516
11 b 110 0.00802162928117578
11 c 55 0.009492134560286414
11 d 140 0.042519315792065915
11 e 16 0.00045226628526140455
11 f 163 0.03768535545095475
11 g 174 0.055066221997548404
11 h 67 0.037601293422916626
11 i 2 0.06732673596579875
11 j 76 0.0875315041339102
11 k 101 0.09521325323008123
11 l 98 0.07809035497410233
11 m 9 0.011226863941251608
11 n 178 0.014932621625522668
11 o 6 0.07510032595442506
11 p 154 0.006588653607416006
11 q 20 0.004264505919674977
11 r 91 0.023568103438849963
11 s 184 0.05597150941334772
11 t 186 0.03351857898426491
11 u 173 0.06053915267690879
11 v 52 0.01390541443641169
11 w 22 0.0067004379878398135
11 x 178 0.05590571213962037
11 y 122 0.009752793672579974
11 z 7 0.01910687771678632
12 a 126 0.08538930222804697
12 e 70 0.018537790639722385
12 f 187 0.07419304346082745
12 h 71 0.059064557099298254
12 j 48 0.0904263184893046
12 m 110 0.0857931486978808
12 o 18 0.02584369053244928
12 q 116 0.04575552635755398
12 r 74 0.011397331905746655
12 s 108 0.054669254236839104
12 t 128 0.12629981347724195
12 u 158 0.0631677954676022
12 z 140 0.24154891884565644
13 e 54 0.01300643047673855
13 i 47 0.10803167119647827
13 j 119 0.17770979110604646
13 k 85 0.005579883013344111
13 m 140 0.06430285891634413
13 n 26 0.04455111115267951
13 q 180 0.036014057237247044
13 u 166 0.12774830906446044
13 w 85 0.18819722179520337
13 x 39 0.12474539256280182
14 a 5 0.04359470924992381
14 b 111 0.050865325575213616
14 c 90 0.00756718873945339
14 d 172 0.08664087926141173
14 e 2 0.10338096698155375
14 f 189 0.005190044404564609
14 g 55 0.02082065242227804
14 h 55 0.09562742320951934
14 i 54 0.047428446160757476
14 j 10 0.021797688357777067
14 k 76 0.011857760628445568
14 l 87 0.011358981682713543
14 m 166 0.09862762102035327
14 n 46 0.010510706759787158
14 o 25 0.002956965784841392
14 p 77 0.052043891194629044
14 q 44 0.018862451683213988
14 r 190 0.036233416252050454
14 s 20 0.03726293548388826
14 t 162 0.007828975053890463
14 u 4 0.05923241595272055
14 v 185 0.03679463750598011
14 w 11 0.0755918565246666
14 x 4 0.01344961538531464
14 y 118 0.00841002747757058
14 z 0 0.0321645428385775
15 f 75 0.03469670438548211
15 g 20 0.08432666354988227
15 i 140 0.06098271205303252
15 s 12 0.13108788442902286
15 y 135 0.5664453013277078
16 a 44 0.059056486853333756
16 b 140 0.054244285611600884
16 c 110 0.03148662823714454
16 d 60 0.023450260983246762
16 e 75 0.01755791564121878
16 f 89 0.11184262013121715
16 h 151 0.006806468209442418
16 i 31 0.059691193616506655
16 j 37 0.04253960005323465
16 k 86 0.060812120264948644
16 l 113 0.06519739733478547
16 m 68 0.02037367316271743
16 n 86 0.0060251367689314606
16 o 170 0.009703528595909061
16 p 59 0.026990898754237436
16 q 21 0.01587577435816301
16 r 146 0.03310432512561623
16 s 116 0.03290590930681858
16 t 55 0.1249707663571703
16 u 46 0.011622492511378035
16 v 152 0.032289888324452565
16 x 38 0.014467946691882672
16 z 138 0.07048347079676587
17 a 179 0.02411953818574053
17 c 86 0.012852559744777725
17 d 45 0.04315605228749608
17 e 62 0.1331332154335536
17 f 68 0.0013816675631266317
17 g 76 0.0014741185830594583
17 h 71 0.08285194606163926
17 i 41 0.0036506093355136437
17 j 34 0.01950802672980223
17 l 48 0.0069435308080708635
17 m 36 0.008260566445398076
17 n 98 0.06965034371027168
17 o 102 0.13872784381802516
17 p 88 0.025070982024330335
17 q 19 0.014357664735480391
17 r 28 0.0887391430855734
17 s 153 0.03637098633891711
17 t 99 0.010847630846297474
17 u 63 0.007478668591115234
17 v 103 0.009579115693901241
17 w 162 0.04703793953083946
17 x 59 0.0014150172469550304
17 y 99 0.11080274695038894
17 z 50 0.02477446722333454
18 d 150 0.0745520647282667
18 e 37 0.05230226072974309
18 h 77 0.002979632391728715
18 i 160 0.12617653976074705
18 n 68 0.1998516702220593
18 q 112 0.056926828175320354
18 s 92 0.016146235837475098
18 t 147 0.0910098059690434
18 w 80 0.04502065331610916
18 z 146 0.23337044162902387
19 a 8 0.0036778201702022395
19 b 86 0.05113469908831525
19 d 69 0.13369374349865315
19 e 45 0.004534668599788683
19 g 22 0.006238444182195546
19 h 7 0.047778741282143766
19 i 181 0.026351103426220268
19 l 60 0.08404517803331757
19 m 86 0.2632630151107953
19 n 101 0.045368889727470996
19 q 177 0.019290480788211162
19 s 117 0.2386024406397177
19 t 76 0.0002957803074412624
19 x 146 0.00827241520314792
19 y 13 0.05937775796119471
20 a 36 0.11434133814831271
20 d 113 0.02936946888565206
20 f 167 0.0024595562925397996
20 g 22 0.022166291947155803
20 h 178 0.01910418043095552
20 i 120 0.004070237588649439
20 j 73 0.007918820204913746
20 k 96 0.07589602355654745
20 l 149 0.020562491402422722
20 m 50 0.10962308345025473
20 n 167 0.01070408027760883
20 o 127 0.014052276918824824
20 p 47 0.026052579462575443
20 q 158 0.1205802157809821
20 r 145 0.03031156861568085
20 t 5 0.03707862599810252
20 v 164 0.06135795699196189
20 w 74 0.07727229352820242
20 x 117 0.004327178300614798
20 y 187 0.11422640774428883
21 a 125 0.060242982824093905
21 b 23 0.050798094613451084
21 c 68 0.02981704210173186
21 d 190 0.05009314719560076
21 e 72 0.048235805890502026
21 f 108 6.691934976232883e-05
21 g 171 0.025679168815726516
21 h 138 0.03289214167363508
21 i 54 0.0247146792470182
21 j 152 0.04832289714314786
21 k 58 0.04426890615744106
21 l 110 0.017534743568065392
21 m 144 0.014665074424618063
21 n 45 0.02371401762393799
21 o 46 0.00805303992545503
21 p 93 0.021120934934833357
21 q 83 0.00730955049215376
21 r 51 0.009502302314806754
21 s 95 0.024297012760678638
21 t 173 0.03977958709946039
21 u 38 0.15357217559441283
21 v 55 0.05794085018251971
21 w 77 0.09842448781481128
21 x 30 0.01272323587111901
21 y 99 0.019210072013111534
21 z 176 0.06729462533280339
22 a 169 0.06800264905396458
22 b 83 0.21736827292470484
22 d 106 0.04839548485016576
22 h 111 0.22545787447819887
22 i 129 0.05789024652470576
22 k 130 0.03698828257321796
22 n 88 0.06071105054399195
22 s 43 0.0689253926817196
22 u 99 0.06787823021999573
22 v 185 0.08316036610266053
23 a 174 0.16213137800556976
23 d 128 0.032820143733759966
23 e 144 0.09744142071201056
23 f 15 0.005194960376937008
23 h 169 0.04987238952582951
23 j 180 0.06514545763412394
23 k 118 0.09686955591636526
23 l 142 0.14309099785644241
23 n 72 0.019024200628184107
23 o 150 0.014138079420105698
23 q 125 0.105251891796458
23 r 112 0.07250358366401011
23 s 13 0.006175535762391493
23 t 144 0.016256349371562062
23 w 47 0.0390977220730645
23 x 49 0.07045382098390984
24 a 187 0.8182951652920697
25 a 35 0.017966117784027347
25 c 99 0.005571212509028367
25 e 68 0.07503274151307837
25 f 160 0.11119840653335744
25 g 5 0.09479582773500483
25 i 47 0.018731709263848373
25 q 97 0.23522443913517277
25 s 160 0.044303107817207255
25 u 187 0.0891512488469085
25 x 173 0.2803454264823967
25 y 43 0.023826365458479826
26 a 123 0.025288248606466612
26 b 60 0.030658732669742617
26 c 143 0.06829804957666885
26 d 40 0.1383223459753007
26 e 95 0.010414510833490653
26 f 76 0.004435332490200894
26 g 56 0.0010961316926130227
26 h 191 0.009950405864167844
26 i 6 0.051176350422947325
26 j 65 0.006047267473856643
26 k 0 0.08721851825891036
26 l 169 0.07091680972973824
26 m 127 0.019129029445903778
26 n 123 0.000801420336969727
26 o 28 0.033352283006943706
26 p 103 0.01972479417465045
26 q 88 0.037661040824464975
26 r 10 0.10755475921298574
26 s 127 0.004973036394014696
26 t 167 0.020143091673910818
26 u 53 0.09968997235469601
26 v 186 0.0009001914437298808
26 w 84 0.10142706624010112
26 x 189 0.005210107685855503
26 y 186 0.028481881027737632
26 z 171 0.003774461846903554
27 a 33 0.0956314738138071
27 b 78 0.004687716677377662
27 c 49 0.033953221883447515
27 d 71 0.0030904147535830706
27 e 68 0.009000445520632727
27 f 6 0.015217265103148025
27 g 29 0.021904299653999426
27 h 94 0.09880037353946003
27 j 14 0.007508456598112723
27 k 188 0.0905330306051878
27 l 128 0.05263651529248925
27 m 132 0.025723379693471493
27 n 191 0.0050273028410042775
27 o 65 0.004302048925161395
27 p 34 0.025040986933940634
27 q 146 0.08952648813611741
27 r 25 0.0023372100592581324
27 s 57 0.09856600827164907
27 t 126 0.16122672159945328
27 u 31 0.0364300280533606
27 v 180 0.004449591890504312
27 w 125 0.022746025644029277
27 x 40 0.002605148085519926
27 y 60 0.06840225668795896
27 z 87 0.010176631712104811
28 e 67 0.14998924548033232
28 k 17 0.05240122956266846
28 l 129 0.21522923537776428
28 n 181 0.03497812741493489
28 q 172 0.0782114769474681
28 r 24 0.05140787622275611
28 v 101 0.06645452058720969
28 w 82 0.003557407851352279
28 x 161 0.03259552487830186
29 f 1 0.12936105383024354
29 i 51 0.099709706240792
29 n 171 0.29020982289634545
29 r 137 0.059126308492091106
29 s 114 0.3763140629993287
30 n 15 0.16202782836547613
30 s 46 0.1894221586270075
30 v 83 0.6443231114061229
31 a 179 0.009917188940033017
31 b 136 0.020805395234231305
31 c 161 0.03533824934279717
31 e 89 0.018177025301653327
31 f 77 0.09136928258870003
31 g 30 0.016472224733604435
31 h 54 0.0021219754397009405
31 i 183 0.010680550684387669
31 j 145 0.0926800447632139
31 k 11 0.0649184723240348
31 m 175 0.012375887729676238
31 n 101 0.03989628039448001
31 o 122 0.050241050115478525
31 p 131 0.12754380855648206
31 q 49 0.03133327076502346
31 r 27 0.047352546754241165
31 s 110 0.06718927377853412
31 t 45 0.02490203022008275
31 u 2 0.02403448910938255
31 v 13 0.01151902495583923
31 w 61 0.1195438940434852
31 x 160 0.03833042335799719
31 y 166 0.006811779737725399
32 a 8 0.09733623634663657
32 e 72 0.035080414281389416
32 f 39 0.14137868384725494
32 i 182 0.02414532807953418
32 j 14 0.00920428583772881
32 k 151 0.031665530386187024
32 m 59 0.0779734812155215
32 n 86 0.0077736087470208215
32 o 63 0.057365549436163676
32 q 77 0.010946895275964708
32 r 56 0.011295402140762079
32 s 15 0.02431067446244828
32 t 31 0.08420104679138296
32 v 41 0.22173281250106092
32 w 103 0.012167962719006775
32 y 11 0.10719599825781922
32 z 41 0.02274401352466815
33 a 146 0.020126977855617678
33 b 16 0.01709610525347105
33 c 55 0.09066145355485111
33 d 120 0.036848024931181445
33 e 93 0.02446167730995119
33 f 105 0.08738893189926766
33 g 188 0.018466469444856637
33 h 3 0.014345803655348766
33 i 107 0.02951388636903496
33 j 164 0.06309194262225482
33 m 52 0.18082332965646564
33 n 76 0.0776285407926347
33 q 1 0.0683135431968862
33 r 25 0.007114637862245199
33 u 181 0.01309873895189484
33 w 66 0.2060734968221375
33 y 185 0.020006772945698414
33 z 30 0.0193616129899854
34 g 26 0.5516268516172572
34 h 185 0.27357309572085553
35 a 169 0.010754880405674738
35 b 133 0.06881587274991308
35 c 55 0.04318131240111456
35 d 124 0.054468796659496
35 e 148 0.0399695073207601
35 f 159 0.0454357732889612
35 g 99 0.05903417979765946
35 h 52 0.014337169604510813
35 i 172 0.059091279572507815
35 j 100 0.03364081227654803
35 k 184 0.00321299285565102
35 l 18 0.04398288544020079
35 m 30 0.024464751634450832
35 n 136 0.012738704834917458
35 o 34 0.10916039527412735
35 p 114 0.036240277447640246
35 q 54 0.02379887340344744
35 r 140 0.014586252600344518
35 s 75 0.03398952039352965
35 t 68 0.006732542080735371
35 u 190 0.01820178123257732
35 v 0 0.03373105154643952
35 w 168 0.0351576729968317
35 x 142 0.017991252967050397
35 y 102 0.06956402374373405
35 z 88 0.020999426809990895
36 a 167 0.07912341573383097
36 b 52 0.021904901452628578
36 c 107 0.045292334654299715
36 d 173 0.12916450330525864
36 h 76 0.020006608767768164
36 i 82 0.0025912606812906747
36 j 148 0.06404460228841835
36 k 131 0.10815950697916776
36 l 101 0.008349374534520337
36 m 87 0.014930697753892663
36 n 131 0.025502258192042326
36 o 140 0.025608655118011026
36 p 72 0.004709504999561465
36 r 80 0.00968414389719241
36 s 47 0.03094410819320581
36 t 126 0.0031253273852571706
36 u 62 0.006053326607551757
36 v 89 0.1946107662886315
36 w 53 0.08305391515766247
36 x 189 0.0742038676542699
36 y 85 0.008878323034365865
36 z 167 0.003189217017355417
38 a 119 0.046958290668407954
38 b 54 0.06515152625971721
38 c 25 0.0644120472085088
38 d 70 0.08093323495494509
38 e 154 0.023054224523807343
38 f 179 0.037692583757260256
38 h 70 0.007447280264060052
38 i 165 0.0077414886409682415
38 j 11 0.014387963090110367
38 l 14 0.025727121801010666
38 m 111 0.06249972944109139
38 p 11 0.19213870972801783
38 q 66 0.016173522175604638
38 r 94 0.0004047639355234667
38 s 8 0.06016576610732827
38 t 175 0.13947004596197765
38 u 74 0.05479465490026769
38 x 159 0.013509461151752777
38 y 158 0.04668389108583859
38 z 116 0.033214004592121205
39 a 84 0.07374727697483108
39 c 81 0.0058025531399740204
39 d 12 0.024739322134121
39 e 17 0.10959809989450697
39 f 26 0.025816412033203173
39 g 157 0.03522075213381626
39 h 64 0.004322584093315096
39 i 150 0.027957583879124837
39 j 1 0.03227107209771318
39 k 101 0.006299509990862373
39 m 92 0.02507840592071764
39 n 75 0.07552355230995189
39 o 133 0.0016681398063399522
39 p 47 0.03954852572271317
39 r 40 0.15055439690056538
39 s 82 0.07591836012425168
39 u 108 0.07319730847384187
39 v 126 0.04289729646825857
39 w 135 0.020921364135952136
39 x 176 0.023192982062112066
39 y 148 0.016161372027015175
40 a 175 0.003845654086818362
40 b 88 0.013317574482411665
40 c 50 0.0542992728775743
40 d 158 0.02489397558352613
40 e 0 0.09619484061153749
40 f 161 0.05451439970876948
40 g 22 0.0074087086657312895
40 i 47 0.08506546020534422
40 j 99 0.003683629276583167
40 k 93 0.007542991303360447
40 l 2 0.021444250728224867
40 m 116 0.06225016356438262
40 o 158 0.043860871320736905
40 p 33 0.1158323745639891
40 r 173 0.06263656164235276
40 s 8 0.042838631108069736
40 t 86 0.019473455341165846
40 w 50 0.10724404076456484
40 x 30 0.10240473446153531
40 y 132 0.0550429239345952
40 z 16 0.0011401391907732705
41 a 182 0.0196358524342638
41 b 66 0.03572381615342901
41 e 119 0.05957052423441833
41 g 59 0.010345275159792222
41 i 63 0.1239381389555303
41 j 167 0.052047612525162545
41 k 32 0.028526248685876388
41 l 52 0.008295748187223673
41 m 67 0.06413899837418235
41 n 41 0.07388594861754516
41 o 46 0.0047496277773591
41 p 19 0.030708223267287726
41 q 54 0.05636864343775705
41 s 133 0.012234723229063604
41 t 126 0.008657178053045889
41 u 23 0.04695528751506517
41 v 87 0.17947866568651782
41 w 185 0.06229196614712995
41 x 126 0.00853406384977673
41 y 151 0.06293357667069199
41 z 43 0.020198076232831763
42 d 3 0.016779670189722373
42 e 172 0.04634523467680984
42 f 1 0.1836171850484548
42 g 116 0.04015131916898862
42 h 9 0.060189746580680215
42 i 90 0.04501022105891572
42 j 56 0.19367226507132307
42 k 63 0.026431784237723077
42 n 66 0.02922116126191343
42 o 97 0.074221959328441
42 p 190 0.021081554377490708
42 v 76 0.02332933587957986
42 x 3 0.13338078604579784
42 y 2 0.08375739200525212
42 z 77 0.02069779169070074
43 b 9 0.029019700172142504
43 c 7 0.009012522621536623
43 e 49 0.024319216245357156
43 f 47 0.02053768650532406
43 g 109 0.008438978584976997
43 j 133 0.01468461764399176
43 k 164 0.02608293265738837
43 l 69 0.0013526535568540998
43 m 186 0.018534109987987324
43 n 9 0.22641645939797328
43 t 121 0.2683160325441095
43 u 4 0.07878619383182983
43 v 143 0.011492009241913625
43 w 58 0.03298881157338018
43 y 173 0.049314923980967706
44 a 87 0.04376660524202369
44 b 44 0.00767993365522901
44 c 70 0.01960886088708025
44 d 56 0.019151970959723097
44 e 6 0.0034412890467429014
44 f 57 0.055837133214335144
44 g 64 0.00022004857353263851
44 h 172 0.03444879543872503
44 i 138 0.02831143639731637
44 j 71 0.037034017250585194
44 k 4 0.03190726391308929
44 l 187 0.0030007357235317667
44 m 172 0.0755031558939091
44 n 190 0.04751485321159965
44 o 87 0.0331300128202755
44 p 1 0.07784241527589308
44 q 166 0.00881212922970187
44 r 80 0.034679590875435484
44 s 64 0.004955401620976185
44 t 77 0.04852203828666646
44 u 82 0.0513468540587978
44 v 97 0.0343108056729704
44 w 23 0.04239191828052702
44 x 147 0.007275288602348273
44 y 66 0.17951007515009798
44 z 161 0.007834174881750533
45 b 95 0.005865325843165903
45 c 34 0.09550778162938356
45 d 63 0.057180954890185376
45 e 120 0.0044925903199878325
45 f 45 0.08208311865388707
45 h 26 0.03362627983789579
45 i 10 0.015169178243070736
45 k 115 0.20571639660808938
45 m 29 0.005158906854733081
45 n 79 0.056439742198149956
45 p 10 0.08250824561423764
45 q 95 0.0061941964142557815
45 r 176 0.11801995055703607
45 v 36 0.04734771897731649
45 x 75 0.07997698694292865
45 z 151 0.09602109651241486
46 c 56 0.11300669995660839
46 d 148 0.05392744157272655
46 h 93 0.021468988829607016
46 i 64 0.10361520714738648
46 m 14 0.10358887684098128
46 n 27 0.0698449081337823
46 q 58 0.17421876106249778
46 w 56 0.10646219757259989
46 x 106 0.053174700934896846
46 z 186 0.13106413200576705
47 d 89 0.012565474266849175
47 e 63 0.1812235125548185
47 f 160 0.04652774276966365
47 g 44 0.10701409749812307
47 i 4 0.05809437537872719
47 l 130 0.0502485259782236
47 o 102 0.19591436018080588
47 r 81 0.09549603922591965
47 x 168 0.05618909121709326
47 z 65 0.06784616218735884
48 a 172 0.017164027131755577
48 b 149 0.07432608192159162
48 c 147 0.04426941548253105
48 e 89 0.004123745362930031
48 f 130 0.060176081814871885
48 g 64 0.05233448543551089
48 h 94 0.05804169188881503
48 i 119 0.06707293414915427
48 j 25 0.024192374949730255
48 k 191 0.019342323805273787
48 l 35 0.020966554961440176
48 m 52 0.08055404771081909
48 n 124 0.03875116989367877
48 o 183 0.0976585213029082
48 p 179 0.0006516084878174233
48 q 187 0.017120681690333428
48 r 88 0.19536364116979787
48 s 141 0.03422787902756985
48 u 24 0.02541889487437099
48 v 119 0.030606430534355744
48 w 125 0.006509618505403547
48 x 73 0.015804502408887422
48 y 131 0.0023919762277120338
49 a 34 0.05137315013399901
49 b 38 0.009336633303479003
49 c 138 0.013983035010710632
49 e 46 0.05574606692697448
49 f 135 0.194562322370892
49 g 113 0.007973524006723576
49 h 5 0.04206538427758988
49 i 48 0.06792971888712696
49 j 98 0.004768852987440231
49 k 141 0.033937666144504997
49 l 47 0.04545574452779222
49 m 80 0.018803203233405896
49 n 30 0.0017279461723193057
49 o 127 0.0022809474652789596
49 p 82 0.059430466457137565
49 q 10 0.0027133976119225744
49 r 188 0.019474983722723493
49 s 93 0.06249786803968638
49 u 68 0.058611675868156854
49 v 163 0.04342231965490506
49 w 48 0.14219496673170717
49 y 16 0.001623458103515607
49 z 100 0.043321378556607226
50 a 42 0.04162158882964029
50 b 72 0.0024194593241259055
50 c 97 0.08107933297002623
50 d 69 0.013855716832842035
50 e 87 0.04991240324287971
50 f 82 0.056064474481911875
50 g 174 0.032537294131794514
50 h 108 0.10474968866076484
50 i 25 0.08341614469975511
50 j 139 0.03227268968771535
50 k 163 0.07405551104890862
50 l 143 0.06175798319635073
50 m 124 0.018741461208750088
50 n 20 0.045528827578317554
50 o 14 0.0066566462492533285
50 p 1 0.010059544889146399
50 q 180 0.010822874969962704
50 r 52 0.019940559975686667
50 s 114 0.023376236713966603
50 t 149 0.06871859918700329
50 u 191 0.00508508957403786
50 v 139 0.055152369152603575
50 w 158 0.05890213842854786
50 x 142 0.0038198770689146233
50 z 184 0.007662816735807043
51 e 156 0.058738826254162935
51 m 186 0.06099226681007275
51 n 83 0.2881158933195953
51 p 25 0.19870650690009506
51 z 115 0.1024483186701054
52 a 175 0.047889530563105964
52 b 138 0.02414240257060607
52 c 63 0.12616216472685704
52 d 121 0.026111206615758165
52 e 34 0.05016032240771151
52 f 79 0.040800044468459085
52 g 54 0.028277211969871097
52 h 87 0.019544120433751977
52 j 27 0.04129827677636988
52 l 73 0.0318589325155888
52 n 173 0.006601120300289698
52 o 166 0.008937474091714304
52 p 27 0.04095433171703933
52 q 0 0.030024449223360894
52 r 99 0.17684847250382696
52 s 133 0.005764849517238546
52 t 38 0.06923124732469033
52 u 157 0.04394609611635869
52 v 137 0.03161774894837477
52 w 189 0.020607966852304815
52 x 3 0.013015100215384323
52 y 103 0.0032772468998331084
52 z 81 0.007084752040311892
53 a 66 0.041381838639918844
53 b 129 0.12686308742385022
53 e 41 0.008335623206426557
53 f 183 0.20267846786701926
53 h 3 0.10015369875447233
53 l 51 0.028964023709757702
53 m 102 0.04104363070158645
53 n 145 0.03659003672300731
53 o 188 0.011510202253467772
53 q 45 0.10734271585303023
53 r 103 0.06220695444556512
53 s 80 0.0117467164179057
53 t 96 0.035243332741705546
53 v 82 0.04481886976533922
53 x 176 0.132712254539741
54 a 96 0.027556135955106642
54 b 80 0.07378225056323584
54 c 86 0.0014715620750023195
54 d 154 0.0355607506898965
54 e 97 0.010838185961208668
54 f 153 0.010276354172757518
54 g 47 0.06489899981628278
54 h 31 0.028475335582703987
54 i 174 0.049607237442989005
54 j 6 0.06444288439769619
54 k 56 0.012498870977392551
54 l 88 0.016763095763509095
54 m 137 0.008246730671149227
54 n 96 0.04779234547964828
54 o 159 0.0005179253166329723
54 p 152 0.013022745715326467
54 q 13 0.018470923712638476
54 r 53 0.07622590087659642
54 s 57 0.005380960732305429
54 t 163 0.024639899182938296
54 u 112 0.01334705169856587
54 v 126 0.015749643116209744
54 w 140 0.027246141877072194
54 x 126 0.04924324142091807
54 y 24 0.10927401202461684
54 z 100 0.05588654457725206
55 a 16 0.01992448295107585
55 b 3 0.02955995956921742
55 c 75 0.03196891730158413
55 d 140 0.037500315687816754
55 f 7 0.017410198765379636
55 g 131 0.024324498348051504
55 h 124 0.1344507729836033
55 j 131 0.05433803518581626
55 k 59 0.10597179513549448
55 m 167 0.03982315875594422
55 n 74 0.0055008283130528746
55 o 49 0.04985529044628623
55 p 173 0.0055072356415027945
55 r 62 0.014454957430311777
55 s 103 0.12288009623956797
55 t 37 0.006895277149720269
55 u 123 0.2088091778732215
55 x 159 0.02603481198941726
55 z 41 0.047966227647935455
56 e 103 0.03877341951609903
56 g 119 0.04231723959487166
56 h 175 0.15553952698659335
56 i 47 0.028528396761962282
56 j 23 0.008067977756806899
56 k 72 0.006449291397844448
56 l 92 0.07856700769821423
56 m 79 0.013581680418683795
56 o 152 0.06557855273163338
56 p 130 0.15567234164955768
56 r 71 0.20137345777347626
56 t 191 0.026861862507517653
56 u 174 0.01804096166461322
56 y 178 0.10503890945046601
57 a 140 0.08247901402494351
57 c 116 0.0723774617792241
57 d 73 0.00010401559144102013
57 e 160 0.20092983484394145
57 f 79 0.007217873207554737
57 g 46 0.06747243635539013
57 i 140 0.013662274170695543
57 k 116 0.025971223479822947
57 l 184 0.12101782645961712
57 n 35 0.05493000018562311
57 o 37 0.022230147391868682
57 p 27 0.0900888040000456
57 q 51 0.07693987435061211
57 r 10 0.0035830437102473134
57 s 82 0.03267980813951654
57 t 51 0.000691351237043003
57 u 112 0.011225527469059693
57 v 32 0.005682263487885808
57 x 14 0.08660221131138912
57 y 161 0.014922721638551795
58 f 7 0.01666376474889808
58 j 87 0.3750849692328465
58 k 97 0.29147098794968385
58 v 110 0.1445971695935322
59 b 132 0.20519034199869313
59 e 78 0.029696141904880125
59 g 129 0.18864926918328984
59 p 189 0.11172806183710327
59 t 97 0.12319000092201127
59 u 104 0.10639748825474993
59 x 15 0.1605315875243445
60 a 142 0.014792446355562316
60 e 146 0.08392637156835614
60 f 134 0.2880939964169029
60 g 3 0.05085207556254567
60 j 5 0.015050027675319821
60 o 99 0.007467301190950737
60 p 52 0.041938498986123895
60 q 28 0.09432088239077596
60 s 69 0.0026160680884377285
60 t 171 0.18395781819277546
60 v 39 0.04754940400764385
60 w 65 0.03217011778728396
60 z 65 0.13404411711523156
61 a 112 0.09702185661346918
61 c 12 0.017651701389673313
61 d 77 0.0314099673947259
61 e 92 0.13292588566304053
61 f 148 0.010996800745793678
61 g 120 0.014474512393144012
61 k 20 0.0922866859885545
61 l 118 0.062422445302074414
61 m 45 0.06562478186384346
61 n 186 0.004012539129763182
61 o 72 0.07761885626179854
61 q 138 0.027899986081089567
61 r 133 0.02388879382807574
61 t 150 0.005074433554748015
61 u 7 0.02103573993973673
61 w 171 0.061427317554797245
61 x 131 0.03617193980048339
61 y 29 0.1095857446909626
61 z 36 0.0887400153952479
62 a 137 0.03299522367865393
62 c 150 0.013614662716878279
62 d 89 0.10277077632195508
62 e 151 0.07853251377764991
62 f 148 0.0029712954125095115
62 g 3 0.05416891519577882
62 i 29 0.08028983009471302
62 j 34 0.03952395514350204
62 l 133 0.004945649874168234
62 o 61 0.024147850502260426
62 p 145 0.10126752339651124
62 q 88 0.07582737219143154
62 r 36 0.03808097767242935
62 s 169 0.03813323362118626
62 t 123 0.0008167675286705478
62 w 123 0.11190500175247575
62 x 40 0.11320227709494601
62 z 7 0.06869458894435643
63 a 142 0.028251208887690837
63 b 16 0.004607054768872354
63 c 109 0.01550460316879465
63 d 62 0.03168270284591834
63 e 68 0.032339384608064625
63 f 126 0.04216570656341889
63 g 142 0.09216506863997298
63 h 113 0.025625539859364777
63 i 174 0.061131031216625775
63 j 124 0.020219155806527
63 k 130 0.01510813305538139
63 l 28 0.02151991076979709
63 m 19 0.048801069513391804
63 n 50 0.035542519042981224
63 o 172 0.010179094216319684
63 p 43 0.10288232110785389
63 r 94 0.010162964882663772
63 t 174 0.05995457363294909
63 u 26 0.004269232102442566
63 v 71 0.019166540329019432
63 w 132 0.015945951693531746
63 x 4 0.008698756060038892
63 y 166 0.25519168845123785
63 z 94 0.0032158596560550867
64 b 37 0.08725503534448886
64 c 24 0.09194101515321007
64 e 153 0.11080690784016078
64 n 68 0.06465715958849338
64 p 126 0.19650292553864113
64 r 60 0.029689897816592925
64 u 110 0.08295157479237891
64 z 88 0.009620339543158885
65 a 70 0.06034311980175466
65 b 17 0.01985292215621315
65 c 137 0.02600837808244416
65 d 15 0.037118091561615496
65 f 65 0.006633307287528312
65 g 134 0.048380851226598076
65 i 51 0.02185309721712525
65 j 140 0.013153424165935346
65 k 154 0.038026886152210504
65 l 69 0.00955094750889729
65 m 144 0.07565293014320496
65 n 154 0.005580178037231764
65 o 33 0.0008447436483457471
65 p 88 0.011083990255394305
65 q 161 0.03201544694441094
65 r 176 0.0006573645590044475
65 s 36 0.09235679369808414
65 t 117 0.0007197169690577043
65 u 158 0.10063089007243786
65 v 173 0.05343009093958351
65 w 45 0.012200670500907895
65 y 163 0.0033571780380583505
65 z 186 0.15552106094781148
66 a 85 0.0009307094093076174
66 b 133 0.006906930383476673
66 c 33 0.019707562492245367
66 d 22 0.014572242864931306
66 e 34 0.01190544762254453
66 f 14 0.008575773927609998
66 g 166 0.004172258119733985
66 h 183 0.024080281176424356
66 i 10 0.059256890118679295
66 j 71 0.08892411711400816
66 k 157 0.05745553642418544
66 l 73 0.024650010276886847
66 m 79 0.009324005508486444
66 n 174 0.025051161703742553
66 o 18 0.06678935110723572
66 p 179 0.07459134597937078
66 r 50 0.13477204283826694
66 s 60 0.0003081768779195082
66 t 79 0.033657070895011465
66 u 167 0.02148624251931719
66 v 22 0.09230939239924119
66 w 182 0.07559858881690273
66 x 191 0.06173939652476246
66 y 141 0.07513614277556102
66 z 178 0.0009543430287380916
67 e 59 0.29420594052233284
67 f 4 0.12190395597018278
67 k 5 0.19828285790617028
67 o 75 0.1553169658242336
67 w 48 0.10737019112123469
67 x 175 0.0885831203700872
68 a 108 0.03826638144319405
68 b 91 0.15195175597598054
68 c 18 0.08093710837205037
68 d 49 0.012905776945784764
68 e 146 0.015036391000117222
68 g 108 0.0036028641619506585
68 h 87 0.05985622255477718
68 i 24 0.02126111687887655
68 j 38 0.03441842241774817
68 k 169 0.07245199720039142
68 l 123 0.008936594736805414
68 m 51 0.0008463715041340247
68 n 77 0.04770020665027208
68 o 61 0.012719438864102317
68 p 122 0.006386184629911029
68 r 138 0.039632044775939956
68 t 185 0.05575666258130596
68 u 111 0.02695616858476635
68 v 143 0.08374225442155359
68 w 11 0.12156348776282955
68 x 1 0.03082013700415165
68 z 77 0.06727697246645559
69 o 141 0.20027655680454792
69 q 110 0.4529047197655214
69 s 15 0.14072218946155512
69 v 130 0.03806962337564701
69 w 134 0.11231507207359526
70 a 49 0.04244511500536885
70 b 84 0.01623299665212774
70 c 60 0.011834494693993225
70 d 46 0.07258707178412738
70 e 119 0.0017057834631064583
70 f 91 0.012190698247174003
70 g 154 0.01185239785851988
70 h 46 0.0033633979260146996
70 i 160 0.047049950682449104
70 j 183 0.0007749399175476235
70 k 183 0.03882171106889398
70 l 161 0.002128451995086711
70 m 48 0.0012395805008345029
70 n 171 0.018270682243460734
70 o 50 0.12515277634655675
70 p 144 0.03199267988111987
70 q 173 0.03769802719889348
70 r 135 0.018802387565427292
70 s 7 0.10091089823151889
70 t 41 0.00881604671816183
70 u 150 0.03767711162472487
70 v 111 0.08135370245231865
70 w 174 0.045418849866352695
70 x 26 0.02938212098306281
70 y 167 0.13951299988801347
70 z 108 0.01900965319041792
71 j 17 0.1306423196604598
71 k 23 0.14919218087512376
71 o 177 0.3532771281435003
71 v 119 0.332224543457854
72 a 98 0.08148547409662099
72 e 11 0.05773896240486698
72 i 54 0.06285452790287971
72 q 5 0.007254142043502498
72 s 161 0.5497731034314647
72 u 82 0.04205471272730854
72 v 68 0.004011682917508419
72 x 32 0.025094873679353702
73 a 73 0.002353236350826071
73 b 107 0.043388072478541595
73 c 160 0.05459276867074836
73 d 123 0.022492068851105884
73 e 173 0.043028741579610896
73 f 101 0.011720522522635779
73 h 69 0.010165227968736201
73 i 167 0.04240128358979123
73 j 68 0.12144873549391544
73 k 180 0.011606541557892869
73 l 135 0.03437782312667814
73 m 169 0.024985214048715454
73 p 170 0.02297506223964285
73 q 48 0.06402403970184989
73 r 127 0.17304323166418645
73 u 29 0.11087478822988217
73 v 146 0.018998159242447854
73 w 25 0.11596515133518659
74 f 180 0.17796168939575052
74 h 136 0.05839115495315761
74 m 118 0.1176748169422378
74 r 11 0.29876274161773997
74 s 170 0.1479109228135993
74 u 106 0.041188390693483234
74 x 156 0.12461939539363853
75 a 143 0.17306548222906137
75 e 61 0.02412191819804299
75 f 90 0.1647362280194552
75 g 7 0.058030772790565566
75 h 111 0.10379758412628748
75 j 126 0.017759494986540836
75 k 160 0.08473566608376615
75 o 96 0.02829095219311817
75 p 121 0.002180191343609028
75 q 94 0.04072168330231052
75 r 104 0.057197524091884167
75 s 107 0.0021254394081453576
75 v 44 0.011981716094810801
75 w 112 0.1845873599673773
75 y 105 0.0026148089941507857
76 e 168 0.17908387728727904
76 w 16 0.6513015261248922
77 a 34 0.10629277519746294
77 e 106 0.004721519854323231
77 f 30 0.0063848111169949595
77 g 167 0.08805272065652381
77 i 149 0.03568678746066822
77 k 156 0.062318842630891935
77 l 116 0.08328403208575852
77 m 186 0.27240399531906734
77 p 55 0.013393330216435406
77 s 52 0.07407639259809207
77 v 188 0.08811598225257222
77 w 182 0.0061364513297633705
77 y 179 0.00988556240780425
77 z 136 0.01276280007550945
78 a 141 0.3187444165273038
78 f 37 0.07460170305030578
78 g 180 0.15420541629773132
78 o 137 0.424323924084826
79 b 143 0.5387294489738312
79 e 3 0.0719862846923649
79 f 45 0.049725410462819086
79 p 163 0.052432575415399696
79 q 189 0.0129055251331619
79 y 87 0.0814784831999843
80 a 78 0.016339532528813483
80 b 168 4.483868031246452e-05
80 c 58 0.011456088328146041
80 d 166 0.009298878664023125
80 e 114 0.0021072673236467443
80 f 99 0.0068469532957450285
80 g 72 0.0878321812839491
80 h 89 0.01756520487022628
80 i 111 0.07507392819051084
80 j 162 0.012701151975160085
80 l 157 0.007884740132591439
80 m 20 0.08450331730892835
80 o 130 0.05247142158950824
80 p 177 0.040375763203002846
80 q 54 0.004542542463936372
80 r 25 0.014214740701117612
80 s 39 0.05481175721901266
80 t 2 0.02596845204776166
80 u 50 0.03386432879257206
80 v 171 0.04759264331066637
80 w 166 0.13998418501946996
80 x 51 0.17987971899438748
80 y 163 0.005038481819362617
80 z 35 0.04708030197847912
81 a 12 0.020413567766957685
81 b 61 0.007543617644296674
81 c 20 0.012102473294482663
81 d 7 0.045701160392274676
81 e 174 0.000540747181615564
81 f 127 0.0029432620435230206
81 h 157 0.001590734114840009
81 i 160 0.11527786928276007
81 j 93 0.023228760003208393
81 k 27 0.08833692010389815
81 l 117 0.05192908615230796
81 m 161 0.021854352089409113
81 n 15 0.019290681379235175
81 o 157 0.021016820611205578
81 q 4 0.014755768741962827
81 r 28 0.15078886097748723
81 t 77 0.036425506224472826
81 u 37 0.18246643263013063
81 v 118 0.05884374147755855
81 w 75 0.0030199372478582065
81 x 98 0.0285042599876274
81 y 154 0.04166849748892443
82 a 191 0.07904711653368957
82 f 153 0.01972342908854452
82 g 108 0.04953678849952725
82 h 14 0.373878413991946
82 i 114 0.037002073662812496
82 n 40 0.08162123015054235
82 s 45 0.06028608723293272
82 t 104 0.07418659160927887
82 x 42 0.04544073212305677
82 y 159 0.010798801935714586
83 a 156 0.017378921909806166
83 c 15 0.07454635981017754
83 e 35 0.04744052609867233
83 f 185 0.0024227741213047604
83 g 2 0.048026512291854506
83 h 176 0.08583385888514161
83 i 147 0.09794943634162945
83 l 191 0.03260019187906127
83 o 85 0.03028368589279895
83 p 177 0.01649227344334747
83 r 36 0.22447370671035494
83 s 174 0.054225150672772116
83 w 8 0.0016947918256431382
83 x 117 0.029239755222361885
83 z 98 0.23369444267291173
84 c 118 0.8296346313398671
85 a 98 0.05766150017709293
85 b 69 0.05376212189968976
85 c 171 0.15159068199468984
85 d 26 0.010507483598753753
85 e 43 0.005100967070611362
85 f 35 0.014814203405662307
85 i 86 0.13069606829396985
85 j 165 0.033896834187228775
85 k 86 0.11728500107920625
85 m 78 0.0020702231885756373
85 n 155 0.15430522457967144
85 o 177 0.014873539533451163
85 q 62 0.00492351972917715
85 r 168 0.018154880529855144
85 s 22 0.01964064435500401
85 u 165 0.08525887574034641
85 w 125 0.03336445482394357
85 x 142 0.011564689839375863
85 z 93 0.04512566950112862
86 a 55 0.17508767714211038
86 b 82 0.07484649318468972
86 c 165 0.15065587987045626
86 e 163 0.046698193471926164
86 f 41 0.03696093660789623
86 h 103 0.05266464813410443
86 l 12 0.034157710876239755
86 m 181 0.04311712316566485
86 o 133 0.06716241994500216
86 r 0 0.0007254311881458309
86 s 32 0.01552878258162893
86 t 151 0.02010602826210639
86 u 165 0.024895437050517333
86 w 158 0.12542459729646915
86 x 133 0.09656423918975998
86 z 151 0.029660974302565535
87 b 11 0.08144091244570295
87 c 40 0.1551796225562566
87 d 149 0.043888911792061114
87 f 89 0.06567562441371844
87 h 1 0.1042422358504631
87 k 4 0.1770377669946015
87 m 137 0.04873736682693797
87 n 187 0.007086614069897523
87 p 152 0.03113599031152181
87 q 143 0.026203406856610045
87 r 53 0.09469184899620564
87 s 23 0.019116993085536826
87 u 101 0.05519398466515102
87 x 181 0.053765695369722644
87 z 94 0.026315230121393585
88 b 137 0.017519146555252774
88 c 129 0.00011357880920059849
88 d 178 0.002609855327114774
88 e 85 0.07670326634535818
88 g 88 0.11970350339580926
88 h 123 0.06187240500930091
88 i 6 0.05689323884597941
88 j 115 0.03721871269172661
88 l 95 0.014639609248805141
88 m 98 0.07802349742262793
88 p 161 0.04124409047285715
88 q 48 0.0760217180853251
88 s 112 0.07100676524312588
88 t 56 0.029213483888655523
88 u 72 0.10556171244003454
88 w 103 0.0223843726498143
88 x 99 0.018117916817273816
88 y 131 0.0503474263239615
88 z 58 0.09513765578807987
89 i 69 0.18699157713756698
89 k 126 0.011232350046895823
89 r 69 0.12545083590285322
89 s 79 0.2390387306088032
89 v 28 0.3875385935497271
89 z 109 0.006481592282218895
90 a 109 0.1912237906177836
90 h 130 0.6766423053551426
90 m 146 0.0016700362456819606
90 s 147 0.0313353357673275
90 w 27 0.0013924718911259015
90 y 173 0.04047172281730804
92 b 183 0.23343956358249007
92 m 174 0.09204221455083417
93 c 146 0.08023149472354074
93 g 132 0.07146860605320282
93 j 28 0.09723860943110063
93 n 169 0.16117113907057223
93 o 82 0.05815376080451673
93 p 3 0.05877597214519992
93 t 173 0.06493258433228921
93 x 15 0.19870491105797394
93 y 78 0.1513543211844045
93 z 11 0.049296524978168055
95 c 98 0.027313314619051954
95 e 48 0.1051939829128834
95 f 122 0.31166563927250646
95 g 91 0.019287781615115795
95 i 157 0.051719958899733576
95 j 184 0.08371117358259195
95 l 104 0.007641312376224341
95 p 176 0.037067377795107825
95 u 80 0.032256357670222946
95 v 173 0.08684020124159486
95 w 10 0.12278627340822512
96 y 13 0.12450404470826026
97 b 122 0.00728740937754857
98 a 53 0.05336060552621691
98 b 118 0.04102674576869714
98 f 8 0.01639725772493794
98 g 97 0.05832365363665459
98 l 125 0.01578986268660898
98 n 173 0.08783430841284856
98 o 59 0.06866873466210854
98 p 112 0.02359517830022395
98 r 8 0.18331457453434574
98 s 186 0.07236699578144534
98 t 103 0.04700292655373495
98 u 129 0.025990878980393317
98 v 54 0.14222461388553032
98 w 74 0.027754709567322733
99 a 64 0.04118586555935544
99 b 163 0.040696429819917834
99 c 119 0.00778904273406511
99 d 18 0.08376949098917152
99 e 191 0.07787501619719861
99 f 178 0.09953442790817135
99 g 2 0.06369847640291515
99 h 54 0.0159777431141781
99 i 178 0.03707449241626071
99 j 0 0.005308644486802794
99 l 53 0.1372082389165572
99 m 11 0.004586856722368915
99 n 136 0.011984348298951786
99 o 54 0.019028195439765083
99 p 51 0.0009739318913327688
99 q 136 0.08463102002836931
99 r 65 0.06524785012678447
99 v 52 0.07672128237025178
99 w 42 0.03391956076447655
99 x 5 0.026005271770316862
99 z 184 0.021478939607716074
100 a 32 0.027924575134316454
100 b 142 0.04517742148962545
100 d 86 0.008472268356037538
100 e 157 0.040215994547083356
100 f 109 0.026804768677188062
100 g 37 0.012321199769212976
100 i 92 0.060277783028969245
100 j 154 0.04205097331861407
100 l 37 0.048594976362007825
100 n 116 0.061419058598223386
100 o 46 0.1472838567724566
100 p 80 0.011121057405717671
100 q 62 0.043492759990061525
100 s 90 0.032267398290372507
100 t 100 0.047551635465621134
100 v 32 0.0018609399783382496
100 w 148 0.0616172538031976
100 x 180 0.0038165173052271406
100 z 162 0.1379787530418093
101 a 119 0.04785692436717237
101 c 34 0.024235759873190155
101 e 83 0.05771749307234919
101 g 170 0.007461314199972313
101 j 71 0.1854622206447023
101 k 168 0.005983234230924062
101 l 37 0.020097906748394068
101 n 177 0.11732873549164402
101 r 166 0.061455877054815033
101 s 66 0.223271838441642
101 t 164 0.02834090198387207
101 u 3 0.0006425752079084468
101 x 181 0.10608523684659277
101 y 11 0.012688790742081069
101 z 18 0.002452333957390085
102 f 107 0.0843100029635534
102 g 11 0.09714372738040844
102 i 43 0.0993865947043805
102 k 126 0.0018238786359284775
102 l 103 0.01644538047591093
102 m 180 0.05011685768569729
102 n 2 0.21479148517651414
102 o 1 0.03872408267790062
102 t 85 0.07965923757472793
102 u 67 0.0057728512694270595
102 v 125 0.053294049134669175
102 w 31 0.02573478929527484
102 x 147 0.1723350952388749
103 c 147 0.0033322035477968415
103 g 103 0.11220799699144868
103 i 115 0.33602798821964786
103 m 168 0.03673722924494893
103 r 34 0.0029211688182360085
103 u 50 0.09690561902585404
103 y 166 0.3154564292775438
104 a 58 0.008010904839296118
104 c 169 0.0015290030992703985
104 d 123 0.05033807026956283
104 e 53 0.15475864919988558
104 f 31 0.08869665591801301
104 h 75 0.02781265469383465
104 i 2 0.006993714179195698
104 j 188 0.014999947919905554
104 l 178 0.024060240294178747
104 m 14 0.12997948836825945
104 n 63 0.012608981202972491
104 o 107 0.044913305650822966
104 p 156 0.07985266896609777
104 q 156 0.06090939543749663
104 r 151 0.00021188689668039107
104 u 155 0.0400568412583685
104 w 124 0.01989569145110459
104 x 70 0.11571214986968203
104 y 181 0.10989731610231201
105 b 138 0.021135849914272087
105 c 51 0.03543937858800761
105 d 137 0.00282921725793861
105 e 3 0.005875300092584079
105 f 182 0.012175376959921658
105 g 7 0.0392176662522703
105 h 104 0.0073589599222878554
105 j 85 0.09612612464136783
105 k 115 0.14099511095887107
105 l 191 0.002687591188200167
105 m 105 0.07214772194910635
105 n 183 0.05562665517253973
105 o 48 0.06127315597212191
105 p 188 0.024842663648007135
105 s 50 0.03419540682988653
105 u 147 0.01620250423364822
105 v 98 0.035357076612911875
105 x 11 0.15557338757187356
105 y 47 0.14525113033164705
106 a 171 0.06590266962301028
106 d 37 0.0032327313657050105
106 g 21 0.12156428052457402
106 h 116 0.034281519338849153
106 l 70 0.25887362142165904
106 m 65 0.01238319056606374
106 p 13 0.07818977199365429
106 q 56 0.027423102983978098
106 r 84 0.004834134200673357
106 v 9 0.15757690695901128
106 w 4 0.23114547134214025
106 z 34 0.0027986979931056144
107 c 10 0.005829495967283216
107 e 127 0.03127748628603988
107 f 133 0.011610148247197749
107 j 149 0.04208036942544069
107 k 55 0.359166022524013
107 n 142 0.11450306222868045
107 o 124 0.12605242545808582
107 r 81 0.0704884006247406
107 u 128 0.0688834577263262
107 w 157 0.08085076416081283
107 y 169 0.037722772094533785
108 b 99 0.12807882867248932
108 d 126 0.08071618792333779
108 f 51 0.007301272723237329
108 l 105 0.22952902426676636
108 p 145 0.004609264277249392
108 r 22 0.24439644309607467
108 t 68 0.008136878199499264
108 x 36 0.034144531546785095
108 y 86 0.011230039179476292
109 a 184 0.023754818739547212
109 b 147 0.02612579153536365
109 c 76 0.011764227577519826
109 d 16 0.10191181380756231
109 f 138 0.03393109707307118
109 i 6 0.03657380521797138
109 j 110 0.14410753954470235
109 k 64 0.04258347574976129
109 l 58 0.03254265401128753
109 p 98 0.019243059028899445
109 q 186 0.10951894165627252
109 r 181 0.04978753749586795
109 v 143 0.007294593098893909
109 w 148 0.04254676762259535
109 x 19 0.2878336201820002
110 d 149 0.011449188333685467
110 e 180 0.1264332770463883
110 l 62 0.08548882408367864
110 n 117 0.00013237087287099047
110 q 127 0.017638586663817124
110 t 17 0.524365565845747
110 v 6 0.12265624529175012
111 b 129 0.24734794104601265
111 c 127 0.011351914662028895
111 h 143 0.28941123895249643
111 m 38 0.14104406252505808
111 o 166 0.0003815729420899583
111 u 0 0.216748493089175
111 x 111 0.06912669814224859
112 d 180 0.009040470128499956
112 f 45 0.16657969465617173
112 g 7 0.0056916235542434634
112 h 36 0.066260751281631
112 n 170 0.05324140485372475
112 t 121 0.28463666470300397
112 u 96 0.013530379281658345
112 v 131 0.03547073641841958
112 z 177 0.15022352225329128
113 a 62 0.07079356831196071
113 b 179 0.04071655755082704
113 c 143 0.08144891323591597
113 d 86 0.0038949160464812893
113 e 29 0.01136537061317322
113 f 134 0.020931074605253785
113 g 80 0.14157219898100182
113 h 127 0.022902271406489594
113 j 179 0.0065870553060403125
113 k 31 0.003633754412593615
113 l 81 0.008970418338423491
113 m 144 0.010150513945389128
113 n 150 0.03467804051900836
113 o 132 0.007110611996628768
113 p 166 0.14128470787322034
113 q 111 0.08577810856568768
113 r 130 0.014158583458231844
113 s 191 0.044379615958774266
113 t 157 0.04269434604922451
113 u 135 0.020719150910149198
113 v 83 0.014869929141642868
113 w 1 0.08129482272415167
113 x 168 0.019044833772966174
113 y 183 0.007439496748522512
113 z 179 0.036123984123804354
114 v 122 0.48700086056783365
115 f 13 0.510458118814676
115 i 107 0.4185747655892318
115 x 139 0.04223532444313283
116 a 53 0.05445154286881282
116 c 69 0.04582216194041444
116 e 135 0.016534141347403053
116 f 138 0.1317645308653863
116 h 180 0.002806389816169097
116 l 143 0.12241612013841618
116 m 164 0.06774298695676761
116 n 56 0.09532409909679129
116 o 116 0.012751062158074311
116 p 147 0.0359470895755708
116 q 40 0.010849674796105435
116 r 131 0.023531693459678094
116 s 121 0.13534188782014045
116 u 60 0.017881839777878494
116 v 116 0.07223193615173806
116 w 109 0.06342103512062525
116 x 172 0.012780617453021614
116 z 190 0.048561353593444045
118 a 128 0.02444419449612667
118 b 51 0.04381054802802564
118 c 36 0.011035392709951353
118 d 4 0.05915797807922096
118 e 99 0.02886570789741638
118 f 21 0.0047535762020104455
118 g 175 0.018215504101120272
118 h 48 0.011962502026350963
118 i 125 0.06156625215801359
118 j 161 0.132077253891958
118 k 82 0.048624282442289335
118 l 64 0.06356660410667359
118 m 165 0.017083662806764432
118 n 144 0.028578417394632405
118 o 104 0.020347547230584517
118 p 149 0.018098361921208173
118 q 151 0.04756789478664225
118 r 20 0.12705254219211848
118 s 128 0.009875910127517984
118 t 157 0.01707588843544605
118 u 91 0.046752725809963036
118 v 153 0.028597610175499222
118 w 56 0.028701980096620172
118 x 146 0.030456181255268167
118 y 190 0.031373591128690426
118 z 63 0.0051342355790219285
119 a 2 0.011481012240449506
119 b 189 0.061034815811086274
119 c 17 0.04266496310813839
119 d 26 0.09483425352273278
119 f 164 0.0481973978086675
119 g 5 0.013953874359399876
119 h 102 0.012272987461613427
119 i 131 0.007270256931906194
119 j 69 0.06406734718105633
119 k 66 0.06388171397334252
119 l 49 0.04159008673933828
119 m 0 0.09749893185363467
119 n 29 0.030156258159485416
119 o 111 0.06447905896997586
119 p 189 0.010847674136042817
119 q 93 0.07520909009108079
119 r 161 0.028670192753749824
119 t 68 0.06719345053798975
119 w 64 0.018485077197310518
119 x 42 0.05054378911103996
119 y 122 0.04227035947693669
119 z 110 0.04469444826668578
120 a 68 0.024102682247467033
120 c 187 0.023269814137280687
120 e 59 5.555842399795896e-05
120 f 128 0.1024779982028825
120 g 25 0.15091742852223844
120 i 22 0.046222340519402993
120 k 76 0.11038617229974668
120 n 98 0.09366956512516278
120 p 74 0.009122117123932849
120 r 31 0.032332356556632025
120 u 13 0.06808830013641021
120 v 180 0.07436794963944715
120 w 23 0.08789464782700152
120 x 32 0.011332201861326663
120 y 74 0.03941752750057781
120 z 34 0.0021965005312744035
121 f 63 0.05902304251477164
121 g 120 0.15463770843162072
121 j 128 0.00812464468715679
121 k 103 0.07502370178396334
121 l 130 0.031979666749581526
121 n 95 0.24829414589103682
121 p 133 0.0024974833461854917
121 q 24 0.0452823889740982
121 r 98 0.004439158873687066
121 s 97 0.005957435753665141
121 t 69 0.22853987347553306
121 v 133 0.039641218614377416
121 z 49 0.06273978825884619
122 f 57 0.055257517070024464
122 h 3 0.18357323565758943
122 i 103 0.04993286948671105
122 k 176 0.0970656727761654
122 l 75 0.14227744225636396
122 u 20 0.062167302957516046
122 y 107 0.01586733266402307
122 z 94 0.2207249518688611
123 c 104 0.0351947646438292
123 e 148 0.025682851780210125
123 g 51 0.25887610223651225
123 h 53 0.047495691647489124
123 i 59 0.023434964068449693
123 k 105 0.05700613683668154
123 l 132 0.11007373723481795
123 p 3 0.047269777212189945
123 q 144 0.048205621378908714
123 u 29 0.09313878635276474
123 x 123 0.008373644405880176
123 y 20 0.09337514623388155
124 a 175 0.23024985355548955
124 f 5 0.26840029142503785
124 l 165 0.13065722520447132
124 p 114 0.14131475863786092
124 r 82 0.21222129397493072
125 d 132 0.0042725122383303615
125 f 11 0.011962862674753327
125 h 37 0.009836859247888241
125 i 60 0.022489497078832743
125 k 63 0.08919484432402691
125 l 61 0.006288068098421418
125 m 92 0.23675101066754767
125 n 184 0.047964759284802594
125 o 120 0.07032777088358733
125 p 115 0.06117677512238895
125 q 113 0.037309286767905014
125 r 134 0.003696906554241486
125 s 67 0.012738662630294995
125 t 91 0.016080796041861856
125 u 7 0.012244363665927516
125 w 131 0.08270347448757287
125 x 169 0.04300000102000057
125 y 0 0.02399883838322414
125 z 99 0.07116923125785302
126 b 45 0.0802209461202762
126 c 164 0.05912817861933761
126 d 62 0.0011302360702556413
126 e 108 0.004326282689151251
126 f 46 0.05743183018498654
126 g 0 0.03712717206893512
126 i 88 0.0207051327426222
126 l 46 0.05817114396554135
126 o 20 0.09916841309423119
126 r 191 0.11777559973145413
126 t 186 0.15902413863051879
126 v 48 0.011432861348171897
126 w 165 0.06889952965840263
126 x 33 0.0004677333033860087
126 y 186 0.02092658455871632
126 z 75 0.04722857721681861
127 d 148 0.12026252385343383
127 e 1 0.11045530469007914
127 f 159 0.014238837897832202
127 g 159 0.03410645897128761
127 h 55 0.049136016403674376
127 i 59 0.01619878987505352
127 j 133 0.007013038424199869
127 k 87 0.023282161130950274
127 l 139 0.04013663134284451
127 n 9 0.04616213794548518
127 o 184 0.008291151754113879
127 p 93 0.04201064758944306
127 q 20 0.05559105581575785
127 r 21 0.04175451423534027
127 s 6 0.20142918120392084
127 t 157 0.0452328364451805
127 u 56 0.030209679846205484
127 x 188 0.010913284506176457
127 y 80 0.008728755849058412
127 z 45 0.04814977283327604
128 b 172 0.12323172818732975
128 e 133 0.11096952031302687
128 f 31 0.05242092782602081
128 i 186 0.020529633453655327
128 j 110 0.041830888534665545
128 k 44 0.0010958936563151278
128 l 21 0.1606193297400068
128 m 107 0.01020458698940041
128 n 131 0.07680434660927493
128 o 13 0.11550584850182999
128 s 164 0.04199687763659188
128 t 124 0.07064367230234969
128 v 94 0.017480359055063066
128 w 4 0.003107974304675687
128 y 94 0.11934410071978152
128 z 53 0.0018407090809340332
129 a 170 0.017805482698510344
129 b 99 0.031194017007224573
129 c 44 0.03602382863559739
129 d 171 0.014932758369527788
129 e 132 0.04143981803371344
129 f 48 0.08070017425231402
129 g 105 0.014059185685652675
129 h 36 0.01673295201156133
129 i 41 0.01379815510671889
129 j 107 0.06880538851799256
129 k 15 0.04124765021727361
129 l 88 0.013457743486348872
129 m 107 0.02175730600147796
129 n 32 0.09870529308945697
129 o 84 0.09895296670590181
129 p 102 0.06288944123034601
129 q 19 0.044514216023122
129 r 25 0.052892768638668985
129 s 54 0.05174716162536608
129 t 170 0.011846139995215998
129 u 94 0.0018731914598402177
129 v 115 0.01063786668237765
129 w 161 0.02277411469612689
129 x 47 0.02484806088037317
129 y 117 0.055674655412559226
129 z 126 0.03782471833769607
130 a 128 0.08520535580435018
130 b 6 0.06749400251642412
130 d 101 0.09887632043117323
130 f 16 0.017949642031421464
130 h 120 0.0693839030020944
130 i 139 0.08701396609805456
130 k 98 0.10805308239104527
130 o 92 0.18733542590481134
130 w 102 0.05965841535024352
130 x 71 0.0745160393744706
131 a 42 0.053038885402699965
131 b 138 0.14886303995003536
131 c 139 0.0013256908848834348
131 f 52 0.05012085002602473
131 g 94 0.0037306027736428993
131 i 77 0.02896363270717106
131 j 67 0.014058460092131742
131 k 116 0.025844445583382503
131 l 95 0.07681865232711294
131 n 71 0.06295625710325181
131 o 167 0.024761500705985817
131 p 40 0.034519223471514704
131 q 18 0.10053355458059743
131 r 114 0.004792038034911683
131 s 95 0.002621483180552442
131 t 98 0.09330211580052383
131 u 81 0.00857044909761584
131 v 147 0.0261184151218391
131 w 143 0.05806099730185099
131 x 82 0.07758428258435035
131 y 14 0.01050373490285783
131 z 55 0.04907733438318085
132 a 87 0.12296752588725968
132 d 128 0.04781018671155046
132 g 76 0.02603595692157079
132 h 88 0.06954794375725881
132 i 2 0.0391644056641095
132 m 151 0.07754893289170339
132 p 175 0.14537024303925372
132 q 118 0.03238537135509212
132 r 90 0.12661126427553993
132 s 157 0.10117085427887329
132 w 51 0.14059666372656032
133 d 38 0.024772518228052598
133 o 173 0.05544113264746886
133 t 40 0.46913433253530357
134 c 165 0.07747803024670619
134 d 147 0.027962677149052984
134 e 22 0.058224833230854145
134 j 38 0.02598776549329973
134 k 174 0.0529906198793717
134 o 137 0.2907705237710748
134 p 20 0.028020551414243533
134 q 20 0.0333333071622498
134 r 28 0.09900410798762516
134 t 86 0.008502746939087591
134 u 43 0.03655102769591134
134 v 77 0.03313483527126504
134 x 129 0.011482458805600615
134 y 66 0.045050903742036574
134 z 78 0.037720836548166825
135 b 51 0.03553922586071068
135 c 12 0.04078970423258932
135 d 79 0.190296075018086
135 f 113 0.015801840753781438
135 h 95 0.22900058209378615
135 l 69 0.010159639221274497
135 p 78 0.0017403051871371922
135 r 187 0.01435129652415168
135 s 75 0.05422397574000004
135 u 31 0.0928584072433476
135 w 9 0.2118143746691794
135 z 169 0.002894196002847016
136 a 190 0.09144369965199428
136 d 52 0.05294593869782005
136 e 41 0.015932796057116172
136 f 15 0.1702337172184567
136 h 102 0.015411143819195505
136 i 67 0.05503259921629444
136 j 9 0.00043674853730024665
136 k 172 0.07124053857050927
136 l 122 0.013815518097974877
136 n 86 0.036679464398992945
136 p 94 0.05284775234464989
136 t 183 0.021546063591636133
136 u 101 0.03962025459939522
136 v 95 0.13116699923387853
136 x 180 0.19395688562670088
136 z 134 0.006385333948350946
138 a 140 0.0006072642195992239
138 b 48 0.12284117008181217
138 c 122 0.0847319745942241
138 d 167 0.030633714140222534
138 e 89 0.09653540351407419
138 f 130 0.005565274912648799
138 h 164 0.03492429864508062
138 i 94 0.11799403047003387
138 j 80 0.046687037940471576
138 k 167 0.0028294522600068595
138 l 81 0.025404306544023814
138 n 106 0.060154791308106303
138 o 67 0.12353699615538072
138 p 135 0.05013870080149241
138 r 63 0.007355232343373985
138 t 189 0.017638937660660492
138 u 142 0.05357154175516843
138 w 114 0.03200980816927568
138 z 39 0.020268719341879016
139 c 189 0.0005590027083737237
139 g 80 0.09365135294601845
139 l 133 0.12712546390230284
139 m 71 0.12492975925918226
139 p 103 0.2943284893468324
139 s 42 0.08770826328757964
140 c 119 0.1063409618392065
140 e 88 0.023776137375589812
140 f 171 0.02855261361004202
140 g 188 0.2038716500927379
140 h 44 0.3752803588693159
140 l 165 0.0519388083815443
140 x 184 0.12089752184189262
141 f 127 0.03921817108580372
141 h 87 0.10775213878859757
141 j 176 0.026048055836629613
141 k 181 0.22529057167189315
141 m 83 0.054156318044178864
141 q 30 0.027322648848794095
141 r 115 0.30516090669031115
141 v 27 0.04831181666494799
141 x 36 0.10130324318791795
142 h 54 0.02971759098922855
142 j 191 0.26141951161445687
142 z 52 0.44431328229091405
143 a 128 0.07767840430558604
143 b 182 0.00936749656778224
143 c 3 0.027068769911204327
143 d 19 0.05824512047442876
143 e 18 0.027557046541518027
143 g 22 0.019240205170621527
143 h 31 0.00446300162915747
143 i 71 0.008337253508246656
143 j 157 0.02322904371880874
143 l 74 0.15384933230072206
143 m 185 0.02125273185276566
143 n 144 0.04038141758885305
143 o 58 0.0093483923536275
143 p 57 0.02065245678637906
143 q 171 0.015148126567206321
143 r 13 0.022680322210462123
143 s 86 0.06319470626858215
143 u 35 0.0386649881827591
143 v 171 0.0030306860562756555
143 w 7 0.04692132456901188
143 x 72 0.07390786804240701
143 y 92 0.15744273327816816
143 z 161 0.0195046404278586
144 a 88 0.05088354747777213
144 b 182 0.1127407220705926
144 c 14 0.03759703051329155
144 d 52 0.07930269324218397
144 e 35 0.01455916272952329
144 f 136 0.05805536823599888
144 g 21 0.04308893717684381
144 h 170 0.024100027320515527
144 i 149 0.04273578813312362
144 j 111 0.08607329236539607
144 k 68 0.021628475471628605
144 l 142 0.03625027914485679
144 m 138 0.0334991674687265
144 n 42 0.001876454115936399
144 o 188 0.030490889580518155
144 p 131 0.037515508222823235
144 q 9 0.002934459400863565
144 r 97 0.008083677177397108
144 t 93 0.09438265612862706
144 v 43 0.06228602817370543
144 w 90 0.015010641752901455
144 x 5 0.030027609958918844
144 y 80 0.04700515534380334
144 z 189 0.028084183788738892
145 a 186 0.2964912431272083
145 p 45 0.1463908717771999
145 u 118 0.005346183780340685
145 v 32 0.2961365054518943
145 y 169 0.2441547338756056
146 a 169 0.0007328198028470068
146 b 41 0.015285026016401027
146 c 41 0.00639926473228325
146 d 78 0.018041745136077814
146 e 49 0.0640430681721964
146 f 126 0.01939082779022494
146 g 18 0.03058195047597423
146 h 23 0.13393902590105689
146 i 122 0.014799987833328254
146 j 163 0.062329066052414395
146 k 22 0.01921380292487418
146 l 155 0.03801707603872806
146 m 106 0.021989736809201688
146 n 44 0.01746317796024832
146 o 38 0.1575054171042375
146 p 89 0.08287826087514893
146 q 50 0.057135676662561696
146 r 133 0.028337416929401504
146 s 2 0.011460978502237373
146 t 182 0.025610726913236737
146 u 183 0.04499887082375165
146 v 173 0.014202988227440039
146 w 162 0.0456201062224757
146 x 168 0.03423537894282558
146 y 137 0.0038377412008373524
147 a 66 0.02761418345003397
147 b 61 0.04593856024745069
147 d 152 0.04907785946910237
147 f 175 0.08897502687412462
147 g 1 0.030258132574831897
147 j 191 0.060289166142552975
147 k 52 0.18038109606768815
147 m 76 0.056216424734136905
147 o 160 0.0265174633191545
147 r 165 0.04548166702955725
147 u 39 0.12746064874187268
147 v 94 0.05219410712985406
147 z 110 0.2091114965837625
148 b 158 0.07104550031080803
148 d 139 0.04615247017675905
148 e 22 0.008317601589765355
148 g 79 0.012829070594756242
148 h 18 0.1682013563300061
148 i 108 0.007509544294192705
148 k 176 0.019356849550747568
148 l 160 0.016440146641360065
148 n 19 0.1270662898644862
148 o 163 0.03823699935353708
148 p 78 0.015892222231960296
148 q 39 0.05320803148273212
148 s 146 0.011988503068888545
148 t 133 0.09083892919598391
148 u 175 0.01789348542290259
148 w 33 0.05872344790426165
148 x 16 0.1336250811457399
148 y 32 0.0520944950181339
148 z 18 0.04033687232149685
149 a 160 0.0078049777149409305
149 d 171 0.050021333618724406
149 i 166 0.46160708092064673
149 o 74 0.026959532443313727
149 q 43 0.06966109753229954
149 u 138 0.1361976110883214
149 v 31 0.025154375449550015
149 y 131 0.017376279480722734
149 z 103 0.08432521489037137
150 b 173 0.07854811369032333
150 m 100 0.20413299234669213
150 o 101 0.6444573792877808
150 s 174 0.0009192470188887913
150 t 92 0.03652331958082955
151 b 29 0.0013950376782310148
151 c 31 0.014382223085940615
151 e 71 0.17338015504000237
151 f 165 0.023932385087970687
151 g 132 0.03463895098957226
151 h 168 0.0021118943614183427
151 i 161 0.007850564432227425
151 j 36 0.006617667638574409
151 k 8 0.024451698524472154
151 m 27 0.06580820901157225
151 n 82 0.033582948995090955
151 o 93 0.0688043775166588
151 p 95 0.04624931631563989
151 q 80 0.0167177337974167
151 s 171 0.03645349186168578
151 t 75 0.04744050555250234
151 u 190 0.004350694193129501
151 v 96 0.014746716189271258
151 w 132 0.009669851769904314
151 x 34 0.2448715647459636
151 z 16 0.04750973298473171
152 a 166 0.17029180288499435
152 b 38 0.006325893178275921
152 c 87 0.014032718791840093
152 h 58 0.05915638658667843
152 j 144 0.03981940212580082
152 k 178 0.018625388836774226
152 l 57 0.014157872572851171
152 m 170 0.05929251613709852
152 n 155 0.09083572614537816
152 p 137 0.024710810190207932
152 s 68 0.030075743401343558
152 t 108 0.01734493237456447
152 v 154 0.009988619178613156
152 w 107 0.023549386160245822
152 x 58 0.07910582369389318
152 y 1 0.0829459743937595
152 z 103 0.21112300066224932
153 a 87 0.0020183615738758043
153 b 14 0.017144327315078867
153 c 19 0.00844763065686105
153 e 49 0.10766954606114565
153 g 0 0.01784470179111386
153 h 146 0.053282855951823915
153 i 22 0.08019253458000164
153 j 155 0.09051813570535516
153 k 188 0.014040110132424233
153 m 175 0.0033093850646874756
153 n 134 0.07997681506779175
153 p 66 0.04845355664483564
153 r 71 0.07735537967322037
153 t 76 0.06280898456960793
153 v 69 0.09598167493580045
153 w 51 0.05054192182356809
153 x 20 0.09853988845192385
153 y 65 0.07365731913894025
154 a 191 0.00574797175073638
154 b 67 0.11773159248102416
154 f 186 0.011227355229322167
154 g 153 0.0662081148157464
154 h 23 0.04981211268462293
154 j 83 0.036875743155034724
154 m 40 0.2996881558323877
154 n 88 0.08500983157410136
154 o 86 0.1554639405136602
154 p 3 0.0213384689541819
154 q 82 0.03050146324128633
154 r 129 0.021834080498066566
154 t 10 0.07450257178809117
154 w 33 0.001331614201558251
154 z 76 0.005950671840479926
155 a 106 0.08765081827127597
155 d 154 0.1170269304861965
155 e 42 0.04623873375266341
155 f 34 0.010543653985294221
155 i 30 0.08213819469975003
155 k 118 0.09604122184702568
155 l 11 0.07625352321140833
155 o 105 0.2578995781091784
155 q 165 0.03927714565989893
155 s 150 0.05229056691548306
155 t 96 0.028411939079119874
155 u 42 0.01765707414850659
155 v 170 0.051396649614511736
155 y 37 0.027237170953887113
156 a 117 0.009305277326651429
156 d 18 0.1504044790924033
156 e 47 0.07360825027318318
156 f 128 0.028730875539510037
156 k 38 0.028509302929281888
156 l 12 0.02919710816397536
156 o 36 0.08935078711774569
156 p 87 0.12217525848403554
156 q 167 0.021977298185159144
156 t 171 0.19549126056664756
156 u 158 0.011826182298256271
156 v 117 0.032013396151132745
156 w 81 0.0041170180791070266
156 x 158 0.040097726278360724
156 y 32 0.06256989594030993
156 z 49 0.017635807462589415
157 a 104 0.002459955459206631
157 c 92 0.0260785872783571
157 d 130 0.04678313938944123
157 e 91 0.028714721872041937
157 f 66 0.0007141170267023211
157 g 12 0.00021001362679728963
157 h 45 0.0018292946340078275
157 i 55 0.006220126085684341
157 j 147 0.054755013582289624
157 k 33 0.06352350438028975
157 l 132 0.10794832514871489
157 m 78 0.10050406799418299
157 n 104 0.16330214393256692
157 o 181 0.036655817357591824
157 p 84 0.013164522404417234
157 q 13 0.0515850122718049
157 r 100 0.00703581262737174
157 s 185 0.10104956093678319
157 t 16 0.028267317802329828
157 u 27 0.012632081043036258
157 v 49 0.017872970240021213
157 w 173 0.003999516111227175
157 x 132 0.020925941830471473
157 y 57 0.0030166664438788793
157 z 27 0.03370436048159753
158 e 74 0.4500936603114142
158 i 51 0.45943555903221656
159 d 177 0.00810352436857098
159 e 61 0.003936289172669416
159 i 32 0.2111063544825298
159 k 191 0.22335201778518587
159 l 103 0.07011484044364535
159 m 136 0.10656078467688357
159 n 124 0.13221460195259283
159 p 176 0.030001560177954745
159 q 166 0.02922338563493443
159 r 190 0.00824867725150824
159 t 36 0.03688003168839238
159 u 14 0.010222579780961749
159 w 164 0.016864386814520738
159 z 12 0.05935934397011566
160 d 69 0.2906412456102162
160 e 121 0.09711679654185601
160 y 132 0.48250186999827516
161 a 121 0.04127784354164388
161 c 101 0.015409499742818578
161 d 32 0.016127458894960034
161 e 85 0.007463490347003221
161 f 184 0.09189385299124775
161 g 2 0.026198919670854415
161 h 54 0.009775312891311505
161 i 83 0.02448148910999859
161 j 9 0.06272253876815992
161 k 80 0.0019699901874054015
161 l 57 0.020666873723874657
161 m 61 0.048456416946820235
161 n 92 0.06155930582257141
161 o 163 0.0002552248819497338
161 p 70 0.058785204164381266
161 q 95 0.0047178122149791335
161 r 160 0.02172422590471157
161 s 154 0.03723650768333664
161 t 104 0.10782489121955474
161 u 172 0.17344500552304243
161 v 30 0.05644152647930145
161 w 184 0.009382449772560864
161 y 10 0.01528346398160818
161 z 133 0.04926732499193409
162 d 37 0.10479066428167749
162 e 129 0.13293649506822058
162 g 39 0.21377826034430725
162 s 16 0.06342681635741287
162 y 111 0.13214279570610388
162 z 114 0.10773701471350872
163 a 183 0.0600295357863212
163 c 55 0.1171896395287485
163 d 87 0.015873054269735953
163 f 84 0.15296036957057924
163 h 93 0.010634369375163266
163 i 63 0.004578040986062848
163 j 160 0.009296627838710214
163 k 184 0.09530193353209404
163 l 191 0.05306994335546589
163 m 53 0.05327572242458023
163 n 135 0.04303058109999758
163 o 107 0.10001737572884817
163 q 91 0.020012835514050753
163 r 96 0.04447649913849849
163 t 41 0.042382068837339304
163 u 144 0.0006523126358951581
163 v 96 0.011986389595101121
163 w 34 0.01154963126071984
163 x 97 0.006403726096404827
163 y 139 0.04990443437960912
163 z 165 0.02495643405685921
164 i 74 0.11094186709620701
164 q 23 0.09101499432873517
164 u 28 0.08031250797350953
164 v 138 0.5798784248688575
164 w 181 0.09081198073994567
165 c 147 0.14225727749613626
165 e 114 0.29525103392157914
165 i 163 0.014365920090547823
165 s 156 0.1365355049228405
165 t 53 0.06587213863215369
165 u 57 0.024443460771060965
165 v 7 0.10712673580038679
166 b 46 0.04521864901591621
166 d 27 0.01806089015199286
166 f 168 0.035005432362622435
166 g 7 0.03750830165938568
166 h 91 0.0887927152100434
166 i 117 0.014261869845557773
166 j 90 0.03091193980093554
166 k 146 0.013197905734365745
166 m 69 0.06436017885869794
166 n 76 0.07161902083888205
166 o 22 0.07418116168554145
166 p 62 0.006927693598501983
166 q 75 0.08775409556599134
166 r 186 0.0006031310486818153
166 s 64 0.12165756066699462
166 t 42 0.032952385948882834
166 u 80 0.06615490306979321
166 v 95 0.005809130805518148
166 w 110 0.10086589935482049
166 y 41 0.034633380437353534
166 z 187 0.014748883961326231
167 a 160 0.03143469965982415
167 d 166 0.03726559755421477
167 f 59 0.06600517031730524
167 l 13 0.027880779334995665
167 q 131 0.09726622382981476
167 s 24 0.136800399913116
167 t 135 0.09676558736331131
167 u 21 0.0074492353773967235
167 v 110 0.0645811586385453
167 w 46 0.08137804670453586
167 x 105 0.1269112695111807
167 y 122 0.14974755154093178
167 z 81 0.06669655953423015
168 a 71 0.012424857594425465
168 b 90 0.042210051783672875
168 c 97 0.01474792700019456
168 d 33 0.014993651628181892
168 e 18 0.04807181954537765
168 f 121 0.018648701892380104
168 g 76 0.03325699331710075
168 i 80 0.030455879321912627
168 j 77 0.010871832980335006
168 k 171 0.10162630473696166
168 l 73 0.06619593786009725
168 m 57 0.013105755084912518
168 o 121 0.19855420061831686
168 p 31 0.0351087975824933
168 q 23 0.0497440989913831
168 r 93 0.00790931025956021
168 s 62 0.024291762900108593
168 t 164 0.09041436185908724
168 u 104 0.0265008023774983
168 v 82 0.03554720174723358
168 w 118 0.03592425208599437
168 x 27 0.015979767334894368
168 y 117 0.007989801964872756
168 z 111 0.014211573223241958
169 b 38 0.0652916359642014
169 c 53 0.06969245450628114
169 e 121 0.05126056544147961
169 f 186 0.08255045545839945
169 h 41 0.062196020701364874
169 i 30 0.024399710513718587
169 j 138 0.01705339249940252
169 k 190 0.18830757761208472
169 n 22 0.09365223051039184
169 o 76 0.010017357251506098
169 s 109 0.005583811601148292
169 t 22 0.0006371985653280676
169 v 43 0.0973918465077721
169 w 44 0.1719146155535788
169 y 86 0.004574541297219792
169 z 87 0.0144441346169486
170 d 47 0.06486635058861467
170 g 51 0.07152647318603444
170 h 178 0.04560880475941187
170 m 124 0.039285304476479266
170 o 173 0.004714013669260497
170 p 176 0.45327430908168964
170 q 48 0.06584352677516969
170 r 8 0.09353049306404937
170 w 127 0.03474991121463089
170 y 88 0.011470089566966268
170 z 39 0.04709927798046165
171 b 121 0.04872192399935682
171 c 14 0.005610498034869349
171 g 157 0.025007575342419708
171 i 147 0.006332252935393301
171 j 125 0.03068945186029237
171 l 45 0.21957927096966912
171 m 150 0.010958371331626138
171 n 50 0.05013258334442916
171 p 79 0.13018674897969007
171 r 1 0.06400681538552278
171 s 141 0.05257668835539919
171 u 157 0.0389456035698581
171 v 132 0.12941815591478745
171 w 158 0.010112575955698921
171 y 42 0.04343328176344219
171 z 155 0.13109506358191436
172 g 81 0.18379694730454987
172 i 158 0.01524157614007815
172 m 96 0.07089315088940229
172 p 8 0.6103388235012032
172 y 137 0.01754610808574042
173 c 36 0.10126076311757537
173 j 159 0.1501981070402021
173 l 165 0.340998202883511
173 m 64 0.0019559633784075325
173 n 164 0.1772534556514963
173 o 38 0.0012801756432412326
173 r 63 0.055459953179564425
173 t 171 0.11151237467995656
174 c 135 0.05721417500371273
174 f 165 0.022612384931578022
174 k 161 0.011624068139310051
174 l 115 0.014178420997316143
174 m 71 0.3339061068825466
174 n 57 0.14294767821956444
174 o 89 0.028225978097259907
174 s 5 0.024179925583699746
174 y 168 0.08094218196100778
174 z 7 0.2570441215349558
175 c 120 0.007344814274274358
175 d 32 0.027296201133274245
175 e 15 0.21025677823791078
175 g 147 0.22366983303386223
175 i 13 0.0662137918702832
175 k 126 0.0569660232919319
175 m 49 0.010975693264486996
175 o 190 0.1770903656576116
175 t 29 0.08983578913530388
175 u 127 0.05121183581619537
175 v 52 0.030982206566615433
175 w 91 0.037739378031924065
177 a 76 0.04047154058848501
177 b 74 0.00906142422143974
177 c 49 0.08951476641696632
177 d 91 0.00241636130747247
177 e 175 0.049543185293251524
177 f 162 0.009525239287355158
177 g 152 0.003777127848782591
177 h 106 0.00390830521330543
177 i 46 0.03379749709805324
177 j 10 0.09726128722745953
177 k 188 0.05210527549677879
177 l 141 0.0006538066213311877
177 m 138 0.06237518454166191
177 n 150 0.06308943542136469
177 o 84 0.006400654366255476
177 p 85 0.05721641028242597
177 q 93 0.04656157584387843
177 r 143 0.016669474449430233
177 s 110 0.15686217784702883
177 t 169 0.09274957192310695
177 u 81 0.015318285129531595
177 v 79 0.01734014320176369
177 w 33 0.023084669586403095
177 x 98 0.011450559276668382
177 z 94 0.0124125994706481
178 e 160 0.027370014182248492
178 g 16 0.12325749001367514
178 h 137 0.3807084762448728
178 j 180 0.2144845550735287
178 k 105 0.061554710780856614
178 r 146 0.010282180534730845
179 a 187 0.007041411774991846
179 f 149 0.03625981735929262
179 g 124 0.012509607458333627
179 h 89 0.11266225877417202
179 j 62 0.014603895767155262
179 n 40 0.2219356789025555
179 o 183 0.12347462205284487
179 q 22 0.08517775937919037
179 r 48 0.13189951185868498
179 t 181 0.03875562247638342
179 w 178 0.1695582742362315
180 c 77 0.45021184826684735
180 d 72 0.007994885821950404
180 i 71 0.026075153972346832
180 j 149 0.03458929092774399
180 k 105 0.08917392749324415
180 o 132 0.06812745962462075
180 p 179 0.09956543668354001
180 q 11 0.07939242358969678
180 u 94 0.03464278310288882
181 e 164 0.1551871806071009
182 a 149 0.026101486405188834
182 b 16 0.004431171179284932
182 d 86 0.047437375522314085
182 e 79 0.029085119409800186
182 f 117 0.0024196960855850103
182 g 2 0.09471531425212121
182 h 65 0.03306675312658747
182 i 166 0.0051649563398245
182 j 167 0.11863850371841655
182 k 165 0.05468933722554181
182 l 57 0.022139253434174666
182 m 71 0.03395445385937934
182 n 123 0.07075613605007192
182 o 50 0.008461026592234355
182 q 115 0.01005593479658451
182 r 161 0.03267444007509479
182 s 142 0.12433202369040974
182 t 31 0.09113253350905559
182 u 76 0.02207358619479094
182 v 178 0.019306261913020095
182 w 108 0.007114942927781587
182 x 117 0.04525924152257954
182 y 95 0.08152874007441491
183 i 164 0.020686753951062897
183 k 49 0.12495333189426738
183 t 127 0.015994503584411124
183 u 61 0.09805664938340819
183 v 133 0.5838058032249295
183 w 5 0.050617654287963276
184 e 151 0.06988067146334187
184 f 55 0.0011117749195179716
184 g 112 0.1804616624144031
184 i 155 0.0493283270264786
184 j 85 0.21056596728812504
184 k 73 0.038367060632647276
184 l 163 0.027105812079138092
184 r 62 0.058022911495981266
184 t 153 0.07081164044523247
184 u 146 0.009174655899924389
184 w 157 0.00046364402526932746
184 x 129 0.00816936458228168
184 y 107 0.08015170654736459
184 z 19 0.1384874919555975
186 c 54 0.08431876380333725
186 e 60 0.2896702978516861
186 h 152 0.12033719985157021
186 p 73 0.0006611422852345061
186 q 16 0.13639290098577195
187 i 30 0.7659857749871126
187 x 142 0.14896177304712044
188 e 13 0.22309783239963132
188 f 28 0.06979363878752065
188 g 40 0.014780942452404577
188 i 127 0.008660902484607824
188 j 117 0.0016333307347122794
188 l 181 0.07993937479296165
188 m 66 0.06400460473999037
188 o 50 0.12367400340933976
188 p 30 0.012499060461799272
188 q 172 0.02524334118345628
188 r 191 0.04126896731416496
188 s 82 0.04370773788422544
188 t 0 0.11811087155706901
188 u 41 0.0926338431503877
188 w 54 0.05222407533949813
189 a 108 0.056528574616138916
189 b 177 0.09767164430181385
189 c 87 0.10609907637912175
189 d 145 0.00024091707768003623
189 e 108 0.03730175018253079
189 f 117 0.020661303811703502
189 h 27 0.05160893336715955
189 i 26 0.006453479985474853
189 j 72 0.011408484949570696
189 k 170 0.032723363890206913
189 l 117 0.02681140573537022
189 m 148 0.06870655242392876
189 n 177 0.05415501275454504
189 o 28 0.009607023797617353
189 p 73 0.022122738689529964
189 q 70 0.054186229570828526
189 r 169 0.07845426460538352
189 s 183 0.006414769694602751
189 t 59 0.10444728858207841
189 u 18 0.029124381715154413
189 v 68 0.0038749941304081492
189 w 58 0.09393232856880374
189 y 51 0.006353982729440766
190 c 180 0.08834972557626863
190 g 82 0.11755578755120899
190 h 106 0.04781494643553763
190 i 6 0.32529866873109514
190 k 160 0.16833932275794627
190 m 142 0.029386342884397898
190 p 173 0.10787561927583045
190 r 31 0.04214718689348407
190 w 57 0.005202380021372743
190 z 127 0.015536019771065446
191 b 82 0.24725947187140063
191 f 155 0.1964472286676303
191 h 28 0.007612855558574827
191 k 102 0.01788079710762014
191 o 61 0.0395173749423926
191 r 170 0.009061173305702441
191 s 40 0.14883487509484228
191 u 166 0.053596760961372336
