181 26 2344
0 0.25161931481805866
0 0.04790393883136235
0 0.05325019165767997
0 0.009783466246107264
0 0.010445075650936997
0 0.0901827489754119
0 0.14656616258622168
0 0.09387063686946351
0 0.041103136539021645
0 0.018492769989071234
0 0.0024627560352159517
0 0.06749748634764907
0 0.4169060104325706
0 0.20265376819261272
0 0.045513960744766435
0 0.05293077394619061
0 0.014454081253235107
0 0.6658378811837086
0 0.06515941229179234
0 0.13518636180663524
0 0.0417325006911381
0 0.004573694562222119
0 0.34678713325102783
0 0.04990269874132669
0 0.026156185668746113
0 0.5472361918016249
0 0.1163279940462355
0 0.02402632316007025
0 0.01472531088810658
0 0.0076989854172382355
0 0.056119582829632475
0 0.024950554355024357
0 0.15917474750121818
0 0.012743407698197151
0 0.09325890041459017
0 0.0441310920486232
0 0.03238498141256296
0 0.03209582892350249
0 0.08066484592848022
0 0.14629882528139038
0 0.09854813051510014
0 1.0
0 0.07475015379396588
0 0.003507342621874132
1 0.19657492039912128
0 0.03525002243482078
0 0.0393782803071675
0 0.037384701903721895
0 0.7276559992396029
0 0.0008909212322343318
0 0.1507084901503889
0 0.010935566253136186
0 0.09444022505952054
0 0.17592959296142985
0 0.020259730615536986
0 0.41107095102695257
0 0.02952492952748642
0 0.005601406848320334
0 0.2598218508768154
0 0.023722165577708898
0 0.14691229688708296
0 0.042069853928358936
0 1.0
0 9.525216322603391e-05
0 0.03931470269208992
0 0.049138436922261386
0 0.15350092168041995
0 1.0
0 0.8615716091160714
0 0.10649672694255063
0 0.05920729455747542
0 0.04060210224641436
0 0.08480741148786353
0 0.015286011278421996
0 0.12631040008906158
0 0.024745513277696807
0 0.12862834776155752
0 0.05233522698753401
0 1.0
0 0.013792607903990062
0 0.01765931741934179
0 1.0
0 0.10795994521424557
0 0.029488997314605636
0 0.00626977793173944
0 0.05130811124763124
0 1.0
0 0.1202388012734944
0 0.05530525287101995
0 0.017168953688541433
0 0.034439650294306956
0 0.0177806972047172
0 1.0
0 0.030672228112990974
0 0.004667727714551817
0 0.058535242592817616
0 0.38636720439243954
0 0.03130988506259047
0 0.00029525638529326326
0 0.008456353663388705
0 0.03956235919616291
0 0.07902451405995103
0 0.03497264113474796
0 0.24728924198918767
0 0.10071505075599041
0 0.016493685141493408
0 0.06788461857034855
0 0.0005555400799276411
0 0.2614104839221748
0 0.10876261170186763
0 0.02559953017131711
0 0.045294539805746825
0 0.08327174488375944
0 0.0024584452594702544
0 0.03685382623016742
0 1.0
0 0.027750664123212365
0 0.00524092699467138
0 0.02827719556342001
0 0.007998719989085745
0 0.09779259082747327
0 0.08265180419301377
0 0.04743001853622275
0 0.06859647774828759
0 0.029810194036721915
0 0.03621193851599325
0 0.029659482761295264
0 0.055216699459233354
0 0.01663493190257337
0 0.05169468634484575
0 0.08758840181428407
0 0.12009071766863522
0 0.19635771938288105
0 0.059268284223580214
0 0.024120505079196386
0 0.5373132587051178
0 0.07723406570731883
0 0.15674216273027575
0 0.08611739316867806
0 0.018035336034690874
0 1.0
0 0.12507622619563563
0 0.0006329854731836893
0 0.11697584389372107
0 0.17077352917926647
0 0.005252272415733672
0 0.026225097477182047
0 0.0791067575883252
0 0.1327316218483402
0 0.030269255463792444
0 0.06245599714336458
0 0.12334966098625955
0 0.040438428034553775
0 0.014550614292573982
0 0.08241554933364359
0 0.19522797471339925
0 0.05823173752392241
0 0.023550325934345806
0 0.01784808681443739
0 0.024518253045459848
0 0.3129485068087151
0 0.2983320926042228
0 0.013999133240803596
0 0.0048555533781886595
0 0.24010142748575503
0 0.07481036243817785
0 0.023680693497631577
0 0.04556636930219493
0 0.02832740278377255
0 0.002010265757082408
0 0.031318482502949996
0 0.045253920927871616
0 0.2735348202085044
0 0.48435184459390934
0 0.10118721292644373
0 0.05273943039725704
0 0.013157866969929377
0 0.03423856675046655
0 1.0
0 0.005347432884763914
0 0.9913722212367695
0 f 79 0.289595843500165
0 i 176 0.11918733197968889
0 k 116 0.01532550497605678
0 u 27 0.17783056670859942
0 x 135 0.03807648434532318
0 z 51 0.10836495367210808
1 b 153 0.04003132428974454
1 d 129 0.04020760183741545
1 e 166 0.05103634562077519
1 f 117 0.025345380147285046
1 g 89 0.05211419853756816
1 h 178 0.04015846435967474
1 j 171 0.10170435653647714
1 k 120 0.05325343721664111
1 m 140 0.016874285191535665
1 p 178 0.17144194126793366
1 r 51 0.1560613267697366
1 t 169 0.022251899652115936
1 u 114 0.05191639051498864
1 v 51 0.034354499838271324
1 w 118 0.033933479662750954
1 x 31 0.005619279104537522
1 y 85 0.05579185062118597
2 b 108 0.10919873962362414
2 c 14 0.23399388421059164
2 e 66 0.1594456214575587
2 f 168 0.009888443275742897
2 g 12 0.07660920634698709
2 n 30 0.29366321299942466
2 r 60 0.06380318481702763
2 w 74 0.00014751561136328029
3 a 123 0.05669381069122004
3 c 48 0.015020813665283406
3 d 65 0.0963236172483144
3 e 143 0.10517601808542021
3 f 60 0.02274119195758806
3 h 69 0.04607022118265269
3 i 154 0.1194665943844676
3 j 118 0.005372519746958071
3 n 91 0.019427939083517032
3 s 50 0.0062417121791995545
3 t 22 0.05041759901553777
3 u 17 0.015297572907447154
3 v 14 0.21703641865427148
3 x 141 0.19179122084064126
3 y 156 0.023139284111374003
4 a 27 0.07272787039587936
4 b 86 0.003803187472166236
4 c 4 0.009988251902525724
4 d 54 0.15804143337221221
4 e 160 0.004482450045242836
4 g 105 0.017144940152376775
4 h 64 0.030109178665904346
4 i 59 0.035571867544068825
4 j 174 0.07938900301736729
4 k 132 0.03377379251278012
4 l 76 0.022959670441166757
4 m 137 0.0006074514081630955
4 n 146 0.010582823505150385
4 o 176 0.002244970478678998
4 p 77 0.04297119917845582
4 q 132 0.028760711662045746
4 r 167 0.011736304060083858
4 s 48 0.009138441656250551
4 t 98 0.022307998238973004
4 u 66 0.03434783662500995
4 v 173 0.03756921310266592
4 w 164 0.0068164277189828315
4 x 119 0.02041752414398912
4 y 71 0.17453391443910837
4 z 86 0.11952846260981487
5 c 119 0.19989059930478426
5 g 105 0.27619112728412465
5 j 63 0.10409656785732879
5 l 174 0.08741443798970139
5 o 167 0.24222451858864902
6 a 66 0.05585458897080098
6 b 96 0.034242481010760994
6 c 131 0.006170125129755899
6 d 177 0.017114133031546963
6 e 169 0.006829595778371611
6 f 167 0.006403622693059163
6 h 106 0.013095662828605303
6 i 80 0.045951456174184724
6 j 168 0.08041661018942847
6 k 8 0.0032470958989672116
6 l 76 0.013651630423810679
6 m 59 0.07050045817768369
6 n 108 0.013608891451432736
6 o 0 0.0869219614168335
6 p 23 0.03373423229415118
6 q 83 0.0011149607678808682
6 r 120 0.06336425838703819
6 t 96 0.018605182738378523
6 u 105 0.0695366459007909
6 w 20 0.10798697058363182
6 x 157 0.007293212368290725
6 y 107 0.07619000801803666
6 z 176 0.02160005318033753
7 a 64 0.10197314826400816
7 c 143 0.12487509412007303
7 k 11 0.14981437284393773
7 m 32 0.09834382145728571
7 q 170 0.3553630693849572
7 r 111 0.07575985706027466
8 c 79 0.04867490830219667
8 h 158 0.21428142472115508
8 m 53 0.2242972908154216
8 r 36 0.471643239622205
9 b 101 0.15132554526486508
9 e 137 0.026401290363178842
9 f 78 0.03444528082303988
9 h 7 0.01396159831528232
9 i 92 0.03483758403526849
9 j 148 0.049825797931501103
9 k 36 0.1345455794031024
9 m 51 0.04812313233738463
9 n 52 0.049073504590411376
9 p 161 0.1864657173899984
9 r 71 0.04737897575777106
9 s 33 0.0016557878621153987
9 t 33 0.011059227608040345
9 u 85 0.10504391160158022
9 z 8 0.08736429672738921
10 c 43 0.1652380553051248
10 g 27 0.022353090790223407
10 i 29 0.07620303219519486
10 k 6 0.053255905326409225
10 o 79 0.03325562946149174
10 q 49 0.4184790762928621
10 r 31 0.06856557599569968
10 u 178 0.00580500663783845
10 v 51 0.07181842503037428
10 w 90 0.08256344692956552
11 a 73 0.03137208273596337
11 b 180 0.02965400170568555
11 c 119 0.06576502446131838
11 e 30 0.27281087744582244
11 f 150 0.01711148267980045
11 j 4 0.04522520416590614
11 k 38 0.10865736498320067
11 n 32 0.0704989529626584
11 p 90 0.02382250631238292
11 u 74 0.028814570884585833
11 x 120 0.1746065802177943
11 y 147 0.06416386509723249
12 u 117 0.5830939895674294
13 g 110 0.17005448987081495
13 l 138 0.09640785074567293
13 n 165 0.06981703107188741
13 o 133 0.015070883722209882
13 p 77 0.05445221718324633
13 q 10 0.10763700503771145
13 r 163 0.2839067541758443
14 a 149 0.08250288941974204
14 c 150 0.13218936728354103
14 d 126 0.03895778424929697
14 g 41 0.11157560037468495
14 h 135 0.024589658693589644
14 i 93 0.02874791630581508
14 l 17 0.0737296997492024
14 o 97 0.1905513323334641
14 p 28 0.1488048867035261
14 z 17 0.12283690414237125
15 b 85 0.019372223895065432
15 c 72 0.11972392624282169
15 m 73 0.33472985214842443
15 r 127 0.40670469249729213
15 w 115 0.0665385312702057
16 b 164 0.003806515945412592
16 c 0 0.05438288173673811
16 e 0 0.017748271765499424
16 i 116 0.049646978394801144
16 j 77 0.02835408184846533
16 l 149 0.3182030288727895
16 m 27 0.11079651377793776
16 n 169 0.052664578697502296
16 o 98 0.05114551236307119
16 y 46 0.06988228305245636
16 z 110 0.2289152722920912
17 c 160 0.33416211881629143
18 b 42 0.11364635726570049
18 c 106 0.12086112308230057
18 d 20 0.02285997446133714
18 e 107 0.02427166685193849
18 g 57 0.10092911193095477
18 k 32 0.07617339296164838
18 l 122 0.03237389407317404
18 o 24 0.005843942024432058
18 p 146 0.05892294247768537
18 q 98 0.055158494538762426
18 r 79 0.20009648792527623
18 s 170 0.006483626437818302
18 w 180 0.009414129956089035
18 x 163 0.08126510281048849
18 y 6 0.02170497726251186
18 z 146 0.0048353636480900075
19 a 146 0.017500276698554473
19 c 115 0.17200527149255052
19 f 21 0.030845781943221517
19 g 173 0.0045434047660452
19 h 70 0.10526120381166537
19 i 157 0.018509289539326068
19 j 158 0.054991995199594634
19 s 122 0.007079314897080469
19 t 118 0.05570236693060204
19 u 155 0.04509819386665559
19 w 168 0.11529006617153037
19 x 88 0.11758783391136829
19 y 172 0.03432410279915166
19 z 85 0.08607453616601857
20 a 38 0.0675281835674415
20 b 161 0.004003442558986103
20 c 55 0.04613648595927222
20 d 117 0.01982805886482719
20 e 104 0.03360237221962392
20 f 77 0.007357286654390172
20 g 17 0.014046524007480188
20 h 170 0.006937267489088295
20 i 36 0.0006295838834533551
20 j 54 0.054511287625648386
20 k 25 0.054336837809241145
20 l 169 0.061342641544069876
20 m 65 0.11721574802455648
20 n 178 0.01937827594056496
20 o 19 0.00462483434877059
20 p 139 0.07418716677638537
20 q 5 0.022086378258763917
20 r 176 0.013643273985921134
20 s 118 0.012807272131324487
20 t 76 0.007728983403525902
20 u 76 0.01890292004832872
20 v 53 0.004007429526585726
20 w 180 0.06280601479525338
20 x 101 0.0511289503636001
20 y 69 0.04905791028496431
20 z 46 0.13043236923679447
21 a 97 0.1262627323773894
21 b 40 0.0007153572285503174
21 c 70 0.1116636013065383
21 e 67 0.03132420791432666
21 f 73 0.04610241824760275
21 g 88 0.028099780563304533
21 h 3 0.035290239122480194
21 i 143 0.051616278315655184
21 j 141 0.0176735197788358
21 k 49 0.032775072694185226
21 l 174 0.00931052944380839
21 m 120 0.036442825302912984
21 n 74 0.00040224114860887283
21 o 16 0.0021371962369139963
21 p 124 0.0002998621614909158
21 q 129 0.04805921102871802
21 r 76 0.003958325547167241
21 s 165 0.006169811752797738
21 t 26 0.15427924357104594
21 u 70 0.0684136890877739
21 v 62 0.07698429307364973
21 w 180 0.08295093236240725
21 x 147 0.005535279088147549
21 y 134 0.0062430597203467775
21 z 141 0.012716598363120224
22 c 110 0.0007728527585433298
22 d 61 0.37634365695649596
22 j 64 0.03954031548745074
22 n 13 0.13992462605908307
22 o 72 0.09663141548739906
23 b 19 0.03220452064708901
23 c 16 0.14844215537533745
23 e 122 0.1801607510169202
23 f 170 0.0736112818874396
23 j 119 0.005397805021548074
23 k 37 0.09223616693963943
23 l 155 0.137184898741877
23 n 76 0.0005312907407913903
23 s 174 0.06763889291768832
23 w 6 0.1263571094326712
23 x 38 0.04927624045569079
23 z 169 0.037056188081980856
24 b 87 0.051558526214360634
24 c 174 0.044644719875099215
24 f 36 0.10725132244825919
24 g 57 0.0403095727764079
24 h 7 0.0708858538983469
24 i 43 0.029142407873665954
24 j 5 0.022159341058219706
24 k 93 0.0024569439620506506
24 l 77 0.014621576015607984
24 m 112 0.054884595399803726
24 n 103 0.07810920767415808
24 o 28 0.08717701116976806
24 p 7 0.01228132791372083
24 q 76 0.09741035430039546
24 r 42 0.012602243643219158
24 s 136 0.11329579051457528
24 t 58 0.029839000071806066
24 u 39 0.018512691654160807
24 v 98 0.05167992425541601
24 w 32 0.004652100204766807
24 x 138 0.005498005124172978
24 y 150 0.02332181774729092
24 z 160 0.0015494805359815844
25 b 131 0.11261216752221759
25 k 56 0.07043652066471495
25 w 45 0.2697151200114426
26 a 11 0.012580241924867064
26 b 131 0.02163038720981758
26 c 58 0.01496819363049684
26 e 58 0.1235368744752986
26 i 139 0.037520542414885116
26 j 146 0.09509428615252036
26 k 167 0.013346017915902952
26 l 99 0.02585123720535709
26 m 128 0.14648650983695388
26 n 161 0.0050803439062493405
26 o 67 0.003376759798191742
26 p 74 0.023902471125103908
26 q 19 0.0353262871261657
26 r 41 0.007924462457363557
26 v 72 0.0587762776171632
26 w 97 0.006312210467643742
26 y 142 0.1461012896185263
26 z 25 0.10585761307125752
27 a 7 0.031774373663224775
27 b 125 0.2349407141682065
27 c 0 0.025190347720378203
27 d 116 0.023300473400087562
27 e 0 0.019889364476071814
27 f 137 0.06858193258816225
27 g 0 0.03294449328165838
27 h 28 0.045330958423089984
27 i 171 0.020545424759153774
27 j 7 0.03949931046091015
27 k 6 0.04848104329733427
27 l 15 0.024334168195009886
27 m 130 0.06397685792576258
27 n 150 0.03693596133913457
27 o 4 0.01026441998926042
27 p 43 0.04757140196305509
27 q 139 0.021099615953571127
27 r 134 0.03383886774738887
27 s 137 0.0061543567351501904
27 t 170 0.0010054424209910984
27 u 48 0.022618736756099822
27 v 49 0.035728333799246115
27 w 111 0.0004388788899412077
27 x 143 0.02669810741317391
27 y 73 0.03891323722108864
27 z 90 0.015916854252778556
28 a 179 0.013034886319344352
28 b 52 0.04483127695764466
28 e 17 0.026754061360957704
28 f 105 0.04614479121321691
28 g 136 0.09164417551637827
28 h 141 0.00970897814608207
28 i 7 0.0008474411889684008
28 j 154 0.016553721990096748
28 k 97 0.03611542617037977
28 l 24 0.016972467184571682
28 m 127 0.13229483151094779
28 n 24 0.006471969125905086
28 o 4 0.048112208309497584
28 p 115 0.03347924325013507
28 q 78 0.005098733372836506
28 r 75 0.00018287647034431753
28 s 4 0.019200327738698397
28 t 117 0.050480216878681095
28 u 14 0.13255641604641089
28 v 19 0.032003857220606946
28 w 81 0.07234525217102461
28 x 66 0.001375574829939108
28 y 1 0.11134463367105185
28 z 98 0.03772132246817361
29 a 48 0.0038020865887166133
29 b 119 0.011075326807961194
29 c 111 0.04428819082815094
29 d 124 0.018005373205073005
29 e 83 0.025616738091786884
29 f 100 0.10987197512811386
29 h 125 0.045588682952344195
29 i 151 0.02112210884405641
29 j 164 0.05335827793572445
29 k 104 0.07182356296671755
29 l 117 0.031934286405666756
29 m 57 0.06897644052455587
29 n 131 0.061684403161594736
29 o 62 0.06403919118453816
29 p 59 0.0013703378881173567
29 q 3 0.032661652771582284
29 r 143 0.020146788855560094
29 s 54 0.02802606788449913
29 t 16 0.019707527605610675
29 u 77 0.04080995227925954
29 w 64 0.0010175138211790946
29 x 64 0.20981799216304964
29 z 141 0.007556536688903326
30 a 176 0.051805370859623
30 b 46 0.01535289505160986
30 c 166 0.07669328378236262
30 d 103 0.02215677514739578
30 e 18 0.017310619622913137
30 f 66 0.037389598605976904
30 g 74 0.007482632293460356
30 h 13 0.0395467041871268
30 i 172 0.07735837703228088
30 k 119 0.018491836687027474
30 l 98 0.02663176289024949
30 m 157 0.029885537543188012
30 n 50 0.050149902963783854
30 o 34 0.03508481491708304
30 p 114 0.009431040866912044
30 q 126 0.030044867396035846
30 r 27 0.02827368371057859
30 s 171 0.01898844172282277
30 u 86 0.08516970956341685
30 v 137 0.05636446545420459
30 w 67 0.06783187842612226
30 x 133 0.062193749136511434
30 y 81 0.014426445074287475
30 z 53 0.06581602423539445
31 d 44 0.07009216361229975
31 l 88 0.02918079138186669
31 r 41 0.6172630506129213
31 s 71 0.2585134400378879
32 p 87 0.4730764535394222
32 u 150 0.36774879895935964
33 a 107 0.08042802748508548
33 b 42 0.008749251368887045
33 c 28 0.007202858489298469
33 d 160 0.07531466354935834
33 e 56 0.021776756345954995
33 f 54 0.05738009261474353
33 g 29 0.00818910952849583
33 h 109 0.01352002387966722
33 i 148 0.12478867094095047
33 j 141 0.08497564577456052
33 k 106 0.07734228382293062
33 l 75 0.09507935227500652
33 m 133 0.03217894107401442
33 n 137 0.013740006043476471
33 o 105 0.038117440451500784
33 p 76 0.012049883395012673
33 q 121 0.0725006823456601
33 r 158 0.010610984664820244
33 u 117 0.012376994397054197
33 v 63 0.00801662053780916
33 w 22 0.024170780452612117
33 x 137 0.014832209500612481
33 y 180 0.03708262201016188
33 z 25 0.05683269135412927
34 b 116 0.028002007823647146
34 e 149 0.10674105367852083
34 i 1 0.17050742732311142
34 j 162 0.023700581724609537
34 k 17 0.17370411712532985
34 m 64 0.036070743981456155
34 o 153 0.02419441764923569
34 q 63 0.0527163153567517
34 r 30 0.07697373783622319
34 s 9 0.10026016588722897
34 x 76 0.04689546213617701
34 y 130 0.06697506906311834
35 a 138 0.036163289701866
35 b 94 0.06978650454079849
35 c 135 0.006656014024548407
35 d 39 0.17026171307314097
35 g 38 0.017205908528650227
35 i 50 0.0037266540137758097
35 j 37 0.055459254495622945
35 l 47 0.0873774239061319
35 m 174 0.003083151211401458
35 n 56 0.015971505190847113
35 p 157 0.007627612124756711
35 r 105 0.009707249786716332
35 u 67 0.06601548980870109
35 v 112 0.14242063780099368
35 w 100 0.04897657898494312
35 x 27 0.007543159073100214
35 y 30 0.08191896491369
35 z 110 0.12596779677169234
36 a 71 0.008875523425097454
36 b 82 0.03483085728328594
36 c 174 0.008893495378204053
36 d 39 0.028522839302572156
36 e 169 0.032798504824757546
36 f 97 0.02359574980750323
36 g 139 0.037952786960867124
36 h 134 0.014467392072900043
36 i 155 0.013489374004747923
36 j 68 0.011442506254125684
36 k 89 0.10062328352808791
36 l 108 0.061157641433560395
36 m 73 0.04583825524366569
36 n 4 0.02873764332612716
36 o 33 0.01813751822318499
36 p 132 0.0841814915458825
36 q 99 0.02350158262541535
36 r 138 0.006221010683996608
36 s 164 0.020216820528040746
36 t 26 0.0874585418476902
36 u 59 0.05112636615868449
36 v 175 0.08758470317996225
36 w 80 0.036199663917152014
36 x 77 0.06321832625700974
36 y 19 0.006958783147288594
36 z 16 0.031584357627627235
37 a 60 0.08309225717208157
37 b 6 0.0935239666175347
37 c 99 0.02274465830909722
37 e 15 0.04158451066786206
37 f 137 0.10044937842196022
37 h 107 0.020328860991284392
37 k 28 0.06269992647990219
37 l 73 0.012897713299253155
37 m 42 0.0006081913097585323
37 o 156 0.07614860778141774
37 q 40 0.07589491768102541
37 r 19 0.03925160810382056
37 s 94 0.029470984640722397
37 t 98 0.18547218597919435
37 u 60 0.056905151856100455
37 w 98 0.02219372159520583
37 y 37 0.042297781070483764
37 z 168 0.0023397490997929538
38 a 159 0.0733476829720553
38 b 96 0.04342428237947993
38 c 33 0.06025820549475891
38 d 147 0.01811655570011017
38 e 0 0.013774614549581066
38 l 117 0.054776821073459825
38 m 102 0.27889120500829656
38 p 179 0.02691888381621277
38 s 146 0.013662454687245473
38 v 61 0.0590091535445495
38 x 58 0.2771552948457703
39 a 12 0.1461414379161926
39 b 171 0.0022679682190932526
39 c 39 0.054375882585835145
39 d 140 0.002658762401568926
39 e 157 0.09333501541937006
39 f 77 0.006202804086911096
39 g 107 0.004419623411925144
39 h 136 0.007113964229910175
39 i 9 0.03535992252264453
39 l 22 0.014424047422441855
39 m 115 0.004433081661719296
39 n 104 0.03180282195418649
39 o 169 0.014356958595721836
39 p 178 0.04295152331905827
39 q 52 0.06378595900553807
39 r 17 0.020566945474745357
39 s 70 0.011990986223326505
39 u 24 0.04820671726180059
39 v 22 0.08884597540630379
39 w 127 0.07144963532630044
39 y 178 0.08901114227401619
40 a 167 0.06531832395509296
40 d 84 0.3849903480752438
40 e 163 0.12074159942363816
40 f 32 0.06409717098109946
40 i 156 0.009829978916108373
40 j 47 0.03366927412555221
40 m 56 0.04638375858876953
40 n 90 0.028960980122227253
40 u 53 0.14746043529716812
42 c 6 0.028262981845734503
42 g 140 0.27061066630647235
42 l 104 0.24122158719077513
42 o 5 0.016026913873855797
42 p 19 0.17016605423658382
42 x 87 0.19896164275261252
43 c 58 0.04557938638796344
43 e 68 0.026561503420440502
43 f 41 0.019439389571248578
43 g 102 0.05072599144482082
43 h 134 0.001652894675504668
43 k 112 0.03817481596176042
43 m 132 0.006575708296408744
43 p 169 0.1327870368987002
43 r 11 0.09308803440002866
43 s 90 0.07267747034999661
43 t 152 0.1504751580885928
43 u 23 0.05050790401739658
43 w 170 0.05716348470981225
43 x 19 0.06592216500692161
43 y 137 0.0687721131925052
43 z 69 0.1163896009560248
44 a 59 0.00979401573144456
44 c 156 0.0252563256124273
44 e 83 0.02579644127091274
44 f 20 0.032073022896723646
44 g 52 0.04512158897164065
44 h 142 0.04531287940032014
44 i 171 0.04574640331089541
44 j 12 0.03786753685686761
44 k 174 0.03808113463321583
44 l 7 0.07756734250347952
44 m 43 0.045221357000243656
44 n 24 0.03497455067922206
44 o 149 0.014355019524512236
44 p 151 0.018767508903805852
44 r 157 0.04323398680382884
44 s 87 0.0066958674581855115
44 t 0 0.003918682785114758
44 u 7 0.08896013943497727
44 v 131 0.008463861605788714
44 w 167 0.04308297439865383
44 x 178 0.04436678132287819
44 y 161 0.031049323298552034
44 z 53 0.03771833519718837
45 b 69 0.24761994624453598
45 c 107 0.12671052296519103
45 g 160 0.10636417825943256
45 i 72 0.03524343872153324
45 l 174 0.055563203015878804
45 r 148 0.03092650657138918
45 s 83 0.08075556792587646
45 t 121 0.07460561320217352
45 y 90 0.20696100065916845
46 a 54 0.00845600538434943
46 c 148 0.07646938234599654
46 d 176 0.01882753686396299
46 e 106 9.571758452509016e-07
46 f 60 0.0024036042912413125
46 g 87 0.00023233795593124995
46 h 54 0.05282119693454368
46 i 177 0.09958873206189789
46 j 16 0.10584272568571107
46 k 110 0.06457435653609023
46 m 125 0.03728381217745558
46 n 50 0.0151745379661683
46 o 162 0.008587186660513835
46 p 96 0.010705903605864764
46 q 111 0.14374300215865343
46 r 57 0.014512156287336042
46 s 113 0.0006740438480574706
46 u 36 0.007378603731775679
46 v 26 0.011013200001234513
46 w 56 0.20053547945589834
46 x 30 0.0045310830690836745
46 y 166 0.016961092437150604
46 z 125 0.06030478305807063
47 e 123 0.14837051504817766
47 f 120 0.04195031820648565
47 j 87 0.059186623420910855
47 n 109 0.0006987789917521914
47 p 112 0.09068502949492852
47 q 6 0.5029651736744994
47 x 115 0.11875885925952379
48 u 96 0.1000648421188064
48 x 55 0.1722791586415907
49 a 108 0.0706617730852418
49 b 79 0.0002454160553183593
49 c 160 0.023069731721564235
49 d 84 0.031217498590723647
49 f 140 0.005709917573354262
49 g 15 0.02771734713071894
49 h 58 0.018379106953413493
49 i 41 0.14194975425853273
49 j 170 0.03370136396624712
49 l 22 0.12561176149696074
49 m 117 0.0063536350837297695
49 n 50 0.03866006554553836
49 p 176 0.12825859609417878
49 q 79 0.04901176573435351
49 s 53 0.03598536107245165
49 t 38 0.08200877636961534
49 u 96 0.015805394083301838
49 x 59 0.04436237040490454
49 y 95 0.12039944354761656
50 a 125 0.023718976876321962
50 b 61 0.013498745958886671
50 c 85 0.09599778292341132
50 d 43 0.1096199789195873
50 e 136 0.014015516812097895
50 f 120 0.0020184879613847073
50 g 134 0.012987221839659613
50 h 46 0.031057868673841083
50 i 96 0.010795805068094966
50 j 47 0.02179471285608814
50 k 73 0.0275335481268123
50 l 39 0.15740518133957404
50 m 118 0.0219899219533517
50 o 175 0.02188657191980803
50 p 160 0.02114775450065276
50 r 53 0.033409654687195256
50 s 39 0.04708599489167953
50 t 154 0.04090968471950218
50 u 158 0.04293332754349832
50 w 90 0.08032315259110367
50 x 158 0.007381370189590286
50 z 154 0.011780249497469364
51 c 144 0.005945758289510716
51 d 5 0.18003411676539016
51 f 68 0.0542124430642934
51 g 66 0.024740843495859144
51 h 10 0.004909709690784081
51 i 26 0.06486082760815226
51 j 164 0.15167470740253475
51 k 51 0.0011815458133037637
51 l 27 0.026593340550762123
51 p 161 0.14477277864770455
51 s 0 0.0013489409255873497
51 t 135 0.08794541794293875
51 u 158 0.17640616433457468
51 v 179 0.055307764038186824
51 x 19 0.00913007517728126
52 g 173 0.19885181158206222
52 n 152 0.07192338776379026
52 p 103 0.36579453849351906
52 q 101 0.1410014485077632
52 t 34 0.013123833565773957
52 w 28 0.10528442754631162
52 y 171 0.009580327481259143
53 c 0 0.08293821220089526
53 m 132 0.12001460502639005
53 r 164 0.49993287543582476
53 v 54 0.12118471437546008
54 a 114 0.0654481110095132
54 b 63 0.034115921898347557
54 c 106 0.024382456993640944
54 d 127 0.006548437596245571
54 f 37 0.012099058033644305
54 g 147 0.052190406641261844
54 i 28 0.07120087566170397
54 j 61 0.053783549360163385
54 k 165 0.09500628174164794
54 l 167 0.04290147129666022
54 m 45 0.010340697222376627
54 o 132 0.004070272686283349
54 p 81 0.1379959229718044
54 t 162 0.1269302686048872
54 u 50 0.01254514898720438
54 v 17 0.15073987593872162
54 w 145 0.0031142346057621006
54 x 161 0.010228510539298852
54 z 88 0.06609876759529554
55 a 101 0.24423062027594988
55 w 33 0.16163910659906433
55 y 34 0.18305932209803322
56 b 57 0.010588391606580982
56 i 51 0.07731688810637705
56 j 35 0.11427820811309441
56 m 165 0.09621648085096701
56 o 164 0.190838152704205
56 r 167 0.10518298318273767
56 t 10 0.37605396590855145
57 a 152 0.22706860727578393
57 b 178 0.01653646196266112
57 e 132 0.03232638830975221
57 f 81 0.01600585541731503
57 h 11 0.0010614710732133048
57 i 70 0.04796372285636552
57 j 60 0.06262463789404671
57 l 152 0.028897636776661684
57 n 82 0.009164421940738743
57 o 9 0.025543400056868948
57 p 118 0.02338910157843288
57 q 150 0.033195187803677695
57 r 110 0.17257597371426614
57 s 22 0.006647199420222627
57 t 96 0.001871480097890621
57 u 100 0.010677649693226932
57 w 26 0.13239789230164822
57 x 24 0.02031702041683514
57 y 175 0.11976987680952056
57 z 84 0.006364607752551654
58 c 53 0.04061542199054757
58 f 64 0.08075958157249952
58 m 134 0.050877572412240446
58 q 68 0.024903168552135813
58 r 111 0.02310786768647044
58 u 36 0.5199145369092908
59 a 164 0.002775625322944175
59 b 48 0.010224604813089289
59 d 172 0.2537300720490562
59 e 77 0.1646388374195551
59 h 155 0.03151172100877486
59 i 167 0.05527536802099986
59 j 160 0.058594798135816806
59 k 161 0.08585540763127697
59 p 173 0.02849689586887738
59 q 34 0.031806289874633964
59 s 89 0.04166351449645034
59 t 38 0.022555576034339442
59 u 2 0.004484681059566009
59 w 87 0.0294174364793095
59 x 116 0.0722677032628738
59 y 45 0.08297930294472744
60 a 88 0.043970807414219215
60 b 46 0.08332626958333955
60 f 12 0.002935770762532375
60 g 35 0.02236600050689408
60 i 47 0.0686720951072759
60 j 37 0.10442302508630463
60 k 164 0.029819028739739628
60 l 26 0.029942592175667304
60 m 86 0.03641654011116924
60 p 103 0.022094990475500675
60 q 33 0.03966710205380941
60 r 102 0.1482798222135373
60 t 76 0.025181404698214394
60 u 64 0.003238237724334736
60 v 148 0.033933300473246164
60 x 24 0.056404611244343594
60 z 137 0.10241610474278884
61 a 61 0.017269603865991745
61 b 62 0.005838858943306602
61 c 123 0.038718313967119555
61 d 160 0.07657492566520174
61 e 4 0.022574107333927396
61 f 57 0.01089811002593899
61 g 177 0.01651856427017151
61 h 20 0.0016315374856435971
61 i 100 0.005040092725291712
61 j 8 0.019533109132877424
61 k 37 0.001708925653543858
61 l 95 0.00946605453529159
61 m 160 0.016913959595665107
61 n 105 0.07816907580094945
61 o 35 0.08962507218527471
61 q 13 0.03439450022921864
61 r 81 0.0453164486206965
61 s 43 0.026374250824553802
61 t 3 0.023064371108378223
61 v 157 0.02543022205054224
61 w 121 0.1468191804847695
61 x 24 0.1759572866425576
61 y 116 0.05174531058404852
61 z 4 0.018348264340681042
63 d 9 0.31281059078198137
63 o 23 0.16685820957885056
63 u 73 0.07907293351522882
63 z 143 0.4411630139607132
64 a 22 0.04433048798595596
64 b 172 0.083837075071168
64 c 26 0.008260222202491785
64 f 120 0.0034885385386498324
64 g 172 0.11472479917479406
64 h 179 0.03700913648965265
64 i 171 0.022400479967654374
64 j 59 7.520420521944793e-05
64 k 179 0.039866708710308285
64 n 178 0.08949775591776832
64 o 95 0.054959347884724896
64 p 97 0.007650095554158853
64 q 74 0.09947615976889101
64 r 61 0.085462396404835
64 s 58 0.047124399118938176
64 t 45 0.017159122559983087
64 u 38 0.015177302991475905
64 v 80 0.032618921107626986
64 w 56 0.03331937800942608
64 x 17 0.10315510930104377
64 y 122 0.021092656343143612
65 b 54 0.011503113443022572
65 f 162 0.028145543653746885
65 j 143 0.0366099237847326
65 k 71 0.06658812102769152
65 m 89 0.14946776148442065
65 n 114 0.07386482912848924
65 o 39 0.09318814429839639
65 p 110 0.029420374084334844
65 q 99 0.03427786897038798
65 r 23 0.16001057064890645
65 u 125 0.05002724462884556
65 x 153 0.11757560223529684
65 z 176 0.10018246568946709
66 a 9 0.003300689604869067
66 b 17 0.002377250364816841
66 c 165 0.12124659731522947
66 d 9 0.057683071840650246
66 e 37 0.05457590152973257
66 f 86 0.01724054257640073
66 g 164 0.0329676867433335
66 h 41 0.02695666521871387
66 i 150 0.01593733298268374
66 j 90 0.011266862127840005
66 k 85 0.07633484423272285
66 l 19 0.009443770291737486
66 m 163 0.016549999573350127
66 n 159 0.08659994590618147
66 o 137 0.00905978475392788
66 p 172 0.05107672938084695
66 q 33 0.02564253574799391
66 r 38 0.026624751749623865
66 s 101 0.012398344745196632
66 t 170 0.0026401430755822464
66 u 118 0.07102855896649052
66 v 17 0.024007366835788968
66 w 100 0.03747132241058748
66 x 112 0.018397921705944453
66 y 138 0.009397761676603222
66 z 17 0.026272696962731934
68 j 49 0.13842839088392855
69 c 42 0.11308296222271652
69 e 69 0.044549492438449634
69 f 23 0.06011088451298585
69 j 127 0.17781692643636793
69 k 134 0.17080177028189303
69 n 123 0.09830551704049317
69 u 8 0.03814806237802448
69 w 11 0.058347290484131564
69 z 85 0.13234036726238718
70 a 56 0.007188981520382609
70 b 173 0.03262495565647072
70 c 150 0.06223916196305246
70 d 120 0.16361793182834183
70 e 169 0.060633078223630066
70 h 128 0.023732542586370364
70 i 116 0.18247805561233266
70 m 103 0.036382022583233975
70 n 60 0.015164388492172276
70 o 42 0.005006961667423093
70 p 155 0.0981809734879765
70 q 155 0.05307577343687775
70 t 49 0.004659374155821294
70 u 130 0.07088083785605892
70 v 62 0.00457040843948342
70 w 106 0.02136159948217864
70 x 57 0.014958332328306678
70 y 54 0.024496948256477524
70 z 69 0.0595403778659338
71 a 153 0.017405254522545488
71 c 130 0.05013146481750874
71 e 75 0.133162766238334
71 f 15 0.013144837938971365
71 j 19 0.025486004440656296
71 k 141 0.026623353181306708
71 n 2 0.08692543897846094
71 o 90 0.04829009715715371
71 p 89 0.02564386236405003
71 q 3 0.03532403889149316
71 r 54 0.08102661126899113
71 s 108 0.0723079726494753
71 t 164 0.0838697395684539
71 u 110 0.05138440878123096
71 v 92 0.008894122088881962
71 w 31 0.04971026864351047
71 x 69 0.07681349760609624
71 y 129 0.07325415861646523
72 a 129 0.06393285148050631
72 c 19 0.018050591227729784
72 d 4 0.01475244288958888
72 e 55 0.07052384707687942
72 f 27 0.039095068292211765
72 g 7 0.036028993692250766
72 h 164 0.014503569808232974
72 i 167 0.017656294778293224
72 j 58 0.00909061642706721
72 k 63 0.02386125014233964
72 l 129 0.07325543396022272
72 m 64 0.002902135465745248
72 o 60 0.00037707896568917043
72 p 109 0.07645079094953788
72 q 17 0.001155651991417317
72 s 164 0.13348679245239903
72 t 51 0.005181883413952537
72 u 140 0.1219580804963244
72 v 136 0.04541141415496386
72 w 111 0.011025786278891059
72 x 146 0.03232085467055035
72 y 153 0.10072286588502932
72 z 4 0.003448294012313613
73 a 180 0.08849027800624532
73 c 33 0.011090177483207952
73 d 163 0.04368059039958194
73 e 34 0.07354482799999384
73 f 78 0.03109199413743935
73 g 65 0.012302694737695186
73 h 102 0.03087728627789521
73 i 53 0.019246357610059328
73 j 62 0.009809426121752507
73 k 174 0.045502713244986004
73 l 102 0.02791437180429035
73 m 95 0.018647760190050544
73 n 36 0.056859187857425275
73 o 91 0.005370781926364532
73 q 140 0.18030177370507072
73 s 165 0.059329542803992275
73 t 69 0.033880024913683804
73 u 81 0.0047947347854694344
73 v 68 0.0005755226883957798
73 w 103 0.1625149845900976
73 x 165 0.012400055524436127
73 z 178 0.05648890191344491
74 a 117 0.0016700937805500526
74 b 170 0.13611352917362984
74 c 58 0.060217460647597365
74 f 115 0.06199988954852875
74 h 105 0.11556123767666981
74 i 35 0.07544979087996517
74 m 61 0.15359515493001785
74 p 69 0.05035504966905391
74 r 173 0.04642786655555309
74 s 30 0.005863779570949301
74 t 173 0.01687387634596793
74 u 83 0.082502684701101
74 v 13 0.00048709532275348355
74 w 178 0.06657209110860085
75 a 6 0.003998520036432862
75 b 47 0.020511358056535478
75 c 50 0.004936553924905551
75 d 103 0.021476121063333187
75 e 148 0.02241253722357961
75 f 65 0.023577613480050608
75 g 81 0.026684425216591978
75 h 155 0.01688258552133537
75 i 85 0.033976552519899283
75 j 40 0.008048663942625822
75 k 129 0.036560254506583845
75 l 175 0.024564625499000847
75 m 90 0.003909796913930785
75 n 16 0.050313009751692284
75 o 81 0.08407684379264768
75 p 52 0.10308021402166934
75 q 26 0.10495362208402814
75 r 72 0.013150729568698116
75 s 105 0.0770192272771848
75 t 154 0.020970824020105194
75 u 171 0.01727652004304836
75 v 172 0.18108890873881067
75 w 137 0.017965508486907145
75 x 38 0.028333377384116898
75 y 141 0.02528255095009002
75 z 22 0.0042035426984993185
76 a 79 0.007715624492835138
76 c 167 0.0050632664826911755
76 d 139 0.022435495819115747
76 f 178 0.09174288279733012
76 g 20 0.027917361870992474
76 h 70 0.04634010715670822
76 n 127 0.2174646087835196
76 q 147 0.013069798864465798
76 v 116 0.23352641583350053
76 z 61 0.2060960901372837
77 a 111 0.005342408571546886
77 b 67 0.01824513903835434
77 c 146 0.011998513125313304
77 d 109 0.008557357716501679
77 e 93 0.060000568334833804
77 g 71 0.0029771507325729862
77 h 30 0.03101524904579367
77 i 63 0.003982267542162132
77 j 101 0.08055073090463749
77 l 56 0.008393588333113655
77 m 25 0.003262660985282495
77 n 103 0.06767844084178476
77 o 107 0.011159281223383388
77 p 69 0.08045853586122897
77 q 77 0.020332276889601375
77 r 70 0.08118466614603104
77 t 102 0.021942522471305126
77 u 55 0.0006175663577100421
77 v 90 0.12352158277864511
77 w 32 0.016058552076685384
77 x 22 0.1490401067592818
77 y 100 0.05425462247618906
77 z 48 0.08709098480050748
79 a 69 0.10018902451678868
79 h 62 0.030716049984320204
79 j 43 0.15287160891665652
79 k 143 0.0821636772050981
79 l 85 0.03993807186496434
79 o 93 0.15039436330553424
79 q 4 0.15169232456779758
79 s 77 0.057038674285007196
79 u 144 0.03918492640814364
79 v 26 0.10915433458852108
79 w 168 0.04728548271402855
79 x 59 0.02557885373914981
80 a 145 0.034891838717449386
80 d 35 0.09836113706957328
80 e 61 0.15798560279249996
80 f 51 0.09098369594733391
80 g 53 0.02233225290687091
80 h 168 0.00815059699755638
80 i 96 0.06007348201670948
80 k 0 0.08440305899683564
80 l 28 0.09909965770227525
80 p 68 0.01443616341400844
80 r 167 0.012893840972027393
80 t 88 0.08725677965072764
80 u 105 0.07284626839340258
80 v 59 0.012029922087183564
80 w 25 0.0011973597127944435
80 x 106 0.12539902520340995
82 a 7 0.1205421111290862
82 i 125 0.17236089404830435
82 k 98 0.03300807951577833
82 m 64 0.014158014509806582
82 t 63 0.05006167058180955
82 x 20 0.12540305158973886
82 z 132 0.3765062334112306
83 c 154 0.03176877094379382
83 i 101 7.658155359835384e-05
83 k 166 0.0014196729929324414
83 l 70 0.17754040922851522
83 m 86 0.00611746527748136
83 q 69 0.06785482732049541
83 r 115 0.17981622999823899
83 s 150 0.08377940092075431
83 v 158 0.2630041906859574
83 y 50 0.10995840984761751
83 z 145 0.049175043916009575
84 a 22 0.1450179983624199
84 b 145 0.021324788856754595
84 c 9 0.04205996345026919
84 d 138 0.06897945866596167
84 e 26 0.045362787730033105
84 g 73 0.02047992606446225
84 h 145 0.04682762820891839
84 i 48 0.006187708118948199
84 j 143 0.13178411833726633
84 k 156 0.01923495718584267
84 l 27 0.07419684213045674
84 m 80 0.001988490283481137
84 o 101 0.026198572106883034
84 p 173 0.015540113801276512
84 q 140 0.001077917094949088
84 r 22 0.06041289247482673
84 s 8 0.1061968393461521
84 u 165 0.061040493040882327
84 v 36 0.059926243520580846
84 w 4 0.003963857378567637
84 x 119 0.014588985283122247
84 y 128 0.021339640626205858
85 b 175 0.008348215946265891
85 c 94 0.047645581687002614
85 d 125 0.06420397675793155
85 f 4 0.09209384344459604
85 g 61 0.15028110889324786
85 k 41 0.040607206483894154
85 n 69 0.023573102622788
85 o 5 0.10032295658081081
85 p 78 0.038892758362119806
85 q 141 0.08363567382560821
85 s 139 0.10944514503791458
85 v 113 0.12900617936835135
85 w 93 0.0023871930721297563
85 x 33 0.003796395086783644
85 z 148 0.0544525515829245
87 a 58 0.05813803919413674
87 c 159 0.08248419181860311
87 h 137 0.1362112391335506
87 j 169 0.03575147337005813
87 l 18 0.05096752958366557
87 n 89 0.2307928505157255
87 o 66 0.16101504559662916
87 p 12 0.01949294229190357
87 t 28 0.10490788722223321
88 c 120 0.04362593484550292
88 d 60 0.04226573912031251
88 e 57 0.02032126155395697
88 i 125 0.07388229710612981
88 j 31 0.14050156869253405
88 k 41 0.009289136068427517
88 p 138 0.1810902918415721
88 s 170 0.011893280233837622
88 v 116 0.15727409636717815
88 y 4 0.22520092585548412
88 z 26 0.03935021544404427
89 a 40 0.06765053844966873
89 b 60 0.0036069487810531653
89 c 74 0.07337941677513837
89 d 142 0.03448890412594019
89 e 122 0.0017077539617882387
89 f 131 0.009202824936527798
89 g 27 0.02779650126133215
89 h 96 0.03940871157359849
89 i 78 0.008549532849250752
89 j 23 0.07701754819037032
89 k 168 0.1318870897833011
89 l 177 0.020798862081200298
89 m 106 0.0776559504794393
89 n 140 0.011511527931609922
89 o 121 0.005474880725195197
89 p 69 0.009611165152164092
89 q 34 0.012702103545483512
89 r 83 0.05934451360388493
89 s 98 0.028039801648539697
89 t 128 0.010671364486798063
89 u 138 0.006612206089002148
89 v 48 0.05734652712032029
89 w 89 0.07716260653039464
89 x 36 0.08800466757681435
89 y 146 0.021077810579736234
89 z 56 0.022121288072906586
90 d 106 0.3272778576591736
90 j 133 0.043917874081575436
90 n 52 0.03991678458932657
90 o 121 0.008551484415182498
90 p 87 0.05827685973434038
90 r 132 0.40040672382506426
90 t 177 0.08721276540103029
91 a 51 0.07908528353778022
91 f 26 0.005459291766745311
91 h 148 0.021415901150120153
91 i 96 0.04206732594879303
91 j 69 0.005194451780803577
91 l 128 0.008788092023365834
91 m 110 0.005665704531592208
91 o 109 0.04523418546506952
91 p 164 0.08197792774636903
91 q 43 0.1747210904490425
91 r 119 0.09715252205657487
91 w 74 0.01572348902718712
91 x 18 0.09231478134515658
91 y 73 0.1687793229836172
91 z 103 0.13863993298306565
93 a 38 0.1466330664677975
93 c 154 0.259545361249802
93 h 134 0.19822300882423904
93 j 52 0.24733875376013703
93 q 68 0.07292006947621754
93 s 82 0.0034904905469499425
93 u 61 0.04117702156186598
94 a 66 0.10805935648111076
94 b 119 0.044535852419020694
94 c 103 0.016186353846366575
94 d 69 0.028261478605404622
94 f 156 0.018391810482778936
94 g 65 0.04890222743114636
94 h 39 0.018531547820928584
94 i 152 0.029065102861820735
94 k 66 0.016821524534422205
94 m 1 0.22442873686460163
94 n 121 0.0638400945908486
94 o 179 0.04501908017597955
94 p 85 0.008719760723746361
94 q 57 0.06619008406130533
94 r 15 0.05536410204323883
94 s 160 0.001934053591764573
94 t 143 0.0801028295984818
94 u 18 0.017500805375235462
94 v 41 0.061825084003722997
94 y 148 0.041652386773523564
95 a 38 0.057629462259647046
95 b 90 0.04322031952435246
95 d 76 0.018786120000126916
95 g 162 0.055121401902768596
95 j 108 0.020911816010694473
95 k 65 0.06654527108815933
95 l 19 0.008471679105520935
95 m 20 0.05688697581563307
95 n 142 0.04792928320409273
95 o 110 0.08950482615360056
95 q 68 0.038490054970356846
95 r 31 0.074607844877984
95 s 100 0.030229932087945777
95 t 39 0.10563531881705301
95 v 75 0.04732665082407139
95 x 51 0.05565844067574022
95 y 175 0.08249922538987453
95 z 93 0.0420101346995605
96 j 119 0.31075479028526787
96 r 11 0.25522923948753085
96 s 167 0.04764876583476174
97 d 2 0.038649745620908726
97 g 74 0.061159983579404886
97 i 18 0.11258604886333834
97 q 26 0.07869838253372086
97 r 74 0.2754390239195238
97 u 31 0.07039847133263932
97 v 26 0.13830814497093336
97 w 173 0.19345031411694025
98 a 130 0.08160481660300312
98 b 97 0.0197283525641323
98 c 178 0.026056777328460123
98 d 115 0.0023517940551959216
98 f 105 0.020670716015367963
98 j 99 0.0294168884058591
98 k 13 0.14492032176770475
98 m 67 0.02153459457216944
98 p 57 0.16577978953891126
98 q 31 0.006201531359619539
98 r 142 0.0028750581378290674
98 s 74 0.005293152708291005
98 v 166 0.08965801536353424
98 w 177 0.036981134844914276
98 x 73 0.018344673696143232
98 y 178 0.21670885472233847
98 z 91 0.11157827193123293
99 a 40 0.09801087643527617
99 b 146 0.055360094641507485
99 c 80 0.015936292176714995
99 d 58 0.0292315280373856
99 e 153 0.035663463305441456
99 h 115 0.03956914098674624
99 i 58 0.03152312141645042
99 j 52 0.00017816914518553606
99 k 125 0.17884766026265575
99 m 167 0.0005781962897710713
99 n 159 0.04210165949439537
99 o 78 0.0954048941706429
99 p 53 0.005352274267660495
99 q 56 0.015425747292620362
99 r 14 0.1682671830000958
99 t 162 0.03222036180887755
99 u 142 0.02959300014390065
99 v 131 0.013448137694626494
99 w 81 0.016593294956874005
99 x 92 0.005497636940726247
99 y 110 0.07923648737664601
99 z 20 0.0035044264924106727
100 a 69 0.03426899186311805
100 b 144 0.16981189015930376
100 c 148 0.022784041847267456
100 e 152 0.03222210202596554
100 f 130 0.012367118278527323
100 g 56 0.09489191049959955
100 h 163 0.009427621409001552
100 i 86 0.001469537452223335
100 j 94 0.048514043092904524
100 k 74 0.0324470823685995
100 l 71 0.03643977697904144
100 m 141 0.036162010079921814
100 n 167 0.033961506487256155
100 o 10 0.019028832601007184
100 p 166 0.029114448559516948
100 q 40 0.01678870547802791
100 r 17 0.018214107210766883
100 s 153 0.02775801107256015
100 t 140 0.0716852307859338
100 u 7 0.11375256267925027
100 v 24 0.056205736614664326
100 w 47 0.0121492166238798
100 x 152 0.005964385966575225
100 z 6 0.025008770668924596
101 b 25 0.0022906513414023832
101 c 149 0.001713881963282482
101 d 174 0.14076961224774964
101 e 40 0.03407361523728103
101 f 23 0.004903601136823421
101 i 152 0.009558637798439462
101 j 113 0.004518459716876921
101 l 112 0.039523763498387265
101 m 172 0.03312493146803008
101 n 35 0.04046293149967173
101 o 52 0.01797824211845156
101 p 156 0.03219390175457437
101 q 88 0.019390517730032197
101 r 127 0.174723323879302
101 s 23 0.025527934284849896
101 t 115 0.00025579203473835577
101 u 96 0.023176548870540437
101 v 31 0.030535344127712305
101 w 168 0.2398020667534032
101 x 105 0.024649979135595745
101 y 37 0.021053398453044214
101 z 48 0.0007483508898602498
102 a 58 0.058218187990851766
102 b 111 0.08568363437003501
102 c 69 0.027722108786789823
102 d 163 0.0450130459664152
102 g 114 0.10859875279917464
102 h 110 0.004870041852886531
102 i 50 0.009396319419792576
102 k 87 0.029162084575698133
102 l 148 0.00706545960614402
102 m 85 0.0001597359908677154
102 o 34 0.021919327814154177
102 q 46 0.07457881489763907
102 r 82 0.08256543089911161
102 v 138 0.40540319921026324
102 w 38 0.003662894605019673
102 z 1 0.0010083200804088532
103 b 15 0.16745664054609388
103 d 5 0.004662876950100481
103 e 56 0.03226468190791154
103 m 173 0.36209170483711295
103 p 77 0.0009908482663303353
103 v 3 0.03045859941876894
103 y 77 0.07122369403725681
103 z 172 0.08356171204723739
104 a 127 0.02263590358212897
104 b 69 0.11863615187889254
104 d 3 0.019780043078488685
104 e 153 0.04202710133376841
104 f 160 0.12413588332272862
104 g 141 0.004551478206676007
104 h 136 0.0005466227978003779
104 i 145 0.041679680969949895
104 j 27 0.07212170521334382
104 k 75 0.06707160995946226
104 l 167 0.014255904184792167
104 m 101 0.039158181923180435
104 n 67 0.01003746097906244
104 p 62 0.027393012736096067
104 r 136 0.016012554807447232
104 s 164 0.12721638793318268
104 u 55 0.05297296056540457
104 v 169 0.0348458089173318
104 x 111 0.041723285047512326
104 y 170 0.022483211806760273
105 a 24 0.05403611763637184
105 b 2 0.16613621814209756
105 g 39 0.07079677484873603
105 j 105 0.07024670197247473
105 l 6 0.04256725583302534
105 o 82 0.1063300751840287
105 p 51 0.008267556296617684
105 q 84 0.026950667372213633
105 s 105 0.08869811109191228
105 w 74 0.05666654815308059
105 x 140 0.13717815751461682
105 y 165 0.15563213081333138
106 a 79 0.03286385887616483
106 b 130 0.01671662015631281
106 c 122 0.046651895967721124
106 d 104 0.029312119505951584
106 e 18 0.008432399952574055
106 f 42 0.16024105194094496
106 g 170 0.02477035160558183
106 i 26 0.022687951466532685
106 k 82 0.017474820311058292
106 l 156 0.012321973920727536
106 m 151 0.10257496441805858
106 n 29 0.013245894284565574
106 o 15 0.08402429894071273
106 p 106 0.015510782307848303
106 q 143 0.025295083157819143
106 r 142 0.001710587130716923
106 s 67 0.016887657099480147
106 t 99 0.00233745378319572
106 u 3 0.048249478355686715
106 v 172 0.038629997622209866
106 w 105 0.09264035944308247
106 x 125 0.076806438581145
106 y 145 0.025878018274590242
106 z 65 0.01685132432697034
107 b 29 0.04146994416087313
107 c 143 0.04374661402780755
107 k 1 0.03319090494240928
107 l 64 0.13816227933475644
107 m 124 0.10017111560316361
107 n 151 0.03594368704849571
107 p 123 0.002422049266111892
107 q 104 0.09399302024390133
107 r 53 0.05222414644905449
107 s 131 0.12231243526272928
107 t 134 0.0421325173458289
107 u 165 0.14908544729339435
107 x 177 0.10481983437120324
107 y 4 0.03977046457034317
108 b 123 0.06214461133624616
108 c 100 0.00901512128269677
108 f 66 0.10968325593507344
108 t 93 0.09897690217793675
108 u 167 0.45876962534587207
109 a 34 0.3949605716876633
109 j 133 0.03690643612268085
109 k 24 0.06608150811483482
109 n 119 0.025022014997121533
109 o 30 0.36826685737583187
110 a 82 0.1644668775449959
110 f 63 0.13870132516489453
110 n 177 0.01568685302688866
110 q 163 0.25350203112229164
110 t 62 0.08964473420862162
110 u 53 0.16715933924034554
110 y 98 0.145239309520645
111 a 19 0.026918467869922913
111 b 175 0.16932768259862108
111 d 120 0.029897465773216725
111 e 151 0.15809716833518028
111 h 163 0.07531132948589303
111 k 144 0.005194354739613605
111 m 40 0.008802582882501353
111 p 11 0.07466201991450372
111 x 25 0.08825293070742668
111 y 153 0.180767069264273
111 z 69 0.1374743886231008
112 b 171 0.06515748506219099
112 c 55 0.24156421634232805
112 d 46 0.09511691194646998
112 e 152 0.09027945754673072
112 f 49 0.005113489961137918
112 g 93 0.053754230333546205
112 k 130 0.029769940427103125
112 l 14 0.00903354009598123
112 n 82 0.07309061651331872
112 o 157 7.111601539266932e-05
112 q 67 0.0005935220797288476
112 r 115 0.011334488638572893
112 s 62 0.011778310079501031
112 t 56 0.013642316371505259
112 u 160 0.024828149191959414
112 v 147 0.03368567446885151
112 w 32 0.008570604386500813
112 x 11 0.028276600677872743
112 y 39 0.12106758497754844
113 a 110 0.0067472290931701595
113 b 43 0.0061036896704074195
113 c 99 0.01892770734315885
113 d 50 0.1050276030988394
113 e 125 0.009987121650578912
113 f 125 0.09090401503093148
113 g 168 0.01446222628472027
113 h 32 0.22352772113922914
113 i 1 0.0005027001645618867
113 j 41 0.004570306179052186
113 k 109 0.06365606448869754
113 l 171 0.020956234662640738
113 m 74 0.033160870189275826
113 n 8 0.027946653659913445
113 o 124 0.03186539497137686
113 p 14 0.005004929910636169
113 q 50 0.09709920490807178
113 r 48 0.004666212752750032
113 s 44 0.13139572244839504
113 t 8 0.03770692294679745
113 u 4 0.023089938778452113
113 w 113 0.0028678861420595725
113 x 165 0.01637993179570596
113 y 94 0.007107829947463062
113 z 107 0.01387743748364445
114 a 25 0.04604935075479544
114 h 147 0.021464986077395776
114 l 14 0.024131593276455532
114 n 81 0.008048071913425603
114 q 99 0.17469272165340777
114 t 63 0.27328887989989203
114 w 7 0.061696342807265436
114 x 74 0.03832711832709801
114 y 151 0.0637638044185177
114 z 114 0.2516833046415793
116 a 79 0.02270963448388863
116 b 68 0.01173432516947781
116 c 145 0.034211000459594354
116 d 95 0.15112948159073358
116 e 141 0.05906408925015816
116 g 23 0.02770621089535852
116 h 50 0.002863001754845662
116 j 148 0.035491123551817716
116 k 171 0.0012788836489801003
116 n 15 0.03898411653877809
116 o 177 0.07503901603273377
116 p 21 0.01564972631606687
116 q 160 0.08754606539445697
116 r 54 0.06507493049455038
116 t 119 0.0321218619969561
116 u 65 0.2395654713434131
116 v 13 0.048476228865680926
116 w 114 0.010102487753210765
116 x 128 0.01350168033608612
117 a 48 0.04090114606107298
117 c 57 0.3395495287101796
117 g 48 0.2461150056585799
117 i 129 0.11700433983161196
117 j 135 0.1438351947674782
117 o 171 0.00490656855008853
117 q 13 0.10244728942631742
118 a 150 0.07294246390294779
118 d 5 0.010966915442985115
118 e 122 0.20061511322887593
118 f 19 0.030047529057705802
118 h 67 0.08583482632267758
118 i 55 0.007392047582802763
118 j 79 0.07285743106490916
118 l 165 0.03862425513095258
118 m 33 0.028628346850131825
118 r 77 0.05007417201743869
118 s 171 0.012143825559153942
118 t 51 0.12341989510955698
118 u 143 0.020836330443110507
118 w 101 0.041962957195589845
118 y 109 0.1279388489751382
118 z 49 0.0474378465526033
119 c 140 0.1231023961231763
119 d 2 0.09008204346465398
119 h 168 0.029951461344398078
119 j 74 0.017042277110898008
119 k 134 0.215953818840808
119 l 11 0.07630876857486457
119 o 60 0.08909796386587676
119 p 55 0.11926102816803441
119 t 115 0.0398028855282796
119 u 160 0.07169980424501288
119 w 72 0.05486632630059163
119 x 180 0.008726691454181257
119 y 107 0.05610581499013878
120 g 178 0.12200314812525659
120 h 172 0.07904890391883279
120 i 59 0.1588357151424612
120 l 165 0.11727057997772417
120 q 20 0.42105186121182625
120 u 175 0.003997200796425737
121 a 32 0.04526192542372165
121 c 83 0.03330548817012047
121 d 96 0.002953772749231365
121 e 57 0.02232482821899673
121 f 17 0.0794934385512105
121 g 13 0.02360669209331734
121 i 161 0.1423663970709823
121 k 2 0.1250288107833215
121 l 101 0.00776135480223239
121 m 40 0.02873543193830419
121 n 91 0.14873260823500767
121 o 22 0.023116787746072287
121 p 73 0.0349434947448255
121 q 17 0.008316223279890012
121 s 174 0.013607266483866454
121 v 156 0.06415773766096444
121 w 171 0.08105815876923361
121 x 95 0.006184221812516877
121 y 86 0.026393557273170942
122 a 174 0.028374241913919795
122 b 87 0.04190710128834452
122 c 151 0.06992947133308847
122 d 177 0.07664986262775064
122 e 34 0.0005745726083590252
122 f 105 0.04266200829863076
122 g 24 0.02452106304881496
122 h 153 0.032103363726304845
122 j 14 0.03668283581589571
122 k 93 0.050434781928631156
122 l 66 0.04630874013033137
122 m 163 0.04666099850521077
122 n 52 0.004281570605611851
122 o 140 0.014019683484012724
122 p 174 0.012171968403825062
122 q 133 0.08533745340408672
122 r 172 0.07080991231329803
122 s 129 0.09887466212443186
122 t 34 0.028496998813863583
122 u 9 0.023551527350891277
122 v 49 0.0029539272266466687
122 w 80 0.020322054620376062
122 x 15 0.06451343338200488
122 y 180 0.0043091353054792725
122 z 160 0.026118613203967245
123 a 51 0.11023864794509519
123 d 161 0.0054818429922853795
123 e 19 0.37397056383586214
123 g 138 0.17558760797351836
123 l 120 0.1476000437661521
123 u 153 0.11852481573879925
124 c 35 0.4356558074962239
124 h 26 0.5345339984670542
125 f 179 0.8291547296369143
125 i 76 0.13463333184709247
126 b 116 0.007322797170157824
126 c 2 0.008245787087590606
126 e 117 0.09121195482877287
126 f 175 0.08808079993127949
126 g 165 0.01664513803497103
126 h 113 0.16480723131506803
126 k 69 0.009107836877059405
126 l 82 0.16473844663068937
126 m 38 0.14345699015115676
126 n 77 0.0671215182945083
126 o 152 0.053341689070845355
126 q 178 0.014324180036261347
126 x 172 0.08518592855049101
126 y 37 0.04698072678888687
126 z 128 0.009769492470966479
127 c 17 0.014913323597269823
127 d 116 0.10748456222168479
127 f 134 0.0011255788324279203
127 i 9 0.043659060791238824
127 j 137 0.06578273045586425
127 m 23 0.0070691430548529555
127 n 86 0.050511672120723605
127 o 27 0.1739760974260922
127 r 38 0.1699945721242727
127 s 39 0.03233327275103748
127 t 64 0.020231970380674147
127 u 23 0.04369049948646764
127 w 4 0.0012836755426808288
127 x 112 0.05068073384733385
127 y 118 0.11443379385317043
127 z 61 0.04761261405497519
128 a 40 0.00472226936345943
128 b 27 0.024043069743640677
128 c 8 0.006805768703420312
128 d 176 0.002635589994564258
128 e 35 0.07757546290837425
128 f 98 0.005170964485213814
128 g 52 0.04880059812710036
128 h 140 0.04039245056525875
128 i 31 0.05508410850501144
128 j 100 0.006464387645077618
128 k 61 0.018510757519815013
128 l 158 0.02270245259143089
128 m 55 0.04221908301673727
128 n 161 0.11816384677406222
128 o 2 0.11768435700004243
128 p 149 0.058072592622321006
128 q 33 0.008324019743736644
128 r 98 0.07093689263610581
128 s 145 0.07312020679317943
128 t 30 0.007920812647830733
128 u 70 0.01145593356384278
128 v 110 0.02426541875593924
128 w 94 0.019786698771655287
128 x 42 0.049318429403358066
128 y 32 0.06513328097792448
128 z 8 0.004055615238324428
129 c 21 0.05075444487773151
129 f 131 0.1653577061017263
129 g 170 0.015160417201406262
129 i 96 0.041353242569681425
129 m 49 0.27672879695439756
129 n 164 0.03694490245051829
129 p 118 0.1675142246875081
129 s 48 0.03162057468521795
129 u 133 0.08600386414526351
129 v 79 0.07686713998170336
130 j 108 0.9124115981857159
131 b 171 0.009977742463645245
131 h 102 0.059576084764509485
131 i 31 0.09398094732568685
131 k 157 0.27866743121614057
131 q 57 0.012823262368062416
131 t 100 0.028327965739046168
131 v 158 0.22847650145409426
131 y 12 0.1680793470001798
132 g 39 0.1451994134403295
132 i 129 0.033187948002247336
132 k 78 0.06664495022783834
132 l 75 0.10111643016672633
132 n 94 0.09724752131235448
132 r 153 0.1216257424403201
132 u 74 0.023016922235234105
132 w 86 0.15943239655635288
132 x 95 0.014775900464251701
132 y 73 0.041395055771464184
133 b 2 0.0760870758474802
133 c 67 0.1300691296759412
133 g 153 0.013605015189387504
133 h 69 0.11778464308942027
133 j 131 0.06678354426866884
133 l 65 0.052426490491596756
133 m 71 0.008026699508931867
133 o 15 0.017117987133111856
133 p 178 0.07469249273465539
133 s 165 0.00457933767179608
133 v 102 0.05965848676503416
133 x 133 0.016068936366374964
133 y 79 0.15765754904678264
133 z 116 0.14617432798723806
134 a 52 0.024163428451824842
134 b 38 0.0010521049648053449
134 c 172 0.11729878118181358
134 d 129 0.0014621831049569378
134 e 66 0.03190929319368374
134 f 106 0.0031970404024040944
134 g 47 0.007459001295972323
134 h 148 0.09347388684663038
134 i 13 0.01698653694555874
134 j 55 0.02295828807189071
134 k 102 0.04357613831254259
134 l 10 0.028396924267964696
134 m 3 0.11481697795384715
134 n 139 0.021835641309491893
134 o 172 0.006748831995369575
134 p 66 0.019295044169348796
134 q 110 0.087100507557618
134 r 159 0.03940673278738094
134 s 43 0.011751853077144214
134 t 79 0.0038484885554236348
134 u 128 0.029580701069887527
134 v 50 0.11553171880371316
134 w 76 0.06095080251761453
134 x 54 0.04303308159313102
134 y 137 0.015805488985338956
134 z 19 0.014240017505446234
135 k 111 0.09131747260488388
135 l 138 0.15055823527818046
135 p 170 0.10716454567594824
135 s 138 0.10289738377484736
135 u 23 0.010749103961022244
136 a 92 0.04996929579962306
136 i 116 0.18104781748186072
136 l 57 0.032132876999906634
136 n 18 0.0980883007475285
136 p 54 0.0026063794064596912
136 q 163 0.5589212638573026
137 h 91 0.5727992654546002
137 r 106 0.270458571815124
138 b 165 0.010526848125561483
138 c 50 0.012233309514113389
138 e 171 0.1306277157467407
138 g 117 0.0002832864524499046
138 i 141 0.08860942523430837
138 k 40 0.021401515681549244
138 q 14 0.16765955151315315
138 r 93 0.08625710608848391
138 t 117 0.0443411940360382
138 u 142 0.013383142659619818
138 v 50 0.08111110392591081
138 w 165 0.23464211908843646
138 y 4 0.016175302307509076
138 z 11 0.006630986457447419
139 b 115 0.2506932627076326
139 d 142 0.05443729202384606
139 e 3 0.023359965063280863
139 g 77 0.03508860651148349
139 j 171 0.038580185946192946
139 k 123 0.1731533243603115
139 n 36 0.0025894394065477666
139 p 180 0.019597337496467082
139 q 68 0.20852630340418832
139 s 169 0.04243915022063294
139 u 116 0.010201304513782983
139 v 178 0.09640930676666193
139 x 52 0.024873680794003206
139 z 29 0.0020155047502774526
141 h 142 0.40183321592665155
141 k 11 0.12450697765990382
141 u 70 0.348583580217809
142 a 71 0.009853230105490884
142 b 48 0.22750124740392508
142 c 143 0.018443621829156487
142 e 73 0.021318944487783043
142 f 107 0.0060553401817171615
142 h 152 0.06525904517772696
142 i 89 0.02649918558669817
142 j 101 0.00845793764843028
142 k 11 0.06408595490594737
142 m 53 0.020520574323129703
142 n 81 0.09402140560155359
142 o 85 0.02212584110280924
142 p 143 0.038150694076262925
142 q 8 0.0014945700066126832
142 r 71 0.038586733267794826
142 s 18 0.0015352209208323586
142 t 172 0.0826075370703524
142 u 93 0.03640599802291955
142 v 84 0.06539225416801864
142 w 130 0.09043168052021844
142 x 28 0.0015658712436518174
142 y 35 0.05719501998641663
142 z 104 0.0018591068893680784
143 a 97 0.01617182003256812
143 b 174 0.01296358226714911
143 c 49 0.02946439728625405
143 d 167 0.05531805627401398
143 e 12 0.05984073033496595
143 f 140 0.019717735673579262
143 g 88 0.04305455165498229
143 h 81 0.10880255033208908
143 i 79 0.018488462506606518
143 j 80 0.04345370883427724
143 n 53 0.07791761249886475
143 o 105 0.07305371351212298
143 p 148 0.05392018184664893
143 t 98 0.0009013961080970301
143 u 116 0.0343594127542598
143 v 177 0.06698073224316403
143 w 137 0.07852444369440137
143 x 52 0.06122045490463024
143 y 77 0.028870613347604213
144 b 167 0.02591580036929475
144 f 75 0.1599659041258069
144 v 180 0.09004718003364831
144 w 30 0.5214858350573208
144 x 148 0.03181175123466273
145 a 160 0.006390910839079833
145 c 90 0.05478904858098688
145 d 56 0.026034287824254432
145 e 44 0.02209711943699011
145 h 113 0.023240155493055137
145 i 43 0.09239591336242992
145 j 175 0.003804922018090684
145 k 77 0.00550615333847837
145 l 131 0.0009620428406020842
145 m 95 0.005248314690137534
145 n 111 0.054281831901767275
145 o 179 0.03718569557857754
145 q 99 0.045517280034080176
145 r 112 0.22151914768279723
145 s 131 0.007261503606165398
145 u 125 0.02722072069424264
145 w 82 0.02965698184815635
145 x 4 0.028979734996934847
145 y 11 0.049592964343049606
145 z 32 0.2530629984743903
146 a 179 0.04492808665660841
146 c 167 0.003698194375988395
146 h 116 0.02367150934076656
146 i 67 0.12579891437912627
146 m 137 0.033984410665003906
146 o 67 0.18826106645504304
146 q 22 0.30234877255897363
146 s 34 0.08352679791271045
146 u 121 0.03648479450685471
146 v 107 0.05634856412977485
146 w 48 0.07472379154196773
147 c 136 0.08041382553749221
147 f 64 0.13192065122177787
147 h 134 0.13335032297391103
147 m 160 0.28468121617350084
147 p 135 0.10151234289211875
147 s 143 0.06806251053671386
147 w 62 0.09507840139990864
147 z 27 0.025873971676251606
148 g 38 0.12732943705709354
148 p 169 0.006090459965896744
148 t 163 0.3431517005246274
148 w 49 0.03661021549211174
148 z 177 0.3540865651119304
149 a 119 0.004134599805829198
149 b 124 0.004881809536602555
149 d 115 0.057067768683469744
149 f 116 0.12414657340290125
149 g 101 0.0019330135574181506
149 h 24 0.04226525931733727
149 i 109 0.02922060973353524
149 j 138 0.042499379682638394
149 k 124 0.00021482083165191845
149 l 151 0.12986462322293835
149 m 59 0.06893953750818704
149 n 58 0.011324269740841553
149 o 57 0.000468308325842437
149 p 103 0.10517792268328907
149 q 150 0.041036710833466605
149 r 13 0.044291700925027766
149 s 151 0.030209483483271682
149 t 172 0.014751560058994362
149 u 127 0.030308025350130663
149 v 41 0.07315906609457523
149 w 86 0.07351693634440781
149 x 135 0.002574821935255489
149 y 91 0.008842821983190863
149 z 3 0.028901121495404913
150 d 95 0.016154188990799456
150 f 89 0.03259526842448224
150 g 35 0.011748944123223692
150 h 82 0.10204835985360439
150 i 146 0.04215947924197627
150 j 167 0.000817021922718153
150 m 65 0.12273904916562028
150 n 18 0.03724272058674338
150 o 55 0.02628927744735776
150 q 128 0.1384452075690672
150 r 130 0.02056854995690205
150 s 115 0.009959045257815657
150 t 142 0.018666401229284535
150 v 132 0.19168696837557553
150 x 37 0.16642352071146482
151 a 29 0.04591520942589278
151 b 46 0.08452981834152129
151 c 74 0.03730639809366698
151 d 71 0.02138863140749947
151 e 1 0.06662716617893938
151 f 154 0.013320545816709606
151 g 161 0.040207549613419435
151 i 6 0.04784953008216908
151 j 33 0.008767438247992532
151 k 1 0.05810467125140839
151 l 149 0.00016857713034501565
151 m 44 0.02715798757787724
151 n 154 0.0014485205353829134
151 o 128 0.014471544710634388
151 p 57 0.014094513048968582
151 q 164 0.04310186145798056
151 r 31 0.016573795106077926
151 s 118 0.003399654070307956
151 t 26 0.0053923068431018795
151 u 2 0.009158916529168448
151 v 149 0.03424461954645397
151 w 27 0.020770382554327838
151 x 70 0.08986695494840835
151 y 74 0.14759290351047716
151 z 162 0.025190842985009287
152 a 73 0.0008778745206972083
152 b 81 0.06279704274941078
152 c 172 0.06141675961928039
152 e 64 0.02389047604086303
152 f 65 0.03249226061672161
152 g 24 0.009532653622793652
152 h 149 0.014140388442252405
152 i 35 0.0036138969324280845
152 k 82 0.006361351833778617
152 l 158 0.01704506153057561
152 m 155 0.09058545143605756
152 n 165 0.05371804069869446
152 p 135 0.03630261691339043
152 q 18 0.0014862400000675846
152 r 179 0.054668327494604374
152 s 119 0.017041455265793704
152 t 95 0.05783867648873331
152 u 88 0.028919213562678903
152 v 27 0.040557622234363544
152 w 16 0.08018784092311593
152 x 101 0.19179336298280358
152 y 26 0.06494452811247353
152 z 55 0.009350429943867922
153 a 169 0.0665963557145991
153 b 137 0.018577513917970467
153 c 67 0.002395405541405937
153 d 34 0.0009705280566012497
153 e 5 0.0032638948983723104
153 f 1 0.058540178205913285
153 g 70 0.010830849062472003
153 h 47 0.037270544123518046
153 i 90 0.07426818672743818
153 j 75 0.1172188073153071
153 k 117 0.06453615298806203
153 l 71 0.053928642207439204
153 m 80 0.016398798816930293
153 n 102 0.08089384927913257
153 o 105 0.057947160913689566
153 p 103 0.01006376986998847
153 q 110 0.053643740104043935
153 r 56 0.0038149964175211437
153 s 86 0.03515670406763527
153 t 145 0.08475643605814598
153 u 32 0.006464195498300351
153 v 35 0.014600632720730422
153 w 96 0.047623708502423256
153 x 11 0.01787487497800211
153 y 158 0.04644717600103543
153 z 157 0.001366283720748318
154 c 120 0.2749941638629706
154 d 18 0.028586405289215855
154 h 108 0.07638473836363358
154 i 40 0.05511574301995248
154 k 105 0.17763179967999543
154 l 65 0.005233268457685347
154 n 180 0.05075173356152329
154 q 7 0.01580963968995963
154 s 20 0.01410760167113434
154 v 89 0.10946538020976715
154 w 8 0.05596805729659371
154 x 102 0.021692713747897607
154 y 138 0.017717321718567436
154 z 82 0.014125884097459962
155 a 78 0.11322524714848292
155 i 48 0.09379244434534129
155 l 105 0.06364709427707793
155 q 145 0.07897588214297924
155 r 168 0.2078203679314511
155 s 80 0.039554350004372574
155 u 77 0.030715427511129434
155 w 115 0.0390065050889018
155 z 86 0.13803470683686447
156 a 18 0.010543441628278027
156 c 72 0.011156416410606496
156 d 144 0.0621723009821763
156 e 87 0.012729809749680077
156 f 95 0.1339730590004352
156 h 32 0.11155715572342817
156 j 55 0.02081836545307658
156 k 134 0.03087946881930892
156 m 111 0.002049641238002997
156 n 172 0.004620854129779084
156 p 97 0.03718547021435259
156 s 130 0.11210206317110982
156 t 71 0.0010707551999674658
156 u 167 0.040356750649969464
156 v 168 0.0006725436508409066
156 w 168 0.06647654091789512
156 x 50 0.05815631259214382
156 y 72 0.19430804631345866
156 z 26 0.030939266631567874
157 a 39 0.055843441980414577
157 b 58 0.020307383293999615
157 d 79 0.06727755555557036
157 h 64 0.026593950506452635
157 i 93 0.012136343302460717
157 j 138 0.09222949988367257
157 k 87 0.039167895825509946
157 l 159 0.15876789064958086
157 m 173 0.021344461963509254
157 o 31 0.004563613938362576
157 p 106 0.0010269792223558394
157 s 22 0.011969553906802877
157 t 29 0.09600833315249468
157 u 20 0.06137737285342182
157 v 94 0.03919218885469988
157 w 44 0.03970050785443424
157 y 121 0.0832959195588584
157 z 26 0.14564678176305335
158 a 75 0.01669765827223524
158 b 114 0.03937529037127252
158 c 122 0.0039051962822568287
158 e 15 0.12947508600432345
158 g 118 0.04697110249426539
158 i 65 0.037223416371442
158 k 21 0.019428340643953934
158 l 55 0.039474273173144114
158 n 117 0.14571274223804398
158 o 38 0.11891747265804631
158 p 116 0.009854271730954323
158 s 112 0.20030417762198927
158 t 104 0.04066399403817211
158 u 6 0.027104517318812582
158 v 63 0.04196880490442778
158 x 118 0.057836305628810036
158 z 133 0.007239263433412746
159 a 66 0.0410379915635638
159 b 43 0.16819101010905368
159 d 34 0.006045654165233283
159 g 91 0.12696873839476808
159 h 82 0.12292321483883861
159 i 129 0.0842778911377553
159 j 168 0.010829056514791824
159 k 123 0.06770947488957724
159 l 109 0.0501989289725886
159 n 63 0.025369823524274637
159 p 52 0.04271579237109102
159 q 45 0.04562686958001483
159 r 143 0.011037110592982735
159 s 7 0.001643039271236435
159 t 77 0.0072409909835429165
159 v 35 0.04108435879966832
159 w 157 0.028366003733796386
159 x 159 0.009432651247938906
159 z 31 0.08478314626382355
160 b 37 0.017847528207712182
160 c 48 0.07923848622030294
160 l 126 0.010036504918996658
160 p 95 0.0240376088426415
160 r 83 0.19823669446729242
160 u 98 0.003460285067526936
160 v 171 0.013990795515991028
160 w 157 0.34020358995082123
161 a 169 0.22298581930114314
161 b 15 0.039249837560999756
161 i 36 0.1903150944953944
161 s 143 0.05887962832385807
161 w 148 0.19023752771438185
162 d 50 0.6805824374410011
162 k 167 0.3054184293181953
163 b 174 0.10441649502128114
163 d 6 0.011337482158744638
163 e 1 0.007666088823637507
163 f 51 0.010933718391585523
163 g 6 0.12828564450492908
163 i 166 0.08280551277951054
163 j 62 0.01920118860801412
163 k 1 0.04548786172580033
163 l 53 0.014145951325094663
163 m 76 0.2694366365308255
163 q 27 0.18333679748398868
163 r 152 0.03640216187308032
163 t 146 0.007832204017753086
163 v 2 0.007116489811967108
163 w 60 0.009358265845642921
163 y 109 0.038334007658485936
163 z 26 0.01904794006147026
164 e 155 0.32632639151556986
164 o 136 0.2882337257513864
164 v 32 0.10188293298701467
164 x 35 0.04345552226027405
165 e 17 0.22047813945581285
165 j 106 0.023058719491750423
165 k 142 0.38196291728017673
165 m 51 0.04162614866190917
165 p 91 0.09357844044832442
165 r 82 0.16448527222384857
166 b 131 0.10455092828088342
166 d 14 0.025937153032383198
166 i 152 0.4661265622323457
166 l 104 0.325920263808964
166 m 155 0.05251382616754208
166 z 96 0.0012705729802500176
167 a 40 0.06972793868589688
167 b 135 0.08192684526129834
167 c 146 0.04057719374215574
167 d 26 0.07599041544567442
167 f 120 0.0424855550310167
167 h 62 0.028982062503979278
167 i 147 0.00017845821740902768
167 l 162 0.03765697560373271
167 n 151 0.3476016541929119
167 p 3 0.00830907299428496
167 w 134 0.11545745364809534
167 x 103 0.04239775418418745
167 z 134 0.06314225118716232
168 b 56 0.21974184445196798
168 c 39 0.07037217564525966
168 d 4 0.019036233375682388
168 e 53 0.10601740727160913
168 f 144 0.04738969749234023
168 g 49 0.0027320843240602466
168 h 39 0.02370980816309931
168 j 70 0.027513768649389148
168 m 166 0.007109465977491958
168 n 79 0.04188727801046288
168 o 53 0.022170039919354734
168 q 91 0.15295094560143085
168 r 51 0.02103250904928966
168 s 33 0.0189748875086746
168 t 167 0.029079908476659533
168 u 179 0.00010723703539627927
168 v 43 0.027023610951225074
168 w 30 0.05472497133829224
168 z 22 0.08009872397454154
169 q 87 0.5801321275750073
169 v 133 0.2429092460075407
169 w 117 0.17494836066036956
170 c 89 0.048962728554107104
170 d 5 0.00017614957339429083
170 g 179 0.07123943349788309
170 h 78 0.03743973491813557
170 i 140 0.2577992153371891
170 j 96 0.005408351266191991
170 k 125 0.06991674203027298
170 l 114 0.08727222446314786
170 m 4 0.021403846519677194
170 n 76 0.023198165473122923
170 o 150 0.1741261401487212
170 q 114 0.005609008618370881
170 t 96 0.06625173349252367
170 u 159 0.08013917494253531
170 z 159 0.019738868661776876
171 a 61 0.15378070616366846
171 b 89 0.033057234059543195
171 d 73 0.03052524030282555
171 g 23 0.10835699382770503
171 k 51 0.03573685064075549
171 l 136 0.019337320603450947
171 n 129 0.08528960939155972
171 o 86 0.11874735504253087
171 q 45 0.08754894080423303
171 r 108 0.06665013273948361
171 t 82 0.06088459722034745
171 u 48 0.014153490628441623
171 x 112 0.010369583272389349
171 y 163 0.016753924095454287
171 z 134 0.11355410027973978
172 d 171 0.0503008756079818
172 f 159 0.3152609805484343
172 p 55 0.3244220173470769
172 s 41 0.011965992384874724
172 x 118 0.02451531390312789
173 w 55 0.5117120752790513
173 z 91 0.0039360801270393875
174 a 71 0.011531083935256259
174 b 129 0.14251174112139953
174 c 159 0.10364151613596462
174 d 93 0.059850612235044176
174 k 73 0.018763311734686372
174 l 36 0.015411913279030132
174 m 165 0.08955289871081218
174 n 102 0.1293221869824711
174 o 124 0.13599665992258536
174 x 128 0.055112225305052664
174 y 7 0.09307283498936825
174 z 39 0.04404580272188563
175 a 55 0.02713365240212373
175 b 115 0.031194749868278415
175 c 24 0.00590052214524861
175 d 148 0.07571020449432175
175 e 147 0.005358393539837136
175 f 83 0.0984604960299238
175 g 160 0.01122974733800608
175 h 134 0.06882680022821086
175 i 25 0.03278516149525634
175 j 74 0.01816470252410607
175 k 101 0.0299471638441694
175 l 60 0.15319149090501405
175 m 98 0.047231049766516264
175 n 63 0.012459119980051225
175 o 76 0.038845653436780814
175 p 110 0.02681159297528901
175 q 107 0.015847108477721306
175 r 37 0.0131938408177118
175 s 134 0.05838976303640153
175 t 51 0.07499859211236881
175 u 45 0.030135851648729894
175 v 69 0.02011074431769333
175 w 150 0.00673605600180982
175 x 118 0.028038604918336985
175 y 104 0.00720229885103818
175 z 91 0.009357208447797749
176 a 116 0.03221732110890385
176 b 153 0.08411959469044372
176 c 94 0.02572342132908767
176 d 74 0.10036300958790578
176 e 95 0.06653899834901755
176 f 154 0.006123920676667782
176 g 33 0.0442778175759001
176 h 14 0.040994080968220104
176 i 55 0.02470895315587851
176 j 145 0.059523756322119814
176 k 99 0.019896895797058778
176 l 73 0.045039888432052755
176 m 166 0.0030966521997543017
176 n 53 0.028553805420793665
176 o 71 0.0031668238464813703
176 p 151 0.05668598238366951
176 q 134 0.0038853172667705493
176 r 100 0.06150103154491715
176 s 105 0.042937674576922324
176 t 134 0.008147885219599527
176 u 123 0.01419178501089291
176 v 88 0.12764832790834768
176 w 33 0.06647563112192678
176 x 167 0.0058209289614392645
176 y 169 0.008916049090774814
176 z 63 0.006286580484524351
177 a 66 0.055194217040337334
177 b 114 0.055434679530421915
177 c 148 0.08556490498170422
177 d 98 0.03777767057178871
177 e 43 0.009565025954483941
177 f 160 0.037280249491131734
177 g 157 0.13629185687477763
177 h 85 0.053135497765350204
177 i 53 0.03177978113248403
177 j 75 0.02236376098090065
177 k 175 0.026520788192009426
177 l 178 0.04500781079688587
177 m 7 0.02918629333103373
177 n 85 0.0483613239647932
177 p 63 0.05087661232300278
177 q 180 0.01863047768854087
177 r 149 0.043883866104749925
177 s 84 0.0048785642798513384
177 t 119 0.011694421475475836
177 u 100 0.04538153821106483
177 v 39 0.005673323373223571
177 w 27 0.0411933921163693
177 x 16 0.06017869895254624
177 y 117 0.009906678116606171
179 a 104 0.036717790490111146
179 c 70 0.006801104742925168
179 d 122 0.02156191421138287
179 e 133 0.021208042185697384
179 f 82 0.0034459214307469566
179 g 89 0.018324586499340545
179 h 45 0.18094966434051607
179 i 137 0.08500519264976836
179 j 170 0.04299051888485994
179 k 98 0.0038595126721597817
179 l 146 0.005263149185885441
179 m 65 0.02355774189216897
179 n 126 0.03032240935401831
179 o 140 0.0023689678079694687
179 p 41 0.16420322027463918
179 q 74 0.011602650281369975
179 r 115 0.06378563934942394
179 s 108 0.057383243086710944
179 u 128 0.09827995142185231
179 w 41 0.03562915058673022
179 x 97 0.0677831454610952
179 y 143 0.006452685044862072
179 z 177 0.007156365261001829
180 u 33 0.00862777876323051
