33 26 479
0 0.06368445918506971
0 0.07953086679904875
0 0.07979590850022389
0 0.04751644480793116
1 0.1052972605801501
0 0.759584318486383
0 0.07698558904084996
0 0.02823796840812398
0 0.018454240629744434
0 0.3317257945618429
0 0.07317035289876084
0 0.03222000224420063
0 0.021343884729060125
0 0.058053270234252996
0 0.023477792927347974
0 0.11993044016183285
0 0.0572233643343788
0 0.03582510779643211
0 0.04138340759660375
0 0.027101160660322643
0 0.034269779858259186
0 0.04764138064561463
0 0.06758612462003843
0 0.011317487042505459
0 0.0029379590295244284
0 0.11253793617898977
0 0.055426515760337414
0 0.04806222934228466
0 0.05198166854182851
0 0.03847334136246949
0 0.11677410605198468
0 0.045158668533261226
0 1.0
0 c 16 0.020391790667380505
0 e 30 0.22791682362272248
0 k 4 0.004348572327130484
0 l 0 0.1007139587410042
0 m 14 0.09968997391092882
0 n 18 0.10779565326046181
0 o 5 0.0659600445419003
0 s 28 0.04749411336250542
0 t 30 0.08263858422625492
0 v 10 0.14843409743503555
0 x 10 0.011014172485969809
0 y 30 0.019917756233636008
1 b 5 0.05749436341183545
1 e 10 0.010085603929837594
1 h 5 0.007809001163325502
1 i 8 0.11968410208795699
1 k 16 0.02542342404166409
1 l 15 0.1059490205355772
1 p 22 0.08339724609884136
1 r 9 0.1127830868980555
1 s 11 0.11173456786930147
1 t 22 0.107313123171354
1 y 8 0.008550496961499232
1 z 3 0.17024509703170287
2 a 14 0.06149231954014933
2 b 1 0.09159475244910831
2 c 22 0.10517122329334982
2 d 21 0.0361141282565991
2 e 8 0.05095030113524268
2 f 19 0.016328503325888977
2 i 5 0.037220418349570794
2 j 11 0.043831263046820945
2 k 20 0.0008370712928535973
2 l 23 0.0077107661798284655
2 m 17 0.13358619568401442
2 n 5 0.0025535868726321853
2 p 19 0.011936049398254878
2 q 20 0.018580657673907153
2 r 17 0.18435860081333943
2 s 29 0.00611808489175425
2 t 19 0.021611687657097423
2 u 4 0.03712610614562106
2 v 31 0.03482076607441631
2 w 26 0.005328729864122361
2 y 31 0.0030780352304279335
2 z 16 0.00985484432477668
3 a 4 0.057282504617471086
3 b 3 0.06892464182153812
3 d 29 0.005662951830374019
3 f 31 0.023393358785304685
3 g 11 0.04141409372178939
3 h 13 0.0241054868584909
3 i 14 0.03100554421610746
3 j 14 0.12751803564440356
3 k 10 0.01688605807625665
3 l 14 0.011812097339779726
3 m 11 0.025887368837236968
3 o 5 0.05452454098677961
3 p 29 0.0473941951715251
3 q 3 0.11835349607300893
3 r 15 0.0019295635358832497
3 s 8 0.004222315476120064
3 t 10 0.03710732450108167
3 u 31 0.09895296340888315
3 w 25 0.10079011887260303
3 x 14 0.014197074288845979
3 y 10 0.041119821128585476
4 a 6 0.006370603556869359
4 b 4 0.04489227020211306
4 c 17 0.016651790436846503
4 d 8 0.07278585907594504
4 e 1 0.020907625009719655
4 f 11 0.08230113598438726
4 h 9 0.03615731228918995
4 i 5 0.013214086121723145
4 j 29 0.005322346324867389
4 k 5 0.005947717281415299
4 l 32 0.0575264196305737
4 m 31 0.023360845296394372
4 n 30 0.061313459006236526
4 o 13 0.0010899592204172137
4 p 24 0.03942201090715802
4 q 12 0.046795034980771755
4 r 27 0.00567744624722577
4 s 16 0.05311488340088111
4 t 31 0.054288041069253445
4 u 13 0.01101063726001772
4 w 27 0.03230870055087165
4 x 28 0.0330546089262207
4 z 15 0.17118994664075127
5 c 17 0.20520407511888505
5 i 26 0.035211606394731976
6 d 21 0.08353028681463082
6 e 24 0.08327377485142617
6 g 31 0.021465731156956602
6 j 25 0.13885497741361552
6 n 10 0.05087613479043174
6 r 32 0.04644071471036404
6 s 16 0.2982364805469666
6 t 16 0.038827064822725355
6 u 24 0.06330723822004647
6 x 1 0.047124999492177966
6 y 28 0.051077008139808755
7 a 11 0.020045190756338926
7 b 28 0.00611476688706214
7 d 32 0.017445683021356406
7 e 17 0.06547399183733404
7 f 25 0.13370349373979573
7 g 4 0.06038195932238155
7 h 27 0.0011774721410577893
7 i 9 0.024953396648761283
7 j 30 0.04986154804242027
7 k 12 0.2059312271585949
7 l 1 0.03926070168490481
7 m 24 0.017750187287625674
7 n 25 0.02964347985007665
7 o 0 0.004530826578623137
7 p 5 0.03618607564579468
7 q 32 0.008675384664969976
7 r 29 0.016684403083834676
7 s 30 0.04554984491060565
7 t 20 0.03882238541808636
7 u 15 0.0039664628643756306
7 v 0 0.0192927077644246
7 w 10 0.004969904858856067
7 x 18 0.04307748664975575
7 y 31 0.07463469138655177
7 z 15 0.00362875938828755
8 b 28 0.10760784102607834
8 c 14 0.005863816728892801
8 e 22 0.0009469391372175506
8 g 19 0.031617791331763234
8 h 27 0.14428304016262317
8 i 26 0.009821255360571213
8 j 27 0.11057972389630422
8 k 27 0.06210130930102409
8 l 19 0.004377152634079784
8 p 25 0.011309550812182878
8 q 19 0.2389732951107062
8 v 31 0.17992655565357152
8 w 15 0.009750194372272647
8 x 27 0.029059993248047866
8 y 31 0.018974058991780507
8 z 2 0.016353241603139557
9 a 9 0.4563743601486462
9 k 3 0.2118998452895109
10 a 27 0.11853453399517355
10 b 1 0.02982322324593345
10 c 19 0.027214592444009256
10 d 20 0.007214202715056128
10 e 20 0.07197525165558949
10 f 7 0.029110622448991208
10 g 25 0.021518597676542295
10 h 14 0.003152788692962649
10 i 14 0.08076665411121353
10 j 30 0.11280701394692683
10 k 24 0.07954620934347578
10 l 27 0.04562661768572651
10 m 20 0.007521747144117463
10 n 22 0.03181021234340331
10 o 31 0.0407111596635541
10 p 3 0.005598294764358358
10 q 24 0.02232712845415208
10 r 20 0.0006348030073067834
10 s 26 0.0031840167459205038
10 t 17 0.03728052970177309
10 u 7 0.06104175904916398
10 v 4 0.01224269726483207
10 w 32 0.03442784552254763
10 x 27 0.010576825763284337
10 y 28 0.022873881233183124
10 z 5 0.009308438482041659
11 a 24 0.02925003855328412
11 b 27 0.027751192441455963
11 c 8 0.009390515059027993
11 e 24 0.01032161428916667
11 f 5 0.00766176617205705
11 g 26 0.05221305350178007
11 h 2 0.030037476427475118
11 j 0 0.10924775939288134
11 k 25 0.08883747238907458
11 l 12 0.019838846010574063
11 n 8 0.008808369775010316
11 o 16 0.04159285738916585
11 q 5 0.0013716022159719898
11 r 25 0.04318960204359057
11 s 20 0.005912642435001447
11 t 30 0.08236689667371133
11 u 7 0.06318242276859798
11 v 27 0.06243831741136463
11 w 28 0.10378334515706478
11 x 20 0.06300368240521348
11 z 29 0.10758052524433004
12 b 20 0.15740781248598545
12 c 3 0.13283272835491122
12 e 21 0.08506131606059786
12 g 20 0.048966456431019156
12 i 7 0.06595478023121382
12 m 6 0.019325294833888895
12 p 11 0.033226479898422534
12 v 32 0.007721013644030994
12 w 19 0.09144476026781401
12 x 27 0.3264290270968795
12 y 2 0.01028644596617645
13 a 27 0.020331457175414736
13 c 7 0.03731373455233522
13 d 1 0.0039621231884208186
13 e 13 0.007431799011431539
13 f 30 0.17117684778251818
13 g 7 0.03378153096093428
13 h 8 0.0007849302305179551
13 i 15 0.09709601121142508
13 j 10 0.035922825567623384
13 k 15 0.018043471748295348
13 m 5 0.018923029720001594
13 n 0 0.03720374827146866
13 o 10 0.02629129347856174
13 p 4 0.02640218375408665
13 q 16 0.11401583426888162
13 r 22 0.04696262834331111
13 t 28 0.060112782051473856
13 u 14 0.008501156248641117
13 v 32 0.13479115046817358
13 w 17 0.031238144602721007
13 y 3 0.011660047129509521
14 a 1 0.0757724858785992
14 b 3 0.01551177353012001
14 e 16 0.15981710131788163
14 f 11 0.05913756274154436
14 h 9 0.02996254503638629
14 k 32 0.00424991958181109
14 m 21 0.011124537612595464
14 n 1 0.012672422582051257
14 q 18 0.04453718657795358
14 r 21 0.19046197344723248
14 t 6 0.024433417465942076
14 u 4 0.03233471833474422
14 v 0 0.05090710343487703
14 w 23 0.2204573968291772
14 x 22 0.00824381309952038
14 y 19 0.02280143029574444
14 z 23 0.014096819306471331
15 i 7 0.7571089999678241
15 v 23 0.12296055987034304
16 h 31 0.013431012848525437
16 k 17 0.26215941051858715
16 l 28 0.09001670676526419
16 m 9 0.04022537398088366
16 p 21 0.021437808457266505
16 t 24 0.09850624044672163
16 v 9 0.07966496377749743
16 x 2 0.05478247507455236
16 y 30 0.28255264379632283
17 a 28 0.011506906339849299
17 c 3 0.13697581900370692
17 e 2 0.037586239483144435
17 g 16 0.030893639661356498
17 h 9 0.008619232720554648
17 j 15 0.16841372339344507
17 k 11 0.00616717942564704
17 l 7 0.023785479491863493
17 m 32 0.00466632334004935
17 o 11 0.05350557528742772
17 p 24 0.08340574086527053
17 q 9 0.03719019048134864
17 t 0 0.07059169707830748
17 u 31 0.08825035817764681
17 v 13 0.04844504363379987
17 w 6 0.06571882308384802
17 x 9 0.014969519910809526
17 z 6 0.07348340082549254
18 a 13 0.01380051577607122
18 b 22 0.09888169148816994
18 c 12 0.00812471270338988
18 d 10 0.020661953709339875
18 e 25 0.06811698001690569
18 f 11 0.06272913391714952
18 g 0 0.030241916865534457
18 h 27 0.04600444773811363
18 i 24 0.022365667237533415
18 j 24 0.015778552928720213
18 k 2 0.0850650037334576
18 l 16 0.00249039335458201
18 m 3 0.08730333843353932
18 n 4 0.013852999117440867
18 o 26 0.0006353668325294048
18 p 3 0.02695765169989217
18 q 29 0.08085348909789458
18 s 10 0.010247736605568103
18 v 26 0.11344653228326551
18 w 0 0.0463689508681
18 x 29 0.003631457234257174
18 y 9 0.07729846932621132
18 z 31 0.023759631435730344
19 d 31 0.05090791024550623
19 g 12 0.019456724239536594
19 h 29 0.07783733356164613
19 i 10 0.056650092180936085
19 k 11 0.028145605727273204
19 m 5 0.15250084739092284
19 n 2 0.017985709720221954
19 p 2 0.07665094305034592
19 q 12 0.25459840924723887
19 s 26 0.002866254184580863
19 w 19 0.1154006905057764
19 x 0 0.04567691827184983
19 y 7 0.07422140101384245
20 a 16 0.002077196843480511
20 b 29 0.10279770378670428
20 c 30 0.08643092017584175
20 e 18 0.09422949077416931
20 f 21 0.04370930543680773
20 h 29 0.07365713163567389
20 j 26 0.03965366055103858
20 k 9 0.030338703904797204
20 m 28 0.008817010611966603
20 o 18 0.029492675878550312
20 q 15 0.010608411511159876
20 r 11 0.004266642699025547
20 s 9 0.3189490254225251
20 u 32 0.028229705251597292
20 v 24 0.023389888039694773
20 w 29 0.03564576712232692
20 y 32 0.03343698049638111
21 a 0 0.16082085964458726
21 d 25 0.11277395904365273
21 e 12 0.16621206257576726
21 h 27 0.02503807373608191
21 l 6 0.026519454038550716
21 m 4 0.017195598622243957
21 o 19 0.12481437024973119
21 p 17 0.07511857722858806
21 r 30 0.02662726440335006
21 s 14 0.03437800292699722
21 t 7 0.04794223365849193
21 v 3 0.02498049924618473
21 w 20 0.06077813996926429
21 x 13 0.03745070347155921
21 y 0 0.011708820539334863
22 a 14 0.02390612060444186
22 b 21 0.16397114675388136
22 d 23 0.10803161944475459
22 e 22 0.08421200035912302
22 g 23 0.03751104921034387
22 h 19 0.06822936942807911
22 i 18 0.09282529310768328
22 k 15 0.022980709307031666
22 m 9 0.030594226586650453
22 p 5 0.016677976099586878
22 q 28 0.16062002811665388
22 s 28 0.012498387074560857
22 t 31 0.013571171538123261
22 u 10 0.08351796249815413
22 y 1 0.013266815250893349
23 c 30 0.12406414551482015
23 d 7 0.04712200453038107
23 e 14 0.1408149570602486
23 h 17 0.07674842218308642
23 j 29 0.06059151354544168
23 m 2 0.02961712530642724
23 n 0 0.011669975645972608
23 o 17 0.04750859566194854
23 p 32 0.023991572140781514
23 r 1 0.02429852614796968
23 s 31 0.05434835718349873
23 w 16 0.011033254909784462
23 x 7 0.26551210071361675
23 y 13 0.07136196241351711
24 a 31 0.016349355615725703
24 b 15 0.11273311987288404
24 c 17 0.0598854734380353
24 d 15 0.004850662142944162
24 e 24 0.09668107787786118
24 f 18 0.019128589434734833
24 g 21 0.045738741073539924
24 h 26 0.004836946944405507
24 i 8 0.039285216879901386
24 j 18 0.03652675310397702
24 k 0 0.0339866364463115
24 l 31 0.056352723668509075
24 n 12 0.0018911783546623484
24 o 17 0.07381100091864834
24 p 29 0.11477361333298164
24 q 29 0.07996517165485562
24 r 17 0.03797166448675182
24 s 31 0.009544522155949253
24 t 16 0.006393529308032608
24 u 7 0.0018148191344133924
24 v 9 0.005910110089056286
24 w 14 0.06640983409082779
24 x 31 0.0449772420188681
24 y 23 0.016041632358553715
24 z 1 0.011202426568045043
25 a 23 0.10399218890188378
25 c 5 0.0824109678995597
25 j 13 0.0946737575966502
25 m 9 0.02600026752717921
25 u 23 0.01209442479096845
25 v 28 0.4110066448018702
25 w 1 0.15728381230289867
26 a 26 0.0036081904884571747
26 b 13 0.03599393360268066
26 c 1 0.015971212778923882
26 d 23 0.007277374092901634
26 e 1 0.13632676675966016
26 f 18 0.024472577619108926
26 g 5 0.13957579435594492
26 h 26 0.009641629757522363
26 i 19 0.06639778007422481
26 j 13 0.004418494958582042
26 k 18 0.0037330713599557086
26 l 5 0.07267497870713224
26 m 17 0.0050080866956290215
26 o 7 0.1542414547933254
26 p 8 0.0015287427522233665
26 r 18 0.010756948852991832
26 s 2 0.028737995655808146
26 t 28 0.044540275231054194
26 v 7 0.042876951385784734
26 w 1 0.0570887375832444
26 x 6 0.06794961551050094
26 z 25 0.011752871224006034
27 f 30 0.4287352006300653
27 h 24 0.17153150181205856
27 k 6 0.0053023609989910625
27 l 18 0.13595383536319738
27 y 17 0.21041487185340302
28 b 19 0.060881001471426055
28 c 14 0.03742316206334306
28 g 26 0.015489208717855307
28 h 25 0.005095623610493871
28 i 13 0.18946083085990595
28 j 12 0.11479295333330641
28 k 31 0.04912525348970831
28 l 26 0.03925615536692073
28 m 31 0.005126531968724035
28 o 16 0.035040793245498136
28 p 22 0.055411074222555756
28 s 32 0.045649805121318
28 t 11 0.07805860376354312
28 u 25 0.07099590269228007
28 w 24 0.05805618593969719
28 x 32 0.08815524559159549
29 f 31 0.1617828181167167
29 h 4 0.23371578152454842
29 l 7 0.01481393874779846
29 n 28 0.03736787809361175
29 t 28 0.04808638950019817
29 w 29 0.1332521709553468
29 y 20 0.17284228526803402
29 z 30 0.1596653964312762
30 a 2 0.003787732453624848
30 b 31 0.031552293628568484
30 c 23 0.05988183990654217
30 f 19 0.0027205085062905754
30 h 6 0.001629711444552595
30 i 10 0.014272158956531555
30 j 17 0.07780207601399325
30 k 16 0.09723245324767749
30 l 31 0.00795711122404541
30 m 27 0.003344227181149906
30 n 7 0.014170962288258426
30 o 13 0.10402327546851686
30 p 7 0.0005790461181279793
30 q 9 0.023958328732892387
30 r 28 0.10259992576858801
30 s 4 0.00894324163258342
30 u 8 0.0022464511099838935
30 v 16 0.06880167594613618
30 w 15 0.05698424327056506
30 x 30 0.010536579966427762
30 y 25 0.10612393672764198
30 z 17 0.08407811435531709
31 f 16 0.13832600676643592
31 j 2 0.011222092267740513
31 t 32 0.10877730483751169
31 u 17 0.10465706121401341
31 y 7 0.3536042613090148
31 z 15 0.23825460507202245
