54 26 770
0 0.00046896606545432373
0 0.14545198678127536
0 0.1488410455711121
0 0.06454604067225755
0 0.0006577525987192523
0 0.02862706071078358
0 0.03759526749566611
0 0.14251709386425093
0 0.18250455384939224
0 0.268396536566337
0 0.0402688904222227
0 0.061951480154491034
0 0.016681801301325905
0 0.02771709884257323
0 0.18811541496894713
0 0.10431431564632243
1 0.0010854659068594286
0 0.1049723714446944
0 0.07126688230583311
0 0.0032712714403340115
0 0.0021460613149063557
0 0.09745740071924358
0 0.05952822112076406
0 0.13450941214308365
0 0.027585280355774344
0 0.06354643681942562
0 0.04943310383009747
0 0.0973604397653588
0 0.03634168693173978
0 0.10022216600421507
0 0.2349411919762805
0 0.03153203949380945
0 0.7293037796482832
0 0.21032426024155237
0 0.01834338168761962
0 0.12016457673366066
0 0.08432432497947895
0 0.1523049971567696
0 0.11006649946197788
0 0.14614412350194328
0 0.021452248565205667
0 0.05997187822500538
0 0.14727757698151744
0 0.09349386942411686
0 0.007929991960025529
0 0.034058403251695735
0 0.09046027257412048
0 0.08798042065264655
0 0.02378689742548168
0 0.23024039201258095
0 0.041939859090162734
0 0.03311532771880166
0 0.11649543623836123
0 0.10125621176228772
0 a 38 0.010660481106633646
0 b 27 0.09529826886046255
0 c 44 0.007505659197034054
0 d 34 0.0771452169423601
0 e 4 0.03725300697290179
0 f 47 0.005107130559791506
0 g 32 0.04946022286713447
0 h 12 0.03763291252360046
0 i 37 0.07316659269724257
0 k 39 5.033937745568817e-05
0 l 22 0.024201893176734712
0 m 47 0.001074247918490756
0 n 53 0.09408462417161645
0 o 26 0.0032466644903497155
0 p 13 0.028234563531808976
0 r 15 0.05201054351462775
0 s 12 0.04042170494121222
0 t 32 0.05524692737043213
0 v 46 0.07157956621738315
0 w 48 0.10348612936350676
0 x 21 0.07854644176686776
0 y 28 0.054117896366898455
1 c 6 0.08203146520381999
1 p 28 0.3013407634123536
1 s 21 0.10846817810335618
1 t 34 0.2710873391094166
1 x 10 0.013633609638347144
1 y 3 0.0779866577514311
2 c 22 0.07286720652679224
2 g 32 0.12932669071756953
2 h 0 0.06775562009030567
2 i 36 0.1231435677471382
2 m 42 0.1819983393386737
2 p 30 0.19568610052357638
2 s 10 0.03551600234521601
2 t 29 0.01553195295898202
2 v 19 0.029333474180634145
3 a 35 0.12258624205666457
3 b 34 0.02056403907755422
3 c 35 0.0021432968534492725
3 d 43 0.024115513301664504
3 e 3 0.04929496907538078
3 f 26 0.07454469651566487
3 g 32 0.005593663867406118
3 h 2 0.04667119859947688
3 i 24 0.0043273238708609885
3 j 21 0.007300669621992273
3 k 3 0.06175235117649602
3 l 45 0.05187477772414417
3 m 36 0.016256654398362214
3 n 51 0.04371784477753349
3 o 27 0.008306786369384866
3 p 17 0.0004431208500514927
3 q 37 0.059793101948677374
3 r 26 0.009898848838532204
3 s 52 0.11591598670363845
3 t 16 0.03324662432367853
3 u 30 0.041797517318213684
3 v 49 0.03265597432618106
3 w 48 0.017101925179629718
3 x 46 0.007256227742895915
3 y 35 0.054617000526591575
3 z 38 0.023677604283617204
4 h 14 0.6337806653176373
4 j 5 0.015922414601030943
4 r 32 0.3496391674826125
5 a 8 0.04184469706447469
5 b 15 0.0038562397324772846
5 c 39 0.036938872248474364
5 d 53 0.16171691116403453
5 e 13 0.0076672172686196305
5 f 22 0.004062052735184674
5 g 13 0.0005937582569084388
5 h 45 0.012429774124061654
5 i 9 0.033265821140889495
5 j 48 0.009370420906090526
5 k 39 0.008046945626325352
5 l 29 0.17384016226868548
5 m 47 0.015382482064914438
5 n 39 0.015433243425789112
5 o 5 0.03199234293560227
5 p 50 0.02566655968562248
5 q 13 0.051492343160279064
5 r 41 0.021691614042122498
5 s 34 0.1803753480856376
5 t 47 0.022065857830373514
5 u 36 0.02151935638776059
5 v 42 0.004903473514935919
5 w 38 0.009517829280860535
5 x 38 0.029039873039844566
5 y 37 0.034825190530355155
5 z 31 0.01383455276889256
6 a 20 0.03574683214535879
6 b 39 0.02450275327698581
6 c 51 0.06024156220723653
6 d 0 0.029232675533369723
6 e 45 0.05599376141920176
6 f 12 0.03494772726591089
6 g 50 0.16571288099411874
6 h 19 0.06294373046653778
6 i 0 0.03249113855542962
6 j 21 0.003738069077492079
6 k 43 0.08608110795921231
6 l 34 0.01469947590469789
6 m 7 0.0064765357183047545
6 n 6 0.05420978905977791
6 p 45 0.038101044218748825
6 q 15 0.06292838506312626
6 r 51 0.059322304074201804
6 s 8 0.001203521292234666
6 t 21 0.02896727288321721
6 u 37 0.025559497702107525
6 v 13 0.028345998028239672
6 w 14 0.009592876943086415
6 x 36 0.008159961640879398
6 z 0 0.03320583107485753
7 a 53 0.13660386434566885
7 b 52 0.02135650418691748
7 c 32 0.13645913227321327
7 d 36 0.00898227467213697
7 e 20 0.003340437572882604
7 f 48 0.01386649005943219
7 i 4 0.00771112595186918
7 j 42 0.02602851826596375
7 l 1 0.05311476814317573
7 m 33 0.12824330520136984
7 n 46 0.013132580433367291
7 q 46 0.00903857682294662
7 s 36 0.01129002541785007
7 t 31 0.0678165973144389
7 v 10 0.08621821223827775
7 w 12 0.03699689584748378
7 x 37 0.05053095646759753
7 z 44 0.046752640921157274
8 h 11 0.6089546534844658
8 x 35 0.208540792666142
9 f 4 0.13808537625628536
9 q 15 0.048163045064305354
9 r 4 0.19062894754050863
9 y 10 0.1503448615401104
9 z 33 0.20438123303245326
10 a 53 0.00550914361226007
10 b 28 0.0051587496815943545
10 d 17 0.020729638491851055
10 f 44 0.12625795162623799
10 g 28 0.08024276356067517
10 h 39 0.0085556875916446
10 i 11 0.017889718354992867
10 j 11 0.11751289555760935
10 m 27 0.05684681060244856
10 n 49 0.008734501742732048
10 p 8 0.05970327604422132
10 q 25 0.018563303176491575
10 r 25 0.023092966741427245
10 s 43 0.013780580634742634
10 t 32 0.0174685850888604
10 u 35 0.0032411761484026913
10 v 45 0.01768820618016631
10 w 47 0.09105117398705753
10 x 53 0.01367106101063209
10 y 44 0.09317715587929554
10 z 49 0.1608557638644339
11 a 36 0.14778638773975672
11 f 20 0.3016819611658438
11 g 38 0.33835196238459553
11 v 42 0.15022820855531294
12 a 4 0.07264783114104645
12 b 12 0.02229574763392883
12 f 42 0.1173668585814176
12 g 7 0.01767398699101952
12 h 50 0.027534551001725083
12 i 45 0.05993451999548871
12 j 12 0.007906187111031526
12 k 39 0.009410521826281437
12 l 0 0.008233760084233932
12 m 20 0.022072653700755063
12 p 4 0.003834768977476366
12 s 43 0.11039993516471514
12 u 48 0.07131205455735579
12 w 31 0.14401044722534273
12 x 18 0.11212807575737616
12 z 22 0.17655629894947977
13 a 42 0.08122265435675136
13 b 30 0.07809532694157029
13 c 16 0.12720123911140746
13 d 26 0.015167746773007695
13 e 32 0.006534316771092175
13 f 3 0.00878769970907689
13 g 25 0.05588939287735706
13 h 1 0.014454914276992081
13 i 40 0.04779295876553258
13 j 2 0.01614775909287891
13 k 7 0.06122861063011231
13 l 16 0.010333289817503033
13 m 19 0.004780078537506505
13 n 8 0.006325586721958043
13 o 38 0.01355560083730789
13 p 16 0.0015813077618456184
13 q 25 0.037339645390619514
13 r 24 0.09238925574154944
13 s 1 0.028744876251065477
13 t 31 0.003534443603705806
13 u 22 0.0017271980375663798
13 v 13 0.0831528635208113
13 w 53 0.13025718464346192
13 x 6 0.028275724728841323
13 y 46 0.01633100965299128
13 z 53 0.001432216604914438
14 e 44 0.5676757091133947
14 j 10 0.058942971221223606
14 s 6 0.027229834571130485
14 y 9 0.15803607012530407
15 a 24 0.08653415858104285
15 b 24 0.010999466117277978
15 c 0 0.07398316012992145
15 d 22 0.034159998923570134
15 e 41 0.013713494030976547
15 g 2 0.015006920778912969
15 h 21 0.01613240141400296
15 k 15 0.018126002792286156
15 l 31 0.08896515899274227
15 m 38 0.09788471755879902
15 n 44 0.001067497503304926
15 o 23 0.023806476943969535
15 p 51 0.023619567577340406
15 q 35 0.04530389161171078
15 s 33 0.012472376638693827
15 u 48 0.04356208946490947
15 w 35 0.10069100595291158
15 x 41 0.15377480860413995
15 y 20 0.02713963747906345
15 z 13 0.008742853258101313
16 a 13 0.008383375830761874
16 b 13 0.012639718598345007
16 c 12 0.03735907131543337
16 d 19 0.12454491655841282
16 e 6 0.007470806105600802
16 f 33 0.14440112946706296
16 g 1 0.01763518002901876
16 h 6 0.006951583854609256
16 i 17 0.017620795965733294
16 j 7 0.020270003906921907
16 k 41 0.0007565763862771302
16 l 27 0.06253532080107227
16 m 53 0.022369472984895444
16 n 3 0.027345454649322032
16 o 28 0.05709047544391821
16 p 43 0.04944863598724847
16 q 14 0.02862809510671982
16 r 39 0.012808102948285938
16 s 22 0.050036031513636336
16 t 7 0.035115421779497336
16 u 4 0.044744832691265946
16 v 22 0.035908096765419284
16 w 4 0.0457570751443509
16 x 16 0.09817251535612437
16 y 42 0.011196502370241057
16 z 17 0.019725342532965984
17 h 22 0.1424965972224267
17 s 52 0.09575290958374427
17 x 1 0.251129587097927
17 z 50 0.40564853465120765
18 a 37 0.1287115379201943
18 c 35 0.051710564753578825
18 d 12 0.024721946062153277
18 e 19 0.058970287089022855
18 g 4 0.001845906136108466
18 h 22 0.07719722114873195
18 i 22 0.05524299724727011
18 j 10 0.08885295943581606
18 k 45 0.0020902408650406157
18 m 42 0.04197754977438706
18 n 37 0.02593918865487932
18 o 17 0.023436347119217604
18 p 19 0.00040143454168140025
18 r 28 0.03648672001998032
18 t 30 0.17092668953495227
18 u 15 0.029399223006614683
18 v 51 0.0486874173750631
18 x 17 0.0145942670510113
18 y 2 0.025950168936323403
18 z 7 0.021590451022139967
19 a 2 0.003240352488406373
19 b 45 0.042005378595611376
19 c 12 0.00871613552223216
19 e 52 0.07678272183771051
19 f 22 0.03114920886129957
19 g 46 0.06131272289976297
19 h 49 0.002272486255788131
19 i 3 0.05678663639747816
19 j 50 0.012410591381025737
19 k 51 0.025504484387761317
19 l 26 0.08644999892747018
19 m 41 0.016998642181056067
19 n 13 0.011213868698734197
19 o 39 0.05319340433914044
19 p 47 0.17880170242323612
19 q 8 0.04700447594333035
19 r 34 0.007009398421365498
19 s 53 0.02382959515355887
19 t 48 0.008759136590279826
19 v 39 0.01474656613988845
19 w 29 0.08907677988669527
19 x 20 0.022217428689937258
19 y 35 0.06645774399104987
19 z 1 0.05078926854684729
20 b 45 0.0324554516326051
20 c 2 0.08265956424756571
20 d 23 0.011276920421171122
20 e 21 0.008528335492257733
20 g 49 0.038613041866188635
20 h 21 0.14401806481160384
20 i 48 0.008405093258376684
20 j 48 0.07743289006041687
20 l 7 0.021386653496009655
20 m 33 0.17310505628877515
20 n 51 0.002464956911383598
20 p 47 0.002651699223922388
20 q 48 0.018265289968564136
20 s 23 0.06797632256493935
20 v 3 0.1981374004926183
20 w 37 0.024329560658363447
20 y 24 0.08614763729033192
21 b 53 0.08200553082169804
21 d 23 0.32276509542666165
21 g 43 0.10878123304148335
21 i 40 0.00880956884522488
21 k 47 0.01851819540302435
21 l 9 0.047600879889524994
21 o 45 0.00918407871664162
21 q 36 0.13574706535308967
21 t 42 0.06173821221163878
21 w 40 0.06636488617257608
21 y 32 0.019611399052123835
21 z 18 0.02141645434706918
22 a 11 0.020491380178194962
22 b 27 0.00616247849731677
22 c 43 0.02618785458076811
22 d 46 0.11961266995844644
22 e 32 0.018670267337930535
22 f 26 0.015897593725070602
22 g 21 0.00312094218627168
22 h 51 0.043744711134623304
22 i 43 0.0015808283234841625
22 j 19 0.051522984728578636
22 k 35 0.0066418843183359
22 l 3 0.00559942382938261
22 m 42 0.03040851457056082
22 n 39 0.05475397170121499
22 o 25 0.08021258183355995
22 p 2 0.02345167067540299
22 q 47 0.0009227563125201454
22 r 46 0.050350083905195464
22 s 16 0.05460190418444255
22 t 3 0.016423142649118483
22 u 29 0.05474852486716697
22 v 45 0.005197479562045526
22 w 26 0.004902613269540224
22 x 19 0.012215991633056311
22 y 43 0.19945152682540512
22 z 31 0.03359799809160269
23 a 23 0.07742902830273701
23 d 43 0.1524549657210953
23 j 30 0.33760340143494316
23 q 22 0.08281427547192399
23 r 43 0.0294304861404443
23 u 38 0.05539256800626435
23 x 45 0.09976343274697075
23 y 34 0.030602430032537487
24 e 20 0.11002739843119813
24 i 33 0.2793669217598531
24 n 12 0.011134337677354833
24 o 50 0.05261811395663729
24 r 7 0.026210518364825464
24 s 50 0.07265136937828864
24 u 21 0.010823920985049362
24 v 35 0.18994156877680413
24 x 11 0.032427296588611654
24 y 10 0.18721327372560304
25 c 43 0.02752742268347752
25 d 48 0.05068223632822666
25 f 39 0.014663282600568706
25 h 36 0.13199527701349933
25 j 51 0.023568355795582696
25 l 31 0.10264080285627963
25 m 51 0.0028162999495303653
25 n 34 0.09541439683084874
25 o 42 0.2957972050994083
25 r 28 0.06291451624800504
25 t 17 0.006451698000164541
25 w 43 0.01680606291872011
25 y 45 0.056350946239959954
25 z 39 0.04882506061630276
26 e 23 0.045954994064248855
26 h 11 0.17550868974326694
26 k 10 0.08857461899658803
26 l 21 0.38824139110890676
26 n 12 0.10311617875906354
26 o 46 0.04472903762209224
26 v 30 0.048630620945248726
26 x 3 0.05581136493048744
27 b 32 0.28185160294440426
27 c 5 0.0735049791080199
27 d 51 0.15870932275681782
27 e 41 0.0391065373848708
27 h 26 0.2515838587010413
27 k 11 0.04409778814484333
27 q 21 0.05378547119464383
28 a 17 0.04581304338478154
28 b 40 0.04384560237063162
28 d 45 0.024428115387584604
28 e 13 0.01182206231715699
28 g 43 0.008812334471739569
28 h 40 0.002122785063463639
28 j 33 0.004358743392285813
28 l 6 0.05718914321941582
28 m 38 0.022486006793486002
28 n 34 0.08793404529923021
28 p 8 0.06675523567922725
28 q 0 0.27985490737575336
28 r 43 0.08356817570971131
28 u 48 0.05961538469543903
28 w 23 0.01437954271960773
28 x 41 0.11411579945908423
28 y 48 0.036557385729661496
29 c 6 0.01314437981479677
29 f 7 0.4124382583505509
29 h 27 0.09118425686072873
29 l 21 0.039277769690728936
29 m 51 0.007146741553454072
29 p 13 0.05684918087872348
29 r 50 0.08884892077899242
29 t 16 0.05119848327259924
29 u 34 0.009306175304107267
29 w 45 0.02953111506130046
29 y 8 0.10085255242980262
30 a 53 0.04763986799545217
30 b 7 0.02344529275038454
30 c 39 0.015230984763465849
30 d 0 0.017636419434858608
30 e 49 0.0014082319093278173
30 g 24 0.00323762736717792
30 h 22 0.041274761516688185
30 i 44 0.10305956776332292
30 j 16 0.11077491206009649
30 k 23 0.012151087190760301
30 l 39 0.01813418607188888
30 m 19 0.0004142906734120322
30 n 35 0.0344411331167368
30 o 10 0.04314399027774962
30 p 28 0.114216686225461
30 r 42 0.01872848699618379
30 s 38 0.028862307519560204
30 t 32 0.010340704140841095
30 u 43 0.049406644064205474
30 v 20 0.0004391493165004645
30 x 31 0.06006615536244442
30 z 4 0.011006321507200933
31 a 12 0.09365940613747858
31 b 53 0.017954232078446486
31 c 14 0.004057762285406885
31 d 19 0.04958088390756943
31 e 30 0.013683047410723792
31 f 26 0.013921525690741232
31 g 40 0.1057612104747232
31 h 3 0.0415129362359451
31 i 14 0.00667650640774109
31 j 41 0.09643243914489108
31 k 10 0.051165115077501544
31 l 21 0.04387553742506678
31 m 9 0.09211469217995416
31 n 41 0.028427469922535642
31 o 14 0.07150345296673821
31 p 4 0.012790579236846122
31 r 16 0.0019438081717252365
31 s 21 0.0031595677108484654
31 t 44 0.0010382982046407419
31 u 37 0.011962044759843193
31 v 32 0.06282868693572852
31 w 29 0.08275553143180725
31 x 4 0.04372884459556681
31 y 5 0.010672969830253787
31 z 52 0.007261412283467217
32 g 49 0.08518286838747635
32 v 50 0.18551335196424046
33 i 15 0.08396821804613308
33 m 34 0.30367049498996124
33 s 50 0.026023603113868976
33 u 22 0.27480258360764687
33 w 23 0.10121084000083747
34 b 12 0.008740331079573727
34 f 19 0.09087874749927582
34 i 43 0.4337769395336504
34 o 21 0.02527062381334122
34 q 21 0.013714233212310245
34 r 33 0.24170383774849613
34 t 46 0.04000888747565812
34 v 49 0.12756301795007474
35 c 13 0.24343146779350933
35 d 43 0.04822568992393006
35 e 13 0.05536240281443805
35 f 3 0.2662866430331565
35 g 3 0.024428911222918126
35 i 34 0.07133987697293998
35 l 43 0.10558403073389677
35 s 47 0.019543528297943258
35 z 33 0.045632872473607256
36 a 20 0.01697392511464746
36 b 49 0.07470071543289769
36 e 0 0.031659374057882994
36 i 27 0.09019430359428715
36 j 1 0.06216048571246191
36 n 48 0.00695656489083929
36 o 47 0.06841759469034514
36 q 41 0.06551453188795542
36 r 32 0.09702221817500145
36 s 29 0.006192393290839537
36 u 25 0.06460432938336713
36 v 29 0.11499243729212094
36 w 1 0.051056690218095446
36 x 25 0.05083823591464154
36 y 22 0.11439187536513795
37 a 51 0.08906555990213716
37 b 14 0.001818879730538514
37 c 10 0.005945056995114606
37 d 13 0.02897491235741656
37 e 49 0.052361486367803245
37 f 50 0.030393923735339556
37 g 15 0.03299351723033905
37 h 48 0.06291401246284023
37 i 0 0.0012456391034796344
37 j 46 0.032699024153293066
37 k 17 0.01111327624782521
37 l 35 0.02029846319827122
37 m 45 0.023371341651039157
37 n 17 0.11180755324495406
37 o 16 0.028242358897004105
37 p 49 0.008111563959349088
37 q 9 0.06628389824926584
37 r 16 0.036235886234073145
37 s 16 0.04294927189108544
37 t 8 0.056256036836837664
37 u 0 0.00850796072976312
37 v 37 0.06397400867873126
37 w 22 0.006550057265641063
37 x 32 0.008259293006547375
37 y 52 0.01263764021054714
37 z 41 0.00468438050399389
38 a 6 0.04855981433865053
38 b 49 0.032542669259124524
38 c 15 0.1063581292868101
38 d 51 0.0022355493210388655
38 e 0 0.028266197568760587
38 g 26 0.06282128690959188
38 h 11 0.003403940466464861
38 i 46 0.1262794263003516
38 j 38 0.020761762556807506
38 l 32 0.007154725032005649
38 m 6 0.023450046620095977
38 n 13 0.07471607811246239
38 o 31 0.012534414352710632
38 q 1 0.01624618034829184
38 s 44 0.06770875796945153
38 t 28 0.016282960707997174
38 u 15 0.05310181106504441
38 v 10 0.012041792153908992
38 w 18 0.02735352407240821
38 x 40 0.03846024974880824
38 y 44 0.099362803787855
38 z 6 0.010291380559381613
39 a 38 0.05101196236277794
39 b 40 0.042291235754699064
39 j 12 0.0955306753409012
39 l 49 0.33556505077516197
39 q 9 0.03697277836622759
39 v 17 0.006764651005172095
39 w 32 0.12977830510693578
39 y 31 0.15594121778618109
40 j 43 0.16294171932577972
40 n 23 0.13465360012266503
40 p 24 0.3900695498156417
40 t 33 0.2908828821707079
41 c 42 0.02239711884811557
41 d 34 0.04531024523760574
41 e 26 0.016560667252214722
41 f 11 0.005157624412803652
41 g 28 0.0067423059361682025
41 h 6 0.03318376203309348
41 i 17 0.03326279467672766
41 j 51 0.06260247816971021
41 k 25 0.07163638932436911
41 l 31 0.05844959164933794
41 m 37 0.04537341915496329
41 n 36 0.035010450674676674
41 o 26 0.10111028950156009
41 p 7 0.04782862047315373
41 q 22 0.00041638955229605923
41 r 36 0.07515700080899712
41 t 21 0.010488391445651835
41 u 3 0.07142568916982528
41 v 16 0.007983620369411693
41 w 3 0.0007132199429107366
41 x 25 0.09313552905475664
41 y 30 0.07634202393127165
41 z 51 0.01974050015537354
42 a 39 0.09240112217651897
42 b 4 0.052558773712857
42 c 17 0.11176287855164324
42 d 23 0.012198079180343102
42 f 28 0.06899376508673083
42 j 20 0.012897720266695889
42 k 41 0.009292326617003188
42 n 39 0.04093875745722031
42 o 48 0.16412824185802843
42 p 31 0.02074559788454544
42 r 32 0.031913630163832085
42 s 32 0.03252642849394538
42 t 40 0.06625148224400845
42 u 38 0.00949009376618104
42 v 10 0.03488679619891655
42 w 9 0.020390564433143465
42 y 38 0.06223689476322303
42 z 41 0.009109270163646155
43 a 50 0.03801850487565661
43 c 11 0.025913181812368347
43 d 12 0.00939405077085298
43 e 22 0.03829113844337184
43 f 31 0.017946016003486887
43 g 6 0.05332085382481755
43 h 8 0.011142915550506505
43 j 8 0.06399131305037387
43 l 1 0.08349611239061128
43 m 41 0.047857099057824315
43 n 7 0.015525379572579934
43 o 16 0.09673631166011276
43 p 44 0.01026174056850726
43 q 22 0.020374068653169264
43 r 27 0.05886144696826612
43 s 11 0.0018948031240225705
43 t 9 0.09210379871371877
43 v 28 0.030008982337731416
43 w 4 0.019129152269957372
43 y 27 0.01761102074296994
43 z 5 0.15462824018497756
44 a 42 0.060681614972504794
44 b 3 0.028198894802635155
44 c 13 0.010039849501936149
44 d 49 0.008829062754894035
44 e 45 0.06728412959494012
44 f 32 0.04006962991796559
44 g 6 0.0043852958816227305
44 h 19 0.03401714417070567
44 i 19 0.08972411403223701
44 j 38 0.0016618067743061626
44 k 1 0.02552055309127954
44 l 25 0.07291174013948476
44 m 18 0.01940224158228654
44 n 35 0.021929341680417713
44 o 40 0.054207347861290556
44 p 7 0.010483611497997702
44 q 11 0.020445498918467586
44 r 46 0.03694908617221859
44 s 33 0.08440095607597131
44 t 6 0.024636390322665846
44 u 16 0.025026648967405807
44 v 40 0.00520803784913948
44 w 23 0.18727085974659163
44 x 50 0.038406385696909684
44 z 31 0.0203797660341003
45 b 43 0.01802560516522289
45 c 9 0.05235844120757949
45 d 45 0.019148325024139545
45 f 4 0.013318818818507827
45 g 12 0.1529392698474542
45 h 20 0.015568776256348671
45 i 7 0.06294387383399758
45 j 45 0.006427135731173705
45 k 28 0.09623443211588223
45 l 51 0.07268739990013084
45 m 17 0.05789774839636508
45 n 27 0.023227319608925434
45 o 28 0.0061067776383839645
45 q 22 0.026217887864385836
45 r 19 0.10466599952881517
45 s 43 0.055824137204134705
45 t 49 0.03102501391949164
45 v 19 0.07078469478419736
45 y 14 0.059448049521967694
45 z 46 0.021091890381200407
46 a 49 0.00955058086073457
46 b 45 0.04962181783871278
46 c 10 0.10366588190885462
46 e 16 0.1839388995465453
46 f 10 0.02016722946263083
46 i 15 0.006267022163420122
46 j 8 0.07396443038659484
46 n 36 0.10385440637622367
46 p 32 0.007035549759150994
46 q 16 0.04245278694562937
46 s 10 0.11262319927109343
46 t 35 0.0042013664994272615
46 u 16 0.03096115684838563
46 w 34 0.031151500017724265
46 x 3 0.053674963038459644
46 z 47 0.07640893650229219
47 j 7 0.22719470519033647
47 t 11 0.43991371126488565
47 u 46 0.24491116289213133
48 b 33 0.031240440155503868
48 h 3 0.3564460502118698
48 j 1 0.23331922178671927
48 s 35 0.3552073904204254
49 h 37 0.5870869532030475
49 n 22 0.04548350525696587
49 u 36 0.13718914952740568
50 c 10 0.010087150255838395
50 d 33 0.050945896295109594
50 f 41 0.06989510710918778
50 g 24 0.15058643151342566
50 h 12 0.08973345509236252
50 i 43 0.07012994431506314
50 l 12 0.046783879685408425
50 n 47 0.08356801301037386
50 o 36 0.0021032085557626257
50 p 23 0.011301758316963562
50 t 30 0.10983386033588283
50 u 24 0.015898371402984668
50 v 49 0.06968260655538416
50 w 43 0.11435715565217397
50 x 35 0.005349001937092979
50 y 23 0.04217530217578069
50 z 48 0.015628998701042396
51 d 41 0.18415481763809527
51 f 21 0.01354484370651432
51 m 44 0.214603570620993
51 t 5 0.10989310019723353
51 v 40 0.23496098319963432
51 z 10 0.2097273569187279
52 a 5 0.05174811278506619
52 b 36 0.009985676705337787
52 d 53 0.010744933270736223
52 e 47 0.02865257758785089
52 f 14 0.07159701036312249
52 g 10 0.06369409482685418
52 h 10 0.02380430616740903
52 j 51 0.04926432572136785
52 l 36 0.003675479905674628
52 m 39 0.06808483945102028
52 n 5 0.0002460554966967621
52 o 21 0.001961259818094363
52 r 0 0.06505571911283115
52 t 6 0.1731988179610493
52 u 42 0.03637845605526213
52 v 41 0.047689643335873666
52 w 12 0.046795036644015964
52 x 22 0.040476230483837194
52 y 40 0.06734754525103115
52 z 42 0.023104442818507542
53 b 42 0.010725328967610248
53 d 19 0.000470819499374997
53 f 19 0.072739727294164
53 g 17 0.16077912354268864
53 m 47 0.03044883577730617
53 n 42 0.1361889174506956
53 o 48 0.10792185900076123
53 p 47 0.03345953604758223
53 r 51 0.09460913915749136
53 t 42 0.11973654384444554
53 u 28 0.0858434466855833
53 y 6 0.04582051097000894
