11 26 134
0 0.16891500017050864
1 0.04400273240491792
0 0.08347811645480019
0 0.14540533391466193
0 0.022709845210163393
0 0.010521909582990485
0 0.03671318687684255
0 0.04290644679942279
0 0.21361598968256568
0 0.03159566611588893
0 0.12846515469131636
0 w 9 0.8310849998294914
1 a 0 0.0003749039992168024
1 b 6 0.08141433446800939
1 e 2 0.007876023735739479
1 f 9 0.07311516491398262
1 g 5 0.06501575375812485
1 h 10 0.02526298985756037
1 i 3 0.07471132910737976
1 j 0 0.059221653289851184
1 k 2 0.11588345415858181
1 l 8 0.001320794817055826
1 n 6 0.018031690102815023
1 o 8 0.0019095648756088934
1 p 8 0.009960464258239154
1 q 1 0.12439436013356331
1 r 9 0.010529272394969258
1 s 6 0.03189326965800554
1 t 6 0.017488269368894138
1 u 10 0.01070543565016091
1 w 9 0.024261249990694567
1 y 8 0.18105352123563256
1 z 3 0.021573767820996625
2 b 6 0.07973064590294043
2 c 4 0.04739176794468947
2 i 3 0.012597254679321268
2 j 4 0.30304808979690334
2 n 5 0.12474367066827952
2 r 5 0.17790990509234195
2 s 10 0.018154455161310867
2 x 1 0.15294609429941297
3 c 2 0.002261295184012524
3 d 8 0.002777878113085608
3 g 3 0.10817443582473196
3 h 4 0.07922223983066712
3 l 0 0.2555182676958251
3 n 9 0.0034967329018902316
3 o 1 0.06782381134434656
3 p 1 0.07857114500930906
3 r 6 0.07349578331974504
3 s 2 0.03370314653442297
3 u 4 0.03163719251804398
3 x 10 0.08169892206808493
3 y 5 0.036213815741172994
4 a 9 4.1719499528691806e-05
4 b 1 0.06968608434293244
4 c 3 0.009104017760743432
4 d 6 0.01355874098881793
4 e 1 0.06403384698944226
4 f 3 0.005824268022179613
4 g 5 0.16339108948158543
4 h 1 0.007882399255761174
4 i 2 0.04616984385020728
4 j 9 0.06700000667938777
4 k 4 0.01863715837113722
4 l 7 0.02931858868928361
4 m 10 0.03365289000331284
4 n 6 0.01847183910637884
4 o 0 0.02847647606170578
4 p 1 0.09986499040438634
4 q 2 0.02066930527583577
4 r 1 0.004754687080865461
4 s 9 0.009692677311958664
4 t 8 0.011897387617526567
4 u 9 0.019276840749057
4 v 6 0.012908445151329606
4 w 2 0.06967586279507698
4 x 9 0.007570433449551883
4 y 8 0.020308040690069085
4 z 0 0.12542251516177494
5 a 6 0.015512638095931841
5 c 2 0.23867227418837855
5 h 7 0.35116040434779205
5 j 10 0.25444634743046735
5 p 8 0.12968642635443972
6 e 0 0.0631717063766083
6 h 7 0.12651129871557187
6 i 6 0.04469193169638097
6 j 7 0.024665949041142388
6 l 7 0.1483101738418212
6 m 8 0.004567907114149783
6 t 3 0.11535420000625074
6 w 1 0.2022914880309168
6 y 10 0.0680808117344891
6 z 6 0.1656413465658263
7 g 4 0.09622834493739674
7 j 2 0.005598856472423419
7 k 6 0.056999297791548775
7 l 0 0.18155682134562345
7 m 4 0.19559492114488586
7 r 6 0.14316681444259138
7 v 7 0.20381670616805014
7 y 1 0.041152733477280656
7 z 1 0.03297905742077678
8 a 2 0.0946979374164294
8 j 9 0.5588601938126266
8 z 6 0.13282587908837828
9 a 9 0.05646102051479873
9 b 9 0.020329329223150783
9 c 7 0.03421266144936641
9 d 8 0.03176849793897596
9 e 4 0.03161365276831252
9 f 4 0.00613798787678177
9 g 9 0.026369964664326728
9 i 9 0.020955874939798558
9 j 7 0.011015270442381153
9 k 1 0.022392311457837155
9 l 0 0.028235721980692685
9 m 5 0.19701109380513748
9 n 2 0.01017264893018599
9 p 6 0.15976997314541652
9 q 8 0.012926835890673893
9 r 2 0.0031666842126480965
9 s 9 0.002175104479000156
9 t 8 0.012713805588833504
9 u 7 0.0003965546634729922
9 v 10 0.010031689457326243
9 x 6 0.11643017355017626
9 y 5 0.12868348793380613
9 z 0 0.025433988971011345
10 b 0 0.0507395287082264
10 c 6 0.025973761977606258
10 f 6 0.010527535659927256
10 g 0 0.0898330916102289
10 h 6 0.08872786202135163
10 i 8 0.03449023944803864
10 j 2 0.03493712330138965
10 m 6 0.029481712813169136
10 n 4 0.01194824072137357
10 o 8 0.14359322037678823
10 q 0 0.0062201289409196114
10 u 0 0.06572521864463232
10 v 1 0.11933728078943173
10 w 3 0.021598928164282993
10 x 3 0.1384009721313173
