184 26 2503
0 0.00032945580893783966
0 0.12707060328580166
0 0.14385699294367815
0 0.07173659368980956
0 0.021826104614536823
0 0.03897189087060615
0 0.22457244754249606
0 0.3048519674275718
0 0.0731711006521274
0 0.02394356513068463
0 0.0760130530541292
0 0.5198839773253633
0 0.015357435089147997
0 0.5654153434750838
0 0.7117682008560413
0 0.010277889732678847
0 0.05209545680175087
0 0.05603500550571705
0 0.001191891128931477
0 0.05395833153372631
0 0.0927484169012297
0 0.2560023135070343
0 0.1345604308805135
0 1.0
0 0.06472981803707012
0 0.039360293461036644
0 0.010325215632968288
0 0.15997393236281343
0 0.00011937847847998118
0 0.04663831773271088
0 0.29505714755917634
0 0.028327202357515735
0 0.0558607102380575
0 0.03794177318078973
0 0.05735724025520661
0 0.03257116798990389
0 0.16704721671147216
0 0.06806026660229492
0 0.02893400837375859
0 0.21027341637925567
0 0.04005581235991296
0 0.0017687347448444024
0 0.28588239268507454
0 0.034797998413187314
0 0.068423778455722
0 0.007983354445953661
0 0.05897080442177616
0 0.2996692476499343
0 0.15211639191067228
0 0.12614268214195645
0 0.018245533253517965
0 0.05503558865569391
0 0.03773326526950327
0 0.006534358904762949
0 0.10939309307793588
0 0.005222098233913952
0 0.027664161719408553
0 0.11566059925531624
0 0.06015575537566342
0 0.2118340143038666
0 0.04941772156689728
0 0.221493082445553
0 0.007559874169190017
0 1.0
0 0.005775284095832944
0 0.056254632722255504
0 0.07915810528126654
0 0.006858372574170657
0 0.012154478704961447
0 0.013330338731563751
0 0.0397301578463678
0 0.4956540839823861
0 0.7188154898097199
0 0.08348165660283702
0 0.28545535844486103
0 1.0
0 0.14957154245053028
0 0.04031923394383108
0 0.047015333784808266
0 0.32457158849664114
0 0.06874136625994154
0 0.05930508944611135
0 0.0032036977933540545
0 0.0661021376552553
0 0.0450515849343226
0 0.010382881638633212
0 0.04348291927400627
0 0.12882101052716666
0 0.32483744205416965
0 0.02803084844643977
0 0.0659386733445555
0 0.048933688838081135
0 0.07767009339595987
0 0.05748974308646493
0 0.03900612499780509
0 0.028094666858812012
0 0.07585782452651546
0 0.0631246824101942
0 0.046457277458650914
0 0.0939433263694679
0 0.1561212452203754
0 0.04467914112154203
0 0.04408975643252466
0 0.15754099384473508
0 0.3208905048427523
0 0.019209804578585676
0 0.12184701921042618
0 0.01499647098212964
0 0.11158485573183041
0 0.16350259462047223
0 0.04709375041891184
0 0.18734121263070225
0 0.001477751070767308
0 0.10319756206575559
0 0.003816334671305155
0 0.008002071571201474
0 0.04487220966009353
0 0.05969667279118829
0 0.03422096316005485
0 0.04489685601273663
0 0.035445750183143554
0 0.004710406431832848
0 0.0974858884122638
0 0.27634707597866237
0 0.06566852259707112
0 0.005164667935903089
1 0.02002012562760458
0 0.07658867605699371
0 0.1805176150416712
0 0.03181198369321503
0 0.010149689607630075
0 0.10219440081971176
0 0.011213905354858777
0 0.07474951747371739
0 0.05226211623057264
0 0.0996055277602238
0 0.016910855882898312
0 0.024628610188295652
0 0.11079298935336201
0 0.16060546607387716
0 0.0243504500534224
0 0.0016813934470579772
0 0.040225099524350605
0 0.042003864549959746
0 0.020925619337083923
0 0.0594630713853227
0 0.006591123644735464
0 0.03760018728719139
0 0.055205201401027915
0 0.5608730196261745
0 0.2772629297528545
0 0.005079554964987909
0 0.460696403049765
0 0.005686072911695761
0 0.03703965923933239
0 0.36857752794501797
0 0.07661744356882827
0 0.029638132193605005
0 0.026986128501190754
0 0.015406480292529778
0 0.02081125522260685
0 0.01644510440146607
0 0.028913217125868806
0 0.05040338468033245
0 0.008573241126399234
0 0.02805014533808947
0 0.05008406780977748
0 0.07182584300033268
0 0.11388045080253573
0 0.01564681446148042
0 1.0
0 0.04688432050930569
0 0.022402204304472817
0 0.42320359265429486
0 0.06670671220266633
0 0.031481127171600676
0 0.0006166460211585179
0 0.04040839471656621
0 0.020160486979580172
0 0.4250415635918635
0 0.04388047578689047
0 3.575924175169831e-05
0 0.018787521492264148
0 0.13147024360979065
0 a 9 0.08961186430493506
0 b 75 0.002294099901168356
0 c 10 0.05444622143450262
0 f 144 0.059924109895714395
0 k 51 0.005747804803924339
0 l 182 0.1205137810666248
0 n 79 0.05763339342121543
0 p 88 0.0374425171290349
0 r 84 0.03461567513262043
0 s 27 0.15844866048032036
0 t 169 0.03317732830430298
0 u 181 0.15642707244752507
0 y 116 0.055881945466625504
0 z 144 0.13350607040254792
1 d 131 0.18691444272168778
1 e 29 0.06556992167333209
1 j 140 0.1982022154338441
1 k 36 0.09242177088678216
1 q 126 0.12672584122869968
1 w 108 0.20309520476985254
2 b 3 0.13479749878111325
2 c 4 0.049464379649254875
2 d 152 0.0013746149152241705
2 h 93 0.016471102678918936
2 i 130 0.303428751338348
2 l 90 0.06411269776164485
2 m 156 0.07192413292633792
2 n 148 0.017104275433686422
2 o 60 0.04863087047859327
2 p 0 0.040787886888217884
2 r 85 0.013063498105049365
2 s 13 0.020303226100683136
2 u 112 0.009015863368675436
2 w 16 0.04568953234166806
2 z 7 0.019974676288906257
3 a 137 0.04470976155674444
3 b 53 0.05547185035436886
3 c 63 0.0069540526339726405
3 e 109 0.024721062644554093
3 f 14 0.0014873057069764162
3 g 14 0.08248756780747446
3 i 76 0.19259975037625165
3 k 54 0.19325390052713243
3 n 155 0.020295142771355135
3 o 153 0.026346000245350498
3 p 28 0.018913733776167008
3 s 17 0.025568316747069164
3 t 3 0.041577908505857186
3 v 149 0.0927780048804897
3 w 68 0.024252183421135887
3 x 136 0.012710877444163993
3 y 46 0.06413598691112687
4 h 87 0.1484358846627417
4 l 28 0.03731729307628717
4 n 144 0.0397548369413091
4 p 179 0.29461446838469507
4 q 30 0.04903949982201905
4 r 123 0.12179521954108086
4 t 165 0.18765824293472955
4 x 157 0.06194181703289281
4 y 82 0.018356545630654808
4 z 73 0.019260087359053046
5 a 56 0.005004286207306086
5 b 50 0.04308356112345657
5 c 165 0.0525087253180514
5 d 64 0.08053264759796364
5 e 139 0.02639957283236427
5 f 152 0.012721854556489332
5 g 131 0.1286642141758254
5 h 12 0.09354700711739439
5 j 155 0.06056989281332892
5 k 1 3.1689072621854386e-05
5 l 150 0.004172780877461313
5 m 30 0.01843931496661222
5 n 105 0.10869516789104972
5 o 138 0.045569446147614046
5 p 106 0.007109027270860824
5 q 14 0.02090244937662966
5 r 178 0.03997273745248453
5 s 133 0.013220860579832405
5 t 64 0.009328630470867294
5 u 38 0.009720626735396865
5 v 148 0.09610432670546343
5 w 16 0.02775444002144578
5 x 175 0.027685086369762635
5 y 143 0.019466577938997753
5 z 54 0.009823185510113519
6 k 30 0.36714438185337284
6 s 90 0.10296138144548506
6 v 179 0.30532178915864605
7 a 48 0.09992763995899034
7 s 172 0.4515737224470425
7 y 164 0.11207477186648584
7 z 129 0.03157189829990947
8 e 118 0.00686255581821249
8 f 15 0.08618910431757187
8 g 108 0.4011689365484735
8 i 173 0.0815545613546691
8 l 8 0.12527893835255488
8 m 174 0.01652984861720086
8 o 91 0.02916785701612734
8 s 99 0.006544673022415237
8 t 170 0.12477977422426734
8 w 72 0.04636644706242299
8 z 48 0.002386203013956978
9 a 148 0.014242220319235943
9 b 76 0.004520412193125711
9 c 6 0.01990969029959977
9 d 83 0.06866708973887936
9 e 169 0.028618112455676248
9 f 69 0.06305888649541458
9 g 9 0.016888937380421187
9 h 95 0.03630118243100511
9 i 77 0.03483642921538099
9 k 153 0.1031847967004822
9 l 16 0.008419155979945803
9 m 146 0.10316354983304021
9 n 29 0.06602657479533491
9 o 72 0.06512358967569754
9 p 79 0.04961251016688828
9 q 71 0.03976775528893706
9 r 131 0.02061274453160533
9 s 2 0.07091898337314895
9 t 141 0.08260914313017165
9 u 91 0.0471963445437914
9 x 125 0.0007675721798248158
9 y 12 0.019911505612440372
9 z 157 0.011699248529267958
10 a 132 0.1091136426718411
10 b 72 0.005823469668542192
10 c 129 0.09833035115034361
10 d 134 0.003312505499055707
10 e 22 0.09551408819501606
10 f 19 0.09634186040872561
10 g 165 0.0022051705021577384
10 h 113 0.06347895003135773
10 i 127 0.014041664108890517
10 j 144 0.01534073846249917
10 k 173 0.009081542727060632
10 l 107 0.023832704654893844
10 m 152 0.07513922482613988
10 n 153 0.06446106002329788
10 o 75 0.019023066103385555
10 p 154 0.012471596741563062
10 q 153 0.0054138285026966715
10 r 99 0.027768223164826078
10 s 78 0.003728761969923222
10 t 19 0.041405005004224504
10 u 109 0.10055584589287159
10 v 159 0.014291203129847552
10 w 175 0.0028490814299850786
10 x 127 0.0073550764757155385
10 z 54 0.013108285601010294
11 c 132 0.030962941952392686
11 d 136 0.10396831112513316
11 g 122 0.28230799660679173
11 k 60 0.017977861472709966
11 u 99 0.044898911517609164
12 e 181 0.03309260928363833
12 g 59 0.3111143292253826
12 j 137 0.12465556222793817
12 n 56 0.11609048934211263
12 o 135 0.17129298522454695
12 w 75 0.013836675833496348
12 y 88 0.21455991377373695
13 r 123 0.4345846565249162
14 e 58 0.11390867809078398
14 o 54 0.13976181049505065
14 p 29 0.03456131055812406
15 b 160 0.0396951727955438
15 c 92 0.050134110867370074
15 e 72 0.010919587202246062
15 f 43 0.05894248223648746
15 h 2 0.07902256056702772
15 i 108 0.04688381051672863
15 j 79 0.15284711869179635
15 l 147 0.11710988629534946
15 m 130 0.01319710854041356
15 n 85 0.056061950128448945
15 p 150 0.024113380809605456
15 q 160 0.022729347342198447
15 r 90 0.018662154193716862
15 s 16 0.008617807712193337
15 u 86 0.03833042172314205
15 v 32 0.006704110708237732
15 w 162 0.025452258117270365
15 x 114 0.07079869337870037
15 y 30 0.10422822916863084
15 z 158 0.045271919272213634
16 a 38 0.09158042035747893
16 g 118 0.18890860280657829
16 l 100 0.04129824911628999
16 o 97 0.2600503120875207
16 p 167 0.009613068507667744
16 t 18 0.23917600009490492
16 u 114 0.09340251653601028
16 y 22 0.023875373691798263
17 a 62 0.05695726324846451
17 b 21 0.008572453007059111
17 f 58 0.032344338397479855
17 h 58 0.10883657394068602
17 i 80 0.015925174721807767
17 m 136 0.04244682293750357
17 n 36 0.04622811599205989
17 o 31 0.0062741081388449915
17 s 84 0.024035098802099863
17 u 30 0.018230082797689118
17 v 135 0.1356265408340872
17 w 157 0.09315775899734258
17 x 5 0.06383313355781517
17 y 176 0.165022739459185
17 z 71 0.1264747896621583
18 a 30 0.016157267291516564
18 b 168 0.02193832399306117
18 c 27 0.031040686210326074
18 d 89 0.20405447267550803
18 g 129 0.03041581693030382
18 h 112 0.024181092667236892
18 i 30 0.015943369632582582
18 j 92 0.050040559640153415
18 k 135 0.030765538943634207
18 l 31 0.018975660113463966
18 m 74 0.04095346220958829
18 n 121 0.056307948794264595
18 o 22 0.07900636233772196
18 p 101 0.06594846850777614
18 q 68 0.013166272449004257
18 r 64 0.009324512095728488
18 s 173 0.011075404027439895
18 t 96 0.01734697879629754
18 u 33 0.13632133899920773
18 v 105 0.06678842186892597
18 w 152 0.03194918826263471
18 x 175 0.01765887015287404
18 y 32 0.009448092271818198
19 a 46 0.10752993145592649
19 d 85 0.05993050222065377
19 e 127 0.23710674722390168
19 f 173 0.14671137645061882
19 i 115 0.025857970943783504
19 j 5 0.03146503343328011
19 k 106 0.14948364859777497
19 l 59 0.024244165064489676
19 n 109 0.012520801599935516
19 o 114 0.008672886984442685
19 p 69 0.009940795986187467
19 t 131 0.026987513086264903
19 x 23 0.022353063208252255
19 y 58 4.6791453659489335e-05
19 z 174 0.08319044075710236
20 a 62 0.09972911981268073
20 b 23 0.03570615289847556
20 c 15 0.012169351269522233
20 d 91 0.003600485713492696
20 e 36 0.042414724207016086
20 g 166 0.017092208575502088
20 i 67 0.04159976598487547
20 j 131 0.13491940386711565
20 l 79 0.003353539162252339
20 m 126 0.003364265851225401
20 n 28 0.053258902766651905
20 o 85 0.010640188229077863
20 r 152 0.023795727526264576
20 s 59 0.04719797721013186
20 t 1 0.043363426818584294
20 u 1 0.0016132277145045615
20 v 141 0.030042494879551906
20 w 72 0.09339837637484238
20 x 2 0.10564988532573771
20 y 58 0.07879908523760482
20 z 98 0.02554327367366016
21 e 25 0.012713334732870951
21 h 180 0.053439113960397355
21 m 133 0.3008313037462109
21 o 66 0.038482360995045206
21 s 141 0.04770645431796239
21 w 100 0.032588204088069395
21 x 50 0.05888103322693705
21 y 19 0.19935588142547245
22 a 7 0.03100265636665933
22 f 154 0.02075561719695196
22 g 165 0.08561073492900206
22 h 17 0.05660639819785096
22 i 87 0.10668217402036484
22 j 90 0.0924869877408766
22 k 12 0.03085014708470324
22 l 139 0.012867167572654603
22 m 162 0.005497646386907862
22 n 127 0.04321548472825665
22 o 72 0.043202538433408155
22 p 5 0.01935610645358643
22 q 118 0.021915989526876012
22 r 139 0.02021589128411294
22 s 86 0.033546065464720054
22 u 94 0.0019957294068573272
22 v 146 0.013918398982769142
22 w 23 0.02753310146318777
22 x 79 0.07930468632774357
22 y 3 0.06702349396603446
22 z 17 0.051852553585962524
24 a 131 0.04980222120331834
24 b 162 0.051579654423319576
24 c 140 0.01122199146360603
24 d 60 0.019956044232042336
24 e 100 0.02296625684474929
24 f 178 0.06682033522444086
24 g 108 0.03252984418353411
24 h 179 0.04298062752506515
24 i 134 0.012543286024423339
24 j 132 0.037691020624293525
24 k 105 0.003327118149070607
24 l 125 0.028956690579357125
24 m 100 0.05637253108295648
24 n 133 0.028677333843559416
24 o 66 0.034048146966552895
24 p 2 0.035072006542873346
24 q 50 0.01402472762396878
24 r 87 0.04093287390907718
24 s 156 0.025547018052125448
24 t 101 0.013307784853658133
24 u 138 0.05177590108264696
24 v 12 0.017897671763084655
24 w 13 0.07774654832658368
24 x 179 0.032507817710617726
24 y 176 0.10161125977058982
24 z 136 0.025373469957415073
25 d 59 0.049596624373642095
25 e 5 0.017944514441353032
25 g 92 0.03721273123653146
25 i 6 0.06047961795946677
25 j 85 0.0026118862196657933
25 k 21 0.07932480072337778
25 l 171 0.12772295267417355
25 n 9 0.040331074801912004
25 q 47 0.0929347904858483
25 r 148 0.0751642825722797
25 v 78 0.02222399074224113
25 w 70 0.08355949822686637
25 x 90 0.09528491322480448
25 y 20 0.1762480288568009
26 c 74 0.009428356852444919
26 d 124 0.09827995345277962
26 g 69 0.1693712357624696
26 h 130 0.028557826963531263
26 j 182 0.13000489129123605
26 l 64 0.013474330213855579
26 p 90 0.18999499918458373
26 r 18 0.12260038047500377
26 s 155 0.03383176644431052
26 t 113 0.029974814992174803
26 v 18 0.025338916563535596
26 x 127 0.05925030690145716
26 z 174 0.0795670052696491
27 d 128 0.09423647442141514
27 g 88 0.0078876945861035
27 j 47 0.08017921040695541
27 k 64 0.2506873857958344
27 l 140 0.007356519654052596
27 q 162 0.04643959197245617
27 t 81 0.0890423217138806
27 v 88 0.25943619027369014
27 z 139 0.004760678812798624
28 b 131 0.030635711143493616
28 e 154 0.01285752051328104
28 f 156 0.0411042406691865
28 g 64 0.04232677449031419
28 h 21 0.006287181401441577
28 k 13 0.02612597503510372
28 l 114 0.011247110386100045
28 m 25 0.0038684959633705773
28 n 68 0.00017809036962379565
28 o 43 0.07109929806771453
28 p 71 0.10216369437534256
28 q 112 0.0411217628651539
28 r 112 0.11409963167937254
28 t 40 0.17844862023770125
28 w 85 0.030563444335090062
28 x 147 0.03674779719750054
28 y 92 0.14948517284438845
28 z 132 0.10152009994734112
29 a 31 0.04340483916513915
29 b 135 0.0443072909642368
29 c 181 0.01945345409486532
29 d 30 0.05292501468119526
29 e 32 0.005255808498457193
29 f 100 0.0007078316590619638
29 g 77 0.11829855138496248
29 h 118 0.09168657582939832
29 i 70 0.057359872909805265
29 j 47 0.07625729086847521
29 m 64 0.003508791346972795
29 o 24 0.01164842740051164
29 p 81 0.08278474184320672
29 q 163 0.04685605060631015
29 s 84 0.10210985575687626
29 t 64 0.014624063991035885
29 u 39 0.04264781913759674
29 v 111 0.0738513567167477
29 x 42 0.0010145978630516916
29 y 67 0.03383907364534389
29 z 65 0.03082037390403869
30 b 110 0.09893278518288062
30 d 136 0.14654610081377129
30 g 183 0.03883026651440313
30 k 140 0.12922410073903057
30 l 91 0.29140959919073806
31 b 99 0.07036679403548474
31 c 183 0.00017237182174045795
31 d 87 0.11273648597285113
31 e 51 0.05994355550813657
31 f 171 0.026906141107840176
31 g 8 0.021619917884617812
31 h 169 0.0005665853332480486
31 i 179 0.013093253574166686
31 j 101 0.002320898477136235
31 k 76 0.033895896616384924
31 l 22 0.03616220387674218
31 m 62 0.011768535180466944
31 n 63 0.05654424150758608
31 o 16 0.04768106568389463
31 p 4 0.006261162399284537
31 q 28 0.02514655566053725
31 r 137 0.11229203965638868
31 s 39 0.07490170443956568
31 t 99 0.03312371670033998
31 u 100 0.06422292207031177
31 w 138 0.00020222683050785673
31 x 85 0.07729309942374207
31 z 33 0.08445142388150984
32 a 44 0.0032989025252738724
32 e 129 0.15987250270355402
32 g 179 0.11179473970435838
32 h 17 0.25178189248868765
32 j 24 0.00462217948855248
32 l 78 0.02986695148019114
32 m 60 0.01252782165534283
32 o 116 0.0514359330232842
32 t 14 0.012208321330552607
32 u 173 0.0633347635956637
32 w 181 0.00958957585935083
32 x 53 0.20082092072201452
32 z 7 0.03298478518511627
33 a 105 0.03639190960273364
33 b 3 0.0005276109248781857
33 c 132 0.010723747991742916
33 d 24 0.03547367200127005
33 f 53 0.13072575989977042
33 g 106 0.001989921595724531
33 h 72 0.016805428429610192
33 i 154 0.018086411530939706
33 j 98 0.004957305339394424
33 k 129 0.11580040258087498
33 m 84 0.07241534135759597
33 n 39 0.04065191985620864
33 o 141 0.035287731477114836
33 p 73 0.10194423886597836
33 q 139 0.0682411116505135
33 r 120 0.04207768014945723
33 s 155 0.04690387639873639
33 t 131 0.007597129295285554
33 v 125 0.006245338895390029
33 x 85 0.004174583803996379
33 y 161 0.05672123663472828
33 z 89 0.10831586853726605
34 a 154 0.023904466339593755
34 c 40 0.037356586119637214
34 d 98 0.10457603180170716
34 e 83 0.0038323324983996487
34 f 53 0.08986724683682823
34 g 70 0.08733070438511825
34 h 162 0.02875828562694993
34 i 105 0.05999233959690564
34 j 160 0.05798169720941593
34 k 169 0.00333466054651399
34 l 127 0.04626729959530507
34 m 48 0.005673604400158294
34 n 58 0.008911608544905691
34 o 71 0.056665239172702164
34 p 45 0.020344753496283507
34 q 78 0.023183635145747616
34 s 86 0.045650931613628876
34 t 105 0.02305437893391704
34 u 15 0.11914000794203994
34 x 145 0.04859765719053377
34 y 125 0.01667358993575163
34 z 70 0.03154570281275004
35 a 167 0.5965952120597979
35 c 20 0.12613478106916565
35 e 123 0.02778818324704968
35 k 134 0.10845701934694574
35 n 122 0.021114572866442027
35 v 85 0.08733906342069508
36 g 149 0.1477947914894071
36 w 11 0.6851579917991207
37 g 6 0.01646678869601248
37 i 13 0.4159948697030673
37 l 108 0.012068118275071704
37 m 165 0.17006742223559368
37 p 9 0.020381937223033497
37 q 145 0.03606066138977826
37 t 172 0.11949777243011994
37 x 80 0.1414021634450282
38 b 180 0.043892015598754774
38 q 38 0.1048496891567261
38 s 98 0.7438511677369009
38 y 43 0.025632719807826443
38 z 137 0.05284039932603324
39 a 22 0.006264541807559865
39 b 119 0.09045724031611113
39 c 21 0.09824033067994709
39 d 39 0.0931097646687652
39 e 130 0.009978684931601256
39 f 32 0.04876816479650514
39 g 30 0.046286782396722126
39 h 103 0.012385891237642888
39 i 10 0.025418889798122013
39 m 170 0.007622637334581683
39 n 149 0.06029956315794871
39 o 177 0.060708806747764577
39 p 139 0.07819844073937565
39 r 91 0.019667098370225844
39 s 51 0.01542990435968139
39 u 6 0.003999963413922836
39 x 62 0.020490622034405326
39 y 82 0.006027891617071179
39 z 91 0.08637136521279043
40 d 117 0.22571122331240256
40 e 17 0.008194338861167716
40 f 174 0.006613676227858134
40 g 93 0.09019836513839852
40 l 163 0.01928914714208363
40 m 131 0.03776459299688162
40 n 81 0.017093398014686456
40 o 68 0.0728303038521333
40 p 168 0.1277452180576789
40 r 22 0.32022378610223534
40 t 42 0.005416438329955864
40 y 39 0.028863699604604998
41 a 39 0.015064802661944987
41 b 163 0.1428333668317947
41 c 107 0.02524157298514873
41 d 47 0.009418429483692092
41 e 92 0.06883578741097707
41 f 30 0.024564647041668386
41 g 96 0.027426956261356494
41 h 118 0.004381629138806464
41 i 61 0.011707877253986698
41 j 39 0.017178212112533564
41 k 139 0.09418376220361024
41 l 125 0.0007785579385046759
41 m 120 0.04852397493763849
41 n 88 0.0014136196150641434
41 o 32 0.12342448947464268
41 p 41 0.012491435280566288
41 q 170 0.028838310737633766
41 r 8 0.1505590717122275
41 s 31 0.042303332561679285
41 t 165 0.015501715674730576
41 u 80 0.016162036922197753
41 v 69 0.06998991237555718
41 w 172 0.0034019667906000084
41 x 63 0.03949697904193461
41 y 152 0.002842720253250386
41 z 98 0.0016660985534088235
42 a 48 0.11166034665184355
42 c 167 0.027287143594977525
42 d 46 0.31610034641757656
42 m 167 0.004396113475095498
42 n 33 0.012158576141639066
42 o 71 0.013249585601532443
42 p 130 0.16784915812142376
42 w 35 0.061416337310837066
43 a 169 0.09112216033048814
43 b 60 0.0037593973981854267
43 c 160 0.038296167872762465
43 d 114 0.08615356808403829
43 e 10 0.007896830411530109
43 f 122 0.05836754683045686
43 g 85 0.030947181525318834
43 i 90 0.051657991116701996
43 j 41 0.009454915955130927
43 k 131 0.002037800209098717
43 l 81 0.10379158108266129
43 n 37 0.03803591424157715
43 o 46 0.08892157779346965
43 p 78 0.13191342410330154
43 q 75 0.01819296914485713
43 s 165 0.018135064597980532
43 u 102 0.009965764128788579
43 v 60 0.0004370878432811143
43 w 144 0.032351408499082024
43 y 56 0.13679025636633468
43 z 97 0.006973394051767223
44 a 39 0.05765664744678223
44 b 46 8.488470235701318e-05
44 c 140 0.027792857644911684
44 d 86 0.03230578845922316
44 e 6 0.010271823872330388
44 f 128 0.08696361227107974
44 g 39 0.04990717014628143
44 h 166 0.006462284388265793
44 i 24 0.0012203726334699683
44 j 39 0.026773483833943845
44 k 8 0.018253671616785594
44 l 139 0.0609320480399389
44 m 14 0.0005750764162197886
44 n 146 0.052366745694750305
44 o 157 0.03049808839948842
44 p 51 0.20969110336325292
44 q 76 0.021598611059116424
44 s 30 0.03250352647982857
44 t 20 0.015517824137505132
44 v 140 0.042857737677190366
44 w 72 0.04471475643937173
44 x 104 0.05926577373329611
44 y 169 0.024479852542708125
44 z 181 0.018882480546180358
45 d 86 0.024425600807943315
45 f 171 0.011684299046753388
45 i 177 0.0929295205878129
45 j 136 0.1440672833194392
45 k 18 0.23573140842402773
45 s 173 0.4282571875476475
45 u 112 0.054921345820422296
46 b 135 0.02157821008371763
46 c 131 0.1519785408463743
46 d 164 0.10103757226406629
46 e 65 0.008055238047294577
46 f 92 0.028590969259762344
46 h 173 0.015031674869714573
46 i 87 0.06339918826507707
46 j 84 0.07182303281589786
46 m 174 0.13361631191149403
46 n 75 0.009232131729233317
46 o 156 0.041196628772912525
46 p 23 0.009252809096303882
46 q 11 0.008028153066259813
46 s 157 0.024890905526427032
46 u 169 0.14689309124908034
46 v 25 0.027049762960108414
46 w 150 0.008684188134348014
46 y 108 0.014373576120971232
46 z 139 0.0563172105591806
47 c 74 0.026075270766471537
47 e 28 0.02823851551728407
47 f 153 0.002692159957117468
47 g 61 0.061003648380179354
47 h 75 0.0667701088813355
47 l 9 0.09286647653452063
47 m 45 0.03264863513251104
47 o 125 0.03510592856616157
47 p 4 0.13024457222231345
47 q 145 0.04499587156248208
47 r 92 0.027453587922935507
47 s 109 0.027877017129111614
47 t 158 0.03012083780543484
47 v 114 0.019977279294507322
47 y 60 0.07426084267769972
48 b 179 0.058511773525088295
48 e 69 0.05005515412812789
48 f 141 0.061595355057105894
48 h 3 0.10494736338123667
48 l 66 0.003919756353057413
48 n 31 0.012866234902840112
48 o 8 0.0364836854627959
48 p 135 0.15537725625786503
48 q 49 0.0003498543669928633
48 s 36 0.12001291262286429
48 t 98 0.004580486600080147
48 u 6 0.06453279136788281
48 v 67 0.1746509840633904
49 c 135 0.3341761864736862
49 h 130 0.5081801593817106
49 n 152 0.03150097200264679
50 a 80 0.010086639076024584
50 b 109 0.06018984747227385
50 c 134 0.015314830811658076
50 d 3 0.023384627818060832
50 e 91 0.021008649640953503
50 f 78 0.06202271734532849
50 g 13 0.01951290358359048
50 h 156 0.13411011567089104
50 i 70 0.05501669657766728
50 j 109 0.014248324657258005
50 k 95 0.018423096403839212
50 l 47 0.12812904973542938
50 m 84 0.027371346086132675
50 n 55 0.013016916154428237
50 o 109 0.01712774138680706
50 p 168 0.0018351315102657084
50 q 177 0.010132504677549004
50 r 59 0.08102422200987758
50 s 47 0.046470477697328705
50 t 179 0.04571585285336954
50 u 1 0.051051566002073834
50 v 24 0.09721033517717914
50 w 90 0.0066604177746582005
50 x 169 0.012113308615080864
50 y 149 0.0027055099475710165
50 z 88 0.007871638061185737
51 a 174 0.04375489574331759
51 c 170 0.047203197055791235
51 f 126 0.014465877099799629
51 g 159 0.04118908862598569
51 j 77 0.03354737067411662
51 k 181 0.017584118998052123
51 l 51 0.03684784200762581
51 q 9 0.03643164023335832
51 r 53 0.2893449664403833
51 v 18 0.00886626099862875
51 w 23 0.26895808447736513
51 x 69 0.08673478030278636
51 z 169 0.020036288687095505
52 a 115 0.032376335467511064
52 b 174 0.0681270281152998
52 c 5 0.07014727059359294
52 d 36 0.006740867995514099
52 e 98 0.020540458343858314
52 f 73 0.07335933428594343
52 g 174 0.0061343972601388685
52 h 70 0.02668889793036955
52 i 4 0.006094418379237521
52 j 138 0.023558440032411365
52 k 39 0.0782192543298188
52 l 111 0.08503740947891525
52 m 180 0.011416993121961205
52 o 179 0.05312860181688017
52 p 109 0.004696072865249312
52 q 45 0.06196257657088977
52 s 49 0.05085141675430871
52 t 153 0.03786282877860825
52 u 12 0.08988010372128996
52 v 111 0.0005906569605866885
52 w 143 0.05505358573411112
52 x 174 0.06392066369966964
52 y 147 0.00329546213579035
52 z 48 0.032583660358540545
53 a 13 0.019641733549507157
53 d 164 0.1235115393243964
53 j 163 0.09490497934341524
53 o 4 0.19615322153708026
53 q 50 0.35851424260862397
53 r 173 0.014749669387444264
53 u 123 0.13361707190256555
53 v 162 0.013530802501749095
53 w 1 0.02613856814582194
53 y 83 0.012703812794633174
54 d 57 0.19767344839016177
54 f 126 0.17710268063758394
54 i 69 0.24389436541804865
54 k 163 0.07443744380355
54 n 165 0.03349093348683596
54 u 65 0.03720129859595356
54 v 152 0.12680673658993025
55 q 142 0.7337029625852397
55 z 20 0.26107493918084634
56 a 85 0.0797012396701462
56 e 27 0.028431456217435813
56 g 114 0.07972256053348603
56 i 121 0.04756648869291047
56 j 178 0.01649247207448934
56 k 153 0.037769695136370074
56 l 41 0.036330164105610185
56 o 122 0.0147643017526361
56 p 110 0.07302994916613503
56 q 81 0.014312147665190622
56 r 31 0.06938591111512771
56 s 64 0.03282109865501481
56 u 37 0.1409730457544317
56 v 141 0.21255137329049134
56 w 148 0.03908113615093811
56 y 24 0.03874716631852382
56 z 123 0.01065563198165409
57 a 123 0.06517910272371841
57 b 133 0.107451219871471
57 c 0 0.004427799984593306
57 d 114 0.028315119602438266
57 e 54 0.016262283256366694
57 f 150 0.02401710443042948
57 g 177 0.05667603900289486
57 h 100 0.007447851717471421
57 i 158 0.047527522826538604
57 j 178 0.005608512896653872
57 k 85 0.005171377465437721
57 l 44 0.021330976253017053
57 m 164 0.10588181173972067
57 n 9 0.014934779706097578
57 o 135 0.015359084485661922
57 p 32 0.01853850104816368
57 q 169 0.053100985153931024
57 r 147 0.0988792566701363
57 s 33 0.03943536749842347
57 t 166 0.08930829057819745
57 u 0 0.014012175210710631
57 v 98 0.006899981969644364
57 w 108 0.0005042185612064154
57 y 156 0.002688873250909496
57 z 157 0.03538116484085008
58 a 86 0.13728703156788458
58 b 168 0.020050449429321326
58 c 33 0.1368214744576618
58 d 64 0.004440924389889966
58 e 178 0.01980911289810161
58 f 38 0.0658057790975628
58 g 94 0.0065434024571178195
58 h 132 0.004362103366287506
58 i 78 0.009760253915894523
58 j 141 0.029108807221303823
58 k 162 0.01781903067869206
58 l 174 0.0005222516362272112
58 m 151 0.017226759944290904
58 n 142 0.04620445376139015
58 o 30 0.006707326145668935
58 p 72 0.009727699995490169
58 q 11 0.019395696708165877
58 r 100 0.10246182383067892
58 s 83 0.014326257886073335
58 t 138 0.06139649988103213
58 u 111 0.04794130309671951
58 v 133 0.01671217103895517
58 w 93 0.045582417576608636
58 x 31 0.06314396118832022
58 y 11 0.030389600099764214
58 z 12 0.006297652355233385
59 a 18 0.47607851052772965
59 g 17 0.2806695617862047
59 j 160 0.031417913382199014
60 a 144 0.0103694218560757
60 b 144 0.08039818367434959
60 c 21 0.0086002587586117
60 d 131 0.05268794345809247
60 e 137 0.03671541275363854
60 f 98 0.016323720997034052
60 g 40 0.0007540593211082802
60 h 142 0.06596797961552459
60 j 49 0.046775893108222166
60 k 108 0.039948643507981885
60 l 47 0.06183594360967826
60 m 0 0.009701823887400929
60 n 13 0.0008753245838664103
60 o 129 0.004489599240117492
60 p 182 0.07366800874690893
60 q 10 0.23615687243419137
60 s 112 0.054315483998871095
60 t 134 0.030065274460847724
60 u 99 0.006628107890859436
60 v 30 0.01122543180780522
60 w 114 0.0021557812710351065
60 x 18 0.07297514060725441
60 y 63 0.0009657921224981436
60 z 126 0.026982176721129236
61 b 45 0.09731164247587809
61 c 183 0.05590846409206507
61 e 65 0.03303587505496797
61 i 1 0.2398382460994115
61 o 144 0.14012036674546435
61 q 45 0.056880416938182354
61 t 28 0.15541190614847766
62 f 14 0.167051390161695
62 m 133 0.08481471815435093
62 o 79 0.15540690465832352
62 v 89 0.5003274158385884
62 z 164 0.0848396970178521
64 a 173 0.03760072843537199
64 b 13 0.07345225383005183
64 d 51 0.04889040850503423
64 f 122 0.015652630931757838
64 g 126 0.00919218679502165
64 h 7 0.10014167468086388
64 j 159 0.021629632916468577
64 l 9 0.03583340550902869
64 m 164 0.0006713346565908607
64 o 162 0.0026912716748325183
64 p 17 0.025130188790864705
64 q 40 0.15989131904213294
64 r 83 0.08110063378706311
64 s 8 0.019400800294729237
64 t 52 0.03814473129535412
64 u 70 0.0550624665598245
64 v 165 0.06595311015625782
64 w 141 0.0013797611988557446
64 x 79 0.025268696314112216
64 y 159 0.03928172815073139
64 z 59 0.1378557523792192
65 b 16 0.1552063692008624
65 e 148 0.14527829096252098
65 f 128 0.052736196400998026
65 g 147 0.03593235728338051
65 h 73 0.028724552311717666
65 i 26 0.05051528558669027
65 j 113 0.0341417290949132
65 k 117 0.03641865173161929
65 l 140 0.09659984913662156
65 m 159 0.08408746538604772
65 t 42 0.1322550633516335
65 u 20 0.055676563826191905
65 z 104 0.03617299300454746
66 a 8 0.1620158542444372
66 g 105 0.04303079845569813
66 j 114 0.29178643776402824
66 k 93 0.006875831949653688
66 m 1 0.09286670852627066
66 v 30 0.05485013447586351
66 w 176 0.096631336910869
66 x 31 0.17278479239191302
67 a 60 0.01128384804571847
67 b 55 0.02107313900816743
67 c 53 0.0677178404925649
67 d 10 0.022218427938481722
67 e 39 0.020512643628508243
67 f 11 0.03792581820119356
67 g 166 0.027361022938651947
67 h 22 0.007129100545116618
67 i 120 0.013179905939117997
67 j 159 0.008145817273373379
67 k 111 0.04031032082481201
67 l 7 0.10938129555390119
67 m 159 0.02167278386088478
67 n 139 0.07028345204763731
67 o 136 0.03208840777342037
67 p 66 0.048154573745085916
67 q 0 0.08450433526441925
67 r 74 0.09498978980933537
67 s 150 0.021112714638398367
67 t 81 0.06873349220927094
67 u 37 0.011082330627359416
67 v 148 0.050604339394622944
67 w 138 0.0015613003229718592
67 x 144 0.024872993889073713
67 y 9 0.008647697799766374
67 z 102 0.06859423565397527
68 a 49 0.06534858822648626
68 b 130 0.16222414834280163
68 c 106 0.026929400355002464
68 f 105 0.05623807984441498
68 i 94 0.08377941835701319
68 j 3 0.008498165530278712
68 k 29 0.00795340730745786
68 l 96 0.06258304356547206
68 n 128 0.04311137493581729
68 o 152 0.15594238354763224
68 q 165 0.009323428801843336
68 t 86 0.10966593341552922
68 u 28 0.034426816429905416
68 v 92 0.0049197960176756705
68 w 94 0.0021032921045828212
68 x 64 0.14470754199151414
68 y 24 0.00850219909379002
68 z 103 0.0015885034278212418
69 a 155 0.03360698323156497
69 b 161 0.08000901548982886
69 c 91 0.0183325118390828
69 d 49 0.09612310047558215
69 e 164 0.04143974611060919
69 f 62 0.015244818828369477
69 g 42 0.0288271928888868
69 h 48 0.006490414599037542
69 j 81 0.05912100643409468
69 l 90 0.006161285980623932
69 m 116 0.1051193126080966
69 n 68 0.029982222599074126
69 o 42 0.09492883075712943
69 p 159 0.026240333302949836
69 s 117 0.1665268017799144
69 t 146 0.014902611864684001
69 v 114 0.049366778648364806
69 x 109 0.04604358999852354
69 z 167 0.06820310383201911
70 a 74 0.014514377142582746
70 c 96 0.037675568993178477
70 d 37 0.02379389493004591
70 e 36 0.10432273969081718
70 g 82 0.027025456500597067
70 j 113 0.014578852643117646
70 l 43 0.05447064285089365
70 m 77 0.08800245752288272
70 n 103 0.1291601756745815
70 p 171 0.010114040280128522
70 q 2 0.02851145805120403
70 r 39 0.031211962729249643
70 s 6 0.06522243095727365
70 t 45 0.03444223877836683
70 u 102 0.08288052437865212
70 v 62 0.0633978129604813
70 w 81 0.03635420352707841
70 x 149 0.027978548829475036
70 z 159 0.08661245571302578
71 s 57 0.443182750922408
71 y 163 0.06116316509520592
72 m 131 0.19967430407636677
72 s 11 0.08151020611391335
73 a 142 0.01813648997644768
73 b 129 0.027399398684482934
73 c 164 0.006971340738521903
73 d 103 0.039070618851561045
73 e 138 0.02233544198569193
73 f 108 0.07753464132311694
73 g 23 0.04474936881391156
73 h 58 0.011937931437989158
73 i 161 0.03150692744629191
73 j 12 0.034849510403177186
73 k 89 0.002429595129203599
73 l 0 0.025656666061530164
73 o 106 0.07491941609216246
73 p 110 0.0392549755210696
73 r 167 0.059021993923931926
73 t 81 0.1859353595027985
73 v 165 0.009946827084998722
73 w 2 0.04265980227024835
73 x 170 0.04338379103093337
73 y 7 0.0544589753034278
73 z 136 0.06435927181566625
74 d 70 0.08566686072547958
74 p 94 0.13366405118213798
74 x 175 0.4952137296475214
76 a 95 0.0003822129455443024
76 b 119 0.03897701524840047
76 c 141 0.22179895086204282
76 k 163 0.06319468139519357
76 r 157 0.025971241235207332
76 s 145 0.49825938318937046
76 z 83 0.0018449726737107541
77 f 132 0.009869100629474215
77 h 85 0.03313363930286073
77 k 94 0.06512651697753968
77 n 63 0.04898133986583808
77 p 131 0.022779446207232823
77 q 52 0.009589202514313833
77 r 156 0.15391631372707582
77 t 158 0.01650963813775841
77 u 81 0.17987947981184804
77 v 55 0.1926540549949658
77 w 5 0.04911535610024176
77 x 51 0.02728109060396333
77 y 25 0.07617582023767544
77 z 113 0.07466976694538097
78 b 31 0.05856032509569853
78 d 92 0.055642909115280914
78 e 145 0.046365197534193436
78 f 59 0.0014707125175366098
78 g 16 0.003444839176994008
78 h 22 0.0017582194728267275
78 i 44 0.03563310911134454
78 j 30 0.047125081755789666
78 k 181 0.027950766727154464
78 l 176 0.038565402994912734
78 m 51 0.007767980906043137
78 n 99 0.031412123793162605
78 o 116 0.048546833037949155
78 p 13 0.16920076078213175
78 q 1 0.03304876961212466
78 r 17 0.11559217675456979
78 s 0 0.020715651767938326
78 t 80 0.005921185056112277
78 u 172 0.05821803676425685
78 v 0 0.011038909359821658
78 w 153 0.008988170825749764
78 x 26 0.049476006245857906
78 y 10 0.07654149780774222
79 d 168 0.1522099186928373
79 f 169 0.013259096738270859
79 g 149 0.03116310469410022
79 l 54 0.05037537666316627
79 m 175 0.14479074546450987
79 n 115 0.0722865135253743
79 o 170 0.051808745708585846
79 t 67 0.03659019716090939
79 u 105 0.03403994838527824
79 v 57 0.08890476447032658
80 b 181 0.06381470088045749
80 c 52 0.41223488291572996
80 t 105 0.455209049943871
81 a 144 0.024221276623572874
81 b 181 0.03504491580777713
81 c 139 0.01467892476526389
81 d 178 0.01168354302815211
81 e 160 0.05412333734439345
81 f 177 0.02813144285686986
81 h 145 0.049545304549737046
81 j 181 0.0007539577571072931
81 m 158 0.10200376815635348
81 n 126 0.0338104497123386
81 q 159 0.14750575458675497
81 s 131 0.19398348630775653
81 t 68 0.01536360350667798
81 u 160 0.07223446951624812
81 v 102 0.0023353181422980374
81 x 177 0.054653050753021515
81 y 106 0.016542422914011645
81 z 7 0.08407988422555412
82 a 141 0.12144751915616037
82 b 137 0.13550117445629173
82 c 160 0.015382065311684512
82 d 127 0.015277730121002975
82 h 159 0.008279069400969008
82 i 32 0.0013602902192854094
82 j 8 0.06019116033752725
82 m 181 0.024186530229131975
82 n 117 0.06151524182374102
82 o 121 0.06862198725860824
82 p 52 0.05233875198359128
82 q 125 0.0034648280734079773
82 s 173 0.035941327558408176
82 t 18 0.010056927328398468
82 u 169 0.05565280053124355
82 v 122 0.1689497928641045
82 w 32 0.017912927248080135
82 x 85 0.019286468630909548
82 y 78 0.03131142567419032
82 z 21 0.09011828399990951
83 h 25 0.50098128330345
83 k 79 0.13690700859445726
83 s 47 0.2900003429041126
83 z 81 0.006009227542724815
84 a 123 0.058935242329628545
84 b 176 0.0006987899248800389
84 c 20 0.14191587195513689
84 d 97 0.035391204604485194
84 e 162 0.014091781764713152
84 f 45 0.03601975386359091
84 g 154 0.03458908428238705
84 h 145 0.016319476419404566
84 i 128 0.19161105424330116
84 k 166 0.01233479266059656
84 m 73 0.05803554321410309
84 n 139 0.01266476227971225
84 p 181 0.01784157975365941
84 q 44 0.032215359430455615
84 r 10 0.02620063545150697
84 t 116 0.002136513099720516
84 w 102 0.08935025649350148
84 x 90 0.0372420612521811
84 y 53 0.1373546520427129
85 d 108 0.03296916070433231
85 f 148 0.2168625073334738
85 g 29 0.02244041996443158
85 h 90 0.020352336386258996
85 i 170 0.11166581880905013
85 j 22 0.0249742744163457
85 k 57 0.003570402375810966
85 l 33 0.034253558581559096
85 m 84 0.12782120578023037
85 n 142 0.021132014813139643
85 o 116 0.08631598329644186
85 r 18 0.014622592774167775
85 s 83 0.014506958231967126
85 t 31 0.045934660881078004
85 u 94 0.05976201339637144
85 v 90 0.13753237716921884
85 z 37 0.014900833447489159
86 a 25 0.042653762943942075
86 b 3 0.06729649452103315
86 c 144 0.031316526482735085
86 d 93 0.015102949201329707
86 e 76 0.004197684531821677
86 g 133 0.059439290489437635
86 h 75 0.006860188998863315
86 i 74 0.040855599079288596
86 j 114 0.0063334838334510035
86 k 44 0.013650384752367017
86 l 179 0.036736900019782026
86 m 77 0.07720184409915509
86 n 95 0.05845360528463783
86 o 131 0.031690053328637835
86 p 142 0.0635327932450015
86 q 147 0.12850993621933338
86 r 127 0.08623563314247029
86 s 33 0.02121315108387911
86 u 85 0.058031436165184025
86 v 93 0.023819510360386542
86 w 0 0.010821527996128899
86 x 0 0.00403344297654562
86 y 141 0.008303879981972573
86 z 35 0.06022700198860975
87 b 93 0.09064940955748058
87 d 80 0.43516280376948946
87 e 8 0.011044948224036344
87 l 152 0.15881258241533924
87 s 130 0.0618831017237097
87 u 115 0.11362614378277802
88 y 112 0.6751625579458304
89 b 87 0.06642980423399691
89 c 145 0.17602893398968789
89 l 39 0.11148540840814292
89 m 48 0.008361316864590407
89 o 18 0.14916267122856564
89 s 125 0.10761019792727122
89 v 96 0.04603296942252455
89 w 96 0.12140113659713236
89 x 84 0.069849414068333
89 y 183 0.003310275936591278
89 z 87 0.11229702287672405
90 d 71 0.10551394886352095
90 f 38 0.0942817076430017
90 h 24 0.24361063215171075
90 i 178 0.050081162244281496
90 k 20 0.014182561782594583
90 l 10 0.014920539533409105
90 p 40 0.04743297675929381
90 r 81 0.13642951255677704
90 t 12 0.10359550314738308
90 v 134 0.02799759803175017
90 y 17 0.09601518394172182
91 a 71 0.006322181145086314
91 c 14 0.026962365662651533
91 d 75 0.013060907220552531
91 e 139 0.09972572448900396
91 f 109 0.05939945545857617
91 i 127 0.10825738246249528
91 j 147 0.013527198249631223
91 k 1 0.018003944066313893
91 l 139 0.19342017831529723
91 m 162 0.004885180137999434
91 n 19 0.026150589060735308
91 o 147 0.008963263793416276
91 r 158 0.01162300786659698
91 s 123 0.04636831311111611
91 t 139 0.029355718447267476
91 u 136 0.010188102755846695
91 v 38 0.04465403922574973
91 w 135 0.033514754235599575
91 x 110 0.12612579523508183
91 y 67 0.011448480099198188
91 z 165 0.05910973012370313
92 b 171 0.06591526724913699
92 c 123 0.11336984776958137
92 d 86 0.022622844565874267
92 e 114 0.09415168823100029
92 f 69 0.04430553765516765
92 h 148 0.06792340069150116
92 i 77 0.047504120342731104
92 j 149 0.010497867551862994
92 k 158 0.1651232285274714
92 n 10 0.05172370552911365
92 p 22 0.004237865041663236
92 s 94 0.014548378003230944
92 t 179 0.07617266412724921
92 u 32 0.06892895226314288
92 x 3 0.03204216382995806
92 z 96 0.04326237522535492
93 a 150 0.3146222401229528
93 e 85 0.30595932721979
93 v 178 0.32192868957079224
94 a 46 0.004091108881169259
94 c 103 0.07301267219854002
94 d 116 0.04468859063068775
94 e 146 0.005552079613092453
94 f 86 0.05647320135562528
94 h 154 0.04035489290861605
94 i 125 0.03556992674044479
94 j 159 0.11280417583251257
94 k 104 0.07496166323575626
94 l 65 0.003520522270220705
94 m 108 0.04441547934556944
94 n 87 0.030458540976239012
94 o 53 0.09719373126361852
94 p 79 0.025590675272568197
94 q 123 0.04091624550245854
94 r 49 0.0902417730345082
94 t 149 0.048193308925413625
94 u 58 0.08872406130480104
94 x 172 0.005209748200371345
94 y 163 0.027789115846585943
94 z 18 0.011232361663395918
95 b 158 0.1917886223033709
95 c 11 0.004227485945774934
95 d 14 0.06795082111909456
95 f 106 0.05554598690492751
95 h 145 0.02486892977691657
95 j 50 0.015402585188979412
95 k 5 0.016208342317795
95 l 119 0.06827070869579999
95 m 99 0.32433846683312506
95 o 46 0.044978886101160076
95 t 169 0.005368137924351757
95 v 144 0.06947407631414182
95 w 127 0.023335138044083492
95 z 91 0.0601471456716669
96 a 132 0.04823084948462697
96 b 126 0.12401898638928
96 c 47 0.052341756695018726
96 d 46 0.07079204723136723
96 e 121 0.03175380624487345
96 f 57 0.01365464445487996
96 h 137 0.14896696095130102
96 j 72 0.03265012630552888
96 k 0 0.035050762169198224
96 l 153 0.08280634584295388
96 n 166 0.18052312080642918
96 p 43 0.029916863504178104
96 r 145 0.012454885454826647
96 x 162 0.04348200494300658
96 z 125 0.017499014996015694
97 b 136 0.031215669513516175
97 f 94 0.022822787819815837
97 g 70 0.05506908581754111
97 h 49 0.13688177669913892
97 i 131 0.001863064483634047
97 l 40 0.01146997745109335
97 n 182 0.09795211748167454
97 o 33 0.01583176850059853
97 p 13 0.09677372455886613
97 r 142 0.04466051112204572
97 s 118 0.004928348864831178
97 t 42 0.04406078593434981
97 u 182 0.07812881329518584
97 v 85 0.15996541506705675
97 y 136 0.0025202435176361337
97 z 73 0.13273122746282173
98 a 145 0.047917227599884815
98 b 23 0.037684955437091716
98 c 121 0.041072730767125476
98 f 37 0.22590759132840565
98 g 58 0.03639505174524027
98 i 62 0.03281215634249046
98 j 88 0.022375273240104243
98 l 83 0.01922905317217327
98 o 47 0.07266128328449961
98 p 40 0.16612223106591506
98 r 24 0.0019348190323911219
98 t 51 0.006997700905603144
98 u 2 0.0861201826651461
98 v 83 0.04836492530766601
98 y 123 0.08725720269812243
98 z 176 0.020690337949489712
99 f 166 0.9060566736305321
100 i 57 0.008678854272809788
100 j 107 0.3547915915804509
100 s 125 0.006291418438703178
100 u 174 0.4741168904876607
101 d 105 0.1906164826282265
101 f 167 0.010899765686663954
101 g 171 0.08050579229699506
101 q 107 0.2692072841219746
101 s 133 0.1260053396041657
101 w 105 0.27808619454043215
102 a 152 0.0175651437382649
102 b 60 0.10233754848433563
102 c 92 0.11087345722582498
102 d 23 0.0016325916349857472
102 e 92 0.0031683972683775874
102 f 178 0.007748387992196015
102 g 1 0.044060859036923694
102 h 87 0.012283732475676268
102 i 76 0.04701515181298155
102 j 96 0.12956949195794454
102 k 159 0.0673376781005599
102 l 67 0.07325456027925048
102 m 152 0.04792350777617804
102 n 55 0.017030328886604384
102 o 62 0.02831309407349336
102 p 145 0.05070920121700162
102 q 46 0.0018515457101669908
102 s 31 0.01417368327519719
102 t 96 0.08885613317051388
102 u 138 0.020312254971473265
102 v 74 0.014012216017239454
102 x 129 0.03967723713511395
102 y 95 0.009077614880162788
102 z 130 0.007126426447009115
103 b 139 0.03399150323265421
103 c 88 0.0005765177869165861
103 f 33 0.11675847910638537
103 g 135 0.054476494548330145
103 i 140 0.07189858534195981
103 k 56 0.024188936144886153
103 l 69 0.1520879539267913
103 n 45 0.05115832695725542
103 p 42 0.02581304490244174
103 q 53 0.004760089442257698
103 r 81 0.11367241512135051
103 t 70 0.05085137814774787
103 u 67 0.0644470097403631
103 v 1 0.02890290271474949
103 z 161 0.04887536904117551
104 e 101 0.03265800591747314
104 n 75 0.14037676955581158
104 u 162 0.4994162069824172
104 w 113 0.006658512701545827
105 b 20 0.037198411107624674
105 h 120 0.08768054093986932
105 i 57 0.06260112901927828
105 j 143 0.07805904607172376
105 l 153 0.030267721894750577
105 m 94 0.00039028049929756836
105 o 122 0.0009530338690475482
105 p 131 0.05218841344213121
105 q 51 0.11888213505092282
105 r 126 0.04907735622703491
105 t 118 0.018612811498729398
105 v 79 0.021337798426637522
105 w 140 0.23167149013317534
105 x 39 0.08867541463129314
105 y 143 0.05801596630508299
105 z 112 0.04517864630481527
106 b 52 0.05233139386053354
106 u 150 0.20061708588017346
106 v 153 0.5673278548692258
106 y 5 0.057876646179641056
107 d 172 0.055052043341593415
107 f 61 0.0020598758661621863
107 g 76 0.01370994062980857
107 h 167 0.03720265246429755
107 i 137 0.06255713194333146
107 k 73 0.00794561374744529
107 l 2 0.024810469217046216
107 m 166 0.09537446121135695
107 n 6 0.32861576350934596
107 o 112 0.08378275789811107
107 p 112 0.027453365548937625
107 s 153 0.04046513695188447
107 t 10 0.0396512445360655
107 u 22 0.029375023845876203
107 x 70 0.03695615735556268
107 y 92 0.057706001724687206
107 z 92 0.04228588922635801
108 c 110 0.018725333291724433
108 d 16 0.06866702100216071
108 k 85 0.26639922437465946
108 s 120 0.0025963480224493463
108 t 1 0.29114994107494296
108 u 168 0.037864418060040816
108 v 67 0.010412349404656407
108 w 118 0.003728622680139515
108 x 7 0.18887188635739594
109 d 84 0.33793735627161325
109 r 131 0.14746731323994255
109 u 82 0.0640215369913466
109 v 100 0.16306154970918985
109 w 145 0.10978612369667062
109 z 101 0.014223525470764886
110 a 4 0.04077028661820459
110 b 60 0.05993528994618136
110 d 148 0.0076184344568225315
110 e 94 0.027592875906821912
110 f 128 0.03844158248890717
110 g 29 0.13791128428478916
110 i 28 0.08629972792558782
110 k 179 0.011787618258088828
110 l 156 0.049727436084918475
110 n 73 0.05845142056006869
110 o 30 0.012231672513726921
110 q 73 0.21153754595705587
110 r 92 9.385539643624874e-05
110 v 2 0.005158764559054396
110 w 116 0.06366033826640105
110 y 169 0.06357374016195716
110 z 162 0.07811437619606598
111 g 182 0.06006404182033964
111 j 171 0.2398346610112888
111 r 79 0.3690386350241688
111 z 50 0.14372144951350052
112 c 133 0.0322758283968404
112 e 53 0.02002247312704597
112 f 82 0.06747956945434708
112 h 104 0.007694060867447283
112 i 155 0.0522957976188827
112 j 128 0.35762719711431756
112 k 26 0.03162435325675628
112 l 176 0.11868699510563196
112 m 52 0.04370622375466726
112 p 78 0.0012088299717210038
112 r 25 0.007152769802497128
112 t 107 0.02687461985773576
112 w 129 0.07409383379480061
112 z 172 0.1577796968065417
113 a 135 0.05238326656306458
113 b 7 0.08658179721577586
113 c 163 0.014777338935373252
113 d 51 0.0266067265740072
113 e 78 0.1089851219225969
113 f 43 0.06379394044456943
113 g 17 0.04088081337077121
113 h 173 0.0945214523107949
113 k 132 0.00788043753851908
113 n 23 0.08066265499332803
113 q 113 0.0042681682652813135
113 u 105 0.01289421128298096
113 w 141 0.19318868945149237
113 y 130 0.10937781906568933
114 a 93 0.048600831943956146
114 b 145 0.07190158850255368
114 c 64 0.0467033964352348
114 d 10 0.0034171257028601243
114 e 22 0.010369133136309272
114 f 61 0.009248785042904273
114 g 157 0.0462207921477481
114 h 149 0.024218796668715514
114 i 155 0.00814688398942709
114 j 73 0.04537132277537681
114 k 160 0.0413010349520736
114 l 126 0.05962508914066145
114 m 134 0.03170668526026488
114 n 134 0.07800958517691192
114 o 66 0.015556704594014925
114 p 165 0.008414520775738676
114 q 105 0.00285998457965575
114 r 51 0.04120340539993328
114 s 163 0.045574458958910324
114 t 35 0.08522669068251576
114 u 145 0.08790266130020341
114 v 27 0.03428979501909568
114 w 65 0.03963901281536342
114 x 153 0.04343864584619572
114 y 113 0.034067153707999065
114 z 43 0.03316958077407117
115 g 94 0.048743499733562734
115 i 57 0.1233800382933472
115 m 174 0.08497791957227152
115 n 150 0.003915617972824581
115 t 138 0.25830075247386575
115 v 33 0.47268010038292674
116 b 115 0.18553725395292553
116 d 12 0.024144223945934296
116 h 47 0.32143258972500977
116 i 10 0.008212125104013368
116 n 8 0.043638102472119855
116 p 91 0.0013821469104254858
116 q 111 0.2028367195065306
116 r 128 0.0051208653451618735
116 t 165 0.015612298984646777
116 u 148 0.10393119006023854
116 x 38 0.04328027433290038
117 a 9 0.08736539536628918
117 b 135 0.005952453828215631
117 e 15 0.0017484516798449423
117 f 75 0.05179781926178628
117 h 43 0.1367041956714229
117 i 62 0.046779079005632274
117 j 23 0.01856325000794734
117 k 42 0.14985971202466564
117 l 111 0.012175663092193645
117 o 73 0.042212476334122284
117 q 7 0.2666231034424582
117 t 93 0.0728927120920646
117 w 31 0.033585571225860034
117 y 74 0.014043444176308761
118 a 56 0.04098409013861759
118 c 100 0.052621341679578326
118 e 146 0.043609916010786454
118 f 158 0.022636845509826586
118 g 46 0.12153800458483421
118 i 156 0.037112594121519904
118 j 56 0.007602733309939103
118 l 158 0.025619264035889988
118 m 118 0.034537466513871684
118 n 115 0.009494966580370079
118 o 104 0.03665053542682384
118 q 86 0.0015950687203282188
118 r 69 0.012710058704807903
118 t 7 0.11514232535846114
118 v 47 0.08074610511646796
118 x 112 0.17113091754945964
118 y 171 0.10079384844209771
118 z 101 0.05125295503626481
119 a 41 0.1008207793020155
119 b 93 0.05539171265742915
119 c 73 0.007333303380981593
119 d 113 0.04929614136208593
119 e 97 0.10865591508497696
119 f 99 0.015660009176985956
119 g 123 0.010677150364335808
119 h 30 0.05107589321000783
119 i 183 0.08837842814996721
119 j 34 0.10817857360034588
119 k 52 0.013834003850608623
119 l 144 0.049166885288395856
119 m 102 0.018390916875273944
119 p 81 0.01535200682727722
119 q 42 0.006986130965205506
119 r 98 0.019634986647984576
119 s 168 0.054783011710366813
119 t 114 0.04287907144997094
119 u 178 0.005170595041976922
119 v 150 0.015262464544357868
119 x 106 0.017897016848998804
119 y 1 0.09273110502855864
119 z 162 0.0075470426191558415
120 d 41 0.02953790019090674
120 f 29 0.4028075215332201
120 j 27 0.3999183151303337
120 r 28 0.1322905129623959
121 a 137 0.07705315620878717
121 b 30 0.05634715479877084
121 c 153 0.02397420910004
121 d 37 0.02188411154510872
121 e 17 0.031760824463451964
121 f 67 0.045212786004855676
121 g 114 0.03606465716942475
121 h 129 0.024845069991553448
121 i 3 0.09272822187606133
121 j 165 0.07238378001516899
121 k 67 0.056359953991013234
121 l 35 0.00017632065890371695
121 m 106 0.07014871208370144
121 n 127 0.018830153086848656
121 o 2 0.0483821178361552
121 p 51 0.015694873701583734
121 q 123 0.052038048575595686
121 r 1 0.011276962215321595
121 s 21 0.01765463645074372
121 t 109 0.024447857467560175
121 u 81 0.12396972620609559
121 v 143 0.007720048416761105
121 w 80 0.018856956995916274
121 x 182 0.010709264566327925
121 y 159 0.015466933894986767
121 z 179 0.021303056247429453
122 e 36 0.3100457146338921
122 g 3 0.3081545546698222
122 h 137 0.2843138422840219
123 a 121 0.3264565359155701
123 e 115 0.09825539635080782
123 x 37 0.04488538585699775
123 y 182 0.25405560589796194
124 n 173 0.25009713638405917
124 x 74 0.6842343410188697
125 a 96 0.015392427809107101
125 b 177 0.04469581371965714
125 c 131 0.010795991521136417
125 d 149 0.0840184423805691
125 e 117 0.009439242284626115
125 f 163 0.05071839753995122
125 g 46 0.0032029827773628616
125 h 23 0.060402115388995314
125 i 78 0.07214755232628078
125 j 135 0.012770195565342202
125 k 123 0.007999033351901885
125 l 115 0.11815265525981444
125 m 55 0.00045129781450348183
125 n 67 0.0038337199815858813
125 o 9 0.022160367493897937
125 p 107 0.14301318445164524
125 q 78 0.10229593036223117
125 r 71 0.06778321828892397
125 s 183 0.017896805034740892
125 t 13 0.01049744615300241
125 u 8 0.03530609809285634
125 v 140 0.002508546665916822
125 w 74 0.0413379923441336
125 x 46 0.02856218083694151
125 y 103 0.003250276867466262
125 z 181 0.026203417751506808
126 d 19 0.025930785657480415
126 f 126 0.293825724743387
126 g 61 0.003992972906254666
126 j 32 0.14226867826169343
126 q 57 0.003112526457941356
126 x 160 0.42714610094579
126 z 129 0.08370308539984861
127 a 113 0.0695889730193533
127 b 62 0.04145514576287912
127 c 127 0.009849584423848201
127 d 19 0.027553757569090953
127 e 97 0.018433688892756206
127 f 72 0.009563499594215208
127 g 95 0.006734028686516069
127 h 108 0.016871156537012655
127 i 120 0.0004772282044036569
127 j 93 0.24504876865087177
127 l 40 0.0989036460732422
127 m 72 0.02294283985539891
127 n 132 0.020703272795830174
127 o 63 0.03558788526476464
127 p 57 0.002429027609887058
127 q 174 0.01257181574115429
127 r 166 0.03820759548763453
127 s 125 0.032430877316981244
127 t 77 0.03902898904834584
127 u 136 0.015826065294943792
127 v 128 0.02406662152034944
127 w 65 0.020744527043832228
127 x 28 0.10344584748698449
127 z 141 0.010946482062710317
128 a 59 0.09531081874548142
128 k 60 0.09925405854716762
128 l 3 0.24389657047847346
128 q 63 0.03803521215850181
128 t 80 0.15027131740333965
128 u 147 0.19271440762536485
129 a 164 0.003943465112477673
129 b 160 0.11636891464004095
129 c 71 0.07275357277225802
129 g 167 0.03682845559942027
129 h 18 0.00535054541289548
129 i 6 0.008922338948121777
129 j 83 0.07049373067146791
129 k 83 0.005061447579903899
129 l 68 0.025273522060381803
129 m 134 0.003946032838238245
129 n 119 0.08944049703643786
129 o 4 0.004859538539337516
129 p 18 0.010430279336150261
129 s 77 0.26317251350952264
129 t 113 0.20094604261106985
129 v 144 0.02123262199334941
129 x 64 0.029164497645711385
130 b 154 0.09158012829292728
130 c 124 0.016129177436783992
130 j 19 0.10154577397483822
130 l 106 0.2236318036065138
130 m 48 0.06240411921348399
130 n 54 0.043133035862121694
130 t 92 0.16384514909671355
130 v 7 0.2637179990547108
130 w 25 0.02386312385427658
131 w 118 0.8978055991802882
132 a 57 0.0030710395730173534
132 b 131 0.05090697686441403
132 c 75 0.08305041176180739
132 d 108 0.012483066122532693
132 e 0 0.004818212203860361
132 f 93 0.01366316015106439
132 g 127 0.0414394652754424
132 h 128 0.0487277029506189
132 i 114 0.11224785551622107
132 j 49 0.007927468633447177
132 k 101 0.02680246383206697
132 l 169 0.0072103868928165005
132 m 175 0.015530529542493232
132 o 59 0.008892958932349204
132 p 178 0.03686718720725657
132 q 13 0.02266501879527172
132 r 149 0.042277051119446796
132 s 106 0.07299850101734284
132 t 169 0.16478089676586016
132 u 120 0.07867595750856948
132 w 63 0.12046024427256896
132 y 97 0.013289539706673015
133 a 47 0.14284043171369232
133 b 60 0.07645294071828668
133 e 56 0.024900111433317385
133 f 6 0.07053957324558735
133 h 37 0.034731512635838846
133 k 53 0.03311482412341449
133 l 86 0.02512357092133377
133 m 112 0.053426661399670894
133 n 99 0.24583268436087813
133 o 8 0.03399586299464008
133 q 57 0.14321196571197892
133 s 44 0.012350031162633779
133 v 158 0.02873031210500998
134 a 11 0.028599716846017587
134 b 15 0.028281511456009212
134 c 181 0.033079694502399115
134 d 57 0.10139443869128961
134 e 153 0.003889780123958575
134 f 37 0.05160717492146638
134 g 2 0.06467613264078742
134 h 70 0.033656194203323
134 i 144 0.04676710330651834
134 k 100 0.01707507708744871
134 l 139 0.013977374843982315
134 m 109 0.04306955681849278
134 n 84 0.07508774237421167
134 q 28 0.03931855534943485
134 r 38 0.027223895161243572
134 s 68 0.03710661797329906
134 t 68 0.04814802718874578
134 u 105 0.07641683836799207
134 v 23 0.11057723112994833
134 w 36 0.0038695988407961845
134 y 117 0.0639156219420628
135 a 21 0.04665946299421131
135 b 0 0.011983480269263769
135 c 149 0.14361587619653637
135 e 17 0.11274854145465296
135 f 174 0.033172576914063945
135 g 127 0.15391352362394228
135 h 99 0.0907637106821394
135 l 121 0.015887787913630436
135 o 85 0.1333956325841288
135 p 0 0.03266019653514529
135 q 45 0.0015102639614388291
135 s 163 0.005602161939481154
135 u 77 0.038885935120177906
135 v 140 0.04094563240725879
135 w 74 0.00745086716751675
135 x 63 0.031198822476188215
136 f 108 0.03510729559763437
136 i 62 0.4347601335196335
136 x 30 0.0938944730048068
136 z 138 0.419327241995027
137 a 99 0.04548267578512044
137 b 60 0.010543508071768737
137 c 123 0.08132392818477785
137 d 32 0.03705108109459354
137 e 77 0.004387071550177479
137 f 162 0.028060232507058913
137 g 34 0.09387460049107277
137 h 104 0.015138967509059742
137 i 162 0.06656855727865263
137 j 123 0.04568244498394469
137 k 130 0.08716983197680139
137 l 138 0.012401340131600769
137 m 110 0.014222349833788894
137 n 103 0.04642741206777856
137 o 95 0.03515284074353353
137 p 153 0.04495289451319728
137 q 151 0.10592488172851311
137 r 16 0.12392378087663569
137 s 86 0.054270840739038984
137 x 100 0.008364038881192304
137 y 111 0.00256219926717427
137 z 124 0.011885911596222765
138 a 149 0.11108512188856623
138 b 47 0.01972703642602569
138 d 6 0.30061965625645826
138 k 143 0.2585207893873068
138 r 24 0.12232962253839574
138 s 14 0.012981770392595626
138 t 64 0.011279177635840298
138 y 37 0.052663836121449314
139 a 8 0.08570642828163577
139 b 140 0.01750895186515211
139 c 9 0.040092072115276656
139 d 150 0.030598284475911175
139 e 147 0.04250568795880649
139 f 10 0.005292780942679709
139 g 33 0.020553940024986006
139 h 89 0.09861217299903235
139 i 37 0.0008204209259566886
139 j 142 0.023450679443305922
139 k 48 0.02332981343220286
139 m 139 0.0028738511624843976
139 o 52 0.015399856534844436
139 p 69 0.04327821587096792
139 q 18 0.01857193791242462
139 r 115 0.12428393492023215
139 s 2 0.012567823452721671
139 u 158 0.022226670094360634
139 v 6 0.13206638235177515
139 w 141 0.018762752202411415
139 x 86 0.043643257552203774
139 z 60 0.01724861940675093
140 a 49 0.09324833913093666
140 b 171 0.035777407208832046
140 c 132 0.003890437122682888
140 d 38 0.008227893564357047
140 e 48 0.08240477218232845
140 f 6 0.113493255203164
140 g 113 0.046944641916983
140 h 41 0.005199860818135615
140 i 36 0.046455978625667305
140 j 112 0.028393899414340562
140 k 42 0.00299503156812575
140 l 78 0.019164446629900245
140 m 87 0.0035452101580421003
140 n 97 0.08798667469235777
140 o 113 0.001131692342642876
140 p 128 0.0229156264373368
140 q 177 0.12443099923012158
140 r 181 0.050425684976610374
140 s 53 0.017958577885549665
140 t 55 0.010251304793224114
140 u 1 0.010850550349732702
140 v 43 0.0786637876448486
140 w 178 0.040269102912923516
140 x 98 0.014299053500786196
140 y 15 0.014540257691652347
140 z 140 0.012185063945295393
141 a 4 0.042038657571321636
141 b 167 0.030206845856494136
141 c 11 0.016496709650540398
141 d 59 0.01025473377358288
141 e 123 0.03530005857384877
141 f 93 0.051155423249898524
141 g 49 0.01212801233638916
141 h 137 0.1122822781018954
141 i 71 0.022528756329406097
141 j 165 0.004588272506630076
141 k 118 0.05437594846558924
141 l 57 0.10575453398647672
141 m 74 0.043296973552122364
141 n 159 0.007133861544472264
141 o 40 0.04739939446149477
141 p 163 0.03467127991231489
141 q 39 0.042652133471048126
141 r 180 0.03568496147495437
141 s 83 0.1020478808736005
141 t 81 0.009520731494345958
141 v 133 0.028109258144261795
141 w 151 3.491083251172533e-05
141 x 95 0.10463156336017143
141 y 176 0.011095472866040068
141 z 34 0.03492995416353073
142 a 143 0.013904485367658315
142 b 140 0.10410429406824961
142 c 159 0.04277817210654622
142 e 180 0.2756668159155047
142 f 120 0.03033913128832666
142 g 85 0.024928203521897285
142 h 50 0.013067063548189317
142 i 130 0.001009087492931271
142 j 84 0.012306970126362837
142 k 32 0.05682609612465572
142 l 135 0.0035867823668727095
142 m 6 0.025110086870161585
142 n 154 0.019624947575424434
142 o 125 0.06532034850627633
142 p 32 0.08457176275208678
142 q 39 0.04285468806524395
142 r 3 0.06856515095658733
142 u 128 0.025242991203206055
142 v 92 0.005412292569640376
142 w 122 0.03580983239481317
142 x 86 0.004593782928376311
142 z 44 0.00415191472663845
143 a 138 0.015988086805018176
143 c 91 0.0030846665127767237
143 d 165 0.16708602419357277
143 f 146 0.07674437678995061
143 g 95 0.09139298089068659
143 h 92 0.025059864702247636
143 j 147 0.03338458471811112
143 k 41 0.06479241719082318
143 l 85 0.07373353545056127
143 m 92 0.012082137406551285
143 n 104 0.14312989143625354
143 o 38 0.041885618121606405
143 p 147 0.027909800640928517
143 q 106 0.004715104322754238
143 s 29 0.009748042162451842
143 t 16 0.01080712215078361
143 u 31 0.005953320244426963
143 v 112 0.02903326443148213
143 w 39 0.0674462233057389
143 y 116 0.009676386076485022
143 z 102 0.04434268789682971
144 a 117 0.003014698299178109
144 b 139 0.0025402280275709233
144 c 81 0.006446898260507261
144 d 160 0.010427825046205874
144 e 5 0.04454083257328678
144 f 14 0.009219811572799608
144 g 113 0.03910917418636639
144 h 82 0.02823921108272809
144 j 101 0.09314841963678211
144 k 27 0.0022121174863539705
144 l 50 0.19321349088300088
144 m 27 0.03453914583544815
144 n 72 0.018966934080752673
144 o 39 0.011333474155572953
144 p 167 0.004838055437116018
144 q 89 0.05071315737950677
144 r 26 0.023935040120867
144 s 172 0.06002022424571163
144 t 169 0.09792195409285809
144 v 54 0.0013914406651973632
144 w 170 0.14028464292601628
144 x 165 0.07245809085213895
144 y 100 0.027013656130671526
144 z 167 0.003545857686278686
145 a 53 0.07731414988168572
145 b 176 0.007926540459239684
145 d 98 0.10674259362572402
145 e 126 0.07430676316176688
145 f 81 0.18627801888622542
145 g 103 0.0023503330866647687
145 l 131 0.06818617039627362
145 n 139 0.0067535580083365465
145 p 170 0.1323969851034109
145 q 18 0.023387652512314228
145 r 97 0.09818474231083651
145 u 125 0.09482077511876874
145 w 151 0.048733425122313934
145 y 19 0.013155220941116319
146 a 41 0.13253758497762957
146 b 107 0.032834312805410604
146 c 1 0.05862075061219041
146 d 143 0.028051220297158563
146 e 123 0.001808540392140956
146 f 75 0.010702321758873201
146 g 74 0.09608220161512837
146 h 108 0.06750894750522363
146 i 151 0.004393296353243703
146 j 42 0.005555825476202481
146 k 162 0.0007257139652899758
146 l 175 0.003787877862942546
146 m 121 0.05812911294023515
146 n 135 0.04872035703583455
146 o 91 0.1087442153416599
146 p 25 0.05452698918955279
146 r 126 0.03617955711889387
146 s 103 0.05084639033981797
146 t 17 0.005834854968525427
146 u 126 0.11288417799795436
146 v 159 0.010162947429048996
146 w 75 0.014202935400586147
146 x 25 0.01329539263817836
146 y 93 0.002955106363576765
146 z 93 0.03431824596996624
147 d 129 0.0063299774687680666
147 e 167 0.00294977827239129
147 g 51 0.04745585546936826
147 h 21 0.03636049440475775
147 i 75 0.17829679248885422
147 n 7 0.07278709480381385
147 o 77 0.3252142345772314
147 s 12 0.030979088770134444
147 u 69 0.06624788252583769
147 w 25 0.17742971277565633
147 x 103 0.0183489011559953
148 b 22 0.016180992562257246
148 c 170 0.028199381496104126
148 e 32 0.025316670616474135
148 f 177 0.0015410366692555355
148 h 102 0.22975868347954098
148 j 104 0.07621778376730393
148 m 22 0.12251087037521813
148 p 104 0.05677306662205828
148 q 7 0.08173401709920469
148 r 51 0.030382355099574987
148 s 135 0.027879572679199716
148 t 22 0.05385383393877985
148 u 55 0.04719447252159492
148 v 25 0.015484128603715619
148 w 183 0.032239919669717954
148 x 68 0.020011878395964078
148 y 23 0.07951613500300792
149 t 108 0.43912698037382547
150 a 74 0.11401538681549939
150 c 138 0.28585028790395217
150 q 8 0.32287139552769395
151 a 157 0.11698636818089958
151 b 55 0.01873267363792197
151 c 173 0.01400131674200844
151 d 0 0.23702177275826497
151 f 96 0.01274716174851842
151 g 34 0.0033065428245304673
151 h 79 0.03435765411985692
151 i 62 0.0989454990818579
151 k 27 0.010094612060919328
151 l 151 0.000749141717649171
151 m 158 0.07491947532143928
151 n 160 0.01282699630246853
151 o 104 0.027800204597955402
151 p 5 0.013570930566883188
151 q 102 0.06601356605033948
151 s 125 0.007332827935154218
151 t 145 0.014902110837288207
151 u 60 0.015390467376860117
151 v 32 0.020052192083441778
151 w 13 0.005653432957282267
151 x 109 0.023722812327470866
151 y 58 0.030817402538085736
151 z 132 0.13497528326791586
152 j 13 0.539303596950235
153 e 55 0.21431094767937386
153 f 98 0.014212244602409108
153 i 27 0.019244417552205073
153 j 34 0.1466090679750982
153 l 159 0.06971115058229116
153 n 106 0.015234664807007192
153 u 27 0.038450411081461966
153 w 105 0.04083313420884194
153 x 135 0.3038597454448534
153 z 141 0.13184814315476234
154 a 116 0.10439626321552808
154 b 155 0.02550248671904598
154 c 88 0.076571438274463
154 d 146 0.02247153694347004
154 e 10 0.15298211323136324
154 f 115 0.02488129582065246
154 g 59 0.034121532210611205
154 h 75 0.07040552428686409
154 i 29 0.07553441505221037
154 j 82 0.0453040950654956
154 k 23 0.06153092796221182
154 l 177 0.0063840124093810235
154 m 83 0.0380314443874008
154 n 130 0.0006287793038913803
154 o 168 0.016858530787226544
154 p 56 0.01102463905435458
154 q 166 0.018013587407278764
154 r 26 0.04710921823898029
154 s 57 0.010284729991454133
154 t 77 0.014837078118292157
154 u 114 0.003972558330089471
154 v 59 0.05296325067475849
154 w 140 0.016660686709581096
154 x 90 0.007292718713126534
154 y 28 0.017371931791735573
154 z 94 0.007825546061200894
155 e 9 0.11632548318372082
155 l 69 0.029463290967211342
155 r 7 0.48563369790404987
156 a 56 0.053985747299307385
156 b 174 0.0076962185583931975
156 g 157 0.03125381889163947
156 n 21 0.02470665302385544
156 o 168 0.22337880093168117
156 r 61 0.17964364792916543
156 s 33 0.02206729298953025
156 t 171 0.1343925798556188
156 u 6 0.002902997013027875
156 v 38 0.07060605680701493
156 x 82 0.17274874313193778
157 k 101 0.2544141286489414
157 l 152 0.7159477391574536
158 a 21 0.13776489906547884
158 c 77 0.12898858972100713
158 i 74 0.04834883133698098
158 r 26 0.0445665645866935
158 t 145 0.1213855538025107
158 u 82 0.1675325821176641
158 w 2 0.1512321019919206
158 x 19 0.1731947488765534
159 b 45 0.07844474822673975
159 c 129 0.07380377958283024
159 e 89 0.02033853887260706
159 g 73 0.0543263056419615
159 i 181 0.050646456269426654
159 l 152 0.018446982693211655
159 n 72 0.0574909623063079
159 p 18 0.014977399543172898
159 q 23 0.09518427316263933
159 r 87 0.04859333835970614
159 t 123 0.06006556922773365
159 u 126 0.045386264749989524
159 v 72 0.2466649949027062
159 w 92 0.09710513439292112
159 x 126 0.023118771775516578
160 b 22 0.14296137746994186
160 c 134 0.020851705744186932
160 d 30 0.002151113564445084
160 f 122 0.11293349752161042
160 g 174 0.02876635247008741
160 h 126 0.0674364198397015
160 i 116 0.032302438183968496
160 j 173 0.02126822510720583
160 k 124 0.1204546544649493
160 n 106 0.058670260693490794
160 o 164 0.061688325988259574
160 p 70 0.023277434699162103
160 q 59 0.02288330199582822
160 r 42 0.07119860777439879
160 s 102 0.06256252758097758
160 t 183 0.03384086625396776
160 u 12 0.014832081232509231
160 w 9 0.018534876709121573
160 y 84 0.0015126793092745672
160 z 86 0.06106199817430613
161 i 56 0.07256263945757402
161 j 178 0.44505974604545817
161 o 60 0.017737619441519636
161 p 46 0.21287397206785952
161 q 63 0.0710077773678085
161 x 132 0.16431314121831408
162 a 101 0.14089140861261118
162 b 64 0.03754378040343187
162 d 93 0.07608580452057467
162 e 173 0.002055614302726383
162 f 120 0.006633080452783879
162 g 136 0.05432479066952922
162 h 27 0.02160682821369353
162 i 96 0.08582332941713089
162 j 149 0.004415990217139454
162 k 47 0.03922218012208256
162 l 111 0.024335029254830443
162 m 148 0.08295160559285397
162 n 166 0.08976026523776226
162 o 122 0.004657958477413682
162 p 173 0.025091328183032835
162 q 40 0.04090710822155652
162 r 144 0.03981726337199332
162 s 60 0.0393909775346436
162 t 57 0.01454274644788689
162 u 104 0.004703601624494902
162 v 178 0.0205676406849874
162 w 105 0.05413176866720093
162 x 73 0.05111891620724751
162 y 120 0.003146181315844876
162 z 56 0.0073615851206784155
163 d 46 0.22785718179946635
163 e 100 0.003915282511641194
163 f 173 0.014099948179147503
163 g 181 0.06490559893461934
163 i 77 0.008443109841139274
163 k 1 0.025702282362464524
163 o 153 0.0515295214517707
163 r 164 0.0004401636052501212
163 t 112 0.08697034136966553
163 v 166 0.07022212111421622
163 w 55 0.2577500036466699
163 y 11 0.044986639222560965
163 z 42 0.09277442128105595
164 a 118 0.002581814187553322
164 b 176 0.04914920203704709
164 c 108 0.050600659793144986
164 e 20 0.01166062531905998
164 f 103 0.07453946246275356
164 g 73 0.07960723065594588
164 h 24 0.012173000225334074
164 i 58 0.05484885639705095
164 j 112 0.009617998556959995
164 k 96 0.06138545881823565
164 l 120 0.00643754262930174
164 m 102 0.008658349448747216
164 n 47 0.05199498499493416
164 o 9 0.0017986797742562954
164 p 28 0.06604698231571837
164 q 54 0.020805493587208734
164 r 38 0.14954377941888475
164 s 108 0.006769590526761071
164 t 9 0.03667266586788909
164 u 167 0.057181654346026844
164 v 21 0.09893861264136627
164 w 53 0.0071743648795356
164 x 162 0.024962662575056305
164 y 177 0.033362722205306894
164 z 8 0.01491436520952194
165 a 102 0.11441317988306998
165 k 144 0.03800331543657154
165 l 117 0.02841706053189319
165 o 141 0.34355711493072016
165 r 62 0.05181399243749474
165 u 106 0.03752636136050114
165 w 38 0.04353337734912066
165 x 87 0.16019092279760871
165 z 50 0.1544945299349304
166 a 169 0.0035279365211309255
166 b 153 0.05141764749409272
166 c 131 0.012494827434509137
166 d 155 0.0323942777314965
166 e 58 0.028977800905446105
166 f 166 0.0003710114519782648
166 g 164 0.004283662523682508
166 h 42 0.07029415070423872
166 i 162 0.07428088886322393
166 k 152 0.00020132507863102056
166 l 165 0.011715841430213314
166 m 79 0.06594763784639845
166 n 112 0.004607196716210682
166 o 123 0.024257616338504984
166 p 136 0.06562104018949766
166 q 139 0.19510485587115978
166 r 93 0.007307969248891544
166 s 147 0.027691558967944063
166 t 81 0.04031912156353579
166 u 99 0.08110742287352235
166 v 37 0.021621119289395696
166 w 158 0.005814053617530068
166 x 157 0.011034129514588598
166 y 127 0.037833898989910075
166 z 67 0.07168894102448964
167 a 85 0.008764807981930578
167 b 111 0.03177039910867396
167 c 133 0.003055005821873902
167 d 113 0.0018766469860593826
167 e 151 0.02058666298406331
167 f 29 0.00915668045238549
167 g 118 0.21868838720804695
167 h 88 0.007601457156182212
167 i 35 0.01249170741794936
167 j 40 0.09176148311233345
167 k 168 0.04659014799842831
167 n 75 0.16978432730586013
167 o 41 0.027110462807955038
167 p 136 0.027445761427075333
167 q 39 0.1290522104718349
167 r 66 0.0599694651827245
167 s 52 0.006692843892374456
167 u 23 0.01584662026909689
167 w 168 0.012518859829788065
167 x 131 0.02376729489730056
167 z 0 0.003642924687730531
168 a 85 0.058151123119916326
168 b 27 0.03185216302975358
168 c 61 0.025534495193969886
168 f 108 0.011796691989570451
168 g 58 0.2673973034164563
168 h 160 0.019944948037885823
168 k 178 0.06505196621953135
168 l 151 0.01991590573957769
168 n 89 0.0288995229354293
168 o 128 0.06759938336021354
168 q 133 0.04465594140626794
168 u 51 0.054850947662079985
168 x 117 0.02436208076706292
168 z 25 0.1661070763197492
169 a 78 0.018529178158815718
169 b 100 3.5559994706613196e-05
169 c 7 0.03268146402326022
169 d 178 0.04943598586628384
169 e 77 0.05041104580724354
169 f 177 0.012257513572153322
169 h 97 0.17983076337644122
169 j 69 0.1879669534761479
169 k 49 0.07421966511353673
169 l 0 0.002071699299562968
169 n 63 0.03827532431066727
169 o 37 0.0157846540619887
169 p 10 0.04065465357693321
169 q 109 0.015203134195386103
169 r 97 0.031889034522579296
169 s 144 0.03169683678983626
169 t 177 0.030065353887710478
169 u 42 0.07636166386100329
169 v 140 0.036708508029539066
169 w 38 0.005745161052518544
169 x 59 0.0010536891213691613
169 y 56 0.053475343440836154
171 c 153 0.0016561056418660236
171 e 105 0.006968602622427156
171 f 146 0.10874131778153162
171 g 173 0.04205143308685266
171 h 15 0.05122302333697004
171 j 35 0.005437050329995974
171 k 182 0.10659117697952725
171 l 24 0.14353048952243408
171 m 104 0.03297926194238876
171 n 32 0.014559195663584767
171 p 81 0.07842514529096167
171 q 121 0.10219549368952019
171 r 77 0.017419223459150923
171 u 29 0.0799600440944539
171 v 22 0.007970001689336703
171 w 94 0.12188391362983331
171 y 127 0.019909441333540223
171 z 21 0.011614759396319063
172 a 23 0.06861587359402155
172 f 141 0.03193711439248914
172 g 91 0.09537506003822349
172 h 140 0.006610868081487031
172 i 180 0.03853955165056655
172 j 110 0.022503353767509116
172 l 32 0.017553846550508068
172 n 159 0.18084556963934906
172 o 179 0.19947739793919106
172 p 160 0.02153991520640164
172 q 15 0.05858809621275307
172 r 164 0.05370749898524896
172 s 173 0.03736066325092979
172 t 169 0.006541357965804573
172 u 134 0.01739750017370234
172 w 73 0.000704214990518981
172 x 71 0.03554863856084389
172 y 174 0.0478887262690465
172 z 179 0.03686254842693237
173 a 119 0.13814756449083376
173 b 80 0.0363544552522036
173 c 12 0.2812307583934356
173 t 35 0.014687171676972088
173 w 25 0.09964048924455393
173 x 78 0.006735968287706173
174 b 6 0.006950542818193961
174 d 95 0.1462869618002609
174 e 18 0.05592553856958371
174 f 43 0.02391496752529121
174 g 122 0.24841814992843492
174 i 79 0.010769046203054411
174 m 131 0.08132626666921094
174 n 97 0.10853875350793352
174 p 65 0.02712808183338733
174 s 127 0.12066671744623558
174 u 80 0.040198546232787735
174 x 83 0.01123445846718496
174 y 143 0.05193525679577449
175 a 125 0.16305724159297463
175 c 31 0.05533671831987075
175 d 47 0.004488358001425774
175 e 18 0.01696880581983451
175 f 10 0.048202059680483744
175 g 1 0.008161212173777521
175 h 157 0.0017752742040666458
175 i 85 0.026664786677813468
175 j 170 0.03961047321664768
175 k 81 0.0031961970385123717
175 l 89 0.07144356589583034
175 m 111 0.005298976720004234
175 n 101 0.0008315870456812036
175 o 7 0.028344692077979405
175 p 109 0.03192943477906618
175 q 155 0.03900428006643342
175 r 76 0.002138905963475324
175 s 132 0.062166653982352105
175 t 35 0.06046848209541822
175 u 17 0.05114590605407787
175 w 35 0.021839218068757882
175 x 4 0.066672514070242
175 y 62 0.08548252101721832
175 z 110 0.07429100826645574
176 d 171 0.051637660240752115
176 e 41 0.0611648910809246
176 f 80 0.0621609330627263
176 g 171 0.007206017886228211
176 i 158 0.055598769514191515
176 j 162 0.15927829367014013
176 k 27 0.04358416583523306
176 m 2 0.09958400233310982
176 n 94 0.22067967191507998
176 p 82 0.03543125845798245
176 q 128 0.05582501531907358
176 r 143 0.04389547193939469
176 v 105 0.02211920884682128
176 y 97 0.06312957261370744
176 z 79 0.018088421263476318
177 a 74 0.007601482419841599
177 c 173 0.0989539053156403
177 d 91 0.031346857164550324
177 e 100 0.06678888311215514
177 f 23 0.05409495494252736
177 g 41 0.14858974770148403
177 h 43 0.037002504774699685
177 m 133 0.0024304958257763687
177 n 122 0.005731713296935559
177 o 116 0.010337161995352062
177 p 164 0.0477346838380277
177 q 151 0.08616148187413775
177 r 175 0.03425573652894631
177 u 18 0.05996205590134729
177 v 139 0.01928583527006611
177 w 100 0.08169394322046619
177 x 151 0.06915727082310108
177 y 180 0.0033426322435706757
177 z 43 0.09512025903480825
178 c 45 0.01139690278957306
178 d 144 0.12408191902030485
178 e 61 0.1682370734117039
178 p 74 0.22166515317499536
178 s 152 0.044567569570487575
178 t 9 0.16622322760343
178 x 160 0.24366766744992507
179 c 123 0.3186363365579512
179 w 112 0.2563220998501853
180 a 48 0.04356275310871616
180 b 52 0.006642988605015776
180 c 96 0.03920892609264892
180 d 143 0.06500020137853668
180 e 60 0.052324711515890576
180 f 142 0.004139222198294323
180 g 29 0.14686892931902218
180 h 33 0.016901922112559697
180 i 94 0.011789940824431078
180 j 43 0.029159716744081687
180 k 81 0.00807633715920808
180 l 65 0.001842210343377948
180 n 142 0.12511877446109276
180 o 122 0.0017952959882634456
180 p 120 0.023416321242547555
180 q 121 0.01930923571087728
180 r 181 0.09274489249302031
180 s 61 0.07430003603419244
180 t 91 0.08140811296227557
180 u 74 0.004554890086532093
180 v 87 0.019343149547218164
180 w 62 0.01068764590611293
180 x 174 0.01676822249905019
180 y 24 0.025813442830035283
180 z 26 0.035341645050108395
181 b 86 0.08906787088392654
181 d 157 0.07623370786868322
181 g 170 0.03565309647582526
181 h 46 0.1514417556944596
181 j 116 0.023631760866225315
181 k 4 0.05396336651255884
181 l 58 0.10598208641159457
181 n 58 0.0020834856025035986
181 o 25 0.004752552172484825
181 p 112 0.02547589619975965
181 q 122 0.04457805346685184
181 r 120 0.032631045319941876
181 s 132 0.09856686269162307
181 t 85 0.19486214272495317
181 u 169 0.047876511415903766
181 z 109 0.013164046450953149
182 a 176 0.12804728858988423
182 b 52 0.043133736263567424
182 c 135 0.0985645281961931
182 d 49 0.11072600031246127
182 e 65 0.09483911598295314
182 f 111 0.054811833560074685
182 h 179 0.021048984540893323
182 j 7 0.006632439829249881
182 k 40 0.02048708118201592
182 l 110 0.029634996736058072
182 m 99 0.04596461728415824
182 n 8 0.015757945490906478
182 o 56 0.07196027870699251
182 p 180 0.01293296320399373
182 q 127 0.003369904257808143
182 s 19 0.07869967647199316
182 u 148 0.0035386300533604143
182 v 170 0.015719247143208603
182 w 106 0.0830375819965169
182 z 87 0.04230562870544663
183 a 153 0.04026101395551962
183 c 164 0.00853822075770283
183 d 115 0.024532476792021862
183 e 31 0.020681837732843378
183 h 103 0.2670002644442002
183 i 69 0.14837989626448234
183 j 166 0.03061719775598526
183 k 160 0.030060261625693308
183 n 36 0.01280389165688145
183 o 80 0.05305954049007111
183 p 30 0.1119098284295228
183 q 52 0.001431599791438809
183 r 78 0.0003877147825377403
183 u 12 0.03317875007082838
183 x 167 0.014730108752062598
183 y 87 0.07095715308841766
