157 26 1962
0 0.05529199296198062
0 0.1491298068064073
0 0.004802127080928642
0 0.011481385765416352
1 0.12459665560603383
0 0.13779666531842183
0 0.06575714073161354
0 0.1148402554515009
0 0.38544952326683257
0 0.024272601903799318
0 0.016852748209980506
0 0.0033486387821687336
0 0.05334221674926842
0 0.14707902700470488
0 0.21747476425054568
0 0.0066510301503475144
0 0.00975716771410573
0 0.10723854670199695
0 0.04846697366782804
0 0.028181914478126457
0 0.1579708764079676
0 0.28625203544449407
0 0.014689018422975542
0 0.022615479380997727
0 0.13420700378800565
0 0.19976140125748254
0 0.007506039708666479
0 0.664223365156034
0 0.11450410182632653
0 0.0014922451842716011
0 0.04953734792294262
0 0.035884605881414955
0 0.030636558637659128
0 0.00027242386337411606
0 0.00016892662629619526
0 0.28338124940462983
0 0.030766146310337472
0 0.017297991132461443
0 0.04303242277826014
0 0.30870923215345647
0 0.10971104275981569
0 0.07660971315865961
0 0.05066850317242966
0 0.1475054669266549
0 0.23646331877882687
0 0.08629569287796024
0 0.8090612070880482
0 0.1219717105251572
0 0.04401941625107075
0 0.08934427943326118
0 0.2557014344742947
0 0.1304110559945716
0 0.01624246883623781
0 0.22103730084146278
0 0.11622549173992047
0 0.03644228108133163
0 0.054363036367317874
0 0.02551960425746236
0 0.4740287864546655
0 0.020042876023700473
0 0.08422347515854167
0 0.005117044634244561
0 0.2536386660947041
0 0.013720782257945374
0 0.05819417361761314
0 1.0
0 0.3090248519670802
0 1.0
0 0.08492071403677803
0 0.10029827554626047
0 0.42153285290345355
0 0.24959924364953712
0 0.14076150085822225
0 0.009285286989787367
0 0.030070422239207306
0 0.6552151243423933
0 0.04267373346053871
0 0.012816298151134387
0 0.039644320230697305
0 0.08454275869022487
0 0.004798232453031015
0 0.13162618592773
0 0.010436534630639649
0 0.35709030166399636
0 1.0
0 0.32389567211108283
0 1.644296927938438e-05
0 0.06250008776914884
0 0.11140214269881299
0 0.003481077776053665
0 0.046423535630417456
0 0.02553417955431847
0 0.1731894740483636
0 0.4389939036597783
0 0.03447634640860131
0 0.02131258498823052
0 0.05965247633268489
0 0.021357174340437268
0 0.4843444551362516
0 0.015390226077608649
0 0.017575952762707958
0 0.03364054528722282
0 0.009509143209646687
0 0.01619182775152961
0 0.027520400470765538
0 0.09300429282399492
0 0.2899312065980959
0 0.31876718352684297
0 0.08187948640498077
0 0.03634743822359199
0 0.019825928923462244
0 0.058635763894641646
0 0.091060858964784
0 1.0
0 0.058609323696124815
0 0.25608870981810494
0 0.9110249413301073
0 0.2600089724104727
0 0.018715296070653586
0 0.05504612743068482
0 0.03568917246508341
0 0.07364681219629965
0 0.014257924607134265
0 0.0786811066170674
0 0.024448212729450747
0 0.0958114280786968
0 0.14396446191856593
0 0.014680845954226807
0 0.11085213076221212
0 0.04374836201343402
0 0.09793366040970952
0 0.06565142481414943
0 0.06944655444550318
0 0.008829810950512162
0 0.23773594582866098
0 0.9218899139429025
0 0.5499432716741646
0 0.01601414250144484
0 1.0
0 0.05808680515030884
0 0.04132480487686463
0 0.013400462053638651
0 0.043188580661596476
0 0.6206560624042683
0 0.04222759755839889
0 0.07422889728025162
0 0.03307560487551153
0 0.6024898310511922
0 0.12433116686208756
0 0.021098218625881127
0 1.0
0 0.2647551457023628
0 0.02074509236898403
0 0.05931969661156877
0 0.0470675216387072
0 0.4667251018123427
0 0.038941493074776345
0 b 24 0.004415265074201424
0 c 26 0.013244693738364788
0 d 74 0.013647182618600207
0 f 144 0.12071691706277277
0 k 2 0.10874265270652139
0 m 44 0.04928089543937442
0 n 81 0.013297432496653938
0 o 104 0.003003226433414663
0 p 23 0.21273957411318645
0 q 83 0.07442533150928377
0 s 136 0.200572605087596
0 u 39 0.0009540090897809383
0 v 129 0.11477063060567705
0 w 97 0.014897591062591586
1 d 27 0.26665696852316956
1 k 50 0.054348100165446334
1 l 108 0.04387511473655903
1 r 15 0.1458508007242285
1 w 133 0.04223479595034807
1 x 93 0.2979044130938412
2 b 125 0.04063887678182154
2 c 146 0.01871870142455756
2 d 7 0.16718779389867178
2 f 92 0.04918817856969382
2 g 147 0.025900033137801093
2 i 104 0.08325557574065412
2 m 137 0.017780692770952178
2 n 52 0.12911828773094625
2 o 140 0.021799895727740992
2 p 85 0.07924895451790459
2 r 83 0.2011227916417011
2 s 25 0.009692386659650665
2 t 103 0.035280814815416006
2 u 65 0.023932715944149363
2 v 124 0.0923321735574103
3 e 60 0.06310894885441554
3 f 122 0.20570251043436982
3 i 110 0.040535549947505634
3 k 91 0.05088326759353101
3 m 121 0.0227994025131123
3 n 90 0.04926885728037289
3 o 7 0.00013932673694672104
3 p 123 0.059036589203156464
3 r 141 0.2868418844458144
3 t 83 0.004882344883424983
3 x 90 0.039048554096689725
3 y 131 0.15709677083388673
3 z 57 0.00917460741135745
4 c 58 0.8754033443939662
5 b 21 0.0151238178050086
5 c 18 0.004833929976661988
5 d 58 0.009793097905168247
5 h 73 0.1975706410479876
5 j 60 0.10529371919330122
5 k 125 0.014220262140174134
5 l 79 0.10682793280549807
5 m 143 0.01972010362893828
5 o 12 0.09735388382790722
5 p 71 0.01988626535093707
5 r 131 0.03694440523516862
5 s 69 0.024845735674646985
5 v 87 0.0696569545887209
5 w 150 0.029671171794181106
5 x 140 0.09339740914975714
5 z 139 0.017064004557520995
6 a 119 0.03984135356021268
6 b 51 0.018352421203885916
6 c 27 0.029181561898533936
6 e 146 0.04479494999244449
6 k 156 0.00679034884203733
6 l 132 0.06391572018261149
6 m 135 0.03074990073732653
6 o 114 0.07326324686879304
6 p 128 0.010076059545535032
6 q 44 0.10811758761253953
6 s 0 0.062376211196489284
6 u 19 0.005194178962943052
6 v 45 0.1618988433576235
6 x 39 0.0543882727216376
6 y 141 0.027872241158116595
6 z 16 0.19742996142765645
7 f 80 0.7048488755155868
7 q 69 0.14366135938878621
7 r 70 0.036649509644126055
8 q 126 0.16408588219168385
8 s 110 0.21400330244411636
8 t 106 0.00961626823224404
8 z 154 0.22684502386512317
9 a 133 0.17346008374530675
9 b 18 0.02198604620222644
9 c 27 0.13401470242652724
9 e 43 0.04157574306511769
9 h 141 0.08001795428534597
9 j 149 0.0063970880551805775
9 m 81 0.09229078185835071
9 n 90 0.04124308824381129
9 o 123 0.00841515551557559
9 p 68 0.04913630318040629
9 q 149 0.029776345977089558
9 s 47 0.1116089694550586
9 v 153 0.08117731006357365
9 w 117 0.013124316879053688
9 y 60 0.02086200088042045
9 z 105 0.07064150826315618
10 a 127 0.06306660386981644
10 d 93 0.12042334279439493
10 e 47 0.0036355626306547872
10 f 136 0.17954775022626768
10 h 99 0.031440141669721644
10 j 72 0.04928740946968291
10 k 45 0.025527574579382484
10 l 57 0.0043092184954505175
10 p 130 0.21156569217696564
10 r 38 0.010524244126587923
10 v 109 0.017184260738867585
10 x 93 0.0018034864101147408
10 y 142 0.03798549828867881
10 z 88 0.22684646631343341
11 a 136 0.16091839131864027
11 b 38 0.024453994902594367
11 c 115 0.0017910805414084185
11 d 92 0.0670271160823338
11 f 151 0.01138582418073597
11 j 105 0.009761180675740389
11 k 6 0.0015652099626384253
11 m 110 0.061768974723185543
11 n 111 0.018184585741548576
11 o 56 0.007277210592692707
11 p 36 0.052338595369698315
11 q 108 0.3481463258173153
11 r 76 0.05360273425575057
11 s 132 0.002286846900248385
11 t 123 0.05031327183269896
11 v 87 0.07029889539289536
11 x 82 0.039318202985599626
11 y 98 0.016212919942106274
12 b 60 0.03083619238237678
12 c 55 0.10069351350813438
12 d 115 0.13403016044513028
12 e 63 0.08161721072325967
12 g 98 0.030611776399601776
12 h 94 0.018870604076105968
12 i 81 0.02170715418708824
12 j 122 0.023654325821312328
12 k 67 0.025802195670773242
12 l 8 0.004171940991560041
12 m 52 0.005960061333947109
12 n 59 0.17119852119480583
12 q 68 0.00021815725831197952
12 r 124 0.10891150643793412
12 s 13 0.019811698501005948
12 t 90 0.035923293873735385
12 v 123 0.060356002144115295
12 w 119 0.0017547884054294194
12 z 107 0.07052867989610379
13 b 123 0.06004140577358108
13 e 80 0.26011718098686065
13 h 33 0.07108260447862735
13 i 102 0.010576943533110339
13 k 117 0.024717221256285282
13 l 8 0.015982331782896986
13 m 55 0.07905743512722341
13 n 140 0.052130752483375065
13 q 84 0.01135904533919474
13 r 135 0.06023638769267259
13 s 65 0.0381814114466964
13 t 91 0.0017010492334089689
13 u 100 0.005210730343762626
13 w 10 0.12875818069658373
13 x 136 0.025216263302502595
13 z 60 0.008552029518513304
14 e 11 0.15772843009412574
14 j 37 0.19573010571821237
14 m 64 0.4290666999371162
15 a 36 0.0029473178219778795
15 c 23 0.04443649356856605
15 d 117 0.12910539907766838
15 e 25 0.036856534558486476
15 f 30 0.03981942801478633
15 g 123 0.09865281941421455
15 h 132 0.06951314237470785
15 i 112 0.08183209099179611
15 k 53 0.079554595632774
15 l 144 0.10156717194457843
15 m 110 0.003038375989693143
15 n 112 0.018032798872186562
15 o 110 0.08326153495967525
15 p 54 0.03654524815321625
15 s 48 0.08298121451326723
15 t 151 0.043610483017665014
15 u 142 0.00034801661961270103
15 x 33 0.014592252626875357
15 z 57 0.026654051697904912
16 a 69 0.0672390901092973
16 b 95 0.05278673304485926
16 c 29 0.005588653290280798
16 d 94 0.02169512061567458
16 e 7 0.04406475959428069
16 f 78 0.06584255150423468
16 h 14 0.019968191234498778
16 i 131 0.023174676494107094
16 j 156 0.09446192178750457
16 k 112 0.009052641375291604
16 l 37 0.008736352401071179
16 m 44 0.09758270803214297
16 n 73 0.002417267805133294
16 o 14 0.04376846624619002
16 p 6 0.003692634075289414
16 q 27 0.0668217142156361
16 r 145 0.04532513386648618
16 s 1 0.028347936753085334
16 u 146 0.021722959031928002
16 v 137 0.015867087416640113
16 w 65 0.07118127954216458
16 x 96 0.17180893805762876
16 y 20 0.0018072486730208448
16 z 89 0.007288767119448147
17 a 57 0.022780868994579206
17 b 110 0.004026825397031142
17 c 138 0.005652027724701192
17 d 12 0.006172071367114174
17 e 136 0.0353809945458482
17 f 97 0.004766745340959444
17 g 47 0.1235123981859848
17 h 71 0.06585927176135031
17 i 111 0.0034023269097570585
17 k 41 0.059863839869122804
17 l 87 0.034416723325082166
17 m 139 0.008321618746690573
17 n 130 0.02062967380770775
17 o 119 0.026410576571912037
17 p 86 0.10386564532002707
17 q 12 0.005375674313356837
17 r 124 0.11522791204441019
17 s 64 0.008974898578233859
17 t 148 0.044389791661218814
17 u 59 0.011864967707455265
17 v 77 0.020223706968481525
17 w 14 0.03457647510096529
17 x 49 0.02072913594115322
17 y 11 0.09677329957643421
17 z 146 0.009563983538425913
18 b 49 0.004857498691342221
18 f 101 0.06421203597251335
18 g 112 0.03615769192645446
18 j 65 0.31844304316262895
18 l 123 0.009994533917609183
18 n 114 0.06940256291262625
18 r 102 0.2974696321831193
18 t 28 0.07089889465151711
18 v 90 0.06845900234095159
18 y 144 0.011638130573409566
19 a 56 0.0145040098251904
19 b 54 0.008311344672458643
19 c 128 0.0938134568590413
19 d 103 0.01003030252050452
19 e 49 0.0038284464027172893
19 f 14 0.02745342752778457
19 g 120 0.100846852621304
19 h 135 0.013827520441909602
19 i 142 0.012266937508229936
19 k 133 0.011684339253670406
19 l 46 0.010845758132351002
19 m 141 0.11194334173513365
19 n 30 0.0018284032582996934
19 o 58 0.006644702051481488
19 p 26 0.012195238864451508
19 q 149 0.09214958043166532
19 r 26 0.07663303348705008
19 s 12 0.08250816717479292
19 t 126 0.03512085614516092
19 u 86 0.042708475060014184
19 v 72 0.030599235425166516
19 w 32 0.12271359343089794
19 x 85 0.021415698891302015
19 y 20 0.027945363801295642
20 b 104 0.08478897796769369
20 c 45 0.03472255807631319
20 e 110 0.001551417030336899
20 i 72 0.0479789992932832
20 o 101 0.1850270031716078
20 q 80 0.10335339781804309
20 r 57 0.04666174062521922
20 s 106 0.0383664690098382
20 t 47 0.06625971042178691
20 w 55 0.023294294972489582
20 x 123 0.0636398854515241
20 y 46 0.007254485599159977
20 z 34 0.13913018415473655
21 a 108 0.13308401168375283
21 g 73 0.06258447484041307
21 n 151 0.09420593322671356
21 p 154 0.05205302637386722
21 v 56 0.37182051843075925
22 a 68 0.15576437598284665
22 b 67 0.1526648110102946
22 e 150 0.0024660498592964375
22 f 38 0.017185273635393128
22 h 9 0.0008816976502634688
22 i 29 0.031747642317585534
22 j 111 0.01512534091088824
22 k 123 0.050291074339289366
22 l 38 0.09785218358969527
22 m 79 0.04766373433093807
22 o 61 0.0369727687667627
22 q 73 0.0031650395926836605
22 r 51 0.015563028941096513
22 s 71 0.008885549207302113
22 t 17 0.09909863778066996
22 u 145 0.06707451690224087
22 w 5 0.016676195989113962
22 y 148 0.12758760174953843
22 z 83 0.03864545902112548
23 a 8 0.10393300169912956
23 b 52 0.005146743471529325
23 c 83 0.0390325888848031
23 d 125 0.09025523228010668
23 e 50 0.018583092176950866
23 h 143 0.04236267922349013
23 j 84 0.11206409051572452
23 o 115 0.00917876026467812
23 s 95 0.12016987713712468
23 t 112 0.155508655818694
23 u 3 0.12413901726424115
23 v 5 0.0018952708141833918
23 y 54 0.15511551106834676
24 a 135 0.05744248123577789
24 b 104 0.10295161644972262
24 c 100 0.09073076578622685
24 d 27 0.18073924834340727
24 e 130 0.041765567810143844
24 f 15 0.014525840526231737
24 l 56 0.03507180043312452
24 n 134 0.01698073958228119
24 o 126 0.06873903377329349
24 q 27 0.08554476590566396
24 u 11 0.0196430871221549
24 v 68 0.051763083910887686
24 w 102 0.08926989814043784
24 x 56 0.010625067192640558
25 a 10 0.030318166515375555
25 b 45 0.017420353563484703
25 c 99 0.0023106070009109025
25 d 121 0.04225002027431457
25 e 49 0.04985311126302561
25 f 24 0.01969325212129469
25 g 127 0.004127313223440621
25 h 122 0.005493897017016747
25 i 103 0.036257577401730856
25 j 65 0.0071063725797039234
25 k 114 0.13425390759651912
25 l 26 0.05314398608804716
25 m 70 0.05582130087692172
25 n 135 0.02617893636905788
25 o 11 0.03166626380002446
25 p 3 0.03157669926488549
25 r 42 0.011609368334999925
25 t 11 0.0021112738491455563
25 u 19 0.05544562626064986
25 v 141 0.032414483337815936
25 w 61 0.014210833486287155
25 x 30 0.08350224571258236
25 y 68 0.053473002805282666
26 a 96 0.04610979732877163
26 c 29 0.07336531681381075
26 d 151 0.07529462890197403
26 e 119 0.06327774039668665
26 f 3 0.012533402972272345
26 g 84 0.008073132282750528
26 i 151 0.027682289859141895
26 j 92 0.010088196801608884
26 k 155 0.05249817909240018
26 l 146 0.0083875847460817
26 m 100 0.13166223651654374
26 n 40 0.0002990782147412885
26 o 51 0.02466405278910344
26 p 28 0.05637727177749774
26 q 6 0.0355379003354529
26 s 156 0.03773791412901761
26 u 98 0.02339761766559989
26 v 104 0.0032600454011013635
26 w 32 0.014807226765451764
26 x 22 0.08551172002399177
26 y 33 0.20192862747733342
27 x 28 0.19007879062566713
27 y 109 0.1456978442182989
28 a 85 0.08210099216458155
28 b 119 0.06512866374045456
28 c 67 0.11183140019621429
28 d 99 0.08384355234181584
28 e 25 0.04402816499211282
28 f 94 0.023439999695192393
28 g 29 0.06802228063179461
28 h 135 6.38395348808718e-05
28 i 0 0.05704665838108702
28 j 78 0.19535892080038975
28 k 83 0.022024028116669703
28 l 68 0.033401304944085
28 q 29 0.0098955359512094
28 r 23 0.010550150134419733
28 s 49 0.005390942165996115
28 v 50 0.043339530257600734
28 y 139 0.010737656781076965
28 z 14 0.019292277344092112
29 a 156 0.017203994910441223
29 b 99 0.005674453492034215
29 c 119 0.011092209559798172
29 d 26 0.03538352351453311
29 e 128 0.024001539593048737
29 f 104 0.025219042166924166
29 h 142 0.0064276010176024245
29 i 136 0.060044539456427515
29 k 77 0.016855474856704245
29 l 83 0.07159508013296101
29 m 16 0.0805811115900632
29 n 126 0.2339653560274373
29 o 85 0.03347126063647454
29 p 102 0.02850340313212596
29 t 4 0.026682091848356126
29 u 89 0.07043313442750221
29 v 149 0.11378060477264196
29 w 11 0.05989150057605275
29 x 78 0.017308863477567438
29 y 152 0.046018001437062805
29 z 26 0.014374968189969306
30 a 16 0.005355638253108697
30 b 89 0.10098229040137108
30 c 76 0.030450990125258426
30 d 71 0.04666455824940596
30 e 152 0.009427049839614843
30 f 29 0.04966357241795616
30 g 99 0.022594554064530037
30 h 46 0.02689127296616567
30 i 13 0.025355223250465575
30 j 136 0.006302565252403358
30 k 66 0.035447603222592994
30 l 128 0.03387960931058487
30 m 7 0.00908832811973348
30 n 83 0.01866988735191888
30 o 154 0.2666294739219812
30 p 3 0.13422126589320715
30 q 97 0.00276784128125096
30 r 100 0.0011405649987200617
30 s 69 0.010667608335864331
30 t 10 0.012972058043703827
30 u 70 0.006437497843691853
30 v 150 0.0050023249791874
30 w 146 0.018612803588298754
30 x 51 0.046053611177619524
30 y 24 0.0031109885460377518
30 z 40 0.02207347064238452
31 b 74 0.001012638835250268
31 c 87 0.16000911414205266
31 d 84 0.0006349984256001084
31 f 126 0.001600297414272811
31 h 87 0.059516590075448295
31 i 115 0.01228646006292744
31 k 142 0.02407623482038257
31 l 12 0.011254423213187259
31 m 107 0.08725909829729395
31 n 34 0.0846730959277534
31 o 81 0.044132329845205764
31 q 135 0.11009201924573875
31 r 125 0.06205680500295818
31 s 156 0.005558457568899611
31 u 44 0.10423767134821804
31 v 63 0.03488799291870759
31 w 67 0.14605594373589825
31 x 47 0.008204707209933604
31 y 56 0.006566516028856495
32 a 85 0.04237216652005271
32 b 92 0.03494717866733199
32 c 156 0.057829451520954867
32 d 32 0.0037217692649047507
32 e 142 0.05857574435802615
32 f 123 0.01394759247906574
32 g 77 0.03442704903733895
32 h 92 0.009568215445023842
32 i 128 0.03356859763241449
32 j 52 0.00316479786318391
32 k 23 0.019967448602035476
32 l 27 0.20923577113848302
32 m 138 0.03481826468825233
32 n 127 0.05047252481189746
32 o 60 0.019668819988411634
32 p 46 0.16203449079704457
32 q 80 0.03192003309835767
32 r 74 0.007226698016432942
32 s 76 0.02689744505025282
32 t 9 0.06589725936469981
32 u 49 0.012366628770537846
32 v 125 0.014835907389157188
32 x 65 0.01917248260777582
32 z 88 0.0027271042507048815
33 a 35 0.04151186407865615
33 b 68 0.023668086935941135
33 c 84 0.014180794627375981
33 e 29 0.0009381828212838839
33 f 142 0.160421362827185
33 g 103 0.022131952410238798
33 h 53 0.09638373886814944
33 i 91 0.008172864627581156
33 j 71 0.009731404807365118
33 k 81 0.0016986674900403287
33 l 107 0.02423579633673134
33 m 153 0.1340506689934834
33 n 30 0.14305570405069623
33 o 73 0.06727454995318471
33 p 60 0.006414825183656103
33 r 119 0.02812282542144029
33 s 9 0.04081262348655068
33 u 70 0.0018509951227049237
33 v 155 0.06562931237830061
33 w 7 0.046329326972717855
33 x 86 0.025219124660551206
33 y 69 0.0315601992507577
33 z 143 0.006332704832033853
34 a 36 0.034154346972885774
34 c 100 0.06524373365616809
34 d 106 0.05873338292834762
34 e 148 0.04251580791185694
34 f 117 0.010189781798768949
34 g 93 0.05757631305508226
34 h 154 0.035431541079066875
34 i 65 0.004786904006122805
34 j 24 0.041322836719793976
34 k 107 0.019076196961738234
34 l 27 0.0024388740834910827
34 m 105 0.03764909375041914
34 n 92 0.05664832328637881
34 o 65 0.02812406161232406
34 p 82 0.03383164185886112
34 q 64 0.017146950085728085
34 r 47 0.035491801072919604
34 t 35 0.024100440007838952
34 u 50 0.11530045420947432
34 v 115 0.012182657953190068
34 w 139 0.00043968497568736
34 x 13 0.11737184780405252
34 y 10 0.0086138381519123
34 z 108 0.14146055943159486
35 l 26 0.5372167109936998
35 z 80 0.17940203960167034
36 b 92 0.02322335434235423
36 e 54 0.12461028153692755
36 f 137 0.06306160295512031
36 g 77 0.04677863786562242
36 h 51 0.08187103993757883
36 i 133 0.10495027006589819
36 l 50 0.0027243440431035104
36 m 63 0.018779895101015187
36 n 57 0.06985493845481883
36 p 12 0.004712475559945917
36 t 100 0.034409045613528866
36 u 150 0.08790276671933828
36 v 132 0.017857260806372732
36 w 57 0.01904314663299944
36 x 60 0.13758346294020518
36 y 54 0.0633521309174424
36 z 147 0.06851920019739066
37 d 149 0.057448254467223125
37 g 25 0.08455027123542891
37 h 130 0.028037174878231097
37 i 96 0.025506718723485644
37 j 80 0.23184982868685255
37 k 45 0.187170574827474
37 l 10 0.029937741329393086
37 n 55 0.06814302415858264
37 o 73 0.028040026231362036
37 w 70 0.1293880846973372
37 y 149 0.11263030963216825
38 a 52 0.025848071428570374
38 b 144 8.347334302261089e-05
38 c 108 0.03169763025215089
38 d 29 0.00557290019692358
38 e 151 0.04075338372972526
38 f 49 0.09684052909893925
38 g 100 0.001147209725246845
38 h 117 0.010504497028474002
38 i 103 0.024454393401125762
38 j 148 0.03324601567665608
38 k 109 0.09343497358413255
38 l 60 0.025009809994498755
38 m 6 0.11536549243929983
38 n 61 0.01810546520482792
38 o 52 0.028455598502684643
38 p 37 0.06638545735048618
38 q 145 0.020339027776024365
38 s 120 0.030223813163194446
38 t 140 0.025770609691249224
38 u 108 0.033032187330128804
38 v 109 0.06664941512741174
38 w 109 0.04423902962337589
38 x 60 0.06461135167817822
38 y 134 0.05162101339219072
38 z 142 0.0035762284832219216
39 o 26 0.5180918852854377
39 y 144 0.17319888256110583
40 a 37 0.12894492591016526
40 b 146 0.15233995429299607
40 k 66 0.05579280692783506
40 l 123 0.05772576144693775
40 q 30 0.23903136032573735
40 v 148 0.14153408029572834
40 w 16 0.011238940170089307
40 z 83 0.10368112787069517
41 a 98 0.04410006427197566
41 b 126 0.010209738926840073
41 d 82 0.024057169953472513
41 h 133 0.007365223522453834
41 i 118 0.07634810951573201
41 j 69 0.03683149508323791
41 k 24 0.04701343572331895
41 o 66 0.008290558708083928
41 p 57 0.15843773814982343
41 q 111 0.024451349362240693
41 r 86 0.02528922658818833
41 s 61 0.034597081504464056
41 t 136 0.026250251869675223
41 v 105 0.1689481931429503
41 w 134 0.11624026247616248
41 x 54 0.08023253949337095
41 z 60 0.03472784854935007
42 a 65 0.0013945548824311205
42 b 8 0.009491691272676794
42 f 80 0.020469369743737365
42 n 105 0.0059577144645480695
42 q 95 0.17171735336527572
42 r 26 0.03332723804949056
42 s 128 0.033826656143259304
42 v 83 0.5795278155505375
42 y 54 0.09361910335561396
43 b 154 0.004044467168375254
43 d 89 0.0053887984833047575
43 i 63 0.017006071490388908
43 j 153 0.14356801889798376
43 l 21 0.038065152997874385
43 m 64 0.02237053696620972
43 q 87 0.19891368221920736
43 s 77 0.03159595082155264
43 u 148 0.001672426261783433
43 v 78 0.13390153459827037
43 w 27 0.04460576254977866
43 x 145 0.15427425778747028
43 y 3 0.029005647138147017
43 z 15 0.028082225692998564
44 d 132 0.023687639121302118
44 e 29 0.07688653178140448
44 i 92 0.16674848894543925
44 j 6 0.1519209145907925
44 l 156 0.12376551902621635
44 n 21 0.03735015358788707
44 p 47 0.14837949033300124
44 q 132 0.008200361384411936
44 v 96 0.022261798353745754
44 z 134 0.004335784096972439
45 d 50 0.0035323622940661714
45 e 134 0.019520858644492378
45 g 94 0.10564976256154857
45 i 67 0.009773861708849418
45 k 32 0.05410769064226628
45 l 134 0.013436684472221905
45 r 138 0.06934721531130794
45 s 35 0.1534048940564754
45 t 51 0.09986896583572136
45 u 88 0.12872898970285396
45 v 127 0.02973014942559027
45 w 43 0.05627495118875936
45 x 44 0.04369949179053423
45 y 120 0.05942546530659565
45 z 149 0.06720296418075689
46 n 61 0.05748076157901072
46 o 115 0.1334580313329411
47 a 118 0.014446810543949695
47 b 65 0.034226117778770715
47 c 55 0.012947350885137876
47 d 150 0.1264834598094947
47 f 62 0.10220685910443428
47 h 134 0.007240567533594255
47 i 22 0.03374160224193068
47 j 41 0.04844397780556042
47 l 56 0.004739995849569856
47 m 79 0.06867172330533666
47 n 113 0.003848761358287822
47 o 122 0.05676058123190164
47 p 57 0.051084351445083165
47 q 13 0.04226949786921286
47 s 136 0.12317142629385947
47 t 84 0.03323070461895361
47 u 10 0.08831806406922438
47 v 60 0.0017129352576678025
47 y 29 0.024483502472872898
48 b 53 0.010651745981978378
48 f 31 0.02397585883384601
48 h 37 0.0029295504833910524
48 i 87 0.126726843279239
48 j 154 0.035776885018590554
48 k 94 0.06659570251564928
48 l 7 0.028058706462988026
48 m 133 0.028510171547785235
48 n 30 0.012493409014552204
48 o 33 0.07472992395738665
48 p 123 0.10284686928952469
48 q 112 0.09981668411950162
48 s 66 0.1403790889420432
48 t 108 0.022915285106954397
48 u 44 0.03290171242192108
48 v 53 0.04878960960646772
48 w 140 0.006639738784498972
48 x 133 0.013438507838387403
48 y 66 0.060684533778415095
48 z 136 0.01711975676580868
49 b 30 0.22386312949792864
49 c 63 0.04026620266477876
49 g 6 0.017101650698500115
49 h 92 0.1250050886053672
49 j 119 0.04279930864895021
49 l 11 0.053875775466134534
49 p 148 0.014914078379532847
49 q 88 0.1952978993505463
49 t 49 0.017449947299004176
49 v 14 0.07009748177795339
49 x 151 0.09168812030889206
49 z 1 0.0182970378691506
50 b 156 0.14118877887285508
50 c 97 0.08046539126872954
50 l 48 0.07258665747838289
50 m 136 0.07068670800025456
50 n 121 0.13685214951643132
50 o 112 0.01433846665279892
50 q 141 0.025258628272701422
50 s 104 0.09876255716072768
50 w 12 0.04646294385375671
50 x 26 0.004759734949128069
50 y 142 0.05293654949993909
51 b 145 0.06646104428546007
51 c 118 0.06523094950763975
51 j 33 0.03839949291902445
51 k 131 0.10332707184301793
51 n 130 0.013162890761993062
51 o 79 0.009862971765740025
51 p 139 0.059351910664550145
51 s 56 0.04024348278056766
51 t 99 0.18653829993057003
51 w 114 0.012559221941732535
51 x 38 0.024234064760745855
51 z 153 0.2502175428443869
52 a 127 0.010079817574105143
52 b 58 0.11998549125680513
52 d 63 0.009260142168207697
52 e 116 0.11379577307991862
52 f 64 0.08409403408472205
52 g 26 0.07472467182952536
52 i 107 0.07119642719802022
52 j 65 0.0066845309062482094
52 k 13 0.052106485850273665
52 m 13 0.017292424791613636
52 o 53 0.0766778543216402
52 p 23 0.018106130984262725
52 q 110 0.08250309598567984
52 s 39 0.010938932479061414
52 t 30 0.000438977650889516
52 u 118 0.04013402666894317
52 v 96 0.0447889856581839
52 w 14 0.03257168957440015
52 x 76 0.1096165287728934
52 y 56 0.006268062398806062
52 z 66 0.002493447929562076
53 a 83 0.06893570001653504
53 f 14 0.29804248682735246
53 w 76 0.24497549697303345
53 x 63 0.16700901534161627
54 e 66 0.05633388525535088
54 f 68 0.21232258416774186
54 g 30 0.01225458298157922
54 m 103 0.2960107977735451
54 q 135 0.02792874205047824
54 s 140 0.11033758216797829
54 u 114 0.04865160742888497
54 y 134 0.11993472643452097
55 j 94 0.1888016229639281
55 l 88 0.4722862528704196
55 z 13 0.3024698430843207
56 a 8 0.16233246915079613
56 d 83 0.005340466351178019
56 i 112 0.0011085452995925893
56 k 22 0.12426660496391007
56 m 53 0.09857894931118849
56 n 15 0.02503547047735244
56 o 76 0.008110759393744504
56 q 66 0.16819147227125752
56 u 50 0.02269367219366658
56 w 77 0.0730223817961928
56 y 141 0.18235120291072815
56 z 0 0.07460496951307483
57 a 32 0.10152733957194693
57 c 144 0.021114938151957974
57 e 105 0.026826229737986096
57 f 17 0.04472237752679764
57 g 37 0.12170793838966876
57 h 7 0.11995902138142078
57 j 125 0.0311457490100856
57 k 129 0.02030847815995218
57 l 135 0.08744017885224209
57 m 150 0.007121546137895063
57 n 38 0.022210338533925067
57 p 60 0.05165677382348999
57 q 76 0.007903698641465007
57 r 40 0.022401692691038755
57 s 18 0.009830966788736295
57 t 109 0.0187554776729979
57 v 33 0.03322194035059933
57 w 29 0.014429720783131539
57 x 149 0.018846456763618957
57 y 139 0.18353542939671585
57 z 29 0.009814103376865835
58 g 117 0.04495774988147849
58 h 63 0.2102721317710029
58 m 148 0.12580664884113058
58 o 108 0.11647989079935939
58 s 41 0.028454792252363137
59 e 93 0.01833546006109532
59 l 129 0.017247618766662254
59 p 148 0.19764083417065803
59 s 120 0.0015255732917575093
59 t 58 0.2518027916172595
59 x 120 0.4934048460688669
60 a 83 0.012961796159633332
60 b 45 0.012805051838970072
60 c 74 0.011061757849769482
60 d 42 0.08118765753646806
60 e 78 0.0071077508992372085
60 f 90 0.06135142188525866
60 g 63 0.10049701401126099
60 h 103 0.06103045987084077
60 i 109 0.04041814376291364
60 j 142 0.014509538202535421
60 k 13 0.007350313237090678
60 l 133 0.010405559191036695
60 m 26 0.0009492005130185
60 n 119 0.061515840826881885
60 o 93 0.010564268326296311
60 q 111 0.3136190560722816
60 r 99 0.017749462190913112
60 s 6 0.021605653452010376
60 u 135 0.0036034960362428814
60 v 153 0.0515388975879173
60 y 31 0.006932519745750154
60 z 18 0.0070116656451312265
61 a 26 0.014090100128495209
61 b 69 0.010411917484834055
61 c 89 0.08779996952722391
61 d 15 0.006616051794519406
61 g 2 0.07580940506725031
61 h 145 0.013410307344934536
61 i 2 0.013399587712755068
61 j 62 0.009441694535885281
61 l 144 0.20995921934262307
61 m 94 0.035504177467956755
61 n 66 0.028530389252267696
61 o 80 0.03280198988005234
61 p 17 0.003158158442535197
61 q 131 0.05535348250528882
61 r 44 0.0037765860303859977
61 s 152 0.01065331913962142
61 t 1 0.047465555527932746
61 u 81 0.33419456574882644
61 x 44 0.0025064784323671763
62 f 71 0.015777417535690064
62 o 4 0.285014757491018
62 u 26 0.44556915887858783
63 a 141 0.038869323296380265
63 b 5 0.019856354046808966
63 c 17 0.014783938896798077
63 d 57 0.03412993981352985
63 e 155 0.016898068213856865
63 f 106 0.010068634575879365
63 g 21 0.20248235144855697
63 h 94 0.05427931274865316
63 i 123 0.06414608589009285
63 j 149 0.0004769847865035981
63 k 145 0.011802985956031575
63 l 155 0.10564734275292698
63 m 126 0.03764667289254864
63 n 66 0.008505507147271607
63 o 12 0.029271373392462885
63 p 129 0.01366222209349266
63 q 128 0.07878619871767256
63 r 113 0.011268626589052255
63 s 23 0.024745847780872632
63 t 133 0.051370775847290884
63 u 139 0.04992757195497699
63 v 123 0.011111747315090348
63 w 63 0.015028364282359208
63 x 156 0.01896924359582708
63 y 60 0.03948927572759775
63 z 35 0.0230544679795206
64 a 58 0.061984262226638
64 c 72 0.08550350664945727
64 d 10 0.0500716726875674
64 f 118 0.04078531578510047
64 h 147 0.0037357277730061256
64 i 90 0.01621305111320126
64 k 111 0.07883966773650597
64 l 121 0.0014523061827399486
64 m 30 0.16475017081310206
64 o 93 0.024934152681930777
64 p 105 0.22547427205535886
64 v 59 0.06665951806347292
64 w 101 0.04205648934109463
64 x 144 0.06416924978107486
64 y 26 0.00831551688364296
64 z 150 0.006860946608493346
66 b 79 0.3829739068950855
66 e 98 0.19233577526493906
66 r 29 0.11566546587289528
68 a 148 0.02550456039207971
68 b 140 0.037599607232424836
68 c 135 0.015053182450233904
68 h 64 0.06151984683179301
68 i 134 0.02440194391150574
68 j 111 0.01992082090390923
68 l 43 0.044596502713501684
68 m 78 0.14665648563486622
68 n 128 0.19098624659039576
68 o 65 0.08486207487059771
68 p 132 0.04196536006858742
68 q 112 0.014362735880547817
68 r 86 0.011629112592226098
68 s 146 0.0020978199877952353
68 t 145 0.032011983109641706
68 u 3 0.08135568215004063
68 v 100 0.00019275745820868107
68 w 96 0.02101010559455918
68 y 121 0.02136099772362443
68 z 63 0.03799145986668295
69 h 147 0.36376273578342044
69 j 88 0.5239578911672856
69 k 11 0.011981097503033444
70 a 12 0.0769462521294818
70 d 64 0.0695122043822679
70 f 4 0.014777114115863021
70 g 140 0.15820487793347104
70 q 43 0.14280232846705487
70 w 68 0.03386174836165434
70 y 32 0.05848794863795126
70 z 13 0.0238746730688022
71 a 21 0.0019799445882339173
71 i 20 0.10130040774732585
71 l 127 0.0496408154078124
71 m 78 0.12468929107954896
71 n 34 0.01134811528883306
71 p 12 0.12558700505389664
71 r 154 0.16046270874266
71 u 128 0.09690301439319038
71 y 57 0.03572321007094159
71 z 133 0.04276624397802009
72 a 144 0.08378556232755019
72 b 123 0.1896182009439381
72 d 122 0.003930174137924514
72 g 130 0.1594314949654737
72 h 81 0.10995716472476447
72 i 6 0.025210968112720167
72 n 30 0.010829155710900484
72 t 41 0.052394794701740355
72 v 133 0.009294147410644937
72 w 97 0.033946056048634765
72 x 26 0.010597974931792153
72 y 68 0.005492164381277864
72 z 110 0.16475064074441603
73 e 111 0.316208038176929
73 h 16 0.0009873836405550618
73 i 148 0.020011980075549163
73 m 125 0.1195641266501507
73 q 29 0.20792421896869773
73 s 145 0.05876172487517928
73 t 46 0.21149802756651093
73 v 71 0.04553334707088019
73 x 49 0.010225865985760585
74 b 86 0.031968622041416705
74 f 53 0.06114486146739573
74 g 102 0.016037550205478257
74 h 97 0.027962236068994395
74 j 123 0.07755034225694835
74 k 12 0.02516218686566518
74 l 63 0.09862518581806123
74 m 91 0.04525390343661739
74 o 79 0.14780377198802808
74 p 42 0.15814710885409056
74 q 69 0.0025251700044502945
74 t 148 0.11305571873998332
74 u 25 0.010258092531751917
74 x 93 0.11008427226135076
74 y 120 0.04435055522056053
75 m 101 0.34478487565760674
76 a 29 0.02536701181015233
76 d 121 0.07728203465477645
76 g 47 0.11095707105703789
76 h 42 0.03802341187774316
76 i 4 0.004070455546905993
76 j 50 0.016486357495237525
76 l 65 0.08200916916598133
76 m 91 0.004424684014751712
76 n 88 0.017692060766852813
76 o 10 0.008684505878796545
76 t 118 0.002559451000310853
76 u 31 0.1953914522774608
76 w 144 0.17843212416098353
76 x 95 0.01730503952040441
76 y 155 0.023253423089364844
76 z 107 0.1553880142227011
77 a 24 0.09873230698838897
77 b 38 0.019155922658540603
77 c 108 0.06309600522645109
77 d 121 0.0071854132796440595
77 e 62 0.005278025416331933
77 f 154 0.0014057532664086825
77 g 7 0.07778686048654793
77 h 71 0.016331194374147984
77 i 101 0.04329426475846898
77 j 1 0.10510865023050475
77 k 34 0.020195868944965945
77 l 106 0.10863673727605128
77 m 62 0.086699097337951
77 n 98 0.01780038751909574
77 o 10 0.030488501959281433
77 q 94 0.020164012128846664
77 r 140 0.04343164921547804
77 s 102 0.017109076657381705
77 t 18 0.012315513125251032
77 u 40 0.030717535903244775
77 v 84 0.023377277686771225
77 w 17 0.06698568667521965
77 x 96 0.0026796154765657
77 y 45 0.06920834525732644
78 a 82 0.0908622039452226
78 b 38 0.020705586946002774
78 c 70 0.007326729265333065
78 f 142 0.003021680192765941
78 g 150 0.0014417836391614758
78 h 136 0.11938673563505575
78 i 91 0.01504334626592907
78 j 141 0.11388288120502565
78 k 138 0.06974378123789204
78 l 47 0.024475039552546818
78 m 155 0.016311358501534534
78 n 145 0.03756068704810123
78 o 13 0.13236953086262093
78 q 15 0.02299425153535395
78 s 28 0.06038227775207505
78 t 83 0.0756655331018592
78 u 73 0.015902788001370793
78 v 18 0.04819589074487163
78 w 148 0.07435297625502613
78 x 142 0.010730618081554066
79 a 89 0.005574604305169761
79 b 130 0.015003207512140126
79 c 18 0.05756014440645352
79 d 93 0.0008477646431968022
79 e 98 0.009414729157397828
79 f 69 0.057808884966913054
79 g 30 0.017876539811847558
79 h 32 0.010635261829565534
79 i 30 0.12517237770086675
79 j 44 0.018227648459711476
79 k 114 0.03310703137975912
79 l 35 0.011502949561490006
79 m 93 0.011335531666919696
79 n 87 0.0848530991524089
79 o 126 0.14086377867120004
79 p 114 0.02153982086804962
79 q 65 0.021736070439040578
79 r 24 0.005327974551893266
79 s 116 0.005766010330713001
79 t 64 0.045911470943549304
79 u 5 0.09734399748203637
79 v 108 0.022681282342085884
79 w 25 0.02859174116281915
79 x 91 0.01790970965285077
79 y 55 0.04369004550939837
79 z 89 0.005175564802298638
80 a 115 0.052105257246482295
80 b 47 0.09622597212802153
80 e 123 0.0005610734426471087
80 f 101 0.046295460220892926
80 g 73 0.04357496825604412
80 h 90 0.03656157999251164
80 i 23 0.13461265002826595
80 k 133 0.003784306290889994
80 m 93 0.01943154248504031
80 o 145 4.808367761621746e-06
80 p 10 0.10244188509150198
80 q 54 0.03198549912141435
80 r 64 0.10267695683196565
80 t 40 0.13840074978357442
80 u 113 0.08182242696732267
80 v 68 0.06334805767297469
80 x 123 0.019440525838606115
80 z 75 0.02192804778105162
81 q 123 0.2229332927535812
81 s 121 0.4975210009601412
81 t 41 0.1479195203585476
82 c 129 0.0004856179586840703
82 e 55 0.0716508971633435
82 g 11 0.06719975317990678
82 j 63 0.16165546060130587
82 l 16 0.031331529700348026
82 m 99 0.03263348144476119
82 r 111 0.022900699132991753
82 t 88 0.0168376687817664
82 v 41 0.24679222033966253
82 w 55 0.11295368458143629
82 x 111 0.1239718144263734
82 y 137 0.03098883486211501
82 z 125 0.07016180319666554
83 t 45 0.3586480123840611
83 z 23 0.28426168595194257
85 a 38 0.6761043278889172
86 a 141 0.09988022967396282
86 c 71 0.056164013915348754
86 e 94 0.006114839568472918
86 f 148 0.03422892538925559
86 g 105 0.004621778999376103
86 h 28 0.0357606928311488
86 j 3 0.028053346143582014
86 k 61 0.09179057781103894
86 l 5 0.018358385256651677
86 o 142 0.04155516367077605
86 q 87 0.044674412117554074
86 r 59 0.07085856211368358
86 s 135 0.0032209480135649837
86 t 84 0.11894948754101975
86 u 70 0.02090788501945262
86 v 43 0.15256403804666452
86 w 6 0.023467824475490784
86 x 97 0.027099691945187354
86 y 56 0.1199325479892348
86 z 34 0.0017802065092544783
87 b 44 0.1969603531706502
87 f 84 0.03330561249858577
87 g 96 0.07167663345399433
87 i 61 0.043309428872781996
87 l 145 0.11570217647308223
87 p 21 0.07377308608490707
87 s 155 0.11187646627276149
87 u 22 0.0298962970812382
87 x 45 0.13726184325883184
87 y 112 0.11869011348361491
87 z 68 0.005047901580403136
88 n 92 0.888597857301187
89 a 7 0.018231343107035114
89 b 87 0.09318173165214827
89 c 26 0.10083192027783727
89 d 9 0.02250725223068961
89 e 8 0.012591256823366703
89 g 86 0.09842253266554801
89 h 144 0.0006624103352513844
89 i 124 0.010376149431673531
89 j 20 0.01375059244042831
89 k 94 0.01220005747031061
89 o 121 0.09737969156931958
89 q 70 0.13423111370183394
89 r 150 0.04124886491216595
89 s 57 0.053631412103742004
89 t 26 0.05996898229072234
89 u 66 0.06351317332238826
89 v 86 0.01624281166598296
89 w 108 0.03011719382148892
89 x 51 0.051238919908482505
89 y 156 0.017804795367539206
89 z 111 0.04838671712599185
90 a 5 0.07888704957269299
90 d 92 0.05666145679891599
90 h 146 0.05447883382508334
90 k 150 0.14822079973169489
90 n 97 0.5378326680871577
90 t 114 0.07749565635403766
91 a 146 0.1638465485842311
91 e 18 0.06783146338924173
91 f 75 0.23921622006712762
91 j 29 0.3238400319403656
91 n 79 0.08972115368465416
91 q 117 0.09001040278006134
92 d 31 0.12133702984427264
92 g 148 0.3263258703018661
92 j 16 0.08401286540722275
92 t 21 0.17885206588865743
92 v 131 0.11628269450961748
93 f 42 0.2943723397940171
93 j 91 0.06197461246813585
93 k 48 0.20465914407806873
94 b 105 0.13640873921839503
94 c 37 0.1012300527933715
94 f 35 0.059860875842532746
94 g 58 0.17015691079393325
94 h 152 0.13332400980093484
94 m 138 0.19059430289220036
94 p 102 0.17394876225003097
95 b 107 0.048823573789889
95 d 53 0.024124183004298305
95 e 81 0.12069648620803686
95 g 131 0.01402720183823103
95 i 74 0.04220769513712497
95 j 59 0.01104678965879502
95 k 19 0.0676089150165986
95 l 39 0.092454966363675
95 s 143 0.05914327322560686
95 u 105 0.0771774030821738
95 v 48 0.0986583947480052
95 w 5 0.05400270966677856
95 x 113 0.0705667935598917
95 z 74 0.19814902971266457
96 b 50 0.027865990046390565
96 e 11 0.11232811513684149
96 f 97 0.0413956786942018
96 k 137 0.06346148065056656
96 l 101 0.013264027178490068
96 m 121 0.038794132516813296
96 n 25 0.12563346505470052
96 o 29 0.13285118006639085
96 p 32 0.13494620406886904
96 s 5 0.035142441878660335
96 v 57 0.10156571067314046
96 w 155 0.11070473880081932
96 y 132 0.002394358901430804
97 a 43 0.01306619184988922
97 b 101 0.031055162108000856
97 c 128 0.02431947452987082
97 d 21 0.004526363045865511
97 e 64 0.013791680528300154
97 f 103 0.03221412630430254
97 g 69 0.17683991690356615
97 h 94 0.01993161197098825
97 i 78 0.004381831412267889
97 j 32 0.010498567195053488
97 k 23 0.00018561388140214685
97 l 59 0.12516259583627054
97 m 31 0.06313752231243419
97 n 43 0.0379502453644045
97 p 95 0.0239827735246001
97 q 91 0.05956364444005591
97 r 119 0.02559552572996615
97 s 142 0.009600650243562936
97 t 23 0.02029748044069457
97 u 4 0.0332498732207156
97 v 14 0.14649244777497994
97 w 115 0.026426784072368537
97 x 112 0.008904097572996372
97 y 45 0.011803526208743809
97 z 132 0.05566511918826256
98 i 103 0.20521665573535908
98 y 155 0.31043888912838935
99 a 156 0.006316236018282129
99 b 76 0.006032180495484041
99 d 149 0.03481190073617502
99 e 43 0.04290145241525378
99 f 72 0.016028463312358632
99 g 38 0.04156179394330872
99 h 39 0.02062003503254428
99 i 83 0.10137084877782954
99 j 140 0.0087539079208101
99 l 119 0.010508017333039743
99 m 92 0.013017600425802023
99 p 106 0.043265478773029
99 q 100 0.1768556499824413
99 r 125 0.04981590130252023
99 s 55 0.05427835532790448
99 u 19 0.035075442929942025
99 v 101 0.014014294870421051
99 w 81 0.14581542486934795
99 x 14 0.019299733597336055
99 y 114 0.14426705585856126
100 a 33 0.045590376240304264
100 b 151 0.06457409680430781
100 c 16 0.0344670313693769
100 d 38 0.011226653293205158
100 f 43 0.09327170738606383
100 g 86 0.0022450961172242323
100 h 63 0.026177704916195532
100 j 151 0.12756574994490522
100 k 66 0.01231471817084262
100 n 0 0.010229511809061398
100 p 11 0.005379803656756277
100 q 16 0.15495973749662473
100 t 115 0.15881557395419943
100 u 134 0.0546872990730779
100 w 14 0.00026003114683814665
100 x 139 0.03334543425526337
100 y 57 0.0881321195252951
100 z 91 0.059181402077750134
101 a 134 0.019068905555554294
101 b 40 0.04279346390258176
101 c 50 0.026884561686377317
101 d 154 0.020306418892312217
101 e 47 0.0011571998276729278
101 f 108 0.08036160241204326
101 g 136 0.06426193784453293
101 h 108 0.0839160359063087
101 i 110 0.03709446422409535
101 j 64 0.0429839364197121
101 k 85 0.004158432245163102
101 l 33 0.060861209013480244
101 m 73 0.018822960884141926
101 n 36 0.00017873269130341818
101 o 53 0.04604828882644885
101 p 60 0.02302507082250238
101 q 123 0.02179125812528182
101 r 68 0.11248844650710144
101 s 120 0.0255393818814581
101 t 142 0.10052755110797129
101 u 112 0.012166195009515435
101 w 5 0.07351354025516765
101 x 57 0.035042616600677756
101 y 106 0.013367244071372908
102 a 52 0.038502431587218
102 e 49 0.08027483535457469
102 h 110 0.05120232763752075
102 i 21 0.13184566103850437
102 q 110 0.16742085210249658
102 r 85 0.04388245133688562
102 s 124 0.011871068618181768
102 v 87 0.2712860533670054
102 y 95 0.03179913903919762
102 z 132 0.16240603670876852
103 a 93 0.05865717610946741
103 b 48 0.02899590146635156
103 c 144 0.04244483974697855
103 d 32 0.016825479332746918
103 e 77 0.015576912664128195
103 f 31 0.02302791197202292
103 g 41 0.07980239730646199
103 h 125 0.02466602121255279
103 i 68 0.03958627262635417
103 j 126 0.026497438550462604
103 k 48 0.021976745912568818
103 l 127 0.007252523725576943
103 m 156 0.023023867100578244
103 n 99 0.03714036714219637
103 o 145 0.05737220501340046
103 p 76 0.08350684947063536
103 q 21 0.00814557536705618
103 r 85 0.027974765617023167
103 s 46 0.08603705360206881
103 v 5 0.0334217084187276
103 w 91 0.03963084308666298
103 x 1 0.0008242657956577526
103 y 122 0.1723276797545389
103 z 132 0.02909337125425171
104 a 135 0.05444324212898499
104 b 69 0.0002685496885663774
104 c 126 0.05153462846011014
104 d 36 0.0585431640067795
104 e 128 0.01141754817985241
104 f 44 0.008367140532127726
104 g 24 0.006285029257375396
104 h 33 0.036763790494249604
104 i 83 0.000668697327786405
104 j 76 0.05382921719895695
104 k 108 0.02060941339651423
104 l 43 0.028298496840577392
104 m 116 0.05909889703306759
104 n 6 0.011827655763303913
104 o 2 0.02777691031307694
104 p 21 0.07554783949310673
104 q 10 0.00713885890106869
104 r 25 0.04099470605096778
104 s 150 0.08260794047415787
104 t 91 0.0078071578852954016
104 u 66 0.0171970846296019
104 v 116 0.07534854058763041
104 w 134 0.18159560078347925
104 x 47 0.015355934962863915
104 y 79 0.01661650332660458
104 z 145 0.022537051813128373
105 a 41 0.018985998118109637
105 b 145 0.013399681844137423
105 d 98 0.02407783999424773
105 e 153 0.018575138066288188
105 g 155 0.002612190223732047
105 i 45 0.10874977486184023
105 j 127 0.00026251580849778744
105 k 36 0.03663657379092233
105 l 18 0.042311417134502816
105 m 81 0.00969206683629631
105 n 3 0.08623956586328174
105 p 60 0.07501024689806424
105 r 26 0.01730333454544486
105 s 94 0.10999692474889733
105 u 67 0.008864617789805074
105 v 19 0.03988565664480337
105 w 79 0.03041390711796277
105 x 82 0.0538672168477804
105 z 63 0.2101110400413908
106 f 71 0.3493268308420928
106 h 27 0.09593849145594746
106 j 74 5.017309436960993e-05
106 m 44 0.2647532980094942
107 b 56 0.21692065018177886
107 e 67 0.40973355795354327
107 g 6 0.03919269197831865
107 q 82 0.012586401162479555
107 r 126 0.002799515197036695
108 b 81 0.35284906110856107
108 i 53 0.16168221200550303
108 n 55 0.4035892404809551
109 a 9 0.10135813546500982
109 c 125 0.003705434158473464
109 d 57 0.04168844608180178
109 f 56 0.22872105005664378
109 g 19 0.02397151616435178
109 i 82 0.21438050279547083
109 k 139 0.026790312736800548
109 l 129 0.1476282485791065
109 m 76 0.019582659352562093
109 n 94 0.06365079475495417
109 r 97 0.09217546163123325
110 a 156 0.015966447001519724
110 b 75 0.0010103233312981352
110 c 143 0.024441664471978375
110 d 102 0.010896259959442656
110 e 63 0.08573708370564359
110 f 116 0.0010823726141845347
110 g 152 0.045707887480507026
110 h 24 0.033860563779085306
110 i 68 0.07897209813594042
110 j 115 0.0004033601216304472
110 k 14 0.021578446393568318
110 l 66 0.034899634442555616
110 m 57 0.07519273381205327
110 n 45 0.09147383645131202
110 o 36 0.011274295357485586
110 p 135 0.012257477010468532
110 q 82 0.07034354233631135
110 r 85 0.03179033531315212
110 s 13 0.047206291428186775
110 t 12 0.008040603932429669
110 u 2 0.016379186496441323
110 v 78 0.0904186257769013
110 w 21 0.06287888153955778
110 x 147 0.050822914311054235
110 y 100 0.004227516504716311
110 z 1 0.053311689369113346
111 a 123 0.11925306885726195
111 c 23 0.1750599055055181
111 d 132 0.023987097506181776
111 f 91 0.021592970314289306
111 h 39 0.006825437802773449
111 j 147 0.030198578351080307
111 k 43 0.1454374147850923
111 m 19 0.060727701382524146
111 r 69 0.1469252058014039
111 s 49 0.1280116560580178
111 t 8 0.03459528458123606
111 y 22 0.048749915159979285
112 a 52 0.013474997312006742
112 b 113 0.07322044067488864
112 c 71 0.000276699504414446
112 d 114 0.08567744688558476
112 f 102 0.06017318299868579
112 g 147 0.10548386742525895
112 j 29 0.018167110418715438
112 l 125 0.014574556374133296
112 m 59 0.028675273615696995
112 n 38 0.06663836243818289
112 o 36 0.1212132846619216
112 p 27 0.03975856308889669
112 s 60 0.015508293310299681
112 v 105 0.10011599743336341
112 w 87 0.04807401487107832
112 x 4 0.0009191029969740638
112 y 48 0.0403638870431392
112 z 37 0.07662405998197508
114 b 30 0.032454082693727515
114 h 104 0.17664490418451584
114 l 121 0.03890446491209787
114 m 49 0.30519110163763796
114 q 155 0.16769882489960353
114 u 94 0.04234039379559518
114 v 83 0.11968819380648343
114 z 109 0.05846871037421386
115 g 20 0.1501462002180589
115 l 6 0.06801868584710435
115 r 85 0.16425909832328867
115 t 15 0.03826364803385729
115 x 156 0.32322365775958584
116 q 54 0.08897505866989275
117 b 127 0.39083171652305104
117 c 75 0.14825391673935917
117 q 51 0.12191819058233988
117 t 70 0.07898720374477719
118 a 84 0.1516088340707401
118 b 73 0.04933884287647561
118 c 54 0.015394417825777107
118 e 44 0.06790373650556725
118 g 126 0.027030339454551022
118 l 150 0.026880464309190777
118 m 41 0.06403968047919528
118 o 127 0.02210019876805913
118 p 111 0.04587371844682897
118 q 49 0.07897544059258055
118 r 100 0.037625549136628744
118 s 47 0.01734178358121441
118 u 111 0.06390490938267024
118 v 86 0.07523497934192569
118 w 35 0.0923245569493959
118 x 55 0.009976682686674176
118 z 63 0.13573056952187146
119 a 93 0.03494860346891426
119 b 121 0.08381892851036199
119 c 116 0.007857755887885731
119 d 119 0.050182931756544646
119 e 17 0.07264154597432826
119 f 96 0.002475502783291006
119 g 1 0.07125989046198045
119 h 58 0.06310081035228898
119 i 42 0.005230206080989119
119 j 79 0.03154029274635939
119 k 61 0.056831365935358424
119 m 105 0.07241277098158505
119 n 111 0.06582612208283001
119 o 38 0.004145624336285958
119 q 29 0.13261558727975087
119 r 87 0.003345708044912299
119 s 151 0.00165473538684624
119 t 120 0.037257887603659445
119 u 146 0.0315902511527435
119 v 84 0.026156255632865832
119 w 55 0.0374230197613411
119 x 70 0.04372695634088397
119 z 94 0.008911120007308648
120 a 33 0.012480182373283744
120 b 132 0.11900059452512712
120 c 30 0.05467452112214943
120 d 136 0.08030240494316498
120 e 52 0.03142176634371474
120 f 37 0.11243785369049153
120 g 139 0.023681933796343646
120 i 149 0.021113966708093845
120 j 68 0.018112946903428906
120 l 146 0.03546780748311962
120 o 82 0.03581189056854128
120 p 77 0.13331977173174603
120 q 115 0.034721981656913536
120 r 28 0.0020319815545933873
120 s 104 0.02527759525926554
120 u 112 0.035831757222595906
120 w 81 0.12099806840823923
120 z 7 0.06762380324410411
121 h 154 0.04854980477529047
121 j 44 0.17167561062583825
121 l 29 0.1795885148138261
121 m 119 0.08128790438241706
121 o 89 0.11491663186905854
121 p 136 0.08154674231359416
121 t 134 0.24830935630252415
121 x 149 0.0004786227211516225
122 a 37 0.0005635021093985948
122 b 64 0.007265764933795049
122 f 79 0.04396852065491208
122 g 126 0.08398282012761815
122 h 47 0.10659235074061546
122 i 42 0.05435349195895678
122 j 111 0.127489729938973
122 k 59 0.056686283179354424
122 l 59 0.024903679147892044
122 n 73 0.05617354482469472
122 p 44 0.16030842754317687
122 q 43 0.13292416616705394
122 t 123 0.05414439260113002
122 x 103 0.0763854014652946
123 a 27 0.00017812770469016748
123 c 66 0.0007699461274963681
123 d 21 0.0830425932819655
123 e 47 0.09566937033541134
123 f 141 0.009779937810752815
123 g 107 0.13836458365197302
123 h 143 0.06938033781877706
123 i 92 0.008078871125980158
123 k 82 0.0052223735064724774
123 l 51 0.0883413200689902
123 m 142 0.026685033447015116
123 p 100 0.056206710272808325
123 q 43 0.0704175780838342
123 s 62 0.04532676293806903
123 t 80 0.03800844752285826
123 v 12 0.12181129997116824
123 w 85 0.03610039827407063
123 x 28 0.006112298632506286
123 y 88 0.021822902808093403
124 a 136 0.000734167148044973
124 c 70 0.003726503642414336
124 d 137 0.009219072912505122
124 e 51 0.0134619794889288
124 f 68 0.021887027959851868
124 g 3 0.019394320256225672
124 h 24 0.031693883350486174
124 l 77 0.08671071811851305
124 o 26 0.2335674172256489
124 q 92 0.13914737053848958
124 r 154 0.032214623532274445
124 s 77 0.04862413918537789
124 u 79 0.13997779407960298
124 v 31 0.06768157063936897
124 x 58 0.05225614748468366
124 y 139 0.0708777595869079
124 z 73 0.004377292121224952
125 b 34 0.011972308782615682
125 c 121 0.008014352370406153
125 d 121 0.02706709089447823
125 e 47 0.053526645335837064
125 f 144 0.005636805350690666
125 g 66 0.0068636041438496775
125 h 79 0.059275157730412587
125 i 45 0.02562275109513823
125 k 123 0.059801357708687775
125 l 80 0.013639221756334474
125 n 107 0.027669049252420197
125 o 13 0.04780285253642935
125 p 146 0.015841393453068897
125 r 57 0.24752852656188717
125 s 107 0.05672467280728011
125 t 113 0.012570278599772111
125 w 97 0.1664276766696522
125 x 100 0.05282529704135264
125 z 125 0.005379529830989993
126 c 6 0.045097547711239305
126 i 28 0.023768013452897807
126 l 128 0.02287897081638912
126 n 92 0.06266252838889297
126 q 103 0.019168867936779854
126 r 68 0.26647198685613305
126 s 117 0.031457387123738134
126 t 36 0.20263836141617897
126 v 124 0.10239190501708406
126 x 90 0.0794999693621008
127 a 77 0.02046380840831208
127 b 70 0.004749249212889106
127 c 52 0.019698949818531042
127 d 117 0.09324598366069026
127 e 142 0.0366902826298241
127 f 125 0.016173475119281022
127 g 138 0.02048799005976598
127 h 60 0.004161025793865347
127 o 84 0.16579080803686264
127 r 134 0.058823847399223084
127 s 105 0.0718996107448131
127 t 23 0.16385198175990667
127 u 66 0.0504727312989558
127 v 137 0.04289645646759954
127 w 110 0.0838375731422043
127 x 124 0.09002513132875867
127 y 155 0.020780638511664673
127 z 87 0.02126961065262578
128 a 47 0.11883523534940166
128 b 150 0.022672743042686183
128 c 86 0.02684210347053584
128 d 27 0.05782451698820368
128 h 5 0.038863887661876095
128 j 6 0.2087012685267664
128 l 63 0.024342200830087535
128 p 139 0.2667559085679331
128 r 87 0.010610084266071684
128 s 40 0.036738149906867634
128 x 64 0.03350967601447785
128 z 117 0.04345209461288024
129 a 59 0.015919993082202044
129 b 17 0.025561780830024583
129 c 136 0.008243569170007348
129 d 57 0.02612251802135701
129 e 49 0.13096905152480443
129 f 17 0.11075808465133863
129 g 83 0.04098086642459364
129 h 110 0.08072267465974414
129 i 88 0.030080495631881754
129 j 38 0.018945245310132974
129 k 121 0.06979484787256696
129 m 71 0.015068166327169563
129 n 37 0.020666429347318882
129 o 60 0.012891701930660582
129 p 65 0.02221206050635538
129 r 83 0.011028489005681097
129 s 142 0.003032233878650148
129 t 66 0.0672236680200321
129 u 113 0.008387545411768005
129 v 119 0.10312396446098726
129 w 2 0.020295897906845606
129 x 40 0.023963194265558374
129 y 14 0.08637410268330248
129 z 122 0.0038850570635829973
130 a 11 0.0674206029215596
130 d 12 0.07794234626677488
130 e 123 0.0011001778164899667
130 f 86 0.02407905129035326
130 g 79 0.029607808598005048
130 i 48 0.006487406274383156
130 j 48 0.021831577894321996
130 k 135 0.05571223827529603
130 l 137 0.013946487652050532
130 m 53 0.01972905891260357
130 n 2 0.12053133214314526
130 o 134 0.03661650503612124
130 p 97 0.07954797802561797
130 q 59 0.04515201143520897
130 r 115 0.0217547808303854
130 s 151 0.10004375433663171
130 t 73 0.015133956600982823
130 v 75 0.011964077347468516
130 w 86 0.001146655822896414
130 x 142 0.04045681018170488
130 z 14 0.11186172192828925
131 a 26 0.22900564338121154
131 b 68 0.006432014769427341
131 c 39 0.038197196080754
131 d 15 0.011212818685824355
131 g 115 0.03146797962692183
131 h 66 0.002489716024054456
131 i 88 0.11268688869527399
131 n 95 0.1177779307858764
131 p 11 0.09336980891039204
131 r 77 0.013410111158287275
131 w 69 0.00944002362265961
131 x 150 0.06376076364998062
131 y 18 0.0775563105190894
131 z 52 0.12754136927609772
132 b 28 0.057695112951921534
132 g 121 0.00419298599279172
132 h 80 0.12746508051806682
132 k 13 0.0649276887956074
132 l 146 0.35873839893501935
132 r 51 0.23680109631066582
132 w 32 0.08073308205042418
133 a 28 0.04707666537694766
133 b 122 0.14601645271817787
133 e 2 0.04696478881550015
133 f 92 0.035045063096139084
133 h 102 0.0028405578668271314
133 i 104 0.016267015719318878
133 j 77 0.005901759980355248
133 k 156 0.15312995158519316
133 l 103 0.0029179499565393785
133 m 98 0.06252981077352449
133 n 51 0.05641323916052621
133 o 102 0.0894584212717715
133 q 67 0.032821658102584306
133 v 99 0.03361448658651567
133 w 96 0.006890086354824576
133 x 81 0.10754227614032941
133 y 70 0.14232926231340026
133 z 45 0.0034107432310128694
134 c 48 0.10919350581377152
134 d 124 0.01677377450446227
134 e 88 0.09293460418786115
134 f 146 0.01766991914623106
134 g 14 0.029705002651934098
134 i 46 0.07947266394471864
134 l 84 0.11402924476425391
134 m 116 0.03342144339383213
134 n 112 0.011687423169028599
134 q 14 0.044058908320200096
134 t 44 0.07848717453963361
134 v 42 0.04492325170617251
134 x 82 0.08990713802923944
135 w 112 0.07811008605709746
136 b 90 0.0619166011985357
136 j 32 0.025602973932880357
136 l 133 0.08322854865986573
136 n 133 0.06441537612681092
136 r 65 0.09872540515045758
136 x 69 0.03704073730145263
136 z 114 0.07912708595583251
137 h 54 0.19127825221164685
137 i 41 0.7927076052869083
139 c 149 0.38064270605467165
139 d 67 0.1303391352668155
139 i 87 0.03767760026669631
139 j 5 0.03463844539118188
139 o 21 0.0955429820140078
139 p 14 0.11302282751557169
139 q 86 0.014962164691011748
139 s 30 0.03938405617507723
139 u 32 0.0007521744323888413
139 w 0 0.0949511030422685
140 b 123 0.05286270224533096
140 c 74 0.012410091160524162
140 d 127 0.051471751397893506
140 e 3 0.001561791441421101
140 f 54 0.013645174229711121
140 g 113 0.023145442709837316
140 h 15 0.011936970916076373
140 i 65 0.007820424558622752
140 j 35 0.06549150035792206
140 k 94 0.0365090996085059
140 l 38 0.012342608690730783
140 m 123 0.03926688149132207
140 o 84 0.036342399070632525
140 p 55 0.08987758388282041
140 r 108 0.1510568192824573
140 t 25 0.011866693258209438
140 u 113 0.06462439810756038
140 v 61 0.06360297421486427
140 w 65 0.15583288376659954
140 x 112 0.004348368285067239
140 y 64 0.0022372373860373163
140 z 114 0.05042139906098886
141 a 80 0.09643183663328136
141 b 49 0.13822027771547607
141 c 134 0.12695876609562218
141 d 136 0.0761197190592463
141 e 133 0.059244448175148734
141 j 21 0.17635389202401897
141 k 59 0.0891220162512879
141 m 129 0.05471115700482043
141 n 2 0.011717736761145181
141 q 86 0.005038264278921956
141 r 153 0.04198830926902486
141 w 82 0.06187547252219194
141 x 36 0.048817642156175456
142 a 77 0.05887905593138376
142 h 18 0.0216579891187777
142 j 109 0.03714443133466594
142 k 11 0.028190252226573898
142 m 69 0.3492016413446346
142 q 58 0.04618955890658616
142 r 24 0.0023791657960462453
142 u 138 0.1133427334312811
142 v 155 0.039380473059706156
142 w 124 0.0005528868840860568
142 y 137 0.1770708931639483
142 z 56 0.0828223381407136
143 c 26 0.2242240857404505
143 l 29 0.1551198518552812
144 a 85 0.060531733320860925
144 e 24 0.03907758011946916
144 f 129 0.04738485709356144
144 h 153 0.15257278671664576
144 m 80 0.07242050198000616
144 o 67 0.05423924450970097
144 p 97 0.07531699483392962
144 r 115 0.01209410357881291
144 t 87 0.0464374516425774
144 u 90 0.03164358047547988
144 x 92 0.21863117650067876
144 y 43 0.14742239166987814
145 b 6 0.06156331565659379
145 c 126 0.03629206060569401
145 f 116 0.05006194020141386
145 h 111 0.013649788220438497
145 i 7 0.032310450486553344
145 k 152 0.1828501026467486
145 m 10 0.03374392110213398
145 n 47 0.0011254182021060988
145 o 153 0.0927859784311037
145 q 74 0.2543545715532861
145 x 104 0.07765456132828485
145 z 136 0.08937899428539153
146 a 120 0.010274922635998718
146 c 139 0.016361747883857247
146 d 119 0.0015984458718862893
146 e 134 0.02964022405710054
146 i 81 0.04245814905036038
146 j 110 0.0025001575560603673
146 k 153 0.07445867889124524
146 m 62 0.03368685967122087
146 n 132 0.052645255452407946
146 o 76 0.09402210061190885
146 q 143 0.01835396647239418
146 r 33 0.1300530681566232
146 s 36 0.014943230349727554
146 u 137 0.01854690825611527
146 v 91 0.03578660575947812
146 w 41 0.07397010205538934
146 x 89 0.038087496586315606
146 y 145 0.1816581367281498
146 z 133 0.09787833907824894
147 e 74 0.07763665537301279
147 l 81 0.31987351357579497
148 b 39 0.03604176221980371
148 c 136 0.026188612041342596
148 d 67 0.03964673474167624
148 e 68 0.006719329513187988
148 g 94 0.03702167068003204
148 h 90 0.028629997919320194
148 i 71 0.17389745725691041
148 j 97 0.009314644637457903
148 k 132 0.05288485146630595
148 m 80 0.00686887188584262
148 n 133 0.0006677960563736818
148 o 112 0.0004219159216217738
148 p 96 0.016193376688265704
148 q 33 0.05931228356940965
148 s 100 0.024769072906099532
148 t 134 0.05795494859222827
148 u 74 0.16502198433164383
148 v 77 0.019755580528709737
148 w 42 0.03507766063201656
148 x 153 0.0228440709418245
148 z 37 0.05643621060783954
149 b 149 0.1049452844674662
149 d 74 0.12044164312954686
149 f 88 0.20840754378241988
149 g 115 0.1928189467710344
149 h 144 0.07663839901812364
149 i 0 0.01240210311639256
149 j 130 0.04779559830815805
149 n 15 0.14308295545569916
149 t 4 0.03407114631176167
149 y 24 0.03829816101351646
151 e 73 0.006979086743705731
151 m 101 0.17324795943418836
151 n 131 0.013471165700060128
151 o 30 0.1513695034352791
151 p 63 0.13949367563671877
151 r 51 0.02591850963725395
151 s 150 0.01748877378327185
151 w 49 0.10652497931172711
151 x 67 0.05074437256622766
151 y 14 0.05000682804920453
152 a 16 0.001363076860904533
152 b 125 0.04548434509208621
152 c 42 0.10375558186536271
152 e 28 0.0807556977716164
152 f 12 0.05018770174395781
152 g 73 0.04354052233071015
152 i 108 0.04029530281058713
152 j 50 0.01919318353928745
152 k 16 0.0483772737789967
152 l 89 0.09648243824076685
152 n 49 0.032745943443709624
152 p 69 0.014256149591304279
152 q 98 0.027785184557373555
152 r 131 0.04656393315233254
152 s 131 0.10744061290677387
152 u 124 0.030640760239239118
152 v 152 0.0923047446903541
152 w 96 0.01978636116413557
152 x 156 0.043241014150318335
152 y 132 0.03133016025803237
152 z 151 0.0037249194431666632
153 a 150 0.13128402342065193
153 f 115 0.22090010588305364
153 l 91 0.07861942698013535
153 p 3 0.03859294523298995
153 q 1 0.18662931739941324
153 w 80 0.05113506729159267
153 x 89 0.23351941718059444
154 a 60 0.5055877522659059
154 b 139 0.036670076111781746
154 j 117 0.09678922401551493
154 k 58 0.1753218386403742
154 p 59 0.10591056763538609
154 v 31 0.03265301969232992
155 f 90 0.1394696694559462
155 q 104 0.12950218371914146
155 u 122 0.2643030450125696
156 a 84 0.1533104339362581
156 b 7 0.279674612695781
156 f 74 0.005798116762381511
156 g 129 0.025960307386071357
156 j 19 0.01919941857686336
156 l 52 0.009702111133108482
156 m 30 0.03687688937211164
156 t 52 0.43053661706264823
