83 26 956
0 0.07034253775825028
0 0.09275527627049351
0 0.3533137108022212
0 1.0
0 0.1585835466612645
0 0.12187001318706969
0 0.23883108986330737
0 0.026469531878622332
0 0.029802725780555428
0 0.025526734585266442
0 0.33313702856242877
0 0.5902756235774944
0 0.0603640496305895
0 0.08755467106178327
0 0.06616004605125914
0 0.5683222681817095
0 0.0628047838000797
0 0.1019734977138359
1 0.10804975889161117
0 0.11027340230478277
0 0.00835894363540246
0 0.01317698597389183
0 0.0031236445265797608
0 0.5942388495847395
0 0.04724293846422556
0 0.954438285505417
0 0.002858087763126571
0 0.038728077337026434
0 0.006246802945859997
0 0.33871339786297905
0 0.04558663680567576
0 0.012352094986038953
0 0.060216211338764314
0 0.020041860272237644
0 0.2074914717551707
0 0.015398701566546324
0 0.1758830129790797
0 0.023809056717063015
0 0.01592223095264511
0 0.12128151364078066
0 0.012241351969435654
0 0.29393391751125875
0 0.13290713556094813
0 0.0013059959477563776
0 0.19159111874986035
0 0.07290861978936158
0 0.05352725481552789
0 0.2562561468103218
0 0.24125210801168706
0 0.09807861587563471
0 0.07191074333739589
0 0.038134468704315805
0 0.04935710615357802
0 0.008145528024315896
0 0.19316379646901316
0 0.4579664429260166
0 0.007665453204856676
0 0.04187492268155679
0 0.3863807142216298
0 0.03710682374017227
0 0.07618565738586902
0 0.0941996834139821
0 0.01326327383620629
0 1.0
0 1.0
0 0.029121851735443904
0 0.032614862051559945
0 0.10975880856650466
0 0.4504222682057294
0 0.2963010369889527
0 0.05298615660098094
0 0.16759662721636437
0 0.1197786851463638
0 0.009512255434789951
0 0.006416451450002358
0 0.21676265079073698
0 0.15605944883295264
0 0.020129649768662383
0 0.1699588521700922
0 0.06075140511806998
0 0.04437065299007614
0 0.03460386780581348
0 0.676090665323039
0 a 46 0.018038614698761446
0 b 0 0.04033157249800223
0 c 40 0.028500094732227144
0 e 10 0.0809116397523949
0 f 58 0.07195041040811967
0 h 44 0.0347197638309944
0 l 64 0.08652685603468224
0 n 31 0.01579392711180483
0 o 45 0.29297966032517453
0 p 69 0.008285225664189877
0 r 38 0.08449856006587242
0 t 18 0.011351411064729255
0 v 44 0.0034746549391645454
0 y 13 0.13206279218129158
0 z 37 0.020232278934340653
1 e 48 0.2120239167302389
1 g 80 0.18767529986300946
1 h 67 0.014313524095418861
1 i 12 0.012344682394989204
1 j 62 0.05715641529458526
1 m 53 0.010458047505493506
1 o 66 0.20424455506666594
1 p 35 0.005741074290789405
1 q 61 0.048606977756078806
1 r 59 0.05829482838737721
1 t 31 0.019687520555043636
1 u 7 0.01735893537583788
1 v 68 0.021188427026602286
1 x 70 0.037379951901052255
1 y 31 0.0007705674863238698
2 d 48 0.6466862891977788
4 a 1 0.0035801591530780774
4 b 5 0.08416895631135668
4 c 49 0.04417924986325461
4 e 34 0.05936482199474158
4 h 1 0.016178692783457627
4 i 64 0.02836921406719073
4 j 6 0.0530632909193719
4 k 28 0.024641503528727737
4 m 34 0.0739771506430782
4 o 21 0.013035760924703377
4 p 60 0.08601957815261108
4 q 64 0.06293284075885774
4 r 73 0.1791576760828406
4 t 79 0.012947469914560972
4 u 68 0.005872211081685563
4 w 57 0.013276915529308209
4 y 40 0.06431510996177692
4 z 59 0.016335851668133894
5 l 54 0.2405058244486874
5 y 43 0.6376241623642429
6 l 36 0.7611689101366926
7 b 76 0.046655454992505896
7 c 66 0.24709020015371452
7 d 22 0.004705962626352589
7 e 51 0.004619268874851312
7 f 14 0.016330532662108266
7 g 69 0.05191455798698297
7 i 11 0.0033277178145124653
7 j 23 0.03588537848554729
7 k 5 0.013765446403753434
7 l 8 0.017033500774622512
7 m 7 0.025400896457672628
7 n 29 0.05542211765037064
7 q 63 0.08893404730453458
7 r 4 0.031570165589871135
7 s 37 0.026547195981028282
7 t 75 0.023824154532884223
7 v 7 0.045095354342756244
7 w 12 0.010490520948665871
7 x 64 0.07067406170410362
7 y 16 0.1463367169631743
7 z 46 0.007907215871364892
8 a 2 0.022633425162887244
8 c 81 0.005488363226713755
8 e 33 0.005269083278115372
8 f 8 0.20086598241244202
8 g 64 0.02019405317351608
8 h 55 0.020619829745009866
8 i 8 0.0013709798929265604
8 l 55 0.003791040806929935
8 n 18 0.28296518933152703
8 p 11 0.05672253199174926
8 u 10 0.05840409193418483
8 v 67 0.10147636701158069
8 y 38 0.19039633625186192
9 a 54 0.009698356517477746
9 b 30 0.04749623712183226
9 d 19 0.010614885155739384
9 e 46 0.0024062934897197685
9 f 51 0.0097769314186682
9 h 56 0.045790257927437406
9 i 62 0.09873288394154389
9 j 63 0.06356547411255509
9 k 8 0.009495442004821553
9 l 61 0.07428907903605997
9 n 22 0.08312306776934575
9 o 1 0.100621083770155
9 p 10 0.10305921887658165
9 q 9 0.00995468970993063
9 s 33 0.017019549016839775
9 t 18 0.18035182295220964
9 u 2 0.0564227033173178
9 x 52 0.011496024796127657
9 z 61 0.040559264480370394
10 j 77 0.6668629714375712
11 n 45 0.3645442106840808
11 o 68 0.003981610220960663
11 x 38 0.0411985555174641
12 e 63 0.079104477630492
12 f 12 0.3446921199175337
12 i 46 0.11475329961586211
12 r 34 0.15822781653490292
12 u 48 0.06363609145354687
12 w 82 0.0036714510060584793
12 x 27 0.1462864679612621
12 y 31 0.029264226249752334
13 a 17 0.13815750977421304
13 b 13 0.13017671881375292
13 k 18 0.06523494617992609
13 l 12 0.0011956281848994887
13 n 56 0.011040092816965053
13 o 60 0.0136396502890207
13 r 62 0.32467460678964677
13 v 10 0.21106636709816506
13 w 74 0.0172598089916276
14 d 35 0.09574460151622699
14 h 67 0.14031788474565743
14 j 54 0.07618125062035741
14 k 69 0.0009726709394436428
14 l 58 0.08378144276752231
14 m 59 0.049128983592298
14 n 38 0.0682288084366176
14 o 70 0.056557874402394126
14 r 22 0.04030920717887143
14 w 35 0.035587917760807275
14 x 45 0.2751620401123853
14 y 52 0.011867271876159324
15 n 30 0.4316777318182905
16 c 53 0.023063969667285522
16 e 63 0.2803880995728335
16 h 24 0.24315853998667514
16 i 78 0.09174462259225702
16 k 27 0.04308837912660135
16 o 74 0.014508264586436503
16 p 25 0.0024552309241776538
16 q 45 0.020818634555429205
16 w 70 0.007677133440423312
16 x 60 0.06238289174296541
16 y 49 0.01497314869163191
16 z 68 0.13293630131320378
17 a 1 0.020383135856556378
17 c 53 0.01050950627762548
17 d 37 0.04567203974241929
17 e 29 0.016066628074607125
17 g 15 0.09082548320666994
17 h 78 0.08769995047606638
17 i 22 0.05700590922579485
17 j 25 0.033321402633839314
17 k 0 0.011001259172998434
17 o 63 0.05250875124355059
17 q 76 0.08056514541446358
17 s 30 0.04057192397578757
17 t 13 0.018958052232689426
17 u 45 0.01039120055273779
17 v 65 0.0507469234036404
17 w 82 0.05985998094323797
17 x 52 0.0064590745451660325
17 y 75 0.0016745948796381693
17 z 68 0.20380554042867538
18 j 11 0.1777268184241294
18 n 76 0.01870365565862575
18 p 33 0.06541135549270116
18 t 53 0.5787298699097428
18 z 13 0.051378541623189666
19 b 19 0.05333834688690775
19 g 1 0.06604621750519957
19 h 7 0.013758810471468208
19 m 19 0.06066372315880897
19 p 0 0.21278522944515343
19 r 19 0.10335458759669747
19 t 21 0.012208022993491663
19 v 8 0.08709140823913553
19 x 77 0.11146258295111455
19 z 50 0.1690176684472401
20 a 14 0.0014435679908090249
20 b 14 0.33456631161985606
20 c 7 0.10304477398438516
20 d 48 0.021368853746346117
20 g 24 0.00949786825677823
20 j 80 0.03227503388801589
20 k 30 0.04482203070580437
20 l 22 0.031945526510423705
20 m 36 0.04689954503165439
20 n 80 0.06837775605925156
20 o 27 0.02396106937086051
20 q 53 0.059932549253144174
20 s 19 0.13887581480022382
20 z 62 0.07463035514704452
21 a 38 0.022644797754381996
21 b 64 0.005315024462045903
21 c 12 0.02165139257893589
21 d 24 0.023306856358710215
21 e 45 0.07350787999502484
21 f 80 0.0883869769904101
21 g 15 0.014892757333780149
21 h 26 0.030144600430958235
21 i 42 0.08361824024378273
21 j 35 0.03521737657696322
21 k 53 0.020177904586692552
21 l 21 0.03961005971986009
21 m 1 0.005526733999491884
21 n 30 0.08598780049239152
21 o 76 0.018358171379863175
21 p 34 0.047459741428480084
21 q 17 0.02838501136419813
21 r 78 0.008968155138567857
21 s 70 0.06183716758604729
21 t 64 0.012968373135540112
21 u 41 0.003334838992281375
21 v 45 0.05419684831163207
21 w 34 0.09032111402435195
21 x 42 0.02674624882150478
21 y 49 0.018683636939844872
21 z 47 0.06557530538036715
22 a 1 0.011363534175310441
22 b 39 0.0034989107443090806
22 c 42 0.07882042801150124
22 d 49 0.0054272176401140015
22 e 2 0.07590765899015584
22 f 46 0.08835964858188627
22 g 1 0.13893953964007322
22 i 53 0.020709975694154448
22 j 78 0.014806388577066398
22 l 33 0.010902190282702784
22 m 31 0.04507119668891535
22 n 5 0.018289995869094522
22 o 30 0.04139868349307907
22 p 72 0.0003554927467556146
22 q 41 0.03883350026589305
22 r 49 0.04031310561937318
22 s 82 0.0014782670135091713
22 t 82 0.01788656452214099
22 u 33 0.0518483569001722
22 v 23 0.01570809252665306
22 w 38 0.14668338721554464
22 x 63 0.0648547104190611
22 y 6 0.048656531711131934
22 z 42 0.016762978144822638
23 l 24 0.13437479070336777
23 s 25 0.27138635971189273
24 a 25 0.04010205459823857
24 b 70 0.00031151013235453107
24 c 26 0.01716380189097655
24 d 7 0.12194285254069104
24 e 71 0.010017667629860116
24 f 0 0.05468855923670546
24 g 54 0.022093628937461474
24 h 63 0.04124669851937446
24 i 27 0.010660988864118703
24 j 59 0.00982447771473094
24 k 34 0.011152463392036904
24 l 67 0.07171329236057722
24 m 37 0.06719434920255385
24 n 55 0.11554593320985318
24 o 8 0.018783292120406858
24 p 25 0.008710386503867018
24 q 15 0.013230514406758154
24 r 47 0.058721784392814724
24 s 76 0.006129991592309758
24 t 32 0.06467122166926098
24 u 8 0.016239734435721798
24 w 11 0.04272967587261112
24 x 78 0.09964079981228335
24 y 64 0.020388260281055337
24 z 26 0.009853122219152355
25 d 45 0.04556171449458302
26 a 53 0.026907117106530265
26 b 78 0.02694838478747419
26 c 24 0.11138399691035328
26 d 53 0.01706802671887586
26 e 22 0.008255731598151517
26 f 81 0.014050197646003793
26 g 46 0.006646280323073128
26 h 43 0.02372206866985538
26 i 67 0.01293670146028425
26 k 31 0.08026363154673133
26 l 71 0.1731278385724665
26 m 17 0.04246565663027191
26 n 67 0.13010673516457294
26 o 66 0.023269978323738782
26 p 25 0.001577994775169178
26 q 59 0.026770278429124716
26 r 10 0.01054423647318159
26 s 46 0.01136960815029986
26 t 75 0.026682328287318535
26 u 58 0.019626708189052988
26 v 20 0.1031104802274182
26 w 26 0.003381757889901027
26 x 16 0.03573789078064016
26 y 78 0.005163832801522328
26 z 55 0.056024450774861734
27 a 20 0.026177151377915098
27 b 68 0.08294428732631176
27 c 57 0.05600817389029278
27 d 79 0.0016601732002897718
27 e 64 0.07668590147421439
27 f 67 0.0794114339945986
27 g 41 0.017408447603723065
27 h 14 0.018241360170173304
27 i 29 0.05044060989562138
27 j 5 0.007763141935973272
27 k 75 0.038905730026000174
27 l 36 0.020078574247763603
27 m 69 0.03539466244532585
27 n 58 0.0039805571554980546
27 o 45 0.036318364328853714
27 p 73 0.009970668605837174
27 q 55 0.06401103945604691
27 r 46 0.03971005848928588
27 s 67 0.07549454848487291
27 t 37 0.0009577757181833402
27 u 47 0.10777116142771137
27 v 25 0.021319833249528908
27 w 42 0.02745468649319116
27 x 65 0.03345101399193706
27 y 47 0.001956820053194752
27 z 49 0.027755747620629267
28 a 53 0.09341438476899055
28 c 6 0.0882602497829047
28 d 50 0.004301385514032363
28 g 27 0.0032990091842409752
28 h 82 0.006960618852943301
28 i 78 0.027241896835801582
28 k 30 0.3052820230928608
28 m 33 0.06183579151123719
28 o 54 0.018469055332463902
28 p 55 0.0011871849938414059
28 r 53 0.029287179540236075
28 s 33 0.07850850485515437
28 u 33 0.10627433183217427
28 x 52 0.08830041694462543
28 y 77 0.06573420857711065
28 z 0 0.015396955435522441
29 c 9 0.08486148387186032
29 i 20 0.07247043631947203
29 o 46 0.20815605360248124
29 p 21 0.006004351889985937
29 t 75 0.12521699866579405
29 x 74 0.16457727778742737
30 a 15 0.08463324065976674
30 b 51 0.13109872139387235
30 e 7 0.03861237981361376
30 h 23 0.07971743639662177
30 k 60 0.01701671344844402
30 m 13 0.10259787555434918
30 n 43 0.07374448271558476
30 p 1 0.0875260022643537
30 r 16 0.25319802445371853
30 v 70 0.05286658096445107
30 w 17 0.03340190552954836
31 a 24 0.050018349274340124
31 b 14 0.015542133784647194
31 c 35 0.07322948339643465
31 d 34 0.020903183309498585
31 e 78 0.20134804019483432
31 f 57 0.02820283297269055
31 g 74 0.013971468489152872
31 h 72 0.05504655823453197
31 i 16 0.016125315671353335
31 j 41 0.19188395332519004
31 k 20 0.007777564264749182
31 l 53 0.013880385827787611
31 n 67 0.0041806763832969995
31 o 65 0.06757118302083698
31 p 59 0.034421380529796486
31 q 28 0.030574079482118766
31 r 47 0.025720453043521885
31 s 50 0.05242467098648984
31 u 43 0.023125978866889163
31 v 16 0.04918613093372104
31 x 61 0.011657787541400899
31 z 79 0.0008562954806785594
32 a 77 0.04044877683532444
32 b 49 0.11281503887981748
32 c 13 0.02172088619399115
32 g 72 0.011193997131499822
32 j 2 0.12106819208896558
32 r 60 0.11873569109067628
32 s 68 0.17778205322455265
32 t 19 0.14568929454436186
32 v 31 0.030326333710847364
32 w 13 0.09719759228864744
32 x 7 0.037504563785682454
32 z 9 0.02530136888686918
33 a 38 0.019611710999291376
33 f 44 0.043472090641447414
33 h 46 0.28118419863100486
33 k 72 0.08747762274368187
33 l 45 0.06362245368405273
33 m 66 0.25998135181028614
33 q 40 0.05754521842099569
33 s 5 0.04998786942961031
33 v 17 0.04381471513027457
33 y 68 0.04849861600604777
33 z 13 0.024762292231069627
34 w 26 0.7925085282448293
35 a 82 0.1352965436511333
35 b 77 0.01016932404315063
35 g 11 0.014017946636919798
35 j 61 0.0024987231768648366
35 k 18 0.20469653169228585
35 m 31 0.11587314239477875
35 p 4 0.02775935375189731
35 q 28 0.0077694756937024545
35 s 40 0.09439116163195271
35 t 46 0.06107555231800699
35 u 18 0.0012505752758342759
35 v 25 0.16092388072843977
35 y 81 0.148879087438487
36 e 53 0.07865689494312988
36 h 55 0.12278264370463632
36 n 1 0.15746380356682055
36 y 37 0.46521364480633354
37 a 81 0.09478960249698376
37 b 2 0.1005250862722995
37 d 8 0.11576308463774287
37 g 67 0.24440765255175
37 m 12 0.17370033135745078
37 t 28 0.07201665247618605
37 w 35 0.0037047744276750283
37 z 6 0.17128375906284898
38 a 74 0.004575063103056998
38 b 69 0.0920174111779245
38 d 23 0.007720491657684514
38 e 20 0.03242392723920806
38 g 48 0.007920144722443734
38 i 63 0.09373062567414736
38 j 29 0.10004188090148358
38 k 47 0.057997266617455856
38 l 45 0.04579758039821491
38 m 26 0.0060963973356780166
38 n 14 0.0188874516917078
38 o 63 0.08876085543341794
38 r 77 0.06874667097969123
38 u 63 0.11284714314017341
38 v 68 0.0559415228750445
38 w 63 0.017946938088040154
38 x 32 0.05174434758335755
38 z 48 0.12088205042862477
39 c 52 0.6264677280520051
39 u 71 0.2506611602675125
39 v 8 0.0015895980397017118
40 a 78 0.1521153440831171
40 b 43 0.030401667590034598
40 d 4 0.05285820166722943
40 e 71 0.02477539482776936
40 g 65 0.11448126634122613
40 h 78 0.010201677156676636
40 i 7 0.0016875745819225907
40 l 73 0.13448157185651188
40 n 82 0.04641154832591099
40 r 7 0.04544620248973652
40 v 45 0.29486130596616345
40 y 18 0.06286305404451065
40 z 36 0.017173839099755006
41 m 1 0.6502865822264023
41 x 61 0.05577950026233891
42 c 64 0.18812899067108912
42 d 5 0.036300287996590686
42 i 65 0.23608568456357226
42 m 74 0.4065779012077998
43 a 51 0.04989691785746875
43 b 25 0.008953778306395543
43 c 52 0.005395514320587602
43 d 82 0.020099044649211417
43 e 48 0.060654888817885944
43 f 44 0.06330052845017986
43 g 64 0.03516323764677787
43 h 72 0.024854666675167558
43 i 40 0.06286609906310825
43 j 5 0.0014116154388875701
43 k 57 0.02246038398193262
43 l 39 0.16851962510758656
43 m 38 0.032003975451022515
43 n 61 0.171444744716428
43 o 26 0.010147989978098515
43 p 10 0.02179940654973489
43 q 5 0.04099670442516479
43 r 69 0.0071419822556558765
43 s 40 0.040298846484351
43 t 5 0.01185282333049631
43 u 8 0.004135041187178223
43 v 29 0.025048923570687998
43 w 31 0.007968114330073273
43 x 6 0.04714593460692362
43 y 0 0.03744880864352318
43 z 13 0.017684408207715885
44 a 48 0.04260702047099141
44 b 30 0.039881870048214196
44 c 67 0.0054656787531540685
44 d 62 0.014054168670977751
44 e 20 0.0024797121800955724
44 f 54 0.04722035919165413
44 g 63 0.08892726459591804
44 h 4 0.07179833538014835
44 i 34 0.08691308654787777
44 j 52 0.016367820125315458
44 k 46 0.10056185452945265
44 l 46 0.06646461383212299
44 m 3 0.017763148394238315
44 n 69 0.008847916496119934
44 o 4 0.02466297481363211
44 p 34 0.06175628436955605
44 q 9 0.015609178023285986
44 r 38 0.012359586819374102
44 s 7 0.01626677901435991
44 t 65 0.007092416085893949
44 u 15 0.011985060838841433
44 v 8 0.0007906837631120878
44 x 26 0.006729170039641463
44 y 70 0.006533096638612457
44 z 52 0.035270801627549475
45 g 23 0.07754606164246947
45 j 0 0.6768541752017007
45 l 31 0.1726911433664683
46 b 10 0.1268851676009407
46 e 49 0.13253839099961418
46 f 21 0.02926093606467106
46 j 43 0.04197429227451521
46 k 38 0.00644113387546863
46 o 12 0.006505855188576826
46 p 26 0.03437316914927335
46 q 13 0.004298502148372352
46 s 6 0.047575062342472885
46 t 61 0.04037154885772665
46 u 76 0.086611079988133
46 v 27 0.023175334725500818
46 x 39 0.21419761399957593
46 z 78 0.1522646579696305
47 e 5 0.08353450931344586
47 n 41 0.09237976012628124
47 p 57 0.18518487384773952
47 t 15 0.1614179885435203
47 u 78 0.03128751154888487
47 w 12 0.1899392098098064
48 c 12 0.04614699030118319
48 g 14 0.07483051093778115
48 n 4 0.3601679400986355
48 o 54 0.052148704083790576
48 t 78 0.16589701050939265
48 w 1 0.05955673605752987
49 a 42 0.11226513722503861
49 b 67 0.02564043911913305
49 c 71 0.042978202402641164
49 d 26 0.02520584964602779
49 e 53 0.0017073875331736765
49 g 58 0.058797875090739526
49 h 74 0.11094116470259707
49 i 25 0.01263065790832052
49 j 71 0.02646939012818672
49 k 44 0.08423527919528517
49 l 63 0.04535753931610398
49 m 61 0.012871923632431503
49 n 61 0.0344228525082636
49 o 18 0.06846735893641431
49 p 39 0.00949535251638578
49 q 12 0.036704527199050485
49 r 82 0.021259233962489965
49 t 48 0.03925869015536576
49 u 78 0.007850655881014523
49 v 40 0.03706923967506559
49 w 21 0.03878561190827756
49 x 75 0.016377731710744192
49 y 51 0.033129283771614726
50 a 67 0.07720872067642504
50 b 11 0.031090474223673392
50 c 75 0.05127221823502759
50 d 12 0.018366899385349078
50 e 48 0.012962315175587769
50 f 11 0.06682325075045936
50 g 69 0.0438084815619062
50 h 72 0.0020643322325522018
50 i 68 0.009769552966488737
50 j 9 0.0037411058564769117
50 m 73 0.03398063816529795
50 n 80 0.02850061152360872
50 o 24 0.06547473308814333
50 p 39 0.0058907771308887025
50 r 71 0.05201474729872957
50 u 62 0.14002687567710126
50 v 45 0.05202695548355418
50 w 49 0.025767021546904578
50 x 5 0.1614230579560879
50 y 58 0.04560273890755229
50 z 77 0.0002737488207893435
51 a 58 0.04092212275379892
51 b 68 0.02120551162105977
51 c 55 0.00891100786399368
51 d 7 0.025660224642323315
51 e 54 0.01816469450525071
51 f 69 0.01070587276858348
51 g 16 0.025722421252420413
51 h 77 0.0370925776093588
51 i 39 0.04473481810909208
51 j 3 0.009688989350985278
51 k 20 0.00788089996298913
51 l 40 0.015203077464252535
51 m 65 0.12280603786027122
51 n 7 0.06310048214136998
51 o 5 0.015750048405234418
51 p 47 0.0002458222945109778
51 q 33 0.18921465499284795
51 s 57 0.020500929334738016
51 u 70 0.004947726280846831
51 v 58 0.012145600386214594
51 w 77 0.042739670122890705
51 x 1 0.09538029828298145
51 y 0 0.12914204328966994
52 b 59 0.18761441569776272
52 c 60 0.054619035971916086
52 d 25 0.190683581612499
52 f 19 0.4061036287521659
52 i 56 0.11162223181207831
53 a 5 0.15270745487893556
53 b 30 0.0709055720586812
53 c 34 0.03835208706290072
53 d 55 0.03172433639289651
53 g 39 0.005856973815858479
53 i 50 0.024337322118877847
53 j 46 0.029274627934649522
53 k 23 0.09146219476685946
53 l 62 0.0028164280856023405
53 m 54 0.022781903814045545
53 n 54 0.021350480128845106
53 o 6 0.0316602241607683
53 p 32 0.0012983484274494694
53 r 56 0.007441029972665825
53 s 65 0.0180579217793031
53 t 25 0.01609158079716455
53 u 57 0.014732741794456827
53 v 71 0.08645115097646516
53 w 36 0.05482617707961779
53 x 44 0.03270370071203277
53 y 26 0.00601692398878928
53 z 69 0.23100529122881874
54 b 80 0.11869572865476252
54 k 25 0.4640663559574154
54 w 64 0.2240741189188089
55 g 32 0.002710862213513021
55 p 26 0.5393226948604704
56 a 37 0.013097743720727029
56 b 30 0.029762291990562684
56 c 44 0.027784165246623527
56 d 61 0.02458167343022244
56 e 5 0.10041557506339527
56 f 45 0.08103163797441904
56 g 7 0.09343650782985558
56 h 82 0.016854987641641395
56 i 0 0.02102576635822717
56 j 34 0.013042476712832318
56 k 77 0.03720491428902084
56 l 77 0.20221399910705096
56 n 2 0.012099515278920836
56 o 79 0.030492758293926836
56 p 31 0.08914050434606247
56 q 64 0.058886052388428034
56 s 25 0.022631798246940615
56 t 63 0.03236579283761365
56 u 8 0.01444335755756454
56 v 79 0.03740064760836215
56 w 81 0.01646494376679153
56 x 8 0.0033748039323672208
56 y 73 0.004793598278884481
56 z 32 0.00978903489470273
57 a 22 0.014136948556598194
57 b 41 0.1390181343363447
57 c 37 0.011855156770726683
57 d 52 0.09969578575616567
57 f 5 0.04908811358241838
57 g 76 0.00876190337073346
57 h 7 0.017827323653202165
57 i 76 0.026968706531547593
57 j 0 0.015246289345252295
57 k 13 0.005474736033284744
57 p 82 0.0989614871323038
57 q 60 0.08364529505452833
57 r 49 0.020763069281913737
57 s 67 0.0014044630104110833
57 t 40 0.006313135154932592
57 u 75 0.02196612666405051
57 v 18 0.1809638183111013
57 w 11 0.02409960648958054
57 x 20 0.12571261292012392
57 y 18 0.006222365363223514
58 m 82 0.23142961542588647
58 n 39 0.027582538497812004
58 v 32 0.35460713185467174
59 a 71 0.03217209014535849
59 b 62 0.05255854504243096
59 c 13 0.02164914986255606
59 d 55 0.05255217440580706
59 f 13 0.009768329382510266
59 h 48 0.23383383646996758
59 k 16 0.053827689804177736
59 s 81 0.06258057660922689
59 t 64 0.12702309223336672
59 u 32 0.13823845563451542
59 v 30 0.11731067531461692
59 x 6 0.04547665942171286
59 y 63 0.015901901933580764
60 a 55 0.02641525731018024
60 b 11 0.034109898632413316
60 c 76 0.007650881617678906
60 e 30 0.012072494118753885
60 f 12 0.12870924942806472
60 h 16 0.07478550657504646
60 i 58 0.0332720465762153
60 j 34 0.0009306672635905899
60 k 59 0.07373055911023918
60 m 7 0.0491708409067424
60 n 69 0.04100480639964754
60 s 77 0.09567427036637544
60 t 67 0.11745401115084964
60 u 54 0.009744927877050391
60 v 57 0.018155923261337636
60 w 52 0.06052256818120494
60 x 38 0.10162921506343225
60 y 43 0.03878121877530816
61 c 6 0.014655773410168549
61 h 50 0.16334655531596642
61 i 45 0.06672734713859196
61 k 8 0.3233338683668149
61 t 67 0.19413585351207063
61 u 49 0.14360091884240545
62 a 67 0.08839073617922799
62 b 35 0.01942523734019075
62 c 52 0.010904707525582702
62 d 54 0.0068606464761722386
62 f 31 0.021517342100453085
62 h 20 0.03200498920292083
62 j 59 0.02839162090999703
62 k 27 0.05167215042309714
62 l 51 0.08518410250766206
62 m 6 0.0022544222959941518
62 o 26 0.0839703968399178
62 p 74 0.1116655471214898
62 q 60 0.09026441942865981
62 r 42 0.10066759383317381
62 s 1 0.0464334998991055
62 t 47 0.017889026940368535
62 x 50 0.015808567300559906
62 y 26 0.01595426482171769
62 z 28 0.15747745501750288
65 a 39 0.08662139291145698
65 b 26 0.08076016603156522
65 d 20 0.015338855794887363
65 e 9 0.032146047620465246
65 f 48 0.0007619496888133792
65 g 72 0.007001965511890584
65 i 74 0.06705773440052243
65 j 12 0.031066386563739723
65 k 46 0.09795271848377951
65 l 5 0.08562398685722816
65 n 13 0.04569389732432183
65 o 70 0.020861087208336793
65 p 9 0.004142144520480562
65 s 46 0.10320447496496232
65 t 76 0.03703407378159351
65 w 60 0.10754924626826778
65 x 74 0.08238159698378467
65 y 65 0.02355767357929983
65 z 48 0.042122749769160195
66 a 45 0.02845688035958216
66 b 42 0.004789145827921226
66 c 71 0.03883623619259102
66 d 41 0.013806040425219379
66 e 82 0.004305125673055521
66 f 61 0.06816052699299013
66 g 19 0.007675062022505008
66 h 15 0.019764198936165878
66 i 6 0.013201794054534255
66 j 6 0.011673242230883285
66 k 6 0.00587207788704458
66 l 79 0.04358666278029544
66 m 30 0.062136443687995535
66 n 20 0.008033771147894386
66 o 68 0.08211309556470414
66 p 25 0.0351166041569575
66 q 22 0.059977174801320365
66 r 22 0.006235513021052852
66 s 8 0.01981302626245296
66 t 20 0.006070400369432738
66 u 78 0.10514952546940981
66 v 71 0.09965215264939453
66 w 20 0.06744543620096399
66 x 16 0.05199204087778375
66 y 1 0.06827065622745687
66 z 26 0.035252304128832734
67 e 6 0.029505030671056698
67 g 75 0.00281658875707691
67 h 50 0.14962981711596757
67 i 15 0.1330070993610426
67 j 47 0.046418687834909766
67 k 60 0.03877851538849908
67 l 5 0.11230248385893771
67 m 74 0.056225537841583684
67 q 16 0.000623479506211555
67 r 64 0.19003578039867275
67 s 19 0.019287128185023206
67 t 77 0.040916199957251265
67 u 46 0.06899697203884259
67 z 30 0.0016978705184199638
68 b 2 0.032170238580695676
68 e 34 0.013130740986157519
68 h 52 0.09722824231224991
68 i 48 0.22079199033132446
68 l 47 0.18625651958384304
69 c 42 0.2747347568832402
69 p 44 0.018633068156186594
69 t 23 0.11644135382438858
69 w 72 0.11381123220154366
69 z 3 0.18007855194568823
70 a 43 0.003235313478062385
70 b 39 0.04462255618654476
70 c 0 0.003999372156427872
70 d 29 0.2459555957374049
70 e 61 0.001268145424940026
70 f 18 0.004078375924060795
70 g 10 0.0038033032530256916
70 h 4 0.002152681022040026
70 i 35 0.07973320683151786
70 j 2 0.09047274431300811
70 k 77 0.009433282216477878
70 m 26 0.038842119513729956
70 n 54 0.03003242793043792
70 o 55 0.02586157720577742
70 p 47 0.07078122682106758
70 q 82 0.01371289705182177
70 r 27 0.003950425074527031
70 s 57 0.06130391623568199
70 t 22 0.020826496980215436
70 u 60 0.07338669853459323
70 v 73 0.014151974767477316
70 w 50 0.07004154604199042
70 x 14 0.014746910502111077
70 y 14 0.016305306854932144
70 z 17 0.004315743341145484
71 b 74 0.005683700732390107
71 c 75 0.0038196903260866444
71 d 69 0.04136851222024107
71 e 50 0.04541437613020438
71 g 55 0.013491218928827098
71 h 10 0.020314655410724414
71 i 78 0.025208499864892375
71 k 3 0.02460840907647066
71 l 74 0.0028210570119021616
71 m 55 0.03347920087768075
71 n 51 0.06876308020889876
71 o 41 0.1408103877798026
71 p 22 0.1006577005320135
71 s 43 0.10487478433655584
71 u 32 0.0629862372928286
71 w 7 0.04759875326178631
71 x 82 0.05651001981122328
71 y 8 0.03399308898110709
72 b 68 0.0795119822070447
72 i 28 0.16345789485672868
72 l 32 0.18584291940559106
72 o 70 0.13277040419352582
72 s 35 0.07153050646616899
72 v 21 0.014907186867447297
72 w 37 0.08912345151256551
72 x 61 0.02706242888787236
72 z 35 0.1160145404566918
73 a 72 0.048285047418138105
73 b 47 0.018751087835407132
73 c 47 0.09225544298732768
73 e 42 0.018354962491975768
73 f 77 0.0015347581955937883
73 h 1 0.007544479861714248
73 j 78 0.004439343067451973
73 k 30 0.13032339958412642
73 l 28 0.0346727749712229
73 m 55 0.03592748535360635
73 n 9 0.003055767580050772
73 q 80 0.3347554855743906
73 r 11 0.0605471338190231
73 u 81 0.07538275836960417
73 v 68 0.12395433134371525
73 x 8 0.000703486111861773
74 c 17 0.16278019384470588
74 d 14 0.043095084991824795
74 e 8 0.17900239029868126
74 i 76 0.36294534675910617
74 k 64 0.09847895094369552
74 l 56 0.061680855147167035
74 u 7 0.033368280909883974
74 z 14 0.05223244565493301
75 k 63 0.09310969192046015
75 r 63 0.17963719677756662
75 v 6 0.48360689756032105
75 z 36 0.026883562950915207
76 s 81 0.3221274248915512
76 v 43 0.40725635054000997
76 x 57 0.11455677573548617
77 e 51 0.020719077732107016
77 f 66 0.21496404261131585
77 g 73 0.022640616724102114
77 k 60 0.01300088749749373
77 l 77 0.2251833403878546
77 n 62 0.02094790963746551
77 o 71 0.06272348120458227
77 r 37 0.08104403833277152
77 s 3 0.09128625179993888
77 w 14 0.07957537710802864
77 x 35 0.08277428757576599
77 z 38 0.0650110396199115
78 m 19 0.732412841135004
78 p 40 0.09762830669490374
79 a 63 0.16321167049654817
79 f 58 0.042990744804380476
79 j 77 0.12139241406761969
79 l 13 0.026219999621417522
79 n 82 0.05245382655611697
79 v 27 0.23290907812104722
79 w 34 0.0591828850711319
79 y 58 0.177443118819274
79 z 23 0.06344485732439409
80 c 40 0.08343434671258654
80 h 52 0.06099949801135529
80 i 28 0.022423016769126503
80 j 37 0.01199239453865042
80 k 60 0.13576802187288228
80 s 76 0.35249429353827066
80 t 46 0.026396018319870374
80 u 29 0.005062144789201417
80 w 3 0.2059208742415255
80 z 80 0.05113873821645487
81 a 15 0.09012526667987275
81 b 16 0.010835869544175258
81 d 26 0.11399493385770165
81 h 37 0.03523881505150128
81 i 64 0.0005186387269215942
81 k 28 0.04828572671984266
81 l 81 0.03969050896057491
81 m 35 0.04471200401411424
81 n 25 0.09335669690346826
81 o 36 0.018227802775390822
81 p 37 0.11162559456504584
81 s 48 0.04233148862882896
81 u 38 0.040062918185497676
81 v 33 0.0932488187008863
81 w 77 0.03227206065119348
81 z 14 0.15086898822917083
82 w 64 0.32390933467696104
