112 26 1333
0 0.021659239760851268
0 0.07208631011299582
0 0.004086088939934118
0 0.22035144408443863
0 0.07244569434542081
0 0.034910158274642056
0 0.22571700305279863
0 0.020766720238497793
0 0.0826218830222698
0 0.40099349101874493
0 0.044126983758256966
0 0.09597948763503694
0 0.16426405455097803
0 0.17418235081306288
0 0.005704687119116425
0 0.21580660395861562
0 0.01185269108906084
0 0.026237429035681714
0 0.19397742359206682
0 0.16406857990978485
0 0.047477139449383365
0 0.14923513322718196
0 0.0611192853447482
0 0.028351484653088455
0 0.12360535530771466
0 0.03369011214179074
0 0.05263603461299737
0 0.34749523582876185
0 0.10060658891244811
0 0.008725181871674148
0 0.022440933631378
0 0.13301476976664528
0 0.04335163584947177
0 0.016054710391149918
0 0.00024132843750068744
0 0.3542887511739711
0 0.05100830432686598
0 0.09995698742621062
0 0.03909487039066328
0 0.07255131868401843
0 0.1651912217085062
0 0.049905904813554613
0 0.06161059260189583
0 0.06956638446594698
0 0.056632976665491164
0 0.06329754311074898
0 0.10401774854442303
0 0.09497283670476842
0 0.11900706192364585
0 0.009703837931140158
0 0.11359113621705541
0 0.05395842501680881
0 0.01185521961274083
0 0.24380145470380488
1 0.011786399375927292
0 0.14934872436119706
0 0.039193839406828745
0 0.022704979939846215
0 0.007336869384602096
0 0.12428551889127337
0 0.15696457685753185
0 0.14106599810642584
0 0.07804922659438118
0 0.13560276388125114
0 0.062368935415843985
0 0.045097024839796385
0 0.10695169515726766
0 0.09745324095939789
0 0.02459294478229257
0 1.0
0 0.48177038534928485
0 0.02444340939186851
0 0.7798110732423885
0 0.033678844306379574
0 0.13408237547471513
0 0.02223420764118944
0 0.1635669819716975
0 0.2245415691806829
0 0.1794599465583041
0 0.0001676341275151927
0 0.04116057516113503
0 0.058411134525886865
0 0.03482722704109098
0 0.025212299724958753
0 0.026761820333956687
0 0.09042301290094523
0 0.0066752648952833615
0 0.37880569258026964
0 0.061632217092323804
0 0.029609711184818255
0 0.042426802735509916
0 0.0018121363761199882
0 0.04203877066724182
0 0.09414932757423833
0 0.039261307266884815
0 0.01930470083275604
0 0.13961688986668108
0 0.04859980649822915
0 0.8208327531380146
0 0.11512791529780397
0 0.02291800840006286
0 0.052863267677095704
0 0.038279532245688586
0 1.0
0 0.009184916002389909
0 1.0
0 0.01039638353433825
0 0.11553716423446048
0 0.014028340218080415
0 0.09006865097615202
0 0.06389109657696979
0 0.2903824409713718
0 a 16 0.01576775530991259
0 c 44 0.057418492515363795
0 d 59 0.04103611948647279
0 e 58 0.01229884692705896
0 f 96 0.013683269020833277
0 g 16 0.15868232437823515
0 h 109 0.02003459738510527
0 i 22 0.003309887418674995
0 j 85 0.07877294041414651
0 k 12 0.01563461086025153
0 l 54 0.05469025347015177
0 m 35 0.06736496838876427
0 n 2 0.036066295096500944
0 o 46 0.03044051224639277
0 p 72 0.014724023889734372
0 q 73 0.08295599275726151
0 r 89 0.0178990762211082
0 s 5 0.1297175431453662
0 t 65 0.037692611153981814
0 u 16 0.002863943459140539
0 v 59 0.013830368615925681
0 w 84 0.0394472325317744
0 x 55 0.034009095546991386
1 a 110 0.022013100852667278
1 b 96 0.060346954543658016
1 c 0 0.13485956017347456
1 h 37 0.08004925830468457
1 i 15 0.078465018163695
1 j 90 0.03527580048123713
1 m 21 0.036147374055505055
1 n 64 0.04712943619872878
1 r 10 0.19837585258792878
1 v 91 0.0856781637105074
1 x 39 0.014064689641797856
1 y 111 0.09328684694052969
1 z 81 0.042221634232590066
2 c 60 0.08268981449713553
2 g 45 0.08080143530568584
2 h 49 0.022674990335088352
2 m 79 0.16839886327282771
2 o 34 0.17224923295688233
2 u 63 0.005102272446954603
2 v 31 0.168627762858109
2 z 64 0.29536953938738253
3 b 29 0.08308099667993896
3 f 103 0.0596377787140957
3 g 93 0.6345722339838886
3 x 51 0.002357546537638089
4 b 33 0.0733950125005034
4 c 14 0.020358068211238534
4 d 67 0.016214328482555884
4 e 111 0.04357380236677599
4 q 65 0.05479755473388581
4 r 25 0.1314910351263091
4 s 53 0.23621120178597976
4 t 57 0.044085965907308844
4 v 92 0.17869108669001832
4 z 91 0.12873624985000354
5 a 68 0.272779663801872
5 b 1 0.07602393827638121
5 d 1 0.08833034669537132
5 e 28 0.014471924061995045
5 g 39 0.01451782372141297
5 h 70 0.008786022454108089
5 i 37 0.12503300501877368
5 j 3 0.012483410198425804
5 k 21 0.008957080901639158
5 l 95 0.053243145376543066
5 n 24 0.031851421620134435
5 o 6 0.0901340387753592
5 q 26 0.008831527186446864
5 r 78 0.015032873332201047
5 s 10 0.022717568819319744
5 u 87 0.007822780555754916
5 v 59 0.0015687575691323286
5 w 4 0.010246974845226076
5 x 18 0.07837586013684061
5 y 29 0.000991583241036209
5 z 15 0.02289009513738416
6 e 67 0.7468107258096266
6 z 72 0.027472271137574777
7 a 15 0.08355924800148518
7 b 0 0.01331980791526488
7 c 30 0.04337200457062462
7 d 4 0.23394231357930606
7 f 12 0.011261735378349624
7 h 52 0.007787246114402513
7 j 109 0.0007187145086556823
7 o 59 0.18018832368586368
7 p 67 0.023610749019369104
7 q 95 0.040092673671197954
7 t 4 0.12797682523142728
7 v 93 0.0029442075419044977
7 y 3 0.21045943054365113
8 k 2 0.27173685556598515
8 o 83 0.49627849303613336
8 t 108 0.07836406669070406
8 w 24 0.07099870168490763
9 f 104 0.1344098976136865
9 g 75 0.1222730870849611
9 l 11 0.06555627234941919
9 t 12 0.13714378595636634
9 y 17 0.13962346597682196
10 a 63 0.018561405339587722
10 c 94 0.05177504396199706
10 d 90 0.1469145461474094
10 j 56 0.035937612177028844
10 k 2 0.04786521140384481
10 l 10 0.03757744089068382
10 n 85 0.00042887775405175965
10 o 53 0.026655881100915657
10 p 96 0.006575552481574709
10 r 14 0.2650388551756996
10 s 61 0.04371406949218348
10 t 16 0.012769352600325634
10 u 62 0.1037461643033708
10 v 34 0.015463480797837215
10 w 59 0.0001391074184626806
10 x 28 0.14271041519676986
11 a 104 0.05972221353399232
11 b 36 0.00708397760502244
11 c 97 0.01866538383457561
11 d 73 0.10829759125147098
11 e 88 0.0032224820194155512
11 f 1 0.05911862472242768
11 g 110 0.022014687869274296
11 h 56 0.023634169173196384
11 i 52 0.006563513588567216
11 j 16 0.04301877987764369
11 k 52 0.08652519960065708
11 l 34 0.012326476083261317
11 m 33 0.015973081576452053
11 n 104 0.03818455313442459
11 o 111 0.03144336708106055
11 p 5 0.02324598513208309
11 q 104 0.003759180542310503
11 r 95 0.08185160156457771
11 s 75 0.0453360451773025
11 t 25 0.00550380596704636
11 u 1 0.011981530134144047
11 v 17 0.06693288229218786
11 w 107 0.011309618276028499
11 x 1 0.006343807420312153
11 y 95 0.07335855241240918
11 z 70 0.0386034024951194
12 r 18 0.44729100741151695
12 s 77 0.1314859118431032
12 w 95 0.17842862751262345
12 x 32 0.07853039868177836
13 b 41 0.32420928556447204
13 z 37 0.5016083636224651
14 b 89 0.10196999812342034
14 f 40 0.20794601963552106
14 h 98 0.16730605018018718
14 i 64 0.04916785521730538
14 j 100 0.08237217121928553
14 n 61 0.07740730979970412
14 p 8 0.0026001173260103982
14 r 3 0.005399986226667486
14 t 67 0.12021453202714638
14 v 63 0.14678014880736678
14 w 30 0.03313112431826892
15 f 103 0.0708312253826009
15 h 18 0.10773284685911277
15 m 1 0.0860475496900659
15 p 100 0.05126190703987876
15 q 99 0.2296672913191341
15 r 56 0.1314103185173915
15 s 31 0.017129313217915554
15 t 29 0.06602458765637964
15 w 59 0.007943474291548402
15 z 89 0.01614488206735687
16 a 76 0.024347901577421838
16 c 32 0.008825167461906425
16 d 78 0.14767708486869213
16 e 71 0.061933185436612526
16 f 89 0.13398116207693367
16 g 100 0.02795419483630146
16 h 15 0.0267805750900868
16 i 95 0.014869525767632119
16 k 85 0.08586922790185758
16 l 19 0.09704109355462431
16 n 100 0.025726958914046527
16 o 44 0.02164041246680981
16 q 44 0.03145245086548232
16 s 87 0.06107035110460868
16 t 82 0.015884160523814472
16 u 0 0.002924516868301419
16 x 43 0.05267930656426334
16 y 38 0.04052548794148558
16 z 51 0.10696454509005815
17 b 57 0.05542610479310828
17 c 84 0.00019558554105048032
17 e 38 0.008148090273574216
17 f 5 0.022798988056733416
17 g 13 0.02275013868617959
17 h 85 0.001502045517237871
17 j 37 0.006504194402759178
17 k 41 0.011834444912451558
17 l 46 0.047642948564111
17 m 19 0.076602898187202
17 o 6 0.03013258442277489
17 p 75 0.05299618264751582
17 q 110 0.3614407154123007
17 r 98 0.03712743023036502
17 t 53 0.12933665527691407
17 w 83 0.02790571610234649
17 y 44 0.0394557622178634
17 z 85 0.04196208571983029
18 b 102 0.08132677017454126
18 h 85 0.015525257830246608
18 n 53 0.05078241706799591
18 p 41 0.2570735035004117
18 q 100 0.20516978053595492
18 u 36 0.026121882566949695
18 w 68 0.06668947523771263
18 z 94 0.10333348949412047
19 b 36 0.049440443207715346
19 c 4 0.14136860667246076
19 d 52 0.013485032078464076
19 f 31 0.0263741447348933
19 h 13 0.01108523917733728
19 l 37 0.08925671574174532
19 m 102 0.03177273963549898
19 r 10 0.08399760602604045
19 t 88 0.05373106906882108
19 v 89 0.11800331709482115
19 w 37 0.05126807860954119
19 x 19 0.022374085911220143
19 y 50 0.04213294039007043
19 z 32 0.10164140174158565
20 a 98 0.016633382996602886
20 b 66 0.12370174301783243
20 c 84 0.023278570593396664
20 e 73 0.00434359281391028
20 g 49 0.1736790526382651
20 h 91 0.03921989358777245
20 i 70 0.014745711663215921
20 j 33 0.014248045568015621
20 k 85 0.011760427856440159
20 m 60 0.026379569798287483
20 n 1 0.03938557188340108
20 o 17 0.12432088398930374
20 p 78 0.08820393406729976
20 q 81 0.03834442388052339
20 r 107 0.062050033644981184
20 s 38 0.044309675889461886
20 t 23 0.06554622032653534
20 z 56 0.04237212633537124
21 a 101 0.17194502170383796
21 b 76 0.010860187359139295
21 d 79 0.22085168015138257
21 g 14 0.00532183365660821
21 h 88 0.1061496888289648
21 l 109 0.046176622286608904
21 m 62 0.022341271979232302
21 n 46 0.0036096710820314737
21 p 95 0.0483764726313487
21 q 31 0.10919562861611265
21 r 77 0.10593678847755117
22 z 105 0.9388807146552518
23 a 95 0.021565942956191186
23 b 12 0.04552627601376924
23 c 108 0.0034159447193360393
23 d 18 0.002580182210151216
23 g 74 0.16164262168804389
23 h 20 0.02055646644012865
23 i 38 0.020123974969656122
23 l 67 0.09048756723434137
23 m 54 0.003663191701349433
23 o 37 0.07341292317840009
23 p 13 0.03694160198188934
23 q 91 0.0198026250131359
23 s 7 0.067632037221662
23 t 67 0.16926854389808488
23 u 6 0.03473046856772821
23 x 13 0.15409621205129265
23 z 37 0.046201935501751334
24 a 29 0.10537287089884928
24 b 8 0.11698670369539699
24 c 39 0.060610299177842886
24 e 1 0.05875371002778251
24 h 15 0.023595898962614936
24 i 57 0.11436422516643108
24 n 10 0.04062966089397946
24 q 75 0.17513463090416004
24 s 14 0.00525406210978141
24 t 7 0.005390288214122685
24 u 54 0.06412381851921045
24 v 73 0.06297449093945284
24 x 49 0.0019479696035080707
24 z 96 0.041256015579152705
25 a 47 0.01872831454782764
25 d 71 0.31013342067453764
25 e 9 0.014887572278166283
25 g 79 0.08143561169188307
25 h 5 0.026638250195320734
25 i 53 0.040682736119536655
25 j 6 0.005619520327986627
25 k 56 0.03121854840952598
25 l 38 0.04353236030687546
25 o 68 0.013084049371806517
25 q 105 0.008659383446168456
25 s 48 0.00824409003595794
25 t 109 0.022966205089104297
25 u 82 0.13741365735997146
25 v 102 0.015241965637994181
25 w 30 0.1011066231093587
25 x 83 0.06044779144846746
25 y 1 0.02076093307788507
25 z 72 0.005508854729835089
26 d 89 0.03184276077344961
26 e 47 0.10240529873708726
26 h 12 0.0019690985899213365
26 k 59 0.02176722952675858
26 l 0 0.2833618914936423
26 n 43 0.025655561331588528
26 q 97 0.012704682408745449
26 w 45 0.12976494764959023
26 x 88 0.18913594849631898
26 y 78 0.14875654637990032
27 u 32 0.6525047641712381
28 a 72 0.06201101010882626
28 j 78 0.00811245050146947
28 l 8 0.060978963771663564
28 o 76 0.21007509236651678
28 p 82 0.02475719791691533
28 t 26 0.036699545292668945
28 u 0 0.11316794235750205
28 w 108 0.10531037706674728
28 z 68 0.2782808317052422
29 a 91 0.07780378100857654
29 c 53 0.042357263794059796
29 d 68 0.06619152721874644
29 e 73 0.0008841872338182233
29 f 19 0.01862464070425529
29 g 105 0.025395453996637563
29 h 16 0.013439874553727749
29 i 86 0.004497521753388578
29 j 30 0.008386376199113865
29 k 20 0.004859710942536455
29 l 17 0.11616320028820637
29 n 50 0.002183526048880613
29 o 31 0.1509728694506175
29 p 94 0.23895188239228582
29 q 51 0.12274107929954758
29 s 30 0.021872092294594192
29 t 0 0.0036060054702341526
29 v 68 0.003593363693911944
29 w 65 0.018530771140848445
29 z 93 0.05021969064433873
30 a 55 0.008565500528267211
30 b 12 0.042189260442438314
30 c 37 0.07250208592994112
30 d 65 0.03730725989852868
30 e 32 0.02360152754142031
30 f 47 0.010319152731028014
30 g 23 0.04338054545188674
30 h 109 0.00885814393760298
30 i 96 0.02267082858402447
30 k 71 0.04409927718632489
30 l 70 0.08659971448778936
30 m 100 0.02274421709935559
30 n 60 0.023616114318479875
30 o 1 0.044492644647888824
30 p 78 0.14606656709171706
30 q 1 0.0037863972064492435
30 r 109 0.018663649882535216
30 s 15 0.006328321049946073
30 t 2 0.0061471540129702795
30 u 23 0.07587525689874652
30 v 34 0.011406421113967502
30 w 107 0.0021936896978915765
30 x 22 0.0245710240967717
30 y 29 0.07378800323005319
30 z 68 0.11778630930259726
31 b 81 0.04683932945233793
31 c 34 0.10105455576117695
31 d 54 0.02795538507061157
31 e 44 0.017728967767707937
31 f 53 0.04323025498753763
31 g 101 0.02929699516243256
31 h 69 0.0067185446316173625
31 i 99 0.010469893160010901
31 j 40 0.0001774315737403942
31 k 102 0.03024020590434473
31 l 88 0.04589664108316205
31 n 61 0.007158925597826271
31 o 42 0.08111052699870958
31 p 55 0.03895400724211984
31 q 103 0.02708970033795899
31 r 87 0.10140981474613697
31 s 104 0.006610681701028187
31 u 104 0.028955002382016648
31 v 16 0.04648255000422885
31 x 61 0.07372462692946946
31 y 9 0.01654661329845364
31 z 27 0.07933457644072628
32 a 93 0.011899394128406793
32 c 54 0.22393668545475698
32 e 84 0.06280717317112983
32 f 30 0.07456082445350631
32 g 91 0.10105163071751311
32 h 50 0.008789199689812288
32 i 103 0.008886825141647514
32 j 30 0.07785846465050572
32 k 38 0.06742268721008593
32 l 87 0.018568236669232685
32 m 31 0.06070783422574577
32 n 96 0.055489251005939155
32 o 75 0.0005851307688846674
32 p 69 0.05136247888375978
32 q 41 0.05087022385062401
32 r 18 0.021974915881100343
32 t 89 0.01777726790055656
32 v 75 0.02406114112925617
32 w 65 6.0069061015521896e-05
32 x 32 0.006872886670464262
32 z 82 0.011106043486584838
33 i 8 0.04293812222923177
33 p 104 0.7389236911014565
33 q 4 0.08753519130385301
33 r 3 0.06685670583939962
33 v 44 0.013742464672845789
33 x 53 0.03394911446206339
34 a 34 0.008306014192272393
34 b 81 0.09921467430499542
34 c 90 0.06209365700478686
34 e 91 0.14924404927804047
34 g 96 0.02177790881959607
34 h 10 0.03526635844623194
34 i 88 0.040668251871644245
34 j 89 0.015095385412795426
34 k 23 0.05355464240968033
34 l 19 0.06795024521367532
34 m 99 0.014692685454982146
34 n 79 0.003341538479878281
34 o 63 0.1164804170741256
34 p 55 0.0020455068974414292
34 q 12 0.035569972635564384
34 s 98 0.061319961501865916
34 t 59 0.02334381801635288
34 u 36 0.11611914421238456
34 v 24 0.007992254840076707
34 w 37 0.0025133294825362418
34 x 104 0.04021775235810365
34 y 91 0.02092003443097401
34 z 71 0.00203106922449503
35 q 52 0.57121899695008
35 z 26 0.07449225187594888
36 d 36 0.20075374407305813
36 f 97 0.34566584560401914
36 g 48 0.18470096119621848
36 m 24 0.03202939629384305
36 v 67 0.15123190977645762
36 y 3 0.0346098387295376
37 d 85 0.007200623177673893
37 f 17 0.15915894286192478
37 g 51 0.026323821963040617
37 h 70 0.02034606578869136
37 j 100 0.02918429223100405
37 m 102 0.030924498760560803
37 n 105 0.053326529788346955
37 p 85 0.08049943706490847
37 q 87 0.0204695963591901
37 s 79 0.17913156930713003
37 v 44 0.0015664890308370039
37 x 2 0.07195153761096917
37 y 91 0.05428145689121833
37 z 80 0.1656781517382938
38 a 62 0.08129411575281342
38 b 107 0.1304455168155113
38 c 103 0.13334563758364193
38 d 64 0.0027254876373393744
38 f 16 0.050314954684779756
38 g 99 0.07470821577302234
38 h 12 0.0441295760063527
38 i 50 0.026134058162409768
38 j 20 0.008650479779743314
38 k 106 0.07731144893154107
38 l 43 0.01755830238983569
38 m 33 0.015088522589207787
38 n 91 0.018806113493858856
38 o 105 0.036511275037559354
38 p 40 0.04188073497035072
38 r 107 0.005714220329334996
38 t 35 0.16530936187050616
38 v 72 0.006719976321201804
38 x 98 0.0037355378562465846
38 z 14 0.020521593624079792
39 a 5 0.05981698849166528
39 b 11 0.0051974773998604284
39 c 44 0.03418643176733294
39 d 100 0.0641657711429574
39 g 35 0.14271330860770626
39 i 103 0.03240761249588653
39 j 4 0.05837547254334963
39 k 100 0.001701110189209487
39 l 79 0.04710541137344271
39 n 34 0.01951519058263851
39 o 23 0.10680238577295553
39 p 74 0.04303163651733655
39 q 13 0.0012033640948344582
39 r 106 0.006285601553282949
39 s 70 0.0031480655257781764
39 t 65 0.008640641275457828
39 u 105 0.007126731559624289
39 v 69 0.1571662157135264
39 x 51 0.08607116749760724
39 y 65 0.041385774354329774
39 z 110 0.001402322857199212
40 a 16 0.05150613705877649
40 b 80 0.061963738510609656
40 c 16 0.006390556269886716
40 d 29 0.02852058076386188
40 g 33 0.022801772256639152
40 h 16 0.07234759334446139
40 i 63 0.01583154629330963
40 j 24 0.012633630372947957
40 k 45 0.07172148282440927
40 l 22 0.05729724573568118
40 p 63 0.08440232328274266
40 q 86 0.15596511667183177
40 r 14 0.006952812356205262
40 s 39 0.030435701395269854
40 t 45 0.051731035632158084
40 u 99 0.0679974661809094
40 v 65 0.009614494613282676
40 x 107 0.013316529629486151
40 z 1 0.013379015099024616
41 k 66 0.059368458244298705
41 m 98 0.40755095232850047
41 r 5 0.18921387448650184
41 t 7 0.06485618731336218
41 z 108 0.2291046228137822
42 c 44 0.12163785493527046
42 e 23 0.05654331709394922
42 f 39 0.22542105278562408
42 g 32 0.11454511731817585
42 k 25 0.181929385962174
42 l 60 0.09072200760151539
42 r 0 0.08380582264943559
42 u 34 0.06378484905195958
43 b 12 0.6798045635651674
43 f 44 0.06183409195815748
43 m 55 0.015137732093734368
43 s 98 0.024970311359979735
43 u 105 0.02058880105560612
43 v 25 0.12809811550140793
44 a 62 0.273190742846419
44 b 15 0.03664643943313428
44 c 29 0.07452436806990559
44 e 64 0.087615532381917
44 f 25 0.020813839716211868
44 g 42 0.07513251456922487
44 h 17 0.023521931146187725
44 i 73 0.0563847014230926
44 n 39 0.12136832668435837
44 p 103 0.023359568037164657
44 q 45 0.02205125410551234
44 r 81 0.09351597086723296
44 y 11 0.0352418340541476
45 a 3 0.0914591866415082
45 b 59 0.00021309412798053984
45 c 111 0.00883380869715611
45 d 45 0.01569012683299409
45 e 66 0.00015515130468901628
45 f 31 0.005098831384829583
45 g 47 0.06540469555895967
45 h 36 0.037137654728091274
45 i 72 0.010822204564185034
45 j 101 0.013521291417530112
45 k 100 0.0290032025869863
45 l 3 0.0831192684019274
45 m 50 0.12301983068897304
45 n 106 0.04625929306747123
45 o 96 0.0021379770152163413
45 p 34 0.018348077007474095
45 q 21 0.018491995347263646
45 r 70 0.04627634020264704
45 s 84 0.06993364872121333
45 t 83 0.05470635325583828
45 v 87 0.030018260769946403
45 w 71 0.02690217259291905
45 x 87 0.08187515776138832
45 y 99 0.017568817870743825
45 z 109 0.040706016341319096
46 e 58 0.05845804508895003
46 i 35 0.2718853529896884
46 j 109 0.05240920630518986
46 k 58 0.2066233383046111
46 o 51 0.03700255019844878
46 u 13 0.011014638951581723
46 v 56 0.039950837445928755
46 w 97 0.08387561573252678
46 x 92 0.03391392397728188
46 y 31 0.0075494989520288325
46 z 26 0.09329924350934082
47 a 98 0.04212746116586952
47 b 100 0.040444901119656484
47 c 90 0.0571501706388019
47 e 96 0.0582266321495718
47 f 98 0.0007541229947984895
47 h 64 0.05817348889434326
47 i 52 0.007115660276106106
47 j 90 0.0017893655755246707
47 k 99 0.004044837351868669
47 m 46 0.10813770669695699
47 n 19 0.002454179768081488
47 q 37 0.08972317534005092
47 r 81 0.0657223872874958
47 s 51 0.046076989701492765
47 t 33 0.02030074667137316
47 u 5 0.00797071035634378
47 v 109 0.03618063029700924
47 w 43 0.01309397033218851
47 x 94 0.1744876315937488
47 y 11 0.07105239508394923
48 b 83 0.017336987994817088
48 c 93 0.05476248546230256
48 d 45 0.0036435625938080474
48 e 30 0.017406183089695326
48 f 20 0.03936793428073759
48 g 4 0.002563871642352944
48 j 53 0.03775468091410594
48 k 59 0.027935272822574797
48 l 79 0.0759310098738728
48 m 96 0.011617317735061805
48 n 51 0.004931228898486073
48 o 49 0.026643850864271124
48 p 66 0.12968081882480575
48 q 86 0.08664139806100823
48 r 91 0.0010660840367759938
48 t 98 0.08649540558151403
48 u 29 0.014236552759019694
48 v 52 0.13488518913791325
48 w 0 0.04320312534472204
48 x 109 0.04714742489406709
48 y 50 0.017742553264441963
49 a 93 0.21820103638665556
49 b 44 0.019148558615454614
49 c 72 0.029677533882804363
49 d 15 0.05018781964408214
49 f 78 0.01538742617930311
49 g 74 0.08525491006836539
49 h 12 0.056296321676510885
49 i 4 0.04597972735383582
49 j 9 0.0007612792465667706
49 k 46 0.06921004555572352
49 m 54 0.021505097663463424
49 n 58 0.037205011473550376
49 q 78 0.010319395561082745
49 r 47 0.054092108433972275
49 s 95 0.06666825831154133
49 t 35 0.04002113045691924
49 v 50 0.06085088937399885
49 w 105 0.0009681696879140222
49 x 23 0.00794073952278107
49 z 50 0.10062070297433434
50 b 104 0.07078336444352584
50 l 23 0.21693451325902535
50 n 33 0.1649811572553671
50 q 7 0.005548275903199507
50 r 6 0.28703964744313026
50 x 45 0.14112190547869652
51 a 22 0.08812991931631142
51 b 39 0.06363559152792897
51 c 73 0.10070657354332102
51 e 7 0.02596487466310915
51 j 52 0.08287739349343715
51 k 66 0.008750073177377082
51 l 22 0.029242362093404695
51 m 26 0.19361176221673637
51 n 33 0.09083856875452967
51 o 81 0.2261041118945406
51 s 67 0.012990047602442045
51 x 66 0.023190296700053015
52 a 42 0.02948626448828695
52 b 81 0.059810157909920836
52 c 42 0.0782963023627431
52 f 109 0.02221955051108737
52 k 74 0.119453486530809
52 m 79 0.0324764267693981
52 n 58 0.06240745875250142
52 o 93 0.008237496071690109
52 p 99 0.05843266672975067
52 r 88 0.10274030637911513
52 s 105 0.33881901983284224
52 t 97 0.04494317798942782
52 w 38 0.009701526250827541
52 y 111 0.021120939808858874
53 c 4 0.02372744389060022
53 e 75 0.21372764832546187
53 f 56 0.12071156413932216
53 g 10 0.015066257790144144
53 o 12 0.1363956234183431
53 r 106 0.1105042091421834
53 x 58 0.13606579859014023
54 a 111 0.020452742160935622
54 b 29 0.002781073843590942
54 d 106 0.059992044498155206
54 e 97 0.11522690773677946
54 f 2 0.05007312432658073
54 g 105 0.010358846221442453
54 h 6 0.06530388116384989
54 j 16 0.19699299458706387
54 k 91 0.0025197325475632137
54 l 68 0.005894190426113832
54 m 88 0.007035314797692149
54 n 102 0.023398629742879318
54 o 81 0.023037735071773868
54 p 96 0.005780032034327087
54 q 18 0.011660566224257152
54 r 80 0.08973788294590268
54 s 70 0.041538240029235673
54 t 22 0.040544595724992805
54 u 39 0.00587357594885396
54 v 69 0.0255622503054872
54 w 106 0.06497320467631273
54 x 67 0.02063747832493723
54 y 50 0.03872849902033271
54 z 43 0.06011005826501292
55 i 18 0.6281157161546292
55 s 53 0.2225355594841737
56 c 55 0.0372980123096226
56 d 74 0.036531019046194046
56 e 103 0.022958616100962503
56 i 95 0.11449671131727757
56 j 93 0.03484738922315633
56 o 79 0.2628732041600518
56 p 14 0.0769683469722856
56 t 33 0.010821039493103424
56 u 92 0.04848236420620755
56 w 74 0.19332560794305154
56 x 74 0.12220384982125831
57 j 33 0.7170638064517662
57 k 37 0.26023121360838763
58 a 109 0.011151487902171686
58 b 26 0.0013531334659371286
58 c 49 0.0051822008213141535
58 d 72 0.05934252683553587
58 e 51 0.02195209002307741
58 f 54 0.022864530344893885
58 g 18 0.022635579264059125
58 h 88 0.0547165762750732
58 i 89 0.03339629504078623
58 j 95 0.09098465243675569
58 k 84 0.09328536103739293
58 l 79 0.0038820792144598215
58 m 49 0.03262827268645474
58 n 104 0.08338128518658794
58 o 26 0.053543620051848206
58 p 91 0.03387148996257594
58 q 11 0.013570773053611429
58 r 52 0.022487657249740223
58 s 70 0.11695763065073383
58 t 26 0.044845652959187854
58 u 79 0.011896242619550024
58 v 66 0.08436012722879227
58 w 30 0.019476062589217746
58 x 70 0.006150842494344166
58 y 30 0.0487469612212964
59 b 111 0.11387200793438779
59 f 50 0.08944550907748128
59 k 71 0.03270440104141359
59 m 39 0.025224307651641187
59 o 36 0.06613523781008579
59 p 45 0.08192550854522473
59 r 77 0.1970398559947304
59 u 20 0.01667609986714924
59 w 10 0.005525009320933139
59 x 42 0.2471665438656795
60 k 51 0.3435696986845933
60 q 58 0.49946572445787485
61 a 18 0.23321768608738747
61 e 109 0.03643108343938917
61 f 95 0.18338383409489267
61 h 63 0.001314586953822694
61 i 83 0.019785427409398038
61 j 84 0.011808174592138676
61 l 89 0.04875332604491833
61 m 6 0.012629076304227604
61 p 77 0.08660378382483025
61 q 58 0.06947583874586971
61 r 55 0.007048921480002468
61 u 85 0.009317309426774001
61 v 15 0.001141515601214338
61 x 34 0.08094354049216179
61 z 67 0.05707989739654695
62 c 27 0.14225540687914806
62 d 52 0.22725778102310723
62 s 44 0.25931705372579283
62 u 81 0.02141554290433434
62 w 23 0.27170498887323635
63 a 1 0.17621149833046434
63 d 53 0.08474686951618504
63 g 6 0.04654616489341323
63 n 61 0.18533329941549326
63 o 86 0.06961487922379717
63 q 38 0.0361132647698732
63 x 7 0.2303492601599565
63 y 46 0.03548199980956612
64 o 52 0.10354494630974831
64 w 31 0.6347857180433946
64 z 5 0.19930040023101314
65 a 36 0.007677512958368049
65 b 80 0.06914559748258131
65 c 19 0.11039342753909309
65 d 104 0.0036149279479744667
65 f 5 0.012474642378317746
65 g 3 0.007263196458934362
65 h 60 0.09482119887435381
65 j 60 0.04104878968184933
65 k 20 0.03821214649946203
65 l 75 0.0002857810161169816
65 m 42 0.01832615773786983
65 n 84 0.0354990279086459
65 o 33 0.027267997570007863
65 p 28 0.007092862517911747
65 q 36 0.053794602324262475
65 s 73 0.05646107471901607
65 t 89 0.14371377389837614
65 u 54 0.10632198646825297
65 v 77 0.01650058051122183
65 w 67 0.01279180487046172
65 x 53 0.064870496560128
65 y 17 0.0273253892369979
66 d 3 0.014393184701263828
66 f 82 0.02652463265373628
66 g 27 0.010272009198276866
66 i 111 0.0866184401447504
66 p 96 0.1954662312061195
66 q 48 0.10429224611687415
66 t 28 0.15248705904989612
66 w 91 0.0526328818614713
66 y 111 0.2503616199103439
67 a 43 0.04161850239793463
67 b 48 0.008545449769244873
67 c 16 0.005243144182273007
67 d 7 0.04824183685991912
67 e 16 0.13843843278004386
67 f 4 0.06100944525852969
67 g 83 0.05247531629596003
67 h 7 0.029413411088985764
67 j 77 0.1401821039818828
67 k 109 0.07790641637592721
67 n 29 0.02718690081416364
67 p 42 0.020624129219417697
67 q 62 0.012777673792494282
67 s 73 0.05533155416800162
67 t 44 0.0427170353160331
67 w 13 0.11320314397309328
67 z 48 0.027632262766697502
68 a 68 0.04113367575492144
68 b 0 0.049233073767379065
68 c 49 0.03704723092268292
68 d 90 0.0010745868527822777
68 e 72 0.09132592465440581
68 j 56 0.0003627391780286482
68 k 90 0.14499341842613644
68 l 104 0.03267782904688754
68 m 77 0.04003816427106599
68 n 27 0.029061295496111805
68 o 21 0.11990586390289282
68 p 57 0.2527325411550806
68 q 49 0.014553907401714694
68 r 111 0.024774687672782902
68 s 63 0.0039789891199421
68 t 44 0.00980035557037362
68 u 0 0.004548878601937645
68 v 43 0.07288478165987766
68 z 10 0.005279111762703459
70 b 78 0.12918701299395863
70 e 28 0.1845276319701824
70 g 14 0.03334202865673597
70 k 57 0.1135097065150279
70 n 35 0.05642834742627889
70 o 0 0.0012348870885313668
71 b 7 0.0499692363398575
71 d 65 0.17961019150500102
71 f 41 0.01985381656543561
71 g 28 0.012453849390750227
71 h 36 0.18102147541565283
71 m 36 0.06441238093335944
71 n 86 0.05494601237708996
71 u 55 0.15449716058108276
71 w 2 0.0006778962116595899
71 x 109 0.25506485299753157
71 z 29 0.00304971829071099
72 n 53 0.20675057493619642
72 q 21 0.013438351821415062
73 b 27 0.018689048718496748
73 f 52 0.21764695449160965
73 i 59 0.013324562161927345
73 p 29 0.23063835661461318
73 t 61 0.17361195276363384
73 w 46 0.012797296008383863
73 x 97 0.1238686824529166
73 y 51 0.1519404987296099
73 z 66 0.023803803752429298
74 b 30 0.24073186999145546
74 c 70 0.014006842608908165
74 d 21 0.033758812810491534
74 e 19 0.031099930854812108
74 k 111 0.02367342605531264
74 o 6 0.0665980411743925
74 p 4 0.01370715885105378
74 q 42 0.23557594444586172
74 t 81 0.06630922824218133
74 w 1 0.06766825172782942
74 y 57 0.018137087180043032
74 z 41 0.05465103058294318
75 a 70 0.015020350093027934
75 b 51 0.06595884807814523
75 c 62 0.003431578624597642
75 d 36 0.03081330457149911
75 e 51 0.005580787903552875
75 f 91 0.0020304452218812274
75 g 32 0.013606664129260149
75 h 59 0.1364928353082554
75 i 83 0.08324818467824979
75 j 49 0.01528761711354576
75 k 72 0.05755356671656009
75 l 46 0.024249580623255995
75 m 69 0.035090114904428704
75 n 110 0.03611371514877604
75 o 30 0.03926656759059044
75 p 33 0.0021244148356364123
75 q 70 0.0577637395158046
75 r 47 0.0012894316577614084
75 s 106 0.02635173903336807
75 t 25 0.07529453259639296
75 u 34 0.03906788657593918
75 v 13 0.016087618472478082
75 w 2 0.020539703995565706
75 x 64 0.028521544497429163
75 y 26 0.016021087235443265
75 z 9 0.13095993323736532
76 k 81 0.017486400281106818
76 o 88 0.15362588877051664
76 p 16 0.1999798947853212
76 r 91 0.020173010875108477
76 x 90 0.4451678233162494
77 b 6 0.19448199577226732
77 f 30 0.15026722033583062
77 h 25 0.010754461979019747
77 k 49 0.03721007915120089
77 n 29 0.12291236899973923
77 r 86 0.08637228952450349
77 w 46 0.08873256429406595
77 y 56 0.08472745076268984
78 e 106 0.30059673765412076
78 o 0 0.25787988981104193
78 s 84 0.05700408548582436
78 t 12 0.20505934049070884
79 a 61 0.20693343978460121
79 b 4 0.007126220140290518
79 c 2 0.04422684235897911
79 d 92 0.025368951728431788
79 e 19 0.06264221900678779
79 f 45 0.005760992459693859
79 g 111 0.03757896345731693
79 h 53 0.009191594910414547
79 j 34 0.03007753630163079
79 l 68 0.025960188971279496
79 m 89 0.009545355941243283
79 n 31 0.002467231873867881
79 p 64 0.035527354765614194
79 q 80 0.0764473867042138
79 r 3 0.06293907401060805
79 s 53 0.0022998411433819976
79 t 82 0.03939102654261484
79 u 41 0.13565866598835352
79 w 84 0.03702152432008132
79 x 35 0.04067705480517314
79 y 107 0.004063376298578669
79 z 104 0.09892752435932806
80 a 0 0.02016801938953594
80 b 77 0.04445657690185145
80 e 45 0.14776976450373402
80 f 99 0.03296781005133098
80 h 41 0.06320818712632026
80 i 1 0.035539663302225466
80 j 11 0.007682359931500793
80 l 95 0.16850456247596324
80 m 14 0.013602222041618095
80 p 16 0.056546587268282766
80 r 45 0.0912454811932244
80 s 69 0.010111446081635833
80 t 59 0.05562863817478725
80 u 7 0.036945393016427075
80 w 86 0.047974355408287095
80 z 110 0.1264883579721403
81 b 59 0.00380156895517636
81 d 71 0.10364657640807062
81 e 58 0.02788795763554064
81 g 91 0.003080009045025034
81 h 51 0.16487704873630527
81 j 56 0.052075017289954784
81 l 82 0.03863693623963116
81 o 101 0.030395797209839648
81 p 109 0.0781447540815765
81 r 37 0.12701996923605952
81 s 107 0.016784410367527314
81 t 49 0.05428282555477448
81 u 102 0.04653708156554459
81 v 28 0.056494112097349114
81 x 26 0.002767022734210367
81 y 82 0.02720502715833062
81 z 68 0.10795275115919711
82 a 33 0.01015757909598769
82 b 57 0.007768156861673536
82 c 70 0.04759140066306189
82 d 21 0.04496532919305485
82 e 83 0.24773594716460268
82 f 42 0.06929418450959668
82 g 87 0.018139871173541433
82 h 10 0.04464457649904918
82 i 95 0.06455601921364651
82 j 75 0.007131772866443842
82 k 100 0.04920062954010107
82 l 95 0.01555848810001792
82 m 104 0.055762703142353875
82 n 57 0.07072876190333355
82 o 40 0.013111375139928216
82 p 23 0.025171258029054178
82 q 81 0.0009729789073931183
82 r 78 0.006982024247134677
82 s 45 0.029937173444621545
82 t 6 0.014291799896011703
82 u 17 0.0014441667140395742
82 w 86 0.0038949630060194362
82 x 54 0.11613161364824187
83 b 90 0.32478309563544283
83 e 31 0.019077071457064942
83 f 65 0.006536870113617477
83 j 109 0.14779087601736696
83 m 38 0.007778031033447763
83 p 74 0.29014111190752245
83 u 47 0.020766090045817753
83 w 83 0.15791455406476107
84 d 33 0.25391181829146237
84 g 59 0.09057332947817986
84 h 7 0.06590394608387906
84 i 25 0.012907176772452011
84 n 45 0.0911560792322359
84 p 55 0.1528406571372367
84 r 23 0.0063766910798033205
84 u 57 0.034782339790421335
84 v 63 0.05128010158276475
84 x 29 0.19186391013885706
84 y 72 0.021642130078750932
85 g 24 0.025758959676910775
85 i 22 0.030279552759083228
85 k 19 0.012046943893224693
85 l 35 0.02295942540316609
85 m 37 0.08631190968178382
85 o 103 0.2425637655024342
85 p 16 0.02646156312010084
85 s 82 0.06274603364110587
85 u 26 0.05918442720015904
85 w 28 0.0859711835217023
85 y 55 0.029380649221849908
85 z 17 0.22591257347753402
86 c 45 0.023717610762081898
86 d 106 0.003376734178787366
86 f 106 0.03970672069047787
86 g 24 0.01869923001182283
86 h 49 0.04849604035478239
86 i 107 0.19750723026252004
86 k 44 0.011229459351969395
86 l 89 0.06774342735061734
86 n 73 0.20222757168884786
86 p 103 2.9171312974529684e-05
86 q 65 0.09724692382637401
86 r 88 9.138811677511516e-05
86 s 51 0.009994939136043324
86 t 92 0.043249179933609216
86 u 17 0.08925832866202954
86 x 44 0.11544792310916208
86 y 46 0.005253155136313192
86 z 47 0.02004970121952865
87 e 30 0.06350951440789754
87 g 109 0.125686002506739
87 k 50 0.03242336501851495
87 s 8 0.06764279419854324
87 v 108 0.16549696943690584
87 z 83 0.1664356618511298
88 c 35 0.06884574815843303
88 d 51 0.026179281548427857
88 f 80 0.06877349967925261
88 h 8 0.041952860998044184
88 i 16 0.3091688154795842
88 j 1 0.0040129344248395205
88 k 33 0.10501246571493972
88 m 14 0.0037339954232527006
88 o 68 0.038235309738591794
88 r 83 0.017160951336655184
88 t 2 0.08673767418911527
88 u 43 0.002143698542434902
88 v 95 0.04398940926194328
88 w 44 0.060940450300806526
88 x 39 0.03088829500999235
88 y 76 0.03059239310136308
89 f 42 0.24326564216189261
89 g 19 0.019166936135112445
89 s 96 0.08444176902436429
89 u 23 0.6235159414938124
90 b 21 0.0052051700104456256
90 d 48 0.07022150003168781
90 f 35 0.07518881419622314
90 g 65 0.06946008154545547
90 i 67 0.011894113167671638
90 l 6 0.00818572892274294
90 m 23 0.11548714995689269
90 n 72 0.06319802957217702
90 p 91 0.021243318763360053
90 q 73 0.00875330188372403
90 s 96 0.048958437089573925
90 t 81 0.023933603859714103
90 u 59 0.14743192992304754
90 v 14 0.10960497806010627
90 w 87 0.027733247153689744
90 x 99 0.042328443064747145
90 y 88 0.07907564172048243
90 z 103 0.029669708342748513
91 a 24 0.006515756609443368
91 b 43 0.07536996280774899
91 f 93 0.006791662107123675
91 h 90 0.11894845591682468
91 i 69 0.05279465100867453
91 j 0 0.1707135473755801
91 k 70 0.10013078515128093
91 m 95 0.10089798379548764
91 o 33 0.0022460771827711445
91 s 78 0.01589889532459099
91 t 56 0.018306601930265676
91 u 30 0.0335718728969252
91 v 95 0.19501763926443894
91 y 9 0.04457182067455889
91 z 9 0.05641215157816526
92 a 7 0.01589161305802489
92 d 103 0.0107246878209174
92 f 2 0.10387587656719088
92 k 62 0.03216331134475037
92 m 20 0.11943184947218177
92 o 12 0.26355330838758795
92 s 75 0.4123205826821049
93 b 111 0.09295778487677753
93 g 52 0.08865262622989467
93 n 58 0.2241940256274868
93 s 82 0.012047665296512466
93 v 82 0.3393987236746969
93 y 79 0.14859984672039328
94 a 101 0.018160142894487197
94 c 93 0.0004982227647595261
94 d 23 0.1066689485277883
94 e 59 0.001982725717627143
94 f 33 0.028024802548524463
94 g 77 0.07181567626485807
94 h 93 0.07872271486213323
94 i 107 0.03937516764333193
94 j 44 0.2368789423844443
94 k 109 0.005804016428770042
94 l 1 0.003909447749774975
94 m 60 0.0340684093846787
94 o 18 0.04771626439613863
94 p 89 0.0010344610391753717
94 q 10 0.014857339970805072
94 s 46 0.03326858730331217
94 t 15 0.061614383796478434
94 u 52 0.057739611804615176
94 v 43 0.03256842027192208
94 w 70 0.03367965631773828
94 x 70 0.023530945942298653
94 y 30 0.0024327554866776513
94 z 17 0.026387049232775794
95 d 57 0.37609343018333863
95 m 74 0.03680832563698644
95 n 21 0.008155108540134681
95 p 72 0.0024453573345125657
95 s 88 0.4688516913055595
95 y 74 0.08834138616671217
96 c 45 0.009537929201898665
96 f 33 0.27451522242823423
96 i 97 0.32095169849291294
96 j 20 0.054758161157121066
96 k 46 0.19462434408302776
96 l 43 0.005995754770124262
97 c 22 0.06831722260732953
97 d 63 0.12214235166863918
97 f 68 0.02444835444839899
97 g 92 0.0024417132653998808
97 h 43 0.030141504459404667
97 j 106 0.020237246385641283
97 l 108 0.03053674787324734
97 n 100 0.013794118654793408
97 q 41 0.0013380296350842258
97 s 100 0.032723692424278195
97 u 31 0.1628125159778261
97 v 91 0.11975414725406819
97 w 63 0.22932199525916608
97 x 51 0.013517438119335479
97 y 9 0.07987311546915832
98 m 111 0.17916724686198537
99 i 38 0.34765320410707745
99 j 24 0.05250215628220034
99 k 86 0.19840831098136136
99 m 65 0.2110493873270094
99 x 111 0.07525902600454748
100 a 39 0.2318411154665817
100 k 40 0.02889487997367368
100 l 57 0.06595247636266344
100 m 93 0.05094751702640021
100 n 96 0.38912777256902276
100 o 10 0.06215554911739907
100 w 73 0.14816268108419628
101 b 27 0.05150627144598119
101 i 92 0.45664120718647083
101 q 7 0.28493912411073297
101 s 80 0.0733756519683072
101 w 90 0.030755141453955193
101 z 84 0.04991933615745692
102 b 104 0.11129812485579083
102 d 60 0.003340666927364788
102 e 43 0.0017378233502310936
102 i 47 0.009666991315367968
102 j 78 0.03559561422965185
102 n 4 0.42246450838529503
102 p 33 0.022732203515151594
102 r 61 0.06437823376610463
102 s 13 0.019761818149328647
102 t 83 0.03671284229152161
102 u 19 0.03828421365579948
102 v 62 0.1370666674048473
102 w 33 0.058680759907856594
104 a 27 0.011881295054759322
104 b 77 0.05888422421783557
104 c 42 0.052066957045661666
104 e 8 0.036975465633042104
104 f 38 0.00048546725782683264
104 g 70 0.06142275733373459
104 h 45 0.025733778348268732
104 j 93 0.015506007979406822
104 l 13 0.032515985291085014
104 m 35 0.01820529731749465
104 n 27 0.053143882291536326
104 o 40 0.2320001579185853
104 p 71 0.025273824464343564
104 q 71 0.026706773323552646
104 r 0 0.1079852920955251
104 s 57 0.0358415990148514
104 u 26 0.10021392665800921
104 w 26 0.07945222214519299
104 x 83 0.0020130835735866492
104 y 70 0.0016854626421738406
104 z 5 0.012821624391137765
106 a 36 0.02793461949238274
106 b 111 0.046819449473333274
106 c 100 0.05391083036184374
106 e 102 0.029480738889456903
106 f 53 0.02153034011300292
106 g 73 0.03606762009161768
106 h 37 0.013927197553215809
106 i 57 0.02032617779498269
106 j 108 0.13906519426709818
106 k 45 0.07319026549709429
106 l 42 0.029042819565812672
106 m 12 0.01499112650745904
106 n 54 0.06350610280738234
106 o 37 0.09993639565965806
106 p 44 0.002121983238701275
106 q 83 0.005537455148860837
106 r 87 0.017447094273975283
106 t 43 0.13064587289560758
106 u 45 0.004909640431216888
106 v 103 0.057220289833499915
106 x 26 0.035694179448015784
106 y 1 0.014303242841606889
106 z 102 0.051994980279836955
107 a 39 0.09495313031894592
107 e 93 0.06802161578001675
107 i 70 0.02535709795133012
107 j 33 0.1433440809512989
107 n 21 0.012912645392232802
107 o 29 0.12235250641671813
107 r 8 0.28198186207890164
107 s 17 0.0005345366879027091
107 u 10 0.05539048373357358
107 z 55 0.07961487645461895
108 c 72 0.06655945464647706
108 d 5 0.1243289140904088
108 g 69 0.22409981908431265
108 i 52 0.05896520500627844
108 l 10 0.19933467870585198
108 m 86 0.1457017477561079
108 s 20 0.046545282642261765
108 u 110 0.11177065123645735
108 z 86 0.008665906613763652
109 b 90 0.019635055440404448
109 c 49 0.03101937878711425
109 e 94 0.06373924162663647
109 f 58 0.052074160969880046
109 g 13 0.06478588552226072
109 k 58 0.0674369576052799
109 m 93 0.01904165365833299
109 n 107 0.16079535481238727
109 q 92 0.2075359628864677
109 r 38 0.06517270649646245
109 y 94 0.04900882325829603
109 z 90 0.10968616796032571
110 a 60 0.011293377376332514
110 c 91 0.05648124529666487
110 d 66 0.01554657013685401
110 e 50 0.08814641505737864
110 f 36 0.1042892624845172
110 g 40 0.08526569791958238
110 h 85 0.017849390641154983
110 i 99 0.08721935337600284
110 j 15 0.011933693423001324
110 k 90 0.008804016760210254
110 l 77 0.03670154233928746
110 p 88 0.04253216158535156
110 q 97 0.024361743183087148
110 r 82 0.02758373234468048
110 s 97 0.07734515138340048
110 v 9 0.021505715950940307
110 w 98 0.10601746139084312
110 y 86 0.08061670908077123
110 z 106 0.03261566369296942
111 a 1 0.13640858808454315
111 y 36 0.26789568629878524
111 z 57 0.30531328464529983
