57 26 734
0 0.02645042308656731
0 0.001543270096307281
0 0.014696311720871602
0 0.08297438097794807
0 0.011142590128338514
0 0.1589798382054628
0 0.03172596238416503
0 0.12462554767034872
0 0.04209373115497872
0 0.15643262316328632
0 0.06293640487909691
0 0.6833954385516678
0 0.2774713237805716
0 0.10599984076468683
0 0.07208964698772746
0 1.0
0 0.43710101973413007
0 0.01253075989939878
0 1.0
0 0.0284492735431352
0 0.11179601124241101
0 0.044554356810495466
0 0.09601128392226665
0 0.029385177495892423
0 0.21447271351177732
0 0.1715121597791992
0 0.009125175764864824
0 0.0877295680336111
0 0.029898222463164092
0 0.07866129583088799
0 0.040605666773464555
0 0.024294387468383527
0 0.01915293384421979
0 0.19881662236714115
0 0.02888050871802128
0 0.031545815969677427
0 0.04749483899823714
0 0.04627335489083828
0 0.22220554242135782
0 0.6588685341097438
0 0.7843588049131296
0 0.05276512722091631
0 0.16157619224111253
0 0.03082452307167627
0 0.15207292263061023
0 0.22629140370590273
0 0.08014947943055994
0 0.03269581013909062
0 0.03687821099138355
1 0.06992978372956782
0 1.0
0 0.104667244775138
0 0.04317603349965715
0 0.0022636102306112793
0 0.0964256158525878
0 0.0016486261662539414
0 0.04942353215854123
0 a 6 0.07441547089815381
0 b 31 0.24155516950759226
0 e 30 0.0017341671202474318
0 f 41 0.15583706128447417
0 h 44 0.024503113585580327
0 i 35 0.024198622740880138
0 k 4 0.012481854610017273
0 l 52 0.009826444408624013
0 m 6 0.10535115697091157
0 n 48 0.015502554987279149
0 p 22 0.0025551761977429255
0 q 26 0.08729750342374787
0 s 21 0.04049392132416618
0 w 40 0.14320586697996518
0 x 1 0.0040770503655912504
0 y 55 0.028080494826047797
0 z 52 0.0024339476824113415
1 a 9 0.014478597435426233
1 b 1 0.017372161721662116
1 c 16 0.012333375924950207
1 d 7 0.004983366758477326
1 e 10 0.015236713803200574
1 f 33 0.1308448583240196
1 g 35 0.04770555818847155
1 k 34 0.09208674502625847
1 l 31 0.09883897002959807
1 m 16 0.06109812020365746
1 o 43 0.02144246606257505
1 p 8 0.049671085881255905
1 r 9 0.03382974841543762
1 s 54 0.11225987598341713
1 t 46 0.006107101729461717
1 v 48 0.0034232417075781285
1 w 3 0.05409829860432358
1 x 1 0.15731052276620638
1 y 29 0.0653359213377156
2 a 27 0.02487245662189219
2 c 3 0.2979122385698777
2 d 10 0.0275392452370975
2 e 3 0.013364031584460312
2 j 19 0.033468413820199494
2 k 24 0.026367058833635326
2 l 25 0.09474418974209975
2 m 50 0.002821416222863471
2 n 7 0.14579450956509676
2 o 48 0.11501699595132964
2 q 12 0.08238182290469298
2 v 44 0.002239016871828259
2 y 15 0.08829061225751356
2 z 31 0.030491680096541462
3 b 35 0.016178789822190898
3 g 1 0.08020916236939324
3 i 11 0.18518207291456934
3 k 22 0.1487016355432238
3 l 9 0.0975382522753857
3 n 25 0.06036509266928014
3 t 56 0.0366542300693492
3 u 40 0.028797403291345947
3 w 33 0.023317566414291946
3 x 11 0.2400814136530217
4 a 44 0.008997995996786856
4 b 0 0.07101943224280383
4 c 30 0.01256232105747479
4 d 13 0.01762120194147343
4 e 46 0.052219570202897914
4 f 3 0.03478195670181905
4 g 3 0.005771421675413113
4 h 52 0.09376563989653952
4 i 45 0.01497331278597347
4 j 16 0.008349470552524219
4 k 41 0.10106075455158947
4 l 3 0.04518125654633909
4 m 37 0.02687941072487332
4 n 27 0.023637209758090916
4 p 33 0.07210098844892376
4 q 47 0.05415978959594625
4 r 35 0.1063056661391687
4 s 9 0.07176244945363708
4 t 5 0.001243521911894252
4 u 46 0.0009668198575326636
4 v 16 0.022522576920502635
4 w 4 0.07584686347121627
4 x 19 0.038185332352050017
4 y 46 0.010893097768161941
4 z 51 0.01804934931802893
5 c 31 0.11697196029921042
5 e 44 0.020489065596137834
5 g 48 0.07309676971909651
5 i 30 0.0644101218746318
5 j 44 0.017656846608321564
5 k 27 0.03301967885621293
5 l 3 0.027512378297558704
5 m 53 0.013784711323614585
5 n 5 0.04038325709264767
5 o 34 0.06876488711598794
5 q 15 0.07921705363039144
5 v 5 0.09513112790212308
5 w 0 0.0036672928087668755
5 y 23 0.12604697625860062
5 z 38 0.06086803441123523
6 c 1 0.03293043926530004
6 d 45 0.06842077980472838
6 e 29 0.01572945819496052
6 h 35 0.02187116240317777
6 i 15 0.09063098308161965
6 k 10 0.10014339756840529
6 l 31 0.056153260903700875
6 r 27 0.0439194668610986
6 t 31 0.23900921073718584
6 u 9 0.19905855086385915
6 v 39 0.02183088086075935
6 x 15 0.015049070579016166
6 y 4 0.06352737649202334
7 b 35 0.0035419628230675126
7 c 17 0.18123443434003572
7 d 5 0.1453482377246541
7 e 13 0.019140675320629796
7 h 27 0.23865579534513126
7 l 31 0.02982345416293042
7 o 42 0.027248506737801992
7 p 25 0.004565367690824607
7 s 6 0.04842408493013062
7 x 15 0.0022507495987789117
7 z 26 0.17514118365566633
8 a 10 0.06636352835294745
8 b 41 0.11340784663847547
8 d 47 0.05190909194785698
8 e 49 0.01681565217546921
8 f 3 0.07907341921342692
8 g 34 0.06681126355625067
8 k 22 0.04013534720672407
8 l 22 0.003676532943522326
8 m 28 0.08996508379241519
8 n 56 0.009153788321070166
8 o 17 0.04671182916340566
8 q 17 0.01917943315560644
8 r 15 0.10260590861602792
8 u 46 0.04976983616898856
8 v 12 0.14041536188413595
8 w 26 0.018301505548421915
8 x 53 0.0023296856317277514
8 z 39 0.041281154528548636
9 b 52 0.059493653808672664
9 c 54 0.03755133606228245
9 d 53 0.15185624204304615
9 i 34 0.03127457715002535
9 n 56 0.08072560205694457
9 p 40 0.1448823443081697
9 s 32 0.08261467763471864
9 u 9 0.034862253340302685
9 w 40 0.04793230976409801
9 x 55 0.08088248500216921
9 y 41 0.09149189566628424
10 a 30 0.0003436186283656273
10 b 32 0.009466021528651059
10 c 36 0.008972694311616736
10 d 1 0.04810138901218819
10 e 54 0.0821101893428483
10 f 14 0.010367029191425847
10 g 53 0.1155367091737447
10 h 2 0.02236846531303327
10 j 17 0.009029604522143075
10 l 51 0.073039671576693
10 m 45 0.0022462524132297323
10 n 35 0.0001579686368297084
10 o 34 0.08140290100723524
10 p 42 0.02000430853974433
10 r 11 0.023677225698795268
10 s 4 0.01355385772105111
10 t 44 0.12975221808511717
10 v 8 0.10898709457247502
10 w 11 0.02487954702591233
10 y 0 0.058579630606959476
10 z 30 0.0944871982128439
11 c 52 0.31660456144833216
12 c 53 0.536230171916367
12 n 28 0.034384397369904174
12 u 29 0.06015465206978432
12 x 29 0.09175945486337289
13 a 49 0.054652044383197707
13 b 33 0.0010326354459169185
13 d 8 0.06403481730965543
13 f 16 0.29649895241815527
13 g 44 0.10534125522379478
13 k 39 0.015334296209206233
13 m 29 0.010699654581400098
13 o 18 0.023516430381541276
13 t 43 0.07543255303609253
13 v 14 0.18088176394930433
13 y 41 0.0665757562970486
14 a 20 0.054385213669414956
14 b 40 0.01590007402392013
14 c 49 0.010493846090666281
14 d 51 0.027937932669631182
14 e 23 0.02570201467965516
14 f 32 0.014158282259917332
14 g 10 0.01801447015635116
14 h 34 0.09145064256043323
14 i 7 0.08513029058540833
14 j 5 0.007804607084952009
14 k 51 0.06205379771302999
14 l 41 0.025073799023979104
14 m 42 0.030012779654133848
14 n 43 0.09977841326095316
14 o 42 0.007720138748935068
14 p 33 0.03682480681973366
14 q 56 0.00917055105154585
14 r 45 0.03622578092941964
14 s 53 0.08540729859225504
14 t 17 0.022804303128589276
14 u 14 0.0014715890699705803
14 v 10 0.017001032867601795
14 w 17 0.04617537817111961
14 x 11 0.01367558423042814
14 y 2 0.04203624280646734
14 z 27 0.04150148316376068
16 d 23 0.05000540544344756
16 e 9 0.014450282270885295
16 k 49 0.2766102028321271
16 x 29 0.17198032965622478
16 z 42 0.049852760063185175
17 b 50 0.02996543925257733
17 c 6 0.16592297677813572
17 e 34 0.031131133117134224
17 f 39 0.01940538805736569
17 g 20 0.002268123855181825
17 h 49 0.061198487368967935
17 i 4 0.031268540245984355
17 n 35 0.0048062646708861845
17 q 26 0.045439361498077036
17 r 8 0.04078528487443711
17 s 19 0.14794271950468407
17 u 51 0.025220978044783626
17 v 54 0.24155985230293908
17 x 10 0.03408686751675083
17 y 21 0.09514319669793936
17 z 8 0.011324626314756836
19 b 26 0.020473187417704763
19 c 4 0.01865608617346115
19 d 5 0.027215244472453937
19 e 42 0.1627871309359834
19 g 50 0.010948238480743666
19 h 28 0.03125063348103274
19 i 15 0.034074912151273784
19 j 27 0.06757518423792408
19 k 35 0.0037933207937684843
19 l 26 0.044339912321163966
19 m 43 0.1765402198312166
19 o 41 0.025020500318097327
19 p 22 0.040723326639807156
19 r 13 0.12213020829710375
19 s 38 0.013778402347032093
19 t 9 0.07722374801041887
19 u 11 0.07916154293850608
19 y 8 0.015858927609172957
20 a 3 0.0017886774117662485
20 b 23 0.058640183208112484
20 d 15 0.003899684430032635
20 f 39 0.08635889175727485
20 g 43 0.021184672724194553
20 j 4 0.3733236947182077
20 k 32 0.0044011176048682765
20 l 43 0.0016025691456006408
20 n 56 0.006455260343896763
20 p 47 0.00889191414291668
20 q 29 0.18575701362262387
20 u 39 0.0197991233419198
20 v 52 0.013334567671486774
20 w 8 0.0026697920492912974
20 x 9 0.029868761611385852
20 y 5 0.015890504277118023
20 z 53 0.05433756069689255
21 a 17 0.04602176816336423
21 b 25 0.01766753104051566
21 d 28 0.049974847206418205
21 e 56 0.0012708408015527084
21 f 32 0.06335281224569445
21 g 36 0.13834342641032138
21 h 38 0.008717348230466437
21 i 23 0.1058633569055506
21 j 35 0.009871075246486671
21 k 17 0.05463925497278277
21 l 28 0.008007400011226573
21 m 10 0.009927103740882792
21 n 53 0.0401613378561414
21 o 54 0.013849978799880591
21 p 7 0.006471404808545689
21 q 19 0.07729910001202023
21 r 53 0.059952826994064234
21 u 34 0.0140572544427644
21 v 38 0.16931212926721562
21 x 10 0.004114340370233505
21 y 2 0.023249119398077056
21 z 37 0.033321386265299346
22 a 11 0.03958734757472304
22 b 31 0.008671718394259176
22 c 8 0.0018688127785899677
22 d 19 0.009505674841621126
22 e 20 0.01314780721801967
22 f 2 0.061708916882901366
22 g 45 0.014306358597336755
22 h 1 0.016108125454212918
22 i 10 0.007831732973837435
22 j 10 0.01812850254025744
22 k 1 0.057896296804190284
22 l 54 0.04268306156925683
22 m 43 0.06920628469106471
22 n 55 0.05421415269634777
22 o 17 0.0015289410661060154
22 p 10 0.00559747028760571
22 q 48 0.02628708456314921
22 r 25 0.012210761034808004
22 s 19 0.05227530216137111
22 t 0 0.08722911847741821
22 u 25 0.13909579889259127
22 v 28 0.03570328369768794
22 w 13 0.07322863747900843
22 x 5 0.005151847751629468
22 y 7 0.044951061390476
22 z 30 0.005864616259263489
23 a 26 0.018859199157734707
23 d 5 0.12275673204585191
23 e 2 0.03596332253031098
23 g 46 0.10983608185567484
23 h 28 0.13491315603997456
23 j 29 0.020573900730152528
23 k 15 0.06871437428055727
23 l 42 0.03660594281965157
23 m 24 0.007260671573620425
23 o 3 0.11168357565730047
23 s 18 0.031571077539146564
23 t 41 0.029993182099605997
23 u 0 0.10282767167604212
23 y 51 0.13905593449848364
24 c 29 0.009478043218965171
24 f 46 0.22048492283409438
24 i 56 0.049643267586856776
24 l 2 0.14047474281942696
24 m 21 0.04941439142234849
24 q 22 0.05828376129084356
24 u 53 0.25774815731568734
25 b 28 0.02524770314689606
25 e 32 0.006004202479919396
25 g 34 0.04034334308133958
25 j 29 0.16238911540009737
25 k 23 0.012708670059075167
25 l 43 0.18702433379623173
25 n 34 0.0743473383420935
25 p 26 0.010907268375748513
25 q 32 0.10814914808481813
25 t 38 0.09924252599427663
25 u 1 0.018335690027921125
25 v 29 0.01098667660480912
25 w 38 0.011741649851649605
25 x 43 0.06032031998517762
25 y 49 0.0007398549907472463
26 a 49 0.03620438915487689
26 b 19 0.0008609242144919094
26 c 6 0.3580384114301427
26 e 13 0.11410030426379358
26 f 52 0.023154374042673398
26 g 24 0.024030312361772777
26 i 9 0.0875008398057906
26 k 1 0.020918875608170073
26 r 8 0.03162725065490812
26 v 38 0.030149753303344684
26 x 3 0.1617133531192717
26 y 55 0.10257603627589873
27 a 45 0.10189074823835897
27 b 5 0.0840592837574976
27 c 35 0.06708561620800724
27 h 29 0.008056439278838812
27 k 45 0.07188728768899821
27 l 13 0.30121640340196876
27 m 8 0.04591976383678553
27 n 42 0.060829663285022595
27 r 39 0.00027023725028418877
27 s 42 0.16873052002226419
27 x 5 0.0023244689983628053
28 c 29 0.043045235041612395
28 e 5 0.2959332097164754
28 j 10 0.14075262346734974
28 o 45 0.02630850096059978
28 q 52 0.0828707510021034
28 u 15 0.017785786415238203
28 w 46 0.13600552958757472
28 y 7 0.12048666329550317
28 z 37 0.1069134780503791
29 a 51 0.05706937948796653
29 b 27 0.011222762244133211
29 c 3 0.26869150694960886
29 i 17 0.16601632900479735
29 o 20 0.1962339990625902
29 s 25 0.021893601069847057
29 u 38 0.007221080163870908
29 v 37 0.1929900461862979
30 d 39 0.01791264337866494
30 g 50 0.0317584120690827
30 i 55 0.024081266660539113
30 j 22 0.04561746505529529
30 o 5 0.2607628913856733
30 p 31 0.045855104193098906
30 r 45 0.13595072242999506
30 s 37 0.029154491761275714
30 u 5 0.19074687618307085
30 v 8 0.13709582091369044
30 w 2 0.022993135835599143
30 z 46 0.017465503360549972
31 a 50 0.016189867460882357
31 b 47 0.023663301937295156
31 c 36 0.08463586907001475
31 d 27 0.03929187039632087
31 e 35 0.016549911431859687
31 f 42 0.018326994597786195
31 g 42 0.07419207478240641
31 h 43 0.10698216926675663
31 i 41 0.021890982752908128
31 j 35 0.01247665759348382
31 k 12 0.010565568964898908
31 l 44 0.04303349061412087
31 m 6 0.07374701682402918
31 n 13 0.024980546181019636
31 o 48 0.041038426398864125
31 p 18 0.028204998263627212
31 q 14 0.03814457764759205
31 r 28 0.09859967166768124
31 s 24 0.028599143672230154
31 t 26 0.05396177405017344
31 u 33 0.013443418716871935
31 v 0 0.01391068210200408
31 w 46 0.0035051941777131113
31 x 15 0.022632864569474886
31 y 9 0.039136684074894346
31 z 15 0.02800185531670729
32 c 53 0.03334899640262856
32 f 5 0.02502783474828374
32 g 10 0.12139582719280329
32 h 30 0.17423220073336398
32 j 49 0.04162740724656078
32 m 26 0.10363847001034387
32 q 28 0.03465861273560478
32 s 4 0.1252266812193651
32 u 4 0.220567041281572
32 w 15 0.037286175714612235
32 y 6 0.0451016067075557
32 z 18 0.018736212163086186
33 e 52 0.12625568182566071
33 h 26 0.020978284892031795
33 r 30 0.23808980746794495
33 v 39 0.29776499223844455
33 x 50 0.028518978484142643
33 y 21 0.0895756327246342
34 c 29 0.010151595184356377
34 d 46 0.2379404038689289
34 e 8 1.3043192838568807e-05
34 g 23 0.014751852226590256
34 i 46 0.1491687322378572
34 j 28 0.014562175403547428
34 k 11 0.005940011792066047
34 l 34 0.016914959701888943
34 m 0 0.16497162504473084
34 n 11 0.03353855486069501
34 q 29 0.007712612220265647
34 s 47 0.14102076226733806
34 u 22 0.013586490743752622
34 w 18 0.029497327039029075
34 y 56 0.08254933878923787
34 z 11 0.04880000670885587
35 a 16 0.044918899794640144
35 b 50 0.0269925474086794
35 c 41 0.011290251407988339
35 d 7 0.026448264681492084
35 f 51 0.02219364089681497
35 g 49 0.05482963310461997
35 h 50 0.02283870240548802
35 i 50 0.05571928216577804
35 j 52 0.06509689080214509
35 k 9 0.000490017322527514
35 l 43 0.06562529044306675
35 m 17 0.011704312370503067
35 n 24 0.07237369029433882
35 o 25 0.013760463278997714
35 p 54 0.11084288002167919
35 q 18 0.001069956375380321
35 r 41 0.014921482036703071
35 s 49 0.03390279197075874
35 t 48 0.008230284606928095
35 u 30 0.01402663285358996
35 v 46 0.007230112468551764
35 w 30 0.07921334750670228
35 x 0 0.04934144933035789
35 y 27 0.1491377663919845
35 z 7 0.006255594090606831
36 b 21 0.10067891019709507
36 e 46 0.0021890722174491284
36 j 0 0.08158212312111024
36 k 26 0.018661116970425495
36 n 37 0.3315153937787476
36 p 40 0.030033934508227667
36 t 40 0.2023964363969768
36 w 33 0.06593626992481472
36 y 11 0.11951190388691613
37 e 45 0.07340893264917514
37 g 15 0.28185683610630596
37 k 11 0.10449332716474857
37 l 26 0.2011554082221747
37 o 53 0.29281214096675734
38 a 39 0.03633874902738676
38 p 30 0.06266090354126685
38 r 55 0.08200599314626777
38 s 55 0.20463135108755293
38 t 44 0.35114090547008314
38 w 42 0.04101655530608472
39 i 33 0.31404793675195386
39 l 48 0.027083529138302365
40 e 28 0.10498613372567223
40 u 7 0.11065506136119818
41 c 0 0.18917262929163814
41 g 15 0.05060521921657979
41 h 27 0.010998262299541484
41 j 27 0.03296460095976228
41 k 10 0.015483902347192435
41 l 0 0.004176531397876215
41 o 37 0.1279339372402043
41 p 51 0.08778159278694464
41 r 21 0.07874290104932846
41 s 14 0.04338341199409601
41 w 54 0.13984275262983925
41 x 4 0.13226451636427639
41 z 17 0.0338846152018043
42 m 19 0.24203386063638954
42 r 31 0.5963899471224979
43 a 11 0.031259290663182004
43 b 46 0.004942565213966299
43 c 41 0.02052683484195561
43 d 8 0.08849293984415452
43 g 52 0.019797181365434513
43 h 46 0.014757579288510292
43 i 6 0.022212321934059642
43 j 2 0.0035035399866963912
43 k 15 0.015268440199168176
43 l 37 0.0655578914829199
43 m 38 0.006534469284343425
43 n 12 0.0536943987687607
43 o 27 0.05981327533278202
43 p 13 0.08557549972504352
43 q 37 0.08239307819789887
43 r 1 0.0005988109693906285
43 s 23 0.05254757364838192
43 t 5 0.026082124700595677
43 v 40 0.022042521553914285
43 w 22 0.13587932527759383
43 x 6 0.14200304484769322
43 y 40 0.01569276980187828
44 b 42 0.10171597982370506
44 d 31 0.03324220672304612
44 e 1 0.00815017128806772
44 g 19 0.13679121685058349
44 h 1 0.10100671210170753
44 i 6 0.03904030686628046
44 k 48 0.013707547161328493
44 l 50 0.013257142251056453
44 m 48 0.11123127579182379
44 q 48 0.020516948413505376
44 r 3 0.11309559193253071
44 s 16 0.0007262882441696483
44 u 47 0.0006383525290982739
44 w 1 0.04132126789193924
44 y 32 0.1134860695005474
45 c 38 0.1805030095278275
45 m 6 0.2733913375534901
45 n 52 0.14672085512323418
45 u 24 0.1730933940895455
46 f 31 0.30461815407118065
46 h 24 0.5554072154309749
46 z 13 0.05982515106728448
47 c 23 0.20248726402870365
47 d 32 0.4047514679029093
47 h 44 0.03153225931410131
47 i 9 0.06719986446557769
47 n 14 0.23001444717983477
47 w 6 0.03131888696978269
48 b 52 0.15532170138083867
48 d 46 0.050332083638292224
48 e 19 0.02558860522699613
48 h 51 0.008995735165897134
48 j 21 0.004974198707504485
48 k 48 0.1953339235305308
48 o 55 0.047324005769076916
48 q 26 0.013812912469730598
48 r 44 0.027817913639367364
48 s 7 0.07528880427449991
48 u 28 0.041912645614527455
48 w 43 0.058581097015610095
48 y 30 0.11510718276082954
48 z 8 0.14273097981491512
49 a 29 0.07574054982911915
49 c 9 0.020193880403042153
49 d 38 0.021661574962720587
49 e 37 0.057152470226041974
49 f 19 0.005719177985471169
49 g 39 0.0038519243456504038
49 h 23 0.03159979526202905
49 i 28 0.06273342892172706
49 j 27 0.09422898029056204
49 k 21 0.026803795777207484
49 l 14 0.05633774908204636
49 m 51 0.07465565540819541
49 n 41 0.01171655454281495
49 o 4 0.016540277160095984
49 p 15 0.011862394920178598
49 q 47 0.007500312098987938
49 r 44 0.048255730994430035
49 s 48 0.11777943510123079
49 u 17 0.023752126739484902
49 v 24 0.06227997068110935
49 w 46 0.02741108072265175
49 x 37 0.02573343910717496
49 y 46 0.019075279748171026
49 z 2 0.027484631960289052
51 a 55 0.08851353348231084
51 b 51 0.06074382516748744
51 e 45 0.09131484221248731
51 g 49 0.0018404705088105322
51 h 23 0.043582379776699876
51 i 48 0.07440778973809825
51 n 52 0.03204132141795857
51 o 29 0.023024683316633876
51 q 53 0.03439352139987917
51 r 24 0.06567333509860174
51 s 24 0.04052504306455984
51 t 55 0.060135554990291884
51 u 50 0.09457432852412184
51 v 5 0.008607146077722838
51 w 38 0.02936040756964131
51 y 34 0.14659457287955668
52 a 6 0.033789451158162565
52 b 49 0.050513636112551996
52 c 15 0.006736452576041607
52 d 2 0.038149285870433314
52 e 44 0.004335454121053628
52 f 5 0.014554610714103022
52 h 33 0.018615722623073094
52 i 10 0.05441077455953813
52 j 14 0.10418611353765139
52 k 45 0.08853304660484562
52 l 3 0.0491144445134597
52 m 55 0.042344270120964866
52 n 42 0.08668335328214638
52 o 51 0.006796743099970692
52 p 30 0.02804525433532823
52 q 46 0.0616198530134896
52 r 32 0.057468743731674765
52 s 22 0.13417711042415725
52 t 51 0.048219946387011214
52 u 4 0.012086722400974526
52 x 33 0.009004162903360036
52 y 41 0.007438814410351213
53 a 26 0.010449367799439835
53 b 26 0.025296907261767254
53 c 29 0.0022385974714357326
53 d 21 0.02465336286480646
53 e 15 0.16885825118028575
53 f 16 0.002700679949743101
53 g 32 0.02317069776524594
53 h 20 0.02620953789546332
53 i 39 0.0150962013420598
53 j 6 0.037392320770782916
53 k 16 0.000771663337351125
53 l 6 0.03849064867568375
53 m 45 0.00781691920538563
53 n 41 0.049428050253422784
53 o 50 0.025263028984841673
53 p 37 0.02205914591563929
53 q 32 0.02604218309400752
53 r 11 0.006790965955620454
53 s 14 0.0735920109821645
53 t 44 0.01642400708930647
53 u 45 0.04282507339204167
53 v 22 0.049521906454488285
53 w 37 0.046131289517577834
53 x 49 0.14142928387468512
53 y 2 0.08935976950688573
53 z 41 0.02572451922925678
54 a 31 0.10117279654672362
54 b 29 0.03089508467592228
54 e 56 0.005908580470792457
54 f 39 0.03019060220809111
54 h 15 0.0027738089880612327
54 j 47 0.04058321009610921
54 n 19 0.057637258488530296
54 o 30 0.15104849323131697
54 p 11 0.02588368847237099
54 q 37 0.028284499618605685
54 s 32 0.02627630362600375
54 t 27 0.008259465227090868
54 u 52 0.18514772856173956
54 v 13 0.007742377524578292
54 w 56 0.11922468134184971
54 x 48 0.00863574102768927
54 z 18 0.0739100640419369
55 a 26 0.027600375398341925
55 b 10 0.04421087653491185
55 c 29 0.08167597016412165
55 d 31 0.16267579757551165
55 e 49 0.006455374289341176
55 f 47 0.04257213326615794
55 g 32 0.017324150532511573
55 h 21 0.02848676993634891
55 i 40 0.0004059285666045964
55 j 42 0.023416144482019785
55 k 1 0.0832794945141273
55 l 45 0.017427319580681333
55 m 13 0.004466193069602831
55 n 53 0.047465745164499196
55 o 19 0.02248889656492259
55 p 44 0.09316711915423892
55 q 9 0.12213410674907699
55 r 9 0.0024268644779508186
55 s 39 0.01565654216775514
55 t 6 0.0342704950700321
55 u 15 0.007644599129848606
55 v 3 0.014609415090050426
55 w 32 0.010141867471928911
55 x 24 0.029060598592020148
55 y 49 0.02464669765638805
55 z 21 0.034641898634751644
56 i 52 0.006225581217865095
56 l 28 0.3451981976168037
56 m 45 0.18816771801323295
56 q 24 0.11258584640555103
56 r 19 0.06657511162163265
56 t 28 0.015028863854199437
56 z 54 0.2167951491121739
