179 26 2263
0 0.004721072430072248
0 0.07896052158276756
0 0.054662391302487734
0 0.0291965052954255
0 0.5728899953682887
0 0.469312154880972
0 0.0018642002418789438
0 0.020686177388804183
0 0.2508595274138604
0 0.01895287881092078
0 0.021902739202488863
0 0.011664742634817649
0 0.0008930288655760732
0 0.10087934474702853
0 0.3029434595103132
0 0.011356445590451347
0 0.14872704238693724
0 0.02467288808733914
0 0.1769602993526258
0 0.34674230227370273
0 0.037396263594319135
0 1.0
0 0.055680156952226056
0 0.17931252348268834
0 0.0003027633135769259
0 0.18263967641701429
0 0.038861743744398325
0 0.27099078058426107
0 0.08784852693842071
0 0.020932834486119822
0 0.002110486241753695
0 0.040923237298668425
0 1.0
0 0.0004301633677108452
0 0.0496457612633765
0 0.004803497815014879
0 0.0022284056230891247
0 0.011381930421221598
0 0.0034812870822533704
0 0.33905451993134983
0 9.556566315405135e-06
0 0.8504192277507283
0 0.013312758088712018
0 0.032675005852558336
0 0.022417787312363213
0 0.16067449503218267
0 0.0422419349024562
0 0.01792795522456736
0 0.947190329358812
0 0.09304352900073332
0 0.006963458856939053
0 0.018885728191641804
0 0.25174113297463374
0 0.005667214425523093
0 0.17097527886281183
0 0.389624198203277
0 0.1582079822578467
0 0.1040829239258444
0 1.0
0 0.02678345642529678
0 0.08470766195633783
0 0.05083270949692209
0 0.08696830998894134
0 0.00644056887304989
0 0.2814270969342847
0 0.03144936815741173
0 0.10721161682745262
0 0.23171975574226766
0 0.05035618873057879
0 0.04480208176250422
0 0.020572385137705873
0 0.12980034034528742
0 0.11423265282947548
0 0.016607880557442778
0 0.08932281125445596
0 0.023572995180504708
0 0.09343796008021776
0 1.0
0 0.16378081123476484
0 0.18672968726385597
0 0.07998168073341272
0 0.06909712313971528
0 0.015354530439829372
0 0.20464988817237617
0 0.20359398862091205
0 0.19086454119852592
0 0.09634792839325301
0 0.07178567466903152
0 0.10352223937812688
0 0.025066051582085525
0 0.16763446617767974
0 0.13384243146578745
0 0.036289607240220345
0 0.06301376071136877
0 0.07351188806819031
0 0.08814760274998179
0 0.014353402470961618
0 0.09284472403260469
0 0.20945621606944165
0 0.026449477955460488
0 0.0521508114564595
0 0.03555348249258328
0 0.07119834169944883
1 0.023431458304311037
0 0.10369613110271336
0 0.11441232870179552
0 0.11219119423654378
0 0.016436613738377792
0 0.030638256887645654
0 0.06922777424742932
0 0.01400067523230697
0 0.1866022819959149
0 0.14848592323934473
0 0.008445875438411132
0 0.0597132138822174
0 0.04351386297453297
0 0.16683000440892448
0 0.06574534017446865
0 1.0
0 0.28424697524186904
0 0.3055076205309504
0 0.02697826701437711
0 0.20132507240577502
0 0.036911684646363296
0 0.15219766057117956
0 0.019397451822983025
0 0.0017507777667490343
0 0.11242899727744116
0 0.24018029104017502
0 0.0475588865139106
0 0.11067274103929925
0 0.16996786276210585
0 0.11563113515537515
0 0.043054784236233656
0 0.051385881927338506
0 0.03597902043134116
0 0.0354941768610223
0 0.08964959925776306
0 1.0
0 0.019076708846297974
0 0.02204665222297597
0 0.007941338314903956
0 0.28861564522357397
0 1.0
0 0.06212756599980673
0 0.19775740113757911
0 0.060222031606138815
0 1.0
0 0.09986264505788589
0 0.10945876780214647
0 0.15773291245717735
0 0.09610905182654372
0 0.011421857311430639
0 1.0
0 0.02404039114571843
0 0.006252977649306546
0 0.020822809537440423
0 0.07258913482614648
0 0.14864955947947245
0 0.0026921246375068986
0 0.0004943858966609538
0 0.007742157462720112
0 0.8429423094698101
0 0.905006666291685
0 0.020773421608712095
0 0.06934737474184038
0 0.047030938012392665
0 0.024194110493185206
0 0.026444454179656796
0 0.014432085739343403
0 0.012874848103056058
0 0.027850211276477244
0 0.006372206066207475
0 0.05662079444774781
0 0.09804103395579655
0 0.8218376661881287
0 0.3312047588049333
0 0.016726309280882923
0 0.07647334192693644
0 a 171 0.023860991842286627
0 b 151 0.010247370695034452
0 c 77 0.027103651201679457
0 d 21 0.0060054879737718725
0 e 0 0.020639873077761828
0 f 147 0.08836202207169974
0 g 30 0.021325792235519225
0 h 112 0.0006809168672722299
0 i 87 0.029616340483813453
0 j 166 0.14596584275434588
0 k 79 0.0018152118188597965
0 l 27 0.06133389713999604
0 m 84 0.009558269450850476
0 n 31 0.012311055665587878
0 o 89 0.030928648299971773
0 p 3 0.05030474541987939
0 q 87 0.01236907325313974
0 r 7 0.05098847563109887
0 s 177 0.0726701786996895
0 t 71 0.013342883541936135
0 u 12 0.051800407138849036
0 v 25 0.04981454604682012
0 w 142 0.0197501585435943
0 x 13 0.05822820624899927
0 y 5 0.0691304815202054
0 z 93 0.05712439994726526
1 c 92 0.08486850354571573
1 d 75 0.1726236363893695
1 g 69 0.11376878037088156
1 x 122 0.5497785581112656
2 a 157 0.011666690942789937
2 b 143 0.0038583515770357346
2 c 122 0.01136668614988634
2 d 23 0.018083837309015527
2 e 15 0.0534914348855009
2 f 60 0.010188726845292928
2 g 6 0.009583158189464314
2 h 88 0.13076823297722906
2 i 72 0.005825200437181044
2 j 109 0.022590408316569888
2 k 127 0.11352690217863226
2 l 174 0.026104747425533592
2 m 23 0.014922837151639778
2 n 121 0.024680078846790132
2 o 104 0.00030943952058382074
2 p 7 0.06297832896338362
2 q 85 0.01561952912069664
2 r 111 0.024476109094506815
2 s 169 0.002868093047406095
2 t 139 0.06761163235400158
2 u 155 0.001453211661583742
2 v 25 0.2297288537130764
2 w 50 0.02193632357622688
2 x 155 0.03252415657304564
2 y 107 0.026188747556297187
2 z 43 0.002985890284142423
3 d 95 0.07433044240654874
3 e 38 8.174008453765147e-06
3 h 87 0.07843299072640442
3 i 134 0.0426309439201209
3 j 172 0.011864965892479207
3 k 16 0.07261780616159574
3 m 60 0.07078778496399807
3 n 47 0.10526111183781872
3 p 82 0.005283262386678977
3 t 18 0.17422598221729013
3 u 153 0.1254269518786928
3 w 34 0.15840417375102156
3 x 83 0.04297162816798039
3 z 85 0.008557276385491086
4 h 109 0.42711000463171134
5 a 95 0.3127718290261512
5 d 170 0.17288212283290216
5 j 60 0.045033893259974644
6 a 137 0.00016686241295593707
6 b 50 0.047542898869500694
6 d 166 0.189441263702124
6 e 93 0.0019240709081319585
6 f 89 0.04719521964652407
6 g 176 0.06260428304109222
6 h 154 0.16241548024970687
6 i 134 0.03945709322918722
6 l 5 0.0038642524972719583
6 n 88 0.08342493436147658
6 o 27 7.603899987507212e-05
6 r 20 0.054542429755431
6 s 123 0.1490520708812002
6 v 169 0.13300509403294414
6 w 135 0.01920072583372978
6 x 89 0.004223081336969359
7 a 44 0.014448266943668742
7 b 137 0.013290161117745392
7 c 69 0.011090486565402347
7 d 120 0.004947939858094497
7 e 104 0.09780938601497657
7 f 29 0.014485674988727326
7 g 134 0.07503192763378874
7 h 77 0.04039845279067089
7 i 168 0.06341436218414243
7 j 159 0.009880910453808789
7 k 77 0.0035918274716403298
7 l 127 0.05557061758670978
7 m 113 0.1195048638668299
7 n 78 0.08505181008148754
7 o 57 0.08965870515962326
7 p 1 0.017182287797555373
7 q 123 0.05176624723909884
7 r 57 0.0008939194287350682
7 s 31 0.054662226052000884
7 t 135 0.04913789380434608
7 w 32 0.00025775678783268585
7 x 150 0.007920384762798549
7 y 85 0.0893724405977061
7 z 127 0.00994527342380569
8 a 75 0.025651939072034446
8 b 111 0.023122705979829017
8 e 64 0.10040220885179718
8 f 117 0.08820112271680736
8 j 128 0.04259122860875286
8 m 39 0.164756763728936
8 n 110 0.051406965872719534
8 o 71 0.008361626571128378
8 r 124 0.04959636318515248
8 t 97 0.045645113709950835
8 w 148 0.06508237034931352
8 x 105 0.08432206393971797
9 a 145 0.07747426045410855
9 b 155 0.025987871377128546
9 c 145 0.025223242177021987
9 d 119 0.00888822301958958
9 e 24 0.05758935667261256
9 f 113 0.05215211118576024
9 g 169 0.01675266109934026
9 h 153 0.015605586737492239
9 i 138 0.03796121383787676
9 j 69 0.14021352780684215
9 k 19 0.0384721777013014
9 l 136 0.00314412325613711
9 m 82 0.11651706817155572
9 o 175 0.01878410552143639
9 p 1 0.03515844762840903
9 q 59 0.0033143268106243795
9 r 13 0.014079770221849808
9 s 134 0.0593787774084612
9 t 139 0.06328251499381432
9 u 92 0.05531001482519593
9 v 36 0.014367447088923346
9 w 163 0.0136194047802769
9 x 173 0.06607046288957164
9 y 21 0.010723512109232614
9 z 144 0.010976913414516565
10 a 155 0.21530529155409983
10 b 55 0.06417998774067069
10 c 97 0.00690388413766585
10 e 169 0.00509493889501067
10 f 124 0.022220383889539064
10 g 91 0.015722148914770417
10 i 134 0.10009711581973357
10 k 102 0.1290605523308077
10 l 97 0.04673877679553251
10 o 134 0.06182264914931823
10 p 138 0.08973459431104303
10 r 35 0.029765583821256825
10 s 69 0.029689592913710205
10 v 89 0.0029381497746332474
10 w 27 0.10271950297288335
10 x 73 0.0002894708478264896
10 y 99 0.055814636929009454
11 a 101 0.40769493540699586
11 d 103 0.09466162798990752
11 f 94 0.0016299112548165962
11 n 114 0.19847027088649793
11 p 68 0.13248152784591927
11 v 42 0.15339698398104518
12 a 13 0.03811907711652818
12 b 127 0.016661066359588972
12 d 96 0.0016661123052701399
12 e 50 0.0885399465714396
12 f 89 0.25057426392650894
12 g 114 0.08756847505992549
12 h 32 0.02965981616444402
12 j 37 0.07912275881106334
12 m 156 0.001149027309144457
12 n 21 0.0052318343424100355
12 q 175 0.10472938538385734
12 r 40 0.007734116248553802
12 s 145 0.05116017310218113
12 t 26 0.013948556532820677
12 u 113 0.040893961359254494
12 x 14 0.09477175799044568
12 z 88 0.08757664255098763
13 a 97 0.005738474307201535
13 b 168 0.0032884825662815587
13 c 72 0.07208885952709498
13 d 107 0.07664933623847814
13 e 20 0.015279730071666942
13 f 166 0.021097564391280854
13 h 20 0.058253150782966334
13 i 70 0.02540657698717763
13 j 73 0.023006537682690342
13 k 109 0.01034693116943275
13 m 81 0.0634103318092547
13 n 71 0.03756027836630682
13 o 14 0.03851716122138382
13 p 124 0.0019736498753866183
13 q 32 0.04711329080159776
13 s 15 0.03041023601366344
13 t 171 0.19365301893544573
13 v 89 0.038803314689883406
13 w 103 0.05847364708331371
13 x 66 0.05991224571710818
13 y 34 0.00629932335666139
13 z 58 0.011838513658694816
14 h 130 0.01781069144361047
14 m 141 0.0776589141254932
14 p 78 0.0274289202559167
14 w 144 0.0004072220747717292
14 x 86 0.5303398352783191
14 y 78 0.043410957311575626
15 a 149 0.115903581783388
15 e 59 0.05420414723590272
15 f 78 0.17797262972700256
15 h 126 0.025527741711770524
15 i 21 0.03253840871762803
15 j 103 0.00819506463569919
15 k 171 0.06392346725802478
15 q 73 0.034315445329260896
15 s 28 0.10185063419024254
15 t 16 0.007671038251833573
15 u 84 0.08081421793926136
15 w 48 0.03581326839671195
15 x 61 0.05323784262219333
15 y 19 0.04620777262706699
15 z 116 0.1504682939835622
16 b 67 0.1451231642016071
16 j 150 0.14092060234844572
16 m 16 0.23117071433479597
16 q 54 0.2989713756155298
16 w 108 0.035087101112684205
17 c 29 4.370608912462881e-05
17 d 38 0.08741696687651779
17 e 100 0.013160741240836549
17 f 22 0.0053739069469236345
17 g 110 0.03414343799444575
17 j 103 0.011340128232457225
17 l 79 0.04076605482891682
17 m 41 0.16869920328153587
17 o 66 0.1817271766409696
17 p 169 0.02938324544849702
17 q 164 0.04350375886622382
17 r 32 0.07651779116375668
17 s 64 0.003681822062019946
17 t 122 0.0551782167348015
17 u 12 0.022154536180033713
17 w 127 0.07217736158566124
17 x 61 0.01364788712349474
17 y 103 0.039514452624009766
17 z 35 0.07689671799243458
18 b 79 0.02411010449812634
18 c 125 0.011010702731092059
18 f 171 0.0612521680564182
18 g 135 0.15273390279513177
18 l 93 0.06085888225490488
18 n 6 0.0905946369431927
18 q 9 0.22813394921202368
18 s 68 0.0436138967055173
18 t 131 0.07332137157018814
18 u 107 0.026636479655749334
18 v 113 0.0507736062250298
19 a 125 0.0003840701516610867
19 b 70 0.05586776025634854
19 e 43 0.03638290241466158
19 f 20 0.02936584671244369
19 h 116 0.042945022540554545
19 i 118 0.051037434182267805
19 j 148 0.04953497914503502
19 n 103 0.0026567444976465238
19 o 45 0.04869475662420841
19 q 70 0.1182017226293759
19 r 99 0.010431672486884258
19 t 114 0.02237228113465406
19 u 152 0.02925656711596547
19 v 68 0.04993855481206655
19 x 131 0.04140557864327932
19 z 76 0.06478180437924452
20 a 6 0.037784841470649644
20 b 38 0.003112756150078777
20 c 120 0.016044774554562546
20 d 104 0.06637337174950131
20 e 132 0.06153446340182134
20 f 84 0.06695558297794735
20 g 8 0.011310479200393964
20 i 17 0.14571051444185057
20 j 99 0.0361619871491109
20 k 137 0.04692651031198669
20 l 3 0.03696711805599362
20 m 50 0.05322206769825366
20 n 119 0.0013705883856446333
20 o 124 0.11060449153167995
20 p 154 0.030170854906235833
20 q 71 0.0984357081997066
20 r 105 0.01762971852386075
20 s 41 0.032510454078820694
20 u 61 0.007063272560224765
20 v 156 0.015845373576134913
20 w 86 0.03564664998455136
20 x 169 0.0030437892263723842
20 y 51 0.010787296154040393
20 z 71 0.017391072116258233
22 b 54 0.07190113088393513
22 c 125 0.017510155673813976
22 f 30 0.08383631022132854
22 g 97 0.011880442349418097
22 j 135 0.20130364243289878
22 k 102 0.05555100601993668
22 l 25 0.0016043903555390537
22 m 132 0.037006407113567064
22 n 44 0.0008834743809731371
22 o 101 0.019548615329612273
22 p 129 0.08964748006481293
22 r 50 0.09931770424934805
22 t 89 0.028323887816065763
22 u 26 0.07921341557434991
22 v 169 0.026832399277084362
22 w 100 0.051891131051181705
22 y 0 0.0680682502539085
23 f 27 0.21345962709991462
23 i 59 0.07091982112392181
23 l 88 0.007348143333227641
23 o 120 0.16974868535161325
23 r 178 0.014191941182420953
23 u 43 0.3450192584262134
24 b 136 0.02868202926258523
24 c 80 0.0682369410642617
24 e 109 0.01924782849689033
24 h 92 0.11323938995822946
24 j 117 0.0104132090320056
24 k 102 0.055571765896621605
24 l 112 0.10952026493628775
24 o 122 0.07271518916968378
24 p 108 0.011294700717325634
24 r 20 0.07274451641778723
24 s 84 0.06401176484699322
24 t 59 0.025190130646853603
24 u 24 0.060543334693349826
24 v 62 0.021204496772502024
24 x 143 0.005057686310560028
24 y 33 0.11381512337229849
24 z 175 0.14820886509218756
25 a 130 0.05305372270889608
25 h 1 0.131674405124812
25 k 133 0.029450790222229184
25 m 127 0.11308060173743861
25 r 109 0.034281603420902806
25 v 128 0.13654681584363204
25 w 50 0.009870204748669509
25 y 130 0.3094021797764055
26 b 61 0.182199868715352
26 d 78 0.0386470234108488
26 e 162 0.004355066650425954
26 h 125 0.030783817431708993
26 j 57 0.010144825513322742
26 m 39 0.0003482669850339848
26 n 155 0.1666216551899541
26 p 163 0.011196687954078577
26 q 26 0.10162080235285031
26 s 85 0.031400266190447224
26 t 147 0.261034007861662
26 w 99 0.03144854416282683
26 z 14 0.0913374238370902
27 m 13 0.04369586336014042
27 r 47 0.27060940256799415
27 u 12 0.11362562142032262
27 x 84 0.30107833206728174
28 a 112 0.024031709708181914
28 b 63 0.12313423221267306
28 c 115 0.04342582113193627
28 d 173 0.020200143244391122
28 e 85 0.05024356391472651
28 f 17 0.011004437383532961
28 g 177 0.01333477455878851
28 h 48 0.015493099504060637
28 i 71 0.026911021532814883
28 j 141 0.02229150194329943
28 k 1 0.02696486656993402
28 l 107 0.010133142418530139
28 m 161 0.07373309644325476
28 n 109 0.04441678294782103
28 o 89 0.002781548930882116
28 p 40 0.11237065662030798
28 q 171 0.013553123533350586
28 r 66 0.07786094047864722
28 s 162 0.04511239195981498
28 t 127 0.01486552547855402
28 u 84 0.028945120356032805
28 v 164 0.03577658027084529
28 w 151 0.0023115114824584504
28 x 36 0.04220305172630168
28 y 165 0.010855528935845626
28 z 119 0.02019729977459328
29 a 7 0.01668079375899789
29 b 14 0.11690460825848958
29 c 58 0.03745180064789677
29 d 174 0.033867777104812036
29 e 130 0.09343567530658237
29 f 63 0.06553446976901922
29 g 153 0.036048233393872864
29 i 49 0.02527079883755845
29 j 79 0.047344069494037355
29 k 92 0.012094006200273566
29 l 133 0.01992715481592844
29 m 102 0.008621662345136394
29 n 30 0.054011254067172776
29 o 177 0.024236464654122214
29 p 144 0.11045836239226459
29 q 174 0.009114675946349737
29 r 73 0.01958266896756855
29 s 108 0.03338158276354741
29 t 104 0.03483866742558639
29 u 73 0.021116661454167684
29 v 90 0.10963172307055102
29 w 19 0.024027305254425424
29 x 18 0.02095520195723266
29 y 8 0.003431606518498609
29 z 4 0.0010999411097881717
30 a 118 0.02598990889202213
30 b 92 0.08258734642889543
30 c 0 0.0039598895802103184
30 d 172 0.051012350367910186
30 e 166 0.012264841776666868
30 f 66 0.04104054365433096
30 g 160 0.04752280478413273
30 h 173 0.06154366170930137
30 j 40 0.01421229101131205
30 k 40 0.044104499834333066
30 l 169 0.0015509672781992556
30 m 146 0.011431328286015008
30 n 137 0.013495897286329162
30 o 29 0.02047432747072897
30 p 88 0.00911590876052204
30 q 6 0.015234360361119359
30 r 54 0.004318943662509844
30 s 162 0.23031329539751888
30 t 172 0.024067261217584734
30 u 120 0.013140534078462496
30 v 18 0.13796178179852847
30 w 168 0.015393389754333686
30 x 71 0.01108372379308975
30 y 16 0.027689088569583298
30 z 123 0.07838056800460624
31 b 81 0.21365581028465908
31 e 154 0.13177511777912299
31 g 149 0.017498801644558526
31 h 87 0.027931386727424568
31 i 37 0.057456253387491385
31 j 118 0.015718473052803383
31 l 120 0.02287243025527841
31 o 50 0.0783564544308527
31 p 152 0.028026575471300386
31 r 113 0.06871657931537778
31 s 35 0.07013561640547095
31 t 172 0.12743202126130992
31 u 68 0.00030726508250111806
31 v 167 0.017192561098080983
31 x 98 0.0820014165050994
33 a 81 0.09025086369687774
33 c 39 0.022115622857111217
33 e 59 0.09734627522266659
33 f 174 0.08997398868602646
33 g 55 0.049283697646848146
33 h 60 0.006974284662585539
33 i 138 0.12067051744840751
33 j 128 0.04460077800785245
33 l 63 0.005050263976258296
33 n 86 0.03862565443758914
33 p 75 0.0024727921464974267
33 r 134 0.09216424401863144
33 s 57 0.015417250016176998
33 u 2 0.15353115031069686
33 v 26 0.06921299828020466
33 w 72 0.01711137397145801
33 z 47 0.08476808124640067
34 d 176 0.294563908214282
34 f 61 0.05498995662901551
34 l 160 0.311035458712954
34 m 41 0.15353681464396896
34 u 35 0.136228100536403
35 a 117 0.21435243625902978
35 d 106 0.07830972648812717
35 e 61 0.1681629019413432
35 l 56 0.052410264177655486
35 m 44 0.11916153056638645
35 p 166 0.2349848052428224
35 r 60 0.0004133200194401665
35 y 170 0.12740151749018047
36 a 54 0.07367259161586104
36 f 100 0.044716019916994476
36 j 99 0.2923914530580768
36 l 164 0.05119673367532629
36 m 10 0.04841794214043116
36 o 137 0.13646119896440834
36 q 15 0.06831519448815138
36 r 109 0.06350855803183197
36 s 89 0.09850139851009199
36 u 7 0.01879497433234334
36 v 147 0.007620098016790533
36 x 11 0.05994946792399114
36 z 25 0.03422596370261244
37 c 57 0.2626728957393767
37 f 168 0.10259513244719243
37 g 100 0.17707203529567994
37 h 156 0.033565973400299765
37 m 34 0.04292218882373189
37 n 105 0.006612349916623184
37 p 152 0.0021067956903367824
37 r 131 0.12665151460410606
37 s 113 0.022506720054176865
37 t 37 0.04980600210800279
37 u 70 0.0005173521316327312
37 w 40 0.13938183176345043
37 x 156 0.02220727760416885
38 a 51 0.03156071364290647
38 b 27 0.0028065626314159875
38 c 96 0.0049375359956707054
38 d 176 0.03232433829659942
38 e 29 0.08394501782433961
38 f 13 0.007481516340355099
38 g 48 0.007331719240486145
38 h 68 0.025440238280753147
38 i 140 0.017306668716276175
38 j 61 0.067785217135378
38 k 139 0.021920666343605122
38 l 96 0.12867511105069718
38 m 90 0.02457891429090675
38 n 79 0.06820950474035536
38 o 45 0.004059628083179945
38 p 91 0.003153362179048491
38 q 172 0.04221253292831517
38 r 133 0.06411020027590852
38 s 173 0.03599565000770233
38 t 86 0.030978443251448162
38 u 11 0.006131942632018994
38 v 32 0.04029094055346194
38 w 92 0.07536563316694589
38 x 21 0.13365111029812982
38 y 2 0.025690208852219953
38 z 174 0.01057533615962225
39 b 122 0.05159221483760634
39 h 21 0.4518955525676741
39 t 81 0.032982210628125785
39 x 0 0.12447550203524393
40 a 170 0.07966631824886605
40 c 39 0.07001165458085368
40 d 130 0.005297728071827934
40 e 73 0.12246875872917962
40 f 130 0.0029411942113904965
40 g 19 0.06089897531153865
40 j 109 0.05840209819056408
40 l 114 0.16077303858390968
40 p 11 0.14574806322144307
40 r 49 0.04166313259640708
40 s 138 0.027595598628607165
40 u 151 0.10188472699751516
40 v 21 0.03654938839522259
40 x 158 0.015561886506175737
40 y 61 0.015944569422957966
40 z 68 0.05458331173722564
41 t 166 0.1495807722492717
42 c 127 0.0517203821444302
42 d 59 0.1476603886351635
42 e 14 0.018509553524506783
42 f 97 0.014053374762247883
42 g 122 0.011324887507330628
42 h 169 0.06522798204929314
42 i 50 0.0036012484868021
42 j 90 0.017562645061181548
42 k 15 0.15831953922776365
42 l 121 0.1792048201181491
42 m 123 0.04226459377046998
42 n 116 0.0066443996918388315
42 q 128 0.0010419111363101363
42 s 94 0.005984905140611896
42 t 2 0.009483481660219617
42 u 116 0.006409079744025381
42 v 52 0.004930442502347754
42 x 135 0.026936187144724788
42 y 76 0.029033032923529323
42 z 74 0.18677438668034174
43 b 177 0.008775584686083748
43 c 134 0.042788318384850976
43 d 115 0.009317198005792227
43 e 152 0.023270660706220525
43 h 103 0.21151963297961196
43 j 53 0.11555795174408279
43 k 116 0.006825442746284605
43 l 6 0.01561672627298627
43 n 153 0.061070003788897376
43 o 95 0.026706848598603283
43 p 29 0.03924038441157085
43 q 167 0.004706922344539288
43 r 25 0.0057053372908191236
43 s 60 0.019945623802523516
43 t 65 0.05661026209994191
43 u 3 0.07231319107336542
43 v 9 0.13921192251169234
43 x 44 0.04540797958362519
43 y 37 0.06273500311595026
44 a 112 0.015051722469910378
44 b 80 0.02236910038734552
44 d 107 0.1756865224994677
44 e 108 0.005920914658036458
44 j 81 0.0795940026788231
44 l 93 0.027736016407604702
44 n 58 0.009633141974867199
44 p 56 0.07584687275482338
44 s 70 0.15611282100276502
44 t 74 0.12528249977040673
44 u 175 0.02468356816144901
44 v 94 0.09806170094078637
44 w 30 0.05994966985216266
44 x 127 0.05042974094208763
44 z 90 0.051223918187100925
45 a 55 0.059537991204198004
45 c 91 0.07195304622561516
45 e 117 0.038596328929434875
45 f 85 0.06968019908457557
45 h 154 0.05961045527657982
45 i 154 0.041467690621534326
45 k 48 0.014126674026702313
45 m 80 0.08090060453614112
45 p 104 0.12038015225472465
45 q 106 0.11145526443761777
45 s 68 0.05473299637594342
45 v 122 0.06404508926425989
45 w 24 0.05283901273049041
46 a 14 0.009859042515907745
46 b 95 0.013982799796821266
46 c 136 0.014482678550299277
46 d 133 0.04311077410390418
46 e 16 0.0699708446034859
46 f 112 0.030156922049251578
46 g 2 0.012595139739732253
46 h 14 0.04269053471623441
46 i 112 0.048008707817483676
46 j 0 0.007812980171561512
46 k 8 0.06640726789671814
46 l 138 0.07179680538511612
46 m 29 0.0676269812532867
46 n 37 0.0033159002271690996
46 p 87 0.006734606535986787
46 q 109 0.014774363809219038
46 r 121 0.011827968681438428
46 s 141 0.10203894957794801
46 t 38 0.08436353935103635
46 u 25 0.011688411998437731
46 v 60 0.014976306502953118
46 w 20 0.03309181776396064
46 x 136 0.02955414199955919
46 y 141 0.03502237464174507
46 z 92 0.11186820540828757
47 a 91 0.01600422482432795
47 b 18 0.042646165981034545
47 c 82 0.037368641005303016
47 d 158 0.025657151880848827
47 e 86 0.0036838522391748896
47 f 8 0.03824902588562218
47 g 170 0.10945221965264385
47 h 74 0.019963874275968685
47 i 27 0.024535712598180215
47 j 146 0.00024280572181090143
47 k 39 0.07015186877889379
47 l 61 0.11750049020469766
47 m 81 0.02799015830233409
47 n 147 0.002727696230030885
47 o 166 0.037754243779316354
47 p 31 0.00950979422660203
47 q 101 0.00832990766020203
47 r 11 0.0050157310563947455
47 s 96 0.020915989420055126
47 t 157 0.005011847964838112
47 u 25 0.005587058435561176
47 v 29 0.031338483910082426
47 w 166 0.08076712401874608
47 x 143 0.043110048084456065
47 y 158 0.1037492762549721
47 z 6 0.09480865238333491
48 l 90 0.05280967064118802
49 a 66 0.08437354942139363
49 b 77 0.023664696435198973
49 c 174 0.01296127023832927
49 e 163 0.03782476784406952
49 g 93 0.14663235661610718
49 h 169 0.023610058065939965
49 j 22 0.017736991801142632
49 m 163 0.00552933487716345
49 o 31 0.02395645577439942
49 p 7 0.018625260042922864
49 t 53 0.02642757340368207
49 u 138 0.007483092080808107
49 w 153 0.29228431670082267
49 y 60 0.13136505121282405
49 z 6 0.05448169648446288
50 a 20 0.08768031014555544
50 c 140 0.07053883824992901
50 d 155 0.029639722413011826
50 e 26 0.007899565681626863
50 f 75 0.06996437100283437
50 g 73 0.0043827445101238816
50 i 86 0.0332289917188765
50 j 51 0.01658423909403195
50 k 69 0.029816386944383155
50 l 57 0.11123926268405204
50 m 7 0.010601206299245103
50 o 114 0.2600368529806507
50 p 124 0.013286746628956458
50 q 88 0.01977559134177742
50 r 39 0.013139928033547466
50 t 106 0.0115766817782047
50 v 175 0.09828225033516391
50 z 172 0.10536285130109013
51 a 50 0.03138069721911807
51 b 128 0.0180469789098765
51 c 65 0.021098095259682426
51 d 97 0.009336286740745936
51 e 4 0.004010944818820694
51 f 13 0.04031865914853605
51 g 20 0.03321119124159444
51 h 24 0.001314001654984298
51 i 28 0.017198389115107293
51 j 48 0.0012658690214141233
51 l 131 0.10277486383487489
51 m 47 0.02212104912526225
51 n 74 0.07506467580155562
51 o 25 0.08494335328777403
51 q 153 0.021034078974060177
51 s 137 0.0005548571448829032
51 t 95 0.06765496577529273
51 u 152 0.01692704270409784
51 v 29 0.006060785701364035
51 w 140 0.2563930355158537
51 x 35 0.04332401522448737
51 y 137 0.02544027198833476
51 z 102 0.08164016360063808
52 c 141 0.1369089192079166
52 f 55 0.05597328659615963
52 h 88 0.25213389609996995
52 j 72 0.0879579608908343
52 t 168 0.19520629567790682
52 u 171 0.020078508552578977
53 a 125 0.03764562536804372
53 c 60 0.04895556147356306
53 d 9 0.005034168070207734
53 e 145 0.02634127939796893
53 f 97 0.0029592662645766543
53 g 0 0.03509921849839426
53 h 98 0.08194343594160347
53 i 84 0.15108680936733654
53 j 103 0.014628265974592103
53 k 130 0.03587523380421653
53 l 3 0.023143685416095017
53 m 52 0.11646129356405799
53 n 43 0.0371442487420216
53 o 7 0.04302593305757085
53 p 144 0.03424957661528372
53 q 17 0.008122122964668743
53 r 1 0.013230018262118337
53 s 39 0.044925898853313884
53 t 46 0.019861921068693555
53 u 136 0.008225847794901098
53 v 88 0.0854025434898219
53 w 86 0.01861904802328762
53 x 176 0.02402077995415597
53 y 48 0.03189362600889878
53 z 166 0.04643737759908484
54 a 110 0.035853768893599036
54 b 32 0.03400102097121316
54 d 149 0.008758504244645748
54 g 35 0.034948585457204695
54 i 171 0.027231071614846503
54 j 12 0.11384838895625415
54 k 118 0.11562632934423911
54 l 99 0.013697169555155653
54 m 86 0.17727072233572683
54 n 3 0.006554332954597619
54 p 78 0.11941415944867251
54 q 81 0.0013212740980785842
54 s 55 0.023133405428263365
54 w 178 0.05373086527044568
54 x 60 0.020511078056586807
54 z 118 0.04312404450765872
55 k 81 0.13726670884286107
55 n 167 0.09645446580857031
55 o 19 0.34269025820482046
55 z 175 0.03396436894047117
56 a 30 0.2770466727939306
56 e 36 0.05497143375100633
56 l 95 0.08876601074396662
56 o 75 0.01737820677739821
56 t 145 0.040011532128717664
56 u 6 0.1020998846165011
56 w 145 0.1683135648487184
56 z 6 0.09320471208191439
57 a 170 0.030273079358859145
57 b 127 0.031102828715440234
57 c 60 0.03547442122066524
57 d 150 0.0035924900663591997
57 e 70 0.0766690573191885
57 f 79 0.016569994550222233
57 g 171 0.04355713521660365
57 h 110 0.03158022170863528
57 i 86 0.022586298253024384
57 j 84 0.04303106626550135
57 k 37 0.008551812888382249
57 l 56 0.0374263580168801
57 m 8 0.05937016982757026
57 o 165 0.0532489180130189
57 p 11 0.03524635519760866
57 q 90 0.16286911913581814
57 r 35 0.09409151831488127
57 u 122 0.02462701400588463
57 w 10 0.03412779892146023
57 x 83 0.012561241055679795
57 y 27 0.03936017802247216
59 b 157 0.19002740573612842
59 c 71 0.020266402618100643
59 e 43 0.1580072685284728
59 h 155 0.02642910673417731
59 i 67 0.042430358973130744
59 k 91 0.093916287898692
59 l 81 0.08839270911226194
59 o 151 0.04308942254147752
59 q 100 0.029056154213294993
59 t 44 0.007076379903660834
59 u 169 0.049359504151619826
59 w 2 0.1299742252096654
59 y 59 0.0341142532190295
59 z 54 0.061077064734991304
60 b 122 0.19781075151215666
60 c 12 0.1128188280907203
60 j 24 0.1393269550608499
60 k 169 0.019969984829974696
60 o 27 0.2884593317458777
60 q 137 0.11025828302137675
60 v 118 0.037000955065800034
60 z 10 0.009647248716906143
61 a 90 0.03402275527304244
61 b 92 0.012194121765706112
61 c 128 0.018223907535749984
61 d 139 0.061485674166904314
61 e 131 0.02497682972544757
61 f 124 0.01635694343893046
61 g 43 0.061343858509458005
61 h 155 0.005890610864956347
61 i 125 0.0085243234617991
61 j 128 0.006270626285186376
61 k 94 0.0018913377586944335
61 l 31 0.04052589576574417
61 m 38 0.01990609824128442
61 n 72 0.010479648402915154
61 o 167 0.0686985206185714
61 p 114 0.09505222519987688
61 q 35 0.013850260163415395
61 r 109 0.05987914154562246
61 s 62 0.025987013799993908
61 t 163 0.0073778889943109105
61 u 63 0.12590302225865468
61 v 74 0.012912997041780172
61 w 161 0.18594598831725018
61 x 127 0.0015288037038161395
61 y 39 0.025510552914139062
61 z 177 0.0044282447498278366
62 a 77 0.010223390399433097
62 b 17 0.022893635699235415
62 d 161 0.02834193740020885
62 e 135 0.09802586537455493
62 f 153 0.019875532052725076
62 g 93 0.007828526608951614
62 h 109 0.012436261936698889
62 i 1 0.104129481599606
62 k 78 0.10512779928898708
62 m 80 0.01004535944918572
62 n 57 0.02330617684595504
62 o 136 0.023284927916674913
62 p 131 0.028868090460309803
62 q 115 0.05088319972018829
62 r 144 0.08177245625230778
62 s 169 0.011520277525094214
62 t 4 0.014599052182480365
62 u 143 0.04861983582603302
62 v 24 0.029084207979206522
62 w 41 0.013758308914302408
62 x 156 0.03868696022682716
62 y 28 0.0958658712690118
62 z 151 0.03385453508308067
63 a 84 0.004663368802542589
63 b 120 0.03050711641981596
63 c 175 0.05411228789329048
63 e 82 0.05102252970672927
63 f 75 0.21619151529614278
63 g 144 0.03619146358286118
63 h 172 0.01584636951173568
63 i 63 0.04215169230123228
63 k 159 7.632904983656541e-05
63 l 117 0.035112207251389194
63 m 95 0.040639327243761736
63 n 70 0.007151750779303967
63 o 99 0.044269637327092215
63 p 105 0.06461281969058996
63 q 126 0.031995891829109
63 s 85 0.04703343163124818
63 t 168 0.009580703033159055
63 u 83 0.008942298797411707
63 v 61 0.051912599361748746
63 w 132 0.014376595179546592
63 x 32 0.05864813022630533
63 y 174 0.039134215848666165
63 z 109 0.08938715036343148
64 d 136 0.07345703319887864
64 f 45 0.14901529644491873
64 i 122 0.1445562298957398
64 l 82 0.3377956878728213
64 o 104 0.013748655653356812
65 a 116 0.14958784310582285
65 b 57 0.010129715853531285
65 c 169 0.04356450485192942
65 d 175 0.050188616584627255
65 e 86 0.019523554998364445
65 f 100 0.04573545426806991
65 j 178 0.229233088266104
65 o 159 0.09088899411566898
65 u 16 0.07218382191612827
65 v 11 0.005178534658611067
65 w 134 0.03680206740690628
65 x 106 0.04580082770131366
65 z 17 0.16973360811551086
66 b 83 0.013433688594308268
66 c 130 0.017423624348129163
66 g 61 0.21251305631265993
66 p 87 0.21859528625376368
66 q 57 0.11536391915635302
66 r 90 0.06434449595147684
66 t 38 0.09068068458349432
66 u 71 0.097609273212518
66 w 61 0.06282435475984416
67 a 156 0.3134482307254336
67 y 38 0.45483201353229874
68 a 165 0.005393619860486476
68 b 125 0.017679876537576855
68 c 2 0.005787346528588588
68 e 39 0.05062971263190519
68 f 12 0.04174036278204374
68 g 178 0.0013970434444856572
68 h 150 0.002179453625554495
68 i 13 0.06142949935626163
68 j 158 0.040655505139325365
68 l 30 0.09017032666145486
68 m 72 0.002927339453361988
68 n 103 0.0532868960718178
68 o 47 0.0002891177309578552
68 p 110 0.004009454379649724
68 q 121 0.06474705966690064
68 r 57 0.0728249245465109
68 s 77 0.011013228431977606
68 t 17 0.02755321598930105
68 u 89 0.07657894856292335
68 v 102 0.015943847777037612
68 w 110 0.056972472862493184
68 x 68 0.08064750758404682
68 y 146 0.00032302935927452925
68 z 19 0.1654640222854853
69 d 118 0.0004002412396817423
69 e 25 0.07303095730898024
69 g 16 0.016825432678364338
69 h 97 0.17364574445571557
69 i 159 0.018987991148603167
69 j 153 0.08070447254062052
69 k 121 0.004890290589314006
69 l 112 0.026262371087177883
69 n 112 0.020393254066442768
69 p 35 0.14984604936882195
69 r 149 0.09827162054960092
69 u 58 0.05075277968620939
69 v 67 0.04482465790197043
69 w 85 0.02460030625657228
69 x 86 6.932166258422079e-05
69 y 28 0.04504280916778236
69 z 77 0.126649618529054
70 b 169 0.12972446400293958
70 c 34 0.014887762437894803
70 d 173 0.028827353511394538
70 f 74 0.015602798560280129
70 g 77 0.10686873482289772
70 i 35 0.0480722550574435
70 j 60 0.012727413257490272
70 k 6 0.06530334022536766
70 l 168 0.06750551013032302
70 o 99 0.04460372676490909
70 q 111 0.0031384749101486253
70 r 57 0.0005642023709748756
70 s 156 0.035451603688542166
70 t 95 0.07266131674067022
70 u 167 0.01906739843613814
70 v 45 0.01486771218816274
70 w 175 0.05943748680814864
70 x 5 0.21697070827378573
70 y 68 0.0051090134438404045
70 z 101 0.018036339230942278
71 b 65 0.06756437678291705
71 d 13 0.026005213145870454
71 f 155 0.14695609269629906
71 i 82 0.02077974784736991
71 n 77 0.16982376513788322
71 q 85 0.09989787314896015
71 u 53 0.04029450945088342
71 w 4 0.04972736947432854
71 x 121 0.17392268082079876
71 y 133 0.07522803114940202
72 b 115 0.15636626502716444
72 c 140 0.035816198454647674
72 d 87 0.09884373679446212
72 f 97 0.040973102648010684
72 g 67 0.05720977305251407
72 h 33 0.1363030168450733
72 j 140 0.0391761760597209
72 l 164 0.021874474499888996
72 m 92 0.0039025029496448926
72 o 157 0.009925574771546986
72 q 95 0.008356500429528624
72 s 22 0.005609719654026124
72 x 70 0.10997097239006115
72 z 80 0.16143933359423457
73 a 103 0.06721606902970212
73 b 88 0.014619381168693102
73 e 141 0.13321761254427722
73 f 110 0.019090880628266138
73 g 131 0.0035247249929420965
73 h 94 0.2755436609485912
73 i 139 0.04357493111889299
73 k 121 0.058519569706603436
73 l 45 0.07525877038376383
73 q 114 0.04145087494590882
73 s 174 0.07268319414913482
73 x 66 0.070662476250829
73 y 25 0.10728078215252668
73 z 18 0.000749191422425799
74 a 147 0.022269581272843397
74 e 80 0.016836452788133505
74 g 68 0.13297475166051542
74 k 99 0.06008665683287795
74 l 76 0.17741628590158132
74 m 114 0.08410943679885285
74 o 58 0.0093123509173334
74 q 30 0.0382586987274075
74 r 110 0.1665696044638877
74 u 26 0.16351837928279356
74 v 3 0.010426868995413896
74 y 76 0.02889812110390355
75 a 88 0.0034777112980087788
75 b 127 0.029304544648856568
75 c 50 0.005299176861611965
75 d 40 0.009976069845701097
75 e 95 0.10096537792721472
75 f 94 0.0678704360014254
75 g 132 0.11605253137189486
75 h 27 0.00346212994774997
75 i 173 0.011536287055382899
75 j 83 0.027599264886471797
75 k 75 0.038984307178523636
75 l 91 0.036379083168485926
75 m 151 0.037339108553405165
75 n 102 0.04455277664687596
75 o 115 0.026547024393124508
75 p 123 0.051718896720156726
75 q 133 0.005869300187791193
75 r 148 0.014741338354885447
75 s 55 0.047684572807053294
75 t 114 0.14809776016463816
75 u 73 0.018874294503619993
75 v 95 0.009847919991458731
75 w 97 0.062043036186523404
75 x 13 0.02035969234533519
75 y 84 0.004345166175028337
75 z 165 0.03349919759827158
76 a 4 0.03795058987841893
76 c 103 0.10542864359480741
76 f 177 0.02012180214350956
76 h 78 0.26459335732605105
76 i 108 0.04656216035957372
76 k 142 0.10492238192677306
76 l 77 0.039965765484127114
76 m 176 0.0030210592147232873
76 n 71 0.022062404372634514
76 o 21 0.014838624557627633
76 p 150 0.0014337692998452889
76 q 126 0.0022547459213330123
76 r 12 0.125735766333248
76 t 178 0.027373867081096126
76 v 149 0.015592254091816526
76 w 32 0.05231493886008276
76 y 47 0.00525186799502253
76 z 20 0.017138041479091704
78 e 83 0.08951146563227685
78 f 27 0.07090260100019408
78 o 44 0.09668920570703432
78 p 161 0.1457812215513381
78 q 159 0.07179562666410555
78 s 126 0.14630486466415416
78 v 123 0.009459735143616754
78 w 36 0.08359593124891807
78 x 162 0.10480407160149363
78 y 110 0.017374465552103646
79 a 120 0.049260570147093174
79 b 82 0.07862498914380489
79 d 111 0.010643790715133439
79 e 145 0.008731537115034715
79 f 101 0.0019944980230018894
79 g 102 0.062184204470813964
79 h 15 0.009849088899741343
79 j 47 0.06608224482150105
79 k 31 0.0475124634032954
79 n 53 0.16364954552554256
79 o 176 0.015359064656817023
79 p 107 0.03714813585194077
79 r 109 0.0209152182534168
79 s 105 0.024966401137907268
79 t 164 0.05072209450799836
79 u 75 0.1036639961791993
79 v 39 0.035326276315631455
79 x 137 0.007475173877238062
79 y 25 0.009659207887561139
79 z 31 0.009501811803471427
80 d 13 0.12330795779918147
80 e 37 0.020080028207779765
80 f 107 0.0023501867277021526
80 i 15 0.11229543531053943
80 j 124 0.0715765794282992
80 l 14 0.13757853735756254
80 m 63 0.014052730378189215
80 n 156 0.030120331552664026
80 o 27 0.030183284830606283
80 p 153 0.027948233537423373
80 q 160 0.038897882928657146
80 r 2 0.10103332138568444
80 s 70 0.04256016056942313
80 u 9 0.014176622576081765
80 v 41 0.11542929888271636
80 w 32 0.01293212244333597
80 x 81 0.017281502738071608
80 y 5 0.008214102612669416
81 a 78 0.05186672875460607
81 b 74 0.007537132342096298
81 c 121 0.22318239951572894
81 d 155 0.011801822955078034
81 e 107 0.06280701274818956
81 f 0 0.03034257640030613
81 g 69 0.01716549329180983
81 i 121 0.012206591420593882
81 j 56 0.04946657085030115
81 k 175 0.0028741569520457366
81 l 128 0.002807044909401757
81 m 141 0.08767519395231971
81 n 91 0.010551023221478606
81 o 107 0.001699045204917815
81 p 61 0.017921981224506833
81 q 65 0.006799840632159659
81 r 37 0.030268891039003543
81 s 125 0.010801167424777325
81 t 88 0.07155753747817906
81 u 123 0.06249199284287388
81 v 12 0.016469916698522824
81 w 4 0.007599735946930863
81 x 143 0.07415542443701484
81 y 148 0.03890062042877207
81 z 92 0.021952976188670315
82 a 4 0.015923094533294324
82 b 118 0.018859576780243414
82 d 75 0.0011271946590020177
82 e 150 0.09239907862573304
82 f 141 0.08782850250196295
82 g 102 0.015004358474273394
82 i 81 0.08516311246995978
82 j 8 0.04886971056821021
82 l 133 0.07308160262802943
82 n 80 0.04402299461525028
82 o 171 0.055909261357875994
82 p 63 0.07834478264863665
82 q 46 0.12397868263565748
82 r 73 0.04088842800006265
82 t 127 0.07325702201629236
82 u 10 0.02255539263982209
82 v 176 0.03769591509089265
82 w 97 0.06973675931497192
83 g 19 0.07088160583688652
83 i 104 0.05857100680037797
83 j 49 0.0459829504000574
83 n 41 0.22642045566954028
83 p 115 0.009722327517733276
83 z 12 0.3837717656030284
84 a 81 0.10674516818657942
84 b 97 0.0707311510847074
84 d 61 0.05931010725403896
84 f 107 0.032069282376622654
84 j 137 0.17905374097876992
84 k 155 0.018768585756996026
84 l 47 0.06943622983561226
84 o 162 0.07444756631329208
84 s 146 0.1290059928688213
84 u 25 0.0131967965017048
84 v 79 0.04364139022194313
85 a 49 0.01571206501341571
85 b 75 0.13107750394110507
85 e 173 0.25372893191594126
85 f 25 0.06608836629272952
85 g 15 0.005385090679858151
85 h 30 0.010375698193458849
85 i 91 0.07933436829576068
85 k 175 0.09324952649348217
85 n 88 0.009791860500280136
85 u 89 0.05957864734308149
85 x 53 0.08481340013236105
86 a 44 0.022306114456567827
86 b 32 0.02589894211411392
86 c 156 0.041327961631235755
86 d 36 0.005401642878898438
86 e 167 0.062266873477670015
86 f 92 0.016422276052157958
86 h 160 0.03815997458956877
86 i 39 0.171046080654482
86 j 69 0.0012770976365592546
86 k 43 0.004323259575741645
86 l 49 0.005024935377122897
86 m 67 0.18328767671025892
86 n 135 0.011253418383458835
86 o 20 0.002706225773467019
86 q 142 0.02534097735450147
86 r 16 0.056630456542231755
86 s 39 0.005128667352314431
86 t 112 0.040595375925444155
86 u 38 0.13802691761590546
86 v 170 0.0038574142895312358
86 y 82 0.02492162485402072
86 z 46 0.018448158361494493
87 a 45 0.2065385554607465
87 b 155 0.17380068291261852
87 c 91 0.0023615376608949745
87 f 64 0.023475490938833055
87 g 139 0.04167154604212331
87 h 49 0.0781062965044258
87 i 136 0.013509974588664986
87 k 75 0.004786324383165952
87 l 64 0.09986706723103089
87 n 12 0.05630057824823098
87 o 48 0.03392842952863795
87 p 2 0.03172763317029503
87 s 131 0.00036821250128438177
87 u 37 0.05682131810560431
87 w 136 0.09093830418691684
87 x 68 6.705973240139773e-05
87 y 12 0.012730098846584936
87 z 95 0.0012152152885086531
88 c 107 0.05741511196432203
88 d 76 0.0037727024175555623
88 e 3 0.08125156716131576
88 f 40 0.024122061212859203
88 g 65 0.05050332085299136
88 i 149 0.13240954776743785
88 j 40 0.01677467769909291
88 l 88 0.04997017667216408
88 m 155 0.015665895152033205
88 n 136 0.20207217066823147
88 o 63 0.05451229108374556
88 p 8 0.04694509237116462
88 r 154 0.012702880455288557
88 s 130 0.0026143730835316292
88 u 24 0.003989767975235425
88 v 12 0.025475858482244318
88 w 11 0.008892419828709808
88 z 60 0.10738784577394977
89 a 29 0.022537536159181526
89 b 49 0.009085220377244463
89 c 117 0.001475839564058723
89 d 146 0.029195641971687558
89 f 144 0.021099370161504427
89 g 23 0.02138259824542066
89 h 132 0.026220753304190936
89 i 169 0.07994718699683323
89 j 173 0.10394993568731048
89 k 128 0.049966667579528834
89 l 141 0.01897163203625618
89 m 61 0.008256760003775176
89 n 124 0.01688393648310893
89 o 28 0.14427509048951703
89 p 16 0.008371203618855794
89 q 20 0.04686915528509239
89 r 131 0.06615426813150727
89 s 36 0.016695730081706217
89 t 165 0.09608272093636172
89 v 58 0.09738529561847631
89 w 63 0.004629025214288651
89 x 109 0.030112638028930494
89 y 115 0.043187283653148834
89 z 22 0.012198458789928646
90 d 78 0.03459631339808378
90 e 57 0.06804110507311989
90 f 135 0.06219112511910019
90 j 86 0.02485267170900063
90 m 67 0.16797180331078077
90 n 3 0.0297751814947943
90 r 38 0.08496814963025834
90 u 101 0.007661750639271436
90 v 101 0.2854413756420223
90 w 22 0.03466926540831883
90 y 41 0.032196792397569785
91 a 36 0.0886289008157487
91 c 68 0.08980805826397065
91 g 40 0.1108730518203932
91 h 85 0.12776896698629714
91 k 47 0.04286639278330451
91 l 48 0.14142477294895306
91 m 136 0.1309789302131995
91 o 76 0.004088787470070576
91 s 118 0.003915223224755016
91 v 75 0.09413845619265204
91 w 85 0.0033124437154825603
91 z 2 0.028353584099385598
92 a 163 0.04045670877026675
92 b 169 0.02642867346182254
92 c 72 0.0068211875307481185
92 h 155 0.0008170682541749352
92 i 115 0.17379214543071586
92 l 167 0.019016856708343854
92 o 139 0.12218105808583901
92 p 64 0.126306089627084
92 q 81 0.03961044425324178
92 r 70 0.23480494851819622
92 s 43 0.007250416389982806
92 t 132 0.06756263611046864
92 v 64 0.08949762896327595
92 w 105 0.009164530655619174
93 b 129 0.045288845185359805
93 e 45 0.09547724467222951
93 g 132 0.01946876299533673
93 i 79 0.11023686982334757
93 j 69 0.00717373979012792
93 k 78 0.01630689051039247
93 l 100 0.06261288109581653
93 o 131 0.1311121715169452
93 q 7 0.04658584602412774
93 r 161 0.010580322071110926
93 s 170 0.1963543880667924
93 u 105 0.013819767780040126
93 v 157 0.04652708681138096
93 w 137 0.0041222657167000465
93 x 156 0.08911624232217863
93 z 131 0.04220291490674466
94 b 151 0.145263702828077
94 c 103 0.009308879320527708
94 e 156 0.1729309440708997
94 f 111 0.020986340780062007
94 h 105 0.05661430792955968
94 k 123 0.01450327352902503
94 m 18 0.17454927050115365
94 y 172 0.007856335041719453
94 z 57 0.32447505793078546
95 c 64 0.1618089917379767
95 h 100 0.138319836438069
95 l 168 0.0023668685989111093
95 m 134 0.28649571078131764
95 q 17 0.17210848242940546
95 x 28 0.06282396514671695
95 z 39 0.08792854211762136
96 a 3 0.026785189236155582
96 b 65 0.030601660648280404
96 d 116 0.021246636042221878
96 h 97 0.01816063230306275
96 i 52 0.018327175973855803
96 j 23 0.25783654376984455
96 k 66 0.0011519077978889847
96 l 35 0.016487657462132543
96 m 118 0.01027260501865268
96 n 157 0.007332199180280163
96 o 40 0.009789237744173951
96 p 38 0.034349001237373944
96 q 100 0.01062745514593455
96 r 102 0.033605447619749707
96 s 147 0.046869699047618396
96 t 38 0.06240176822565091
96 v 105 0.0652559648048654
96 w 14 0.06533703290187065
96 x 16 0.0635995367854677
96 y 22 0.09399394234898395
96 z 111 0.09161530423497388
97 a 22 0.06465111602857254
97 b 72 0.04229780550264117
97 d 132 0.03293524689127114
97 e 19 0.01174509354156339
97 f 150 0.01824237323336586
97 g 153 0.11445426394601887
97 h 114 0.10924058602652531
97 i 177 0.04160151280110014
97 j 78 0.07974831933228532
97 k 142 0.05351507334405825
97 l 68 0.012097983025613268
97 m 109 0.03948460970321621
97 n 122 0.01479756409224986
97 p 6 0.03455277909243515
97 q 12 0.010266102662123133
97 r 154 0.018506179109530674
97 s 37 0.005179204790663916
97 t 7 0.026261194221479656
97 u 76 0.007359062447090503
97 v 174 0.03566893557071005
97 w 44 0.0017258731665845684
97 y 54 0.12711360912316172
97 z 145 0.005710788315134607
98 f 55 0.004314783321480609
98 g 172 0.048984367375860316
98 h 172 0.023641010009702423
98 j 10 0.13552371245301542
98 k 177 0.40331201986131326
98 m 45 0.031378176499665345
98 v 110 0.06386376810709915
98 x 82 0.03858206747326909
98 z 156 0.040943878829152736
99 a 92 0.07751278131584494
99 c 178 0.02733565366442825
99 i 40 0.07079178280203424
99 j 131 0.01824082153487583
99 m 58 0.02852908050947689
99 o 156 0.39120767695963965
99 q 103 0.036872011448182196
99 s 158 0.3039518794432827
99 u 2 0.019108834366774796
100 a 9 0.13410071179489302
100 b 107 0.017941760357621406
100 g 26 0.05114125763972144
100 h 111 0.05578368665550515
100 i 54 0.0002453605771329803
100 m 151 0.06153139826453635
100 n 19 0.0641534568524067
100 o 12 0.03124850590913364
100 r 51 0.004841092173774153
100 s 53 0.17505573874106684
100 t 125 0.10917839027644138
100 u 86 0.013726549768185214
100 w 34 0.14383814052661426
100 x 162 0.02453128491992529
100 y 166 0.05433167897287117
100 z 108 0.006200175113711515
101 b 162 0.00836637944722729
101 c 31 0.22632265410713237
101 f 38 0.18747443658407226
101 j 92 0.0594734389178555
101 n 70 0.02877295052988693
101 o 174 0.061016471892891944
101 p 9 0.06993612155910389
101 s 127 0.05643622437603946
101 u 75 0.014973563383636534
101 v 117 0.006110983672844128
101 w 160 0.145787448995774
101 y 116 0.01802794710417588
101 z 35 0.08174789693677653
102 b 43 0.4820642516716561
102 c 166 0.01290977074492805
102 e 36 0.2941590173484191
102 g 39 0.009175865006630146
102 k 62 0.0003796018575736859
102 v 138 0.06331319857686646
102 w 103 0.027616231687092374
102 y 11 0.03918372140738524
103 e 135 0.34196918848114666
103 k 70 0.6345993532145423
104 a 117 0.0031228949828426833
104 b 152 0.10727854896609057
104 e 128 0.19694872253093565
104 f 176 0.16648469926644383
104 n 3 0.025504110309202632
104 s 46 0.3969648928417713
105 f 87 0.1040793413148493
105 z 106 0.7815083299833552
106 a 144 0.026317306349645686
106 e 109 0.027008906716721737
106 f 92 0.3125834081228507
106 g 37 0.11461208545354962
106 i 19 0.06113831783690271
106 j 107 0.03013944311162775
106 m 11 0.021918764232349175
106 r 117 0.06277618783708483
106 s 145 0.0681076641106233
106 t 99 0.0650318452983274
106 v 72 0.002957737666085314
106 z 86 0.09521713902768802
107 a 170 0.08187308777323199
107 b 132 0.03220837464227799
107 d 143 0.10413040132097373
107 e 74 0.0825122073377974
107 f 70 0.07585457843327925
107 g 19 0.010887266775279736
107 h 54 0.1072302663846364
107 i 88 0.03490847335800995
107 j 116 0.04200762322705287
107 k 172 0.13838350141337596
107 l 123 0.004513184124973035
107 m 162 0.04356651905903097
107 n 94 0.02916958373319878
107 p 56 0.010533159165522776
107 q 103 0.0022053163936091025
107 r 169 0.045415663133803075
107 s 32 0.002648853242524618
107 t 167 0.0412320010341346
107 u 105 0.03656638409897217
107 v 101 0.008588693490517607
107 w 113 0.007054698790223801
107 x 66 0.012976524177966686
107 y 149 0.029097025151229694
108 a 58 0.020676158782872878
108 b 167 0.05156562179239321
108 d 56 0.03446528770329038
108 e 160 0.028982635443705163
108 f 98 0.009663287095786122
108 g 73 0.015981230434196858
108 h 81 0.10521737433262135
108 i 84 0.02548637132212117
108 j 176 0.013295692394628689
108 k 102 0.009266785309711922
108 l 162 0.018961796003541975
108 m 120 0.020661305852048062
108 n 72 0.004919931494297813
108 o 35 0.04441060959272647
108 q 73 0.10623786479782027
108 r 3 0.0489153522840261
108 s 3 0.01749474843483101
108 u 24 0.13742222074464816
108 w 56 0.06788237205220449
108 x 67 0.1371912804255323
108 y 26 0.025498137249688302
108 z 148 0.025165679569661648
109 c 142 0.009720771850314058
109 d 137 0.026227718958840796
109 e 32 0.09850876025218469
109 f 15 0.039260387415761766
109 g 68 0.06971076785516306
109 h 171 0.19303837844929905
109 i 78 0.01589932845195663
109 j 43 0.05605729204855814
109 k 80 0.017764731215056062
109 m 53 0.023980929110888893
109 o 77 0.008022696245778893
109 p 115 0.23774336563136067
109 s 121 0.014845041739702136
109 t 53 0.013776251232156755
109 v 71 0.08042649541140279
109 x 147 0.025789309884146294
110 e 144 0.12257138953472102
110 f 169 0.29093065480823677
110 j 49 0.032327073667956285
110 o 165 0.032311889485898915
110 t 63 0.0477215764400164
110 u 138 0.00789213393429744
110 w 56 0.12405628281287873
110 x 3 0.26754541062655945
110 y 175 0.041145907845327345
110 z 151 0.019497005611800677
111 b 2 0.09580985988582147
111 d 44 0.07752741460544355
111 h 143 0.06469412070699798
111 k 28 0.028334834478247473
111 p 64 0.06490254829371334
111 t 120 0.034380808475959035
111 u 171 0.0954716063926877
111 v 21 0.33345160561606557
111 z 177 0.018824919549149
112 a 83 0.2447272504066339
112 b 129 0.04585375506495026
112 f 133 0.04350843802700777
112 i 16 0.15478178215253835
112 j 118 0.038237455805137044
112 l 95 0.02229841366655705
112 o 164 0.04539188034315089
112 r 51 0.05741561043803367
112 t 159 0.05640252750608099
112 v 152 0.06049853567089891
112 x 81 0.019249024791893055
112 y 59 0.05734395271352055
112 z 23 0.005805450174252824
113 a 86 0.00938438768378591
113 b 79 0.024775342996231076
113 c 166 0.020128255671269413
113 d 49 0.012753556315087788
113 e 149 0.0023315199032887257
113 g 114 0.014209222673173483
113 h 151 0.009220866977011966
113 i 160 0.013475156770231478
113 k 30 0.16287516583094974
113 m 134 0.00811417456734076
113 o 119 0.06478653769542475
113 q 54 0.11236743879946043
113 r 119 0.08803919215792189
113 s 111 0.023222881344545643
113 t 56 0.20953371163796508
113 v 35 0.028203979281233194
113 w 116 0.05954653363704343
113 x 68 0.1127224407785743
113 y 98 0.015863759841049818
114 b 16 0.037446642250336115
114 c 175 0.004346355959422454
114 d 1 0.03751640081894825
114 i 5 0.01839539764118381
114 j 71 0.13272561677090133
114 k 177 0.0735903029080327
114 m 114 0.020890563134841167
114 n 33 0.0146576342941801
114 o 130 0.010213305723347998
114 q 177 0.05287252158089051
114 r 137 0.01642303539846235
114 s 20 0.040476994770529684
114 t 141 0.08664414833157441
114 u 175 0.09038572738170092
114 v 110 0.14432845480751222
114 w 122 0.08929061478629696
114 x 137 0.04336782306528786
114 y 172 0.026715246494333766
115 a 81 0.18735031561509163
115 c 127 0.09775551969202512
115 f 134 0.04121554588550502
115 h 37 0.15624242355268847
115 k 74 0.10045297018206545
115 n 2 0.017874227508952623
115 o 72 0.01273712822864348
115 r 155 0.011414709108545917
115 s 159 0.0638895899458285
115 t 161 0.0855155404221819
115 w 48 0.014169903263902661
115 z 168 0.16786826362003626
116 v 7 0.8331699955910755
117 a 134 0.08281084173421849
117 b 156 0.12448212942940606
117 d 93 0.002632766523678498
117 h 107 0.01609237144566933
117 o 130 0.01758316969519902
117 s 172 0.10445253303864166
117 t 111 0.012356639119663448
117 v 134 0.041339547242721486
117 w 90 0.2895457595606512
117 x 51 0.16423747822881696
117 y 37 0.0787214238068652
119 f 170 0.715753024758131
120 t 42 0.6944923794690496
121 a 149 0.004313761258533555
121 b 30 0.054229118864712156
121 e 104 0.0016653375023497619
121 f 31 0.2988395934737388
121 h 142 0.15035966961829073
121 i 129 0.11498133295044877
121 k 50 0.12135224330478245
121 p 93 0.005593877568660366
121 t 104 0.14647884079597007
121 u 72 0.01665808571752425
121 w 47 0.002381579121724986
121 x 65 0.04058876009315049
121 y 50 0.015579532715736533
122 m 7 0.798674927594225
123 c 113 0.012050610379285231
123 d 52 0.4411380348031444
123 k 7 0.19699005592778285
123 q 34 0.09812274403020171
123 v 1 0.10421376680435146
123 w 131 0.07934480902782637
123 x 32 0.031228294381044686
124 n 141 0.19547728764863492
124 p 157 0.6523250517801855
125 c 14 0.17615833689428495
125 t 9 0.804444211282732
126 a 80 0.1533214729329575
126 b 174 0.03248003388340681
126 c 90 0.013563857642916899
126 d 157 0.012493665177579216
126 f 4 0.06860780260246513
126 g 161 0.012795452018603659
126 i 16 0.01402723512419668
126 j 13 0.05781021496304373
126 k 29 0.09734620588974341
126 l 56 0.029739899548899773
126 m 175 0.07072310122053105
126 n 36 0.00472138339444983
126 o 88 0.02345016905529773
126 p 53 0.05693069048159749
126 q 93 0.027457612261113762
126 r 62 0.14690866897763744
126 s 126 0.10130068915688994
126 t 88 0.0001214332244303673
126 v 160 0.007017677849820325
126 x 105 0.04628933524967671
126 z 52 0.021142621577993514
127 c 142 0.16964223427389025
127 d 43 0.10071080471933924
127 e 151 0.02542891850200857
127 g 108 0.017105240240017028
127 h 34 0.003417370188865565
127 j 150 0.14940670419107505
127 k 16 0.07457227253073917
127 o 174 0.06346802452754396
127 u 98 0.27339854667082353
127 y 167 0.010420886878256486
128 n 97 0.15651008667819744
128 v 16 0.37963009688819516
128 x 162 0.2236795253934324
129 a 12 0.13309408672681056
129 b 113 0.0840589482678803
129 d 55 0.12646326942829866
129 e 173 0.17807820118335682
129 f 89 0.015328288606169416
129 g 96 0.07592676000210385
129 h 175 0.016527784275171542
129 i 163 0.03468644071157667
129 j 158 0.052189367549662524
129 k 6 0.017727947979840675
129 m 143 0.030602599754625093
129 n 171 0.0022143348237421145
129 p 89 0.035270552461651006
129 s 51 0.040873557216647316
129 t 146 0.005665506445952206
129 w 155 0.0012795604776582037
129 z 149 0.10245390757494244
130 e 59 0.12779120067586247
130 f 166 0.06835374209777068
130 g 164 0.0033520298611685595
130 i 39 0.09856399500105051
130 j 114 0.08121232938513523
130 k 71 0.1047708369254402
130 m 150 0.23968179183375693
130 p 44 0.032921093805169166
130 t 0 0.01946139600520158
130 w 1 0.021848816873979215
130 y 12 0.06731216437758936
130 z 30 0.024057862118576856
131 a 78 0.07440073195422958
131 g 73 0.06207466655099769
131 j 65 0.0792724520175403
131 m 146 0.05054647332863471
131 v 35 0.14431339016887723
131 y 126 0.2658186540394456
131 z 119 0.15360576917816904
132 b 72 0.12007891995032094
132 d 141 0.00198067971615723
132 g 82 0.0489766723649504
132 h 28 0.04644927657119924
132 i 87 0.00045424404044347444
132 k 160 0.16552796199688846
132 l 52 0.08626384548050614
132 q 104 0.03586364734474545
132 s 112 0.007734161247894167
132 u 92 0.07115216347884545
132 v 62 0.23731925795197462
132 y 44 0.06256803470069927
133 b 74 0.30690338292976294
133 g 135 0.09791302938218427
133 l 79 0.2876921551753995
133 u 81 0.26443664827641966
134 h 124 0.03334964904253079
134 i 36 0.03993803891121661
134 j 13 0.3451969622701285
134 t 149 0.10049120038249293
134 x 86 0.18184665586865356
134 y 163 0.24779161159763907
135 h 22 0.7411646541147988
135 v 90 0.22285632545386003
136 e 131 0.7086127909670373
136 f 9 0.1295214732246197
136 l 26 0.12637155894732066
137 a 156 0.00532531002555392
137 b 135 0.013177660131863278
137 c 60 0.02867152591041422
137 d 38 0.0024082016523482297
137 f 142 0.03724314262839812
137 g 84 0.0018178670720935264
137 h 94 0.0582378552130951
137 i 74 0.08298070240807665
137 j 39 0.02261473666917546
137 k 124 0.03026182256358001
137 l 77 0.052185998742042106
137 m 153 0.0033509001402497463
137 n 49 0.07617828668611726
137 o 132 0.02580917909967395
137 p 8 0.04298057232139496
137 q 49 0.08552742049825035
137 r 21 0.010962722313939244
137 s 38 0.020242814335618475
137 t 159 0.03416049629266327
137 u 65 0.05393717155687916
137 v 148 0.13829636897705877
137 w 159 0.05332364637446951
137 x 72 0.03065599912928163
139 g 68 0.10270519616633944
139 k 130 0.2939327289197122
139 m 73 0.13044894494112835
139 q 140 0.453836421126522
140 b 178 0.13600850963657973
140 d 147 0.008655124658940028
140 f 165 0.024321834332294512
140 g 158 0.014606207273634375
140 h 77 0.044468087868198336
140 m 115 0.1560053092586955
140 n 66 0.1061998651600673
140 p 121 0.07201824116497546
140 q 11 0.06503038517638482
140 r 102 0.012253554993474691
140 s 36 0.028177329390089545
140 u 2 0.15852249612672065
140 v 21 0.04222276666904623
140 y 43 0.016691561728257254
140 z 103 0.09277207433966561
141 a 59 0.041577106649153706
141 d 172 0.15885221236502423
141 o 26 0.12511470848121287
141 r 154 0.07265773505867246
141 s 66 0.05964733437369851
141 t 152 0.11594063634392338
141 u 157 0.11607027768944822
141 w 41 0.018149797699696046
141 x 156 0.08599007555527916
141 y 134 0.08762747505137669
141 z 72 0.11043130241761079
142 c 79 0.028923544315190508
142 g 86 0.3280030448042729
142 h 0 0.07838938448343269
142 m 111 0.072799300344225
142 s 73 0.20326908082930495
144 c 102 0.047415776155190215
144 d 100 0.04422674449001307
144 e 152 0.5184397361728513
144 j 120 0.08390136709265583
144 n 92 0.12029613460007538
144 o 62 0.07377491256421342
144 s 40 0.04981776292519402
145 e 13 0.5019199805258883
145 p 35 0.14875110419323434
145 u 147 0.15157151414329828
146 a 11 0.005572737747332912
146 d 93 0.3965167238015096
146 e 7 0.1495252489197908
146 g 36 0.052976028595254854
146 i 111 0.08334953732910377
146 m 12 0.008758162287606952
146 o 105 0.011898559909362283
146 p 22 0.03983642423954403
146 r 55 0.006248921461323942
146 s 91 0.01169811851285174
146 t 51 0.04976313142637512
146 x 9 0.01682368742857132
146 z 107 0.10681068673523386
148 a 62 0.07138464693553637
148 c 48 0.11396701211896931
148 h 26 0.12992842656056625
148 i 71 0.0314648045394168
148 j 103 0.23467251771548847
148 m 45 0.04781343580574926
148 p 165 0.025328591385260113
148 t 93 0.18656215130627507
148 u 141 0.05320237723829069
148 v 19 0.0058133913365617795
149 c 24 0.03674300349218396
149 e 160 0.7206667488482642
149 t 71 0.13313147985740537
150 c 120 0.02620794653175018
150 d 21 0.002220298187725178
150 f 164 0.011576543406517259
150 g 62 0.11363793091977326
150 i 83 0.03439028725731319
150 j 68 0.06079913640300805
150 k 164 0.22311059913347187
150 l 72 0.06377918120263348
150 o 79 0.0563409914991132
150 p 77 0.044434015085658585
150 q 144 0.06480511825624968
150 s 91 0.07002204904468068
150 t 56 0.003396344597907608
150 w 116 0.03046675877335825
150 y 69 0.03707988724366218
151 b 155 0.1383335153163845
151 i 79 0.09948454463869416
151 k 163 0.6660728882183776
152 b 150 0.003494854492635757
152 c 56 0.11154693327810783
152 d 56 0.04790558359820163
152 e 14 0.0016142404863415116
152 f 75 0.036549767097541874
152 h 156 0.11185351142252908
152 i 6 0.056036226875467054
152 j 57 0.03506662760559898
152 k 23 0.014837141719085345
152 l 104 0.007535147549381893
152 m 103 0.01676192338718485
152 n 162 0.03606924128873146
152 o 102 0.13615430100173442
152 p 145 0.018657250993887264
152 q 71 0.13930920068199593
152 s 175 0.008513073893871015
152 u 135 0.05610166032961594
152 v 151 0.02289045254872324
152 w 0 0.07975875001534982
152 x 43 0.04455012117956858
152 y 119 0.0033721332430158846
154 e 161 0.007879076008491692
154 g 156 0.07879351889122777
154 h 38 0.027972312438104385
154 i 165 0.013819530941856506
154 j 90 0.022415124849991974
154 l 100 0.3359047128849414
154 m 71 0.03528027738576023
154 n 62 0.0280554368331567
154 q 29 0.07799236255502173
154 t 40 0.043718320821561574
154 u 147 0.24176984155941927
154 v 130 0.014511719643765963
154 x 96 0.022530295847489445
154 z 64 0.025317078193492937
155 a 44 0.06592982109748857
155 c 68 0.016444317346087756
155 d 108 0.012966298384497588
155 e 36 0.0843226203726487
155 g 77 0.15401804148890386
155 h 75 0.0059064753627235955
155 i 161 0.020382782810260514
155 j 105 0.11030053503972848
155 k 134 0.2007280551384476
155 m 42 0.019270049748491114
155 n 174 0.009104094389099537
155 o 143 0.020083661959632515
155 q 141 0.004834137770756808
155 s 8 0.06584433232517972
155 t 61 0.0073830828175155405
155 u 102 0.01917804958381275
155 v 135 0.015328017926705573
155 w 136 0.03453969353033948
155 x 9 0.1068571397271243
155 z 133 0.020325815531249458
156 a 151 0.05464523677259825
156 b 21 0.01621778367329263
156 d 116 0.016380696465697064
156 e 23 0.0038139447497564927
156 f 19 0.07269467319834799
156 g 50 0.10207931271695081
156 h 23 0.05447364517821207
156 i 157 0.02437686895812241
156 j 9 0.042466562689370435
156 k 120 0.020225680553460967
156 l 58 0.01652999567450486
156 m 152 0.014313774303957416
156 n 108 0.01739192381480137
156 o 61 0.0017022872152439028
156 p 141 0.017357695155510333
156 q 66 0.004374787128010649
156 r 64 0.01170985139392755
156 s 82 0.19694154615323511
156 u 115 0.07496506229383981
156 v 4 0.045180181983475176
156 w 23 0.09076217706685374
156 x 156 0.032320599154189944
156 y 104 0.011864423600817298
156 z 158 0.036388480568383286
157 c 142 0.01680752292141885
157 n 66 0.05714884799682196
157 r 10 0.20002989451923825
157 t 112 0.3074953716786796
157 x 74 0.30568995369485663
157 y 70 0.04023927436283825
158 a 147 0.29755064842109924
158 b 161 0.00851019177291179
158 e 72 0.05686005890623724
158 f 38 0.012959423945402615
158 h 169 0.03154957033759487
158 j 122 0.027850191668668867
158 l 119 0.016020634976652515
158 n 106 0.12944867412475825
158 o 147 0.0732126055363419
158 r 96 0.10482386464931748
158 x 29 0.005304238637696135
158 z 55 0.08726033754384666
159 a 87 0.0009842061696633264
159 b 114 0.014360049237533756
159 c 130 0.0582850069209766
159 d 108 0.05647846915963051
159 f 87 0.0028413280304241395
159 g 40 0.07959701387263673
159 h 45 0.08487596387324448
159 i 34 0.030078248644447636
159 j 78 0.15944794123459582
159 k 27 0.037940505945156744
159 l 7 0.054638885287181416
159 n 24 0.03185641278498208
159 o 165 0.0864839428756129
159 p 6 0.025427307059886717
159 q 9 0.0652778677939494
159 r 4 0.007114442408514887
159 s 31 0.004117794961030374
159 t 126 0.03807985946745496
159 w 107 0.0994945684484907
159 y 84 0.04026524434089285
159 z 73 0.019662816846187092
160 a 46 0.046274592534576
160 b 90 0.014655545200098596
160 c 13 0.0635809960894782
160 d 124 0.11764970755990622
160 f 4 0.014347486312798918
160 g 134 0.08397626724568452
160 h 94 0.041899636555537856
160 i 114 0.0010722318304875467
160 j 117 0.009894381179988532
160 k 131 0.0036982414423215593
160 l 151 0.0711715315805237
160 m 173 0.018050061307181786
160 n 94 0.006483908094022328
160 o 13 0.007959929840343771
160 p 39 0.0017879507895552926
160 q 58 0.024542163029029007
160 r 33 0.08899163679723221
160 s 11 0.07771153717303225
160 t 0 0.022262284538094534
160 u 122 0.0700935192705987
160 v 39 0.014687858282230848
160 x 13 0.09952941522413672
160 y 158 0.027238439934940795
160 z 57 0.07194629229153915
161 a 22 0.03428021686216898
161 b 95 0.011496921774900248
161 c 173 0.047007705691255675
161 d 52 0.06780033968256582
161 e 121 0.01245120650174536
161 f 78 0.04900234637342693
161 g 73 0.0443452836361613
161 h 132 0.043498281923076254
161 i 134 0.07294032240509096
161 j 161 0.01902653083396233
161 k 149 0.03927356695292261
161 l 106 0.061013941106182634
161 m 75 0.07100395562969009
161 n 108 0.007901487981597621
161 o 162 0.0030363453788647687
161 p 153 0.005122897216505939
161 q 148 0.004882052167249351
161 r 112 0.02962491455444849
161 t 126 0.0008479758658704872
161 u 16 0.027729586617684876
161 v 158 0.037984078915952346
161 w 79 0.06025378853872132
161 x 141 0.034692060600969965
161 y 45 0.18791780166758631
161 z 49 0.019124233658679213
162 p 176 0.15705769053018992
163 o 69 0.09499333370831498
164 a 57 0.05251830275149871
164 b 86 0.005297398198612191
164 e 148 0.06805569508410858
164 j 126 0.003955199174898283
164 l 127 0.11895632151460378
164 m 89 0.1001813505241913
164 n 38 0.011726871741065237
164 p 153 0.16241585628949473
164 q 144 0.15321846570672804
164 t 26 0.049705332530718294
164 v 44 0.03201861357003721
164 w 127 0.16584363736402918
164 x 50 0.05533353394130236
165 a 10 0.015086322975885524
165 c 42 0.02484387337151961
165 d 42 0.031508654072225695
165 e 178 0.15212703955902485
165 f 82 0.05961140283265909
165 h 142 0.01853693668832579
165 j 30 0.06472572879455563
165 l 143 0.015256522595826771
165 n 155 0.07081798178888754
165 o 83 0.13808807301973403
165 p 45 0.0025856792047698196
165 q 79 0.014174517796430974
165 r 17 0.011392974594796268
165 t 60 0.06506186043147366
165 v 126 0.1575574987638354
165 w 148 0.011147422316040156
165 x 136 0.052447802532415766
165 y 91 0.025682333919753053
166 b 0 0.13242464369335738
166 d 70 0.10406215556483955
166 e 42 0.01702062675252569
166 g 94 0.027099545886460352
166 l 39 0.13827032576725995
166 m 156 0.15844855177212824
166 n 59 0.2638740401715619
166 o 151 0.023072812431067513
166 v 4 0.04552430094591031
166 x 58 0.04317205900249643
167 a 15 0.02214537146369089
167 b 34 0.07142022472493537
167 c 157 0.005997332539799061
167 d 156 0.05810455275486048
167 f 29 0.06294327651335752
167 g 124 0.0852968310273241
167 h 21 0.13539076183558774
167 i 14 0.06010470090679998
167 j 65 0.1471362328695751
167 k 117 0.04420475865999529
167 l 106 0.03246403039736079
167 m 157 0.017914223714458388
167 o 54 0.017258414917598608
167 p 152 0.011474965197251774
167 q 31 0.0072205617545314515
167 r 110 0.026577654670662865
167 s 152 0.022931988247268276
167 u 73 0.008686641084815316
167 v 120 0.029828008633460135
167 x 48 0.10870535759348166
168 a 132 0.12329058532678194
168 b 68 0.022219364619505022
168 c 128 0.04113041051303434
168 d 74 0.06519155814850197
168 e 119 0.0016360359939151525
168 f 43 0.006568127028231174
168 g 39 0.01321003688888589
168 i 157 0.09692262419200948
168 l 112 0.03370407660396768
168 m 63 0.008886877668747073
168 n 158 0.07167300840181678
168 q 82 0.049362956600831565
168 r 42 0.08979175433404307
168 s 79 0.05443679466330398
168 v 91 0.10356196296446696
168 w 91 0.0470153022423232
168 x 56 0.14490206880786138
168 z 26 5.2000822116538004e-05
169 a 27 0.031057883455965496
169 b 127 0.05984388631140369
169 e 17 0.015773243467597453
169 f 22 0.004040144113898525
169 i 148 0.08320604115481178
169 j 104 0.05154343840442044
169 k 36 0.003585615762109584
169 l 51 0.1902848252263909
169 m 175 0.015425951668062488
169 n 164 0.020980047711908978
169 o 87 0.0455713032464401
169 p 72 0.05727616303137184
169 q 29 0.07540047791943072
169 s 161 0.11767245121043313
169 t 5 0.1385775808141384
169 x 89 0.07161450326602703
169 y 66 0.0037143574962460457
170 b 153 0.013732013939596
170 d 52 0.09362524555341378
170 g 39 0.10041143130098218
170 l 35 0.40861314002531424
170 m 46 0.16023891073809193
170 o 174 0.04895062944883899
170 q 140 0.08708923737066476
170 r 89 0.011508023816072743
170 y 121 0.06295651970396932
171 a 5 0.04404378827150701
171 b 116 0.029756163891517806
171 c 40 0.01689090073758892
171 d 71 0.11946377812060438
171 e 157 0.0009508583600862375
171 f 172 0.018612093934397778
171 h 81 0.030903247646754117
171 i 165 0.11518147409474722
171 j 102 0.04010604656743588
171 l 102 0.0022123437211801766
171 n 54 0.011272194839724636
171 o 45 0.028185044109533708
171 p 121 0.09251826686777043
171 q 175 0.08370399297710107
171 r 82 0.05982877726693414
171 u 12 0.06072878100043966
171 v 100 0.0023073070737217316
171 w 119 0.0433398749187659
171 x 126 0.11092406738160931
171 y 150 0.049312163782772256
171 z 49 0.01190862315933039
172 a 70 0.004728867713569396
172 b 67 0.02089804585593613
172 c 162 0.021146998368245296
172 d 104 0.030072789915696174
172 e 112 0.04739910994726115
172 f 68 0.041875341506477204
172 g 144 0.03790698556231509
172 h 33 0.026973236513560095
172 i 135 0.007008758830375661
172 j 125 0.2202270189185197
172 k 109 0.04174583748654792
172 l 132 0.03153610654824324
172 m 147 0.01649064472239592
172 n 91 0.09664512491982902
172 o 141 0.011406264925646115
172 p 62 0.06949747385316984
172 q 41 0.014209773950176086
172 r 143 0.022707785686756243
172 s 147 0.012064089806138822
172 t 50 0.08993529594106908
172 u 151 0.0011446619703864291
172 v 32 0.0837339219413138
172 w 111 0.009139271349627998
172 x 15 0.012527591086615386
172 y 152 0.016192088249213477
172 z 15 0.006414708364707256
173 a 107 0.11133059796315325
173 b 170 0.06757516935366847
173 c 59 0.005152453892640296
173 d 141 0.0012673638455653613
173 e 66 0.06494674238264264
173 f 126 0.0023960064178093488
173 g 8 0.04260337096461375
173 h 14 0.005593070929687305
173 k 67 0.032889501388728926
173 m 52 0.06529012340444451
173 n 147 0.06771341443993795
173 o 25 0.062017337862837585
173 p 64 0.003071814857176558
173 q 163 0.051398852090099645
173 r 131 0.16225117785597043
173 s 139 0.006800413043011488
173 t 60 0.11282219253746395
173 u 65 0.017013127614738277
173 v 88 0.019532753059485097
173 z 126 0.04171372164857734
174 f 109 0.2671398776829834
174 g 131 0.044315116674178645
174 h 77 0.10944372505354638
174 i 31 0.29789453417954803
174 m 162 0.05614886704673738
174 u 28 0.12153530965135417
174 w 71 0.005481535755855416
175 k 155 0.13360104590681077
175 u 76 0.04456128790506053
176 g 55 0.14286459647975136
176 i 85 0.09965668467405764
176 r 132 0.2612787032813332
176 t 106 0.16499525675992455
177 a 97 0.02831294442848331
177 b 176 0.004298745652781988
177 c 163 0.0008287915459139761
177 d 37 0.12938220711144965
177 f 132 0.03387550788221483
177 g 112 0.049487017215767204
177 h 47 0.10467319445753298
177 i 49 0.044157377682842225
177 j 130 0.08307251977140695
177 l 67 0.0004070574181406217
177 m 118 0.07641686372870993
177 n 154 0.017993550163757588
177 o 87 0.026734359526027762
177 p 129 0.0036506316709385978
177 q 23 0.14897630554385677
177 r 151 0.002814201585159548
177 t 137 0.055114112504996426
177 v 151 0.0577412780155212
177 w 140 0.0703498661359141
177 x 21 0.007937605961204297
177 y 3 0.037049552716497125
178 d 5 0.009447898574266755
178 h 133 0.1679972930387993
178 k 99 0.18030379793974738
178 t 84 0.012066125069841616
178 u 88 0.47552793393037196
178 w 97 0.07818360952003656
