57 26 762
1 0.6110265718448282
0 0.06947822942051363
0 1.0
0 0.14079007454449155
0 0.008999136239335459
0 0.11703529554163616
0 0.0033438092032540556
0 0.06640834397690121
0 0.005347693773807505
0 0.13257996778898284
0 0.057984042934800306
0 0.02186222794627013
0 0.0021680440861056027
0 0.0008425516914363218
0 0.011672218484871322
0 1.0
0 1.0
0 0.021183810369472256
0 0.31887614719990653
0 0.013428266166206515
0 0.09212930129890051
0 0.008806212973220595
0 0.04788359843804224
0 0.011371687932217767
0 0.5964232806987402
0 0.1322809198505146
0 0.0712562498527457
0 0.5534366966116274
0 0.01024360388159229
0 0.04766863560976753
0 0.06717012925786259
0 0.38986838441245664
0 0.039548041249094945
0 0.07887340311758617
0 0.009921822222121457
0 0.030383666278674615
0 0.1085398605362552
0 0.06406065090294222
0 0.22420845854140148
0 0.09285251807785067
0 0.04568882607241642
0 1.0
0 0.00993619744630092
0 0.09347524016480901
0 0.036184115070379774
0 0.10150166330131549
0 0.2405174101522084
0 0.006803562061206914
0 0.01662521054382382
0 0.05921481692279884
0 0.028131090901194478
0 0.168253363518294
0 0.33031531207422604
0 0.3143989512952361
0 0.07412053833350507
0 0.06884364491850847
0 0.10463796690324889
0 n 32 0.3889734281551718
1 a 6 0.0032572707687658076
1 c 10 0.057954979859938804
1 d 56 0.020433239286761773
1 e 5 0.03390160399367992
1 f 48 0.13466011806543676
1 g 38 0.020098136028238844
1 h 49 0.01632875691235347
1 i 33 0.06326704173902153
1 j 30 0.02154057595993586
1 k 48 0.118461839684458
1 l 23 0.009438626438496911
1 m 5 0.02740756260247157
1 n 30 0.011450663597653898
1 o 47 0.20694628753161481
1 p 53 0.05040130471533588
1 q 8 0.01126065814599675
1 r 13 0.01679695031681494
1 s 16 0.037881249333024614
1 t 33 0.013594998027303684
1 v 40 0.006300072673714352
1 w 52 0.018005250788006966
1 y 23 0.027859514674181685
1 z 15 0.003275069436279532
3 b 24 0.2097321832839103
3 c 43 0.0331901903427374
3 d 33 0.013260501271900704
3 f 47 0.12643905399866617
3 g 10 0.045239597266054865
3 i 30 0.03721630508529572
3 j 5 0.07243544441813521
3 o 42 0.20600639133523058
3 s 5 0.03821414714503579
3 t 33 0.011067499327111374
3 w 10 0.04406423575958884
3 x 11 0.019576869057343904
3 z 9 0.0027675071644975846
4 a 17 0.07855221017674097
4 b 55 0.01729272527991954
4 c 33 0.09553169811738138
4 d 42 0.0005764906349342569
4 e 34 0.011136770204954627
4 f 24 0.016645211984144703
4 h 26 0.0354951103845047
4 i 14 0.013387781991923475
4 j 44 0.06046958478288045
4 k 5 0.04837197685540362
4 m 6 0.06011846296582213
4 n 7 0.0826054213059243
4 o 29 0.04296856925736592
4 q 7 0.018554110736525464
4 r 43 0.08016168241007537
4 s 52 0.06192376721806525
4 t 53 0.006060081196402889
4 v 49 0.011947018302845613
4 x 12 0.058032352815238
4 y 11 0.1656140644447004
4 z 6 0.025555772694911494
5 d 8 0.1546103309185577
5 h 35 0.1072052492065314
5 i 55 0.011475138914207705
5 j 22 0.09076953898264883
5 m 4 0.013179987494292278
5 o 48 0.06990679858057802
5 t 6 0.08682547987722977
5 u 26 0.04869035079648343
5 v 28 0.0027222032877283198
5 x 10 0.08319817220508852
5 y 45 0.21438145419501786
6 a 48 0.062476004440452315
6 b 9 0.15109429134096164
6 c 20 0.07173318267418083
6 d 19 0.00021855049368868507
6 e 2 0.093518930318643
6 f 32 0.042250819467342215
6 g 46 0.015467943469957057
6 h 21 0.01014847469401381
6 i 6 0.005501099222864014
6 j 0 0.038321709762822675
6 l 38 0.04700735374417231
6 m 6 0.05176930987818029
6 n 23 0.03472022655433782
6 o 6 0.0007223589521536677
6 p 9 0.09435434236303308
6 q 39 0.013890674523290736
6 r 48 0.005060762547226205
6 s 33 0.01900421182745815
6 t 14 0.019732025721447277
6 u 25 0.011584921901555578
6 w 4 0.030214087907551312
6 x 52 0.017336782764193814
6 y 53 0.05138244736927022
6 z 41 0.10914567885794924
7 a 32 0.016045372348337583
7 b 29 0.040267418427811896
7 c 20 0.27883442810296133
7 d 38 0.011867282055687545
7 f 8 0.03821649000990379
7 g 5 0.00721010373097164
7 j 55 0.02518076409479686
7 k 24 0.014969754253715717
7 l 37 0.025603381732556052
7 o 23 0.03979014029761874
7 q 18 0.04449671345658757
7 r 28 0.09367257006545116
7 s 52 0.00034447838911666473
7 t 17 0.03890012034031243
7 u 13 0.007057363114257087
7 x 40 0.044810433984283304
7 y 9 0.010215162499351949
7 z 6 0.1961096791193775
8 b 32 0.02869751565460832
8 e 0 0.0032196607420004186
8 f 37 0.01994363068345162
8 g 9 0.10592968612645026
8 h 56 0.011415442344536286
8 k 3 0.022332776104092344
8 l 16 0.1009882537622312
8 m 49 0.10983227619546532
8 p 53 0.08416497768712361
8 q 25 0.18069895164656835
8 r 51 0.16137336917366785
8 s 42 0.04471611902072192
8 t 19 6.73458734268273e-06
8 v 34 0.02965110532353188
8 w 33 0.014268746966154322
8 x 40 0.0004311349856319646
8 z 56 0.07698192522261416
9 a 56 0.036785299969186
9 d 2 0.022703443358927045
9 e 18 0.025861624104398184
9 f 26 0.011039152313867318
9 g 2 0.10513311370381884
9 h 12 0.0017965760616677207
9 i 41 0.15850651493108137
9 j 48 0.007610580492670493
9 k 51 0.012512524705387107
9 l 48 0.06701136279044395
9 m 45 0.04262938034147956
9 n 21 0.016188347735834552
9 p 4 0.02410996633436857
9 r 41 0.022846787504203547
9 s 52 0.08176058278890785
9 v 21 0.008597422040813263
9 w 0 0.10955231806321808
9 x 7 0.00474549678370817
9 y 37 0.004067045442571637
9 z 22 0.1039624927444639
10 b 14 0.06411181195128224
10 c 9 0.0586886049269959
10 e 37 0.04487372128657374
10 g 34 0.05035962547864281
10 h 26 0.02503530511693297
10 i 48 0.19361372514399533
10 k 41 0.08870793787138431
10 m 47 0.04771547194996173
10 n 48 0.032788002842108144
10 p 4 0.004139992486480337
10 r 43 0.003502031340440581
10 s 22 0.08654309623525203
10 t 37 0.013737481548097508
10 u 9 0.042203235497344505
10 w 46 0.01320192850675117
10 y 54 0.0617442840419955
10 z 28 0.11104970084096089
11 b 4 0.06312059054019592
11 d 14 0.03690340261649694
11 f 4 0.029113567824137876
11 g 14 0.10002729118786136
11 k 48 0.5446244179279157
11 t 26 0.031585599667875996
11 u 52 0.09570952021263579
11 v 30 0.04406584213692799
11 x 17 0.03298753993968229
12 b 44 0.0069121560449285635
12 d 18 0.03860913439914393
12 e 10 0.13779414219564035
12 f 12 0.04671875924156399
12 i 7 0.16075660345883713
12 o 27 0.04409121357540169
12 q 1 0.0931632650117068
12 r 0 0.46978668198667195
13 b 11 0.00916632657263916
13 e 48 0.11951560739038747
13 g 18 0.0024846038039747498
13 h 44 0.004823787516138656
13 j 2 0.020809488956684552
13 k 22 0.09838293638410045
13 l 42 0.050929856782369276
13 m 25 0.06600428291078497
13 n 23 0.026361339606915002
13 p 35 0.0010959294756003324
13 r 50 0.10901180085847628
13 s 11 0.09318553658483597
13 t 54 0.07385617222859853
13 u 21 0.037370838508166915
13 v 51 0.012095572553761702
13 w 42 0.042285601803718764
13 z 18 0.2317777663714109
14 a 2 0.018546294002436237
14 b 5 0.00833347809247853
14 c 40 0.03255399312356777
14 d 8 0.10401661360692349
14 e 54 0.005159474667158381
14 g 6 0.1811426961289564
14 i 54 0.005616890759269411
14 l 44 0.050979370994313156
14 m 19 0.022373849003696766
14 n 26 0.045280341890930664
14 p 25 0.061652678933040606
14 q 39 0.09378415525827488
14 r 42 0.017757274080111962
14 s 43 0.056042412226827154
14 t 0 0.1370710275597392
14 w 34 0.010565397276531274
14 y 28 0.048455520430485066
14 z 13 0.08899631348038772
17 a 46 0.6749656259040684
17 p 16 0.30385056372645936
18 k 54 0.11118064236327374
18 n 12 0.4146550773904565
18 p 42 0.15528813304636324
19 c 33 0.004405125865868387
19 d 21 0.19201938152911013
19 e 1 0.02530482873849349
19 f 5 0.018788345610477486
19 g 19 0.012798221748275496
19 h 38 0.07932207293354487
19 i 13 0.011462382056896092
19 j 35 0.044217124116058715
19 k 9 0.006003626673062867
19 l 20 0.05591398289307803
19 m 21 0.12300997811939662
19 n 28 0.15237663315562733
19 o 21 0.015334838532482853
19 p 11 0.0038722648733348075
19 q 48 0.032801824774300825
19 r 2 0.10276731366384317
19 u 17 0.04216826160152909
19 w 10 0.009680927943093165
19 x 22 0.0032513149862778423
19 y 8 0.008426080772123923
19 z 23 0.042647203246918286
20 b 16 0.01678134360835204
20 c 48 0.0013686288842478245
20 g 0 0.08832112964327399
20 j 43 0.037571265259675135
20 o 53 0.07146334998188764
20 p 45 0.11566322228514636
20 q 51 0.05340622614704549
20 r 11 0.14108471525799193
20 t 41 0.006270647514278083
20 u 19 0.031296680551487266
20 v 2 0.0025248814945889597
20 w 8 0.11841312425580575
20 x 30 0.11334603502106977
20 y 46 0.025308808258732607
20 z 26 0.08505064053751665
21 a 32 0.016145658286096154
21 b 46 0.03542894566198107
21 d 25 0.045776789402314555
21 g 25 0.017158824343220358
21 i 27 0.17646221595700484
21 k 54 0.03420371115429666
21 l 14 0.07827235065560578
21 m 10 0.16331481312835783
21 n 14 0.2967584844743958
21 t 29 0.051286050078127365
21 v 33 0.076385943885379
22 a 14 0.013254401904131852
22 b 49 0.057108511248010085
22 c 49 0.0935251179064851
22 d 54 0.001133865509513221
22 e 27 0.30731756853567305
22 f 28 0.009239460199949368
22 g 38 0.0025665080994330403
22 h 38 0.010531197658573133
22 j 10 0.1300374008829791
22 k 47 0.05483571672095788
22 l 53 0.0025795002285100566
22 m 8 0.06717666392393162
22 o 5 0.05249753339878782
22 q 24 0.027182227848547735
22 s 24 0.02324224263698793
22 t 24 0.0010253647981491865
22 u 37 0.03336864193801248
22 v 0 0.00278056333886767
22 w 36 0.0041509688310265025
22 x 50 0.0374115616602797
22 y 54 0.016529536336124195
22 z 27 0.0046218479570270254
23 i 14 0.9886283120677822
24 v 11 0.4035767193012598
25 e 17 0.8677190801494854
26 a 23 0.003830628343998943
26 b 49 0.05262457810433063
26 c 2 0.014149111920346957
26 d 49 0.03518659991009876
26 e 4 0.023716321107728144
26 f 4 0.08141813588547675
26 g 19 0.020779746009363498
26 h 18 0.046561704193206266
26 i 53 0.011726705242747437
26 j 3 0.027609137092591496
26 k 3 0.01683834455919675
26 l 13 0.014710373476830796
26 m 45 0.14854811293965575
26 n 16 0.022284412241211582
26 o 8 0.004414168098831661
26 p 7 0.006777664118148841
26 q 10 0.016953802583838717
26 r 45 0.005494717204120314
26 s 11 0.012258829138534932
26 t 5 0.08303737244718956
26 u 17 0.041845189080966905
26 v 52 0.029206587546262486
26 w 2 0.0012319889136342965
26 x 42 0.007675731850024459
26 y 16 0.08477777967722744
26 z 3 0.11508600846169093
27 d 37 0.08601275996667368
27 f 31 0.03913741835507134
27 s 54 0.07074088875274365
27 x 44 0.19295574142611716
27 y 22 0.057716494887766756
28 b 38 0.00545961650968263
28 d 26 0.7703889391329373
28 o 13 0.03969095698767777
28 p 40 0.05792664496240074
28 v 54 0.06270097605893121
28 w 6 0.05314327181891365
28 y 41 0.000445990647864436
29 a 41 0.011742306644664247
29 b 19 0.06920234972639205
29 c 18 0.060965781230029936
29 d 43 0.02168237386420202
29 e 38 0.022646276034502866
29 g 14 0.052568469778337956
29 h 38 0.008552004799125101
29 i 47 0.008283966215400285
29 j 12 0.053406582213756715
29 k 12 0.01035035933507733
29 l 49 0.05971267212258724
29 n 17 0.0015413689501782013
29 o 33 0.08461094514700696
29 p 56 0.022736050158477017
29 q 39 0.07807754781330145
29 r 15 0.02195351522390221
29 s 54 0.019984867743573664
29 t 22 0.04933331568140176
29 u 29 0.16403054028540576
29 v 0 0.034955169456684754
29 w 54 0.02813692079654362
29 x 45 0.06433172875230142
29 y 26 0.003526252417379916
30 d 27 0.6745894513019381
30 q 52 0.2388488684004625
30 x 41 0.019391551039736776
31 k 27 0.05494739596834852
31 n 8 0.38692155799911165
31 p 46 0.08356524000001087
31 z 48 0.08469742162007232
32 a 18 0.017778442357280655
32 b 7 0.0067022016864817235
32 d 22 0.05857328560030217
32 e 50 0.061772011551334716
32 g 12 0.02623441202833765
32 h 27 0.08996950313800556
32 j 24 0.0021624025566503446
32 k 50 0.06555911144990578
32 l 15 0.0848885817745354
32 m 34 0.1314846365184953
32 n 31 0.06745457405161936
32 o 13 0.0021006979199752474
32 p 9 0.04143697819618941
32 q 27 0.09720673800169866
32 r 6 0.015686800071106566
32 s 47 0.04546753382588975
32 u 30 0.05006426678263798
32 v 49 0.07269766810350076
32 x 50 0.006421808020565023
32 z 50 0.01679030511639301
33 a 31 0.019660767004276547
33 b 46 0.008722667795415195
33 c 16 0.08960661832330497
33 g 55 0.01672258547748917
33 h 36 0.02200323096292589
33 i 19 0.030510094619577766
33 j 6 0.011624673435116195
33 k 13 0.05114096813810043
33 l 53 0.07705261133395902
33 m 33 0.08495022708088418
33 o 23 0.05656673226759523
33 r 41 0.09316775186805137
33 u 43 0.09216064561137882
33 v 37 0.07025314578699349
33 w 31 0.07609698990082914
33 x 32 0.02659939042438031
33 y 11 0.09428749685213611
34 a 1 0.06784983150691926
34 c 52 0.10506756330382805
34 d 3 0.011494469141196118
34 h 48 0.02045889028949688
34 i 8 0.06793301965120935
34 j 26 0.009443983540902812
34 k 46 0.10382742902307818
34 m 29 0.018731765331847283
34 n 41 0.15462024959660703
34 o 47 0.06537627373528065
34 s 9 0.012449151285009674
34 u 20 0.00834219058789143
34 v 21 0.15372907099925215
34 w 26 0.04623475708866098
34 x 21 0.04394019188993503
34 y 16 0.10057934080676367
35 a 32 0.019534398512039752
35 b 14 0.05166099205479191
35 c 6 0.027822529545457164
35 d 16 0.12317058831672678
35 e 18 0.007038920316927988
35 f 12 0.01768247732126249
35 h 17 0.07801723705067964
35 i 22 0.004923073263291888
35 j 48 0.005644629122217193
35 k 43 0.007549821233908238
35 l 50 0.02283804218584773
35 m 41 0.04370680533008375
35 n 6 0.09947090283613624
35 o 40 0.06784140200984834
35 q 40 0.006417744137805714
35 r 36 0.004732419124881204
35 s 32 0.11071623349621806
35 t 44 0.041163715610526785
35 u 8 0.03779486037224011
35 v 23 0.003327801070783565
35 x 50 0.02705287427871006
35 y 21 0.0036551299060365583
35 z 4 0.1578537366249042
36 a 33 0.03843996970237973
36 b 15 0.05788658210485842
36 d 43 0.04883253523082365
36 e 28 0.04059726692162091
36 f 22 0.02698527833150477
36 g 53 0.06328363908550405
36 h 24 0.097968356792
36 i 28 0.015398057387370767
36 m 24 0.031949202915572905
36 o 48 0.010071036880808237
36 p 22 0.06884205244723807
36 r 47 0.012646971546796948
36 s 0 0.03200035155971459
36 t 10 0.02224630595103716
36 u 34 0.02533826985587373
36 w 46 0.12328623811733286
36 x 36 0.018647160559129072
36 y 56 0.041108713976590106
36 z 51 0.11593215009758884
37 a 48 0.01314509117790763
37 b 32 0.016912231344097584
37 c 31 0.09819745151744907
37 d 54 0.07111714284417858
37 e 4 0.045135333858089766
37 f 0 0.032688354090208205
37 g 39 0.12079934619556654
37 h 8 0.02996852863623989
37 i 3 0.020162245838747928
37 j 9 0.03537089545361649
37 k 55 0.00923518762679798
37 l 1 0.031672922090607014
37 m 4 0.06953908754865645
37 n 36 0.005412626375055463
37 o 10 0.07314171552876536
37 p 33 0.007306453183932637
37 q 34 0.04419000427611175
37 r 47 0.05988450360699782
37 s 28 0.016263964081781435
37 t 30 0.04510164362599378
37 u 30 0.0045201495523828905
37 v 42 0.03957295335806599
37 w 3 0.010362666724919478
37 x 20 0.017237334181646746
37 y 8 0.004577843605390375
37 z 12 0.014423672773850926
38 b 25 0.0657496782370921
38 g 53 0.0447955445446524
38 i 32 0.5373934164120258
38 p 32 0.12571075530717957
38 z 29 0.002142146957648694
39 a 37 0.09452874037179804
39 b 8 0.005708300058766214
39 c 49 0.01227034890596923
39 d 1 0.046735670223523984
39 e 1 0.01101254135398988
39 f 49 0.015918671648713856
39 g 43 0.011235407593773616
39 h 16 0.06029819560829197
39 i 21 0.10382976052693105
39 j 7 0.09377495929649193
39 k 29 0.0027545768939006843
39 l 48 0.0814031570872199
39 m 10 0.010477731259917356
39 n 45 0.04565778686692923
39 o 46 0.05516238676834151
39 p 19 0.06180226408916134
39 q 32 0.036498517995754876
39 r 36 0.03300007727291987
39 s 50 0.0032007487900751475
39 t 54 0.00329672052788621
39 u 0 0.04780017310313811
39 v 22 0.008946519605906422
39 w 7 0.028490487846486112
39 y 19 0.008023188568139772
39 z 24 0.025320549658123026
40 a 18 0.11146848595036551
40 b 12 0.028822850951945478
40 d 0 0.011170149366884208
40 e 2 0.050982289192845864
40 f 39 0.06267200745700796
40 h 37 0.012181731675469765
40 i 28 0.010419108396172772
40 j 17 0.054241294179809496
40 k 35 0.08245869474247014
40 m 46 0.0194887972440575
40 n 27 0.017057331702521772
40 p 29 0.03299001245339661
40 q 41 0.06221520400344949
40 r 9 0.06049434633595763
40 s 4 0.07984084574192052
40 u 11 0.11141321739689147
40 w 20 0.017869940261671546
40 x 49 0.08106525795090513
40 y 40 0.04745960892384071
42 a 44 0.04712706429517399
42 b 20 0.07430138805493491
42 d 39 0.1452746347187961
42 e 5 0.2340273585043361
42 g 40 0.0028708015233183115
42 i 10 0.04390309324594088
42 k 20 0.07679441277802657
42 m 48 0.043015098081368275
42 n 4 0.028582338967337417
42 p 54 0.016497857974361874
42 q 50 0.005617061077183405
42 r 42 0.05599618743007129
42 s 35 0.007316598699506072
42 v 43 0.08256609492799494
42 w 32 0.05210894149792389
42 x 45 0.07406487077742507
43 a 15 0.08355618947904464
43 b 43 0.054484898625562606
43 d 24 0.010141126892006969
43 k 13 0.013010631880565948
43 m 14 0.17206390726813026
43 s 13 0.03609751977576037
43 t 15 0.0031943775155880427
43 v 1 0.0115025330809706
43 w 45 0.21823160102596662
43 x 22 0.07589343537778304
43 y 16 0.20544481262413083
43 z 16 0.02290372628968107
44 b 23 0.006205925000365764
44 c 0 0.10778684277710981
44 d 51 0.04679635546018901
44 e 15 0.06567938386137873
44 f 25 0.011992638054211247
44 g 3 0.04040214033415124
44 i 46 0.06811869942161852
44 j 32 0.010819056680686834
44 k 27 0.04434457628706645
44 l 29 0.11359946646857155
44 o 22 0.08080261590609272
44 p 34 0.0026392233539631604
44 r 35 0.011430959127559981
44 s 36 0.04989689102436523
44 t 44 0.007430476988131485
44 u 49 0.18394484989884607
44 v 49 0.01334320832943836
44 x 32 0.09858257595587405
45 a 18 0.09672574703499615
45 c 11 0.07689687945270751
45 e 17 0.021648230228992094
45 f 12 0.17922030399622946
45 g 7 0.05096224783100656
45 i 41 0.07614472673426709
45 j 19 0.02517967496024387
45 k 23 0.09849970329964897
45 l 43 0.009383625357517467
45 m 17 0.020908409409091222
45 p 51 0.050891039745387445
45 r 14 0.05577764417835118
45 s 30 0.0876637190282018
45 t 12 0.003424158174489045
45 v 41 0.0003594136484338373
45 w 52 0.009154477540575856
45 x 5 0.0012241099580918569
45 y 32 0.034434226120453104
46 e 37 0.1985231118740982
46 h 14 0.08155712576215968
46 o 45 0.1652685321051367
46 r 34 0.1474593649355187
46 u 7 0.03363263597182187
46 z 6 0.13304181919905644
47 a 55 0.0049755038556921205
47 b 31 0.028955161394102258
47 c 51 0.013185618802676657
47 d 0 0.04515277142720575
47 e 23 0.16050674500475237
47 f 1 0.007441289367880577
47 g 7 0.05814740327543033
47 i 36 0.027688148316414418
47 j 14 0.057422809343120274
47 k 37 0.0002672479782356296
47 l 12 0.11420742179018761
47 m 29 0.051871147487010716
47 n 1 0.0028097419124669676
47 o 6 0.06680164343097705
47 q 9 0.0030010626587845257
47 r 26 0.016906031340773953
47 s 40 0.014728130158817798
47 t 33 0.05401185684581733
47 u 22 0.008944164861507842
47 v 32 0.026679873256103992
47 w 3 0.050931499200890795
47 x 37 0.12736926962298378
47 y 54 0.02370574200695874
47 z 12 0.02748615460000159
48 a 28 0.018197254242362626
48 b 51 0.04880927027571591
48 c 11 0.0021605430546876025
48 d 14 0.021867548590902453
48 f 44 0.019280710199266138
48 g 33 0.05924192303625009
48 h 17 0.02758873948822338
48 i 28 0.2071328950793041
48 j 43 0.08892959575546455
48 k 9 0.00507172776081799
48 n 37 0.045692022466349846
48 p 10 0.015495689815974267
48 q 4 0.2231473778747992
48 r 22 0.012984930189069654
48 s 35 0.05283454124087017
48 t 27 0.018449643438850583
48 u 23 0.004908543455561687
48 w 43 0.0566196883307678
48 x 23 0.03800406680935964
48 y 20 0.012470355434461955
48 z 54 0.004487722917116521
49 b 33 0.03387971543617441
49 f 56 0.19236489793388167
49 g 23 0.03741859547791837
49 h 43 0.12046838711617014
49 i 40 0.02147852519118365
49 j 31 0.024506684818364155
49 l 26 0.021800268533704426
49 o 47 0.007065352858044216
49 p 1 0.002527253067282298
49 q 48 0.008411735689369593
49 r 18 0.03705366368003171
49 s 9 0.05839131772010242
49 t 13 0.07383896403022383
49 u 41 0.02170561707618801
49 v 8 0.13823437700603247
49 w 29 0.0894418870164988
49 x 34 0.01339748255450568
49 y 0 0.00214878038874311
49 z 34 0.0366516774827822
50 b 55 0.06703511137425755
50 c 45 0.005178513186953948
50 d 19 0.03501901524551143
50 e 19 0.018832819960343583
50 g 22 0.0033905392178454896
50 h 24 0.019140337628635873
50 i 33 0.00247960871875863
50 j 50 0.0502058367687771
50 k 50 0.019653416639674903
50 l 53 0.0049713145130231284
50 m 10 0.012916233737486404
50 n 51 0.01963770431593348
50 o 45 0.05278938707160785
50 p 14 0.06801530883794016
50 q 49 0.009667612665970382
50 s 45 0.045165010983928666
50 t 12 0.04584038061012574
50 u 41 0.09506009524916681
50 v 13 0.0954264577084204
50 w 2 0.12726218721610605
50 x 55 0.07449464605020317
50 y 7 0.0705841898066546
50 z 37 0.029103181591480176
51 f 40 0.09982651106594764
51 g 29 0.11063388282061137
51 h 40 0.02792573319000502
51 m 15 0.0051935167391174986
51 n 2 0.06770600264331628
51 r 12 0.18764897167094519
51 v 14 0.0766548960567055
51 x 14 0.08494647251282461
51 z 22 0.17121064978223288
52 a 39 0.1835231717245841
52 e 1 0.032998002826782225
52 g 26 0.09428956648357456
52 p 31 0.1129178715554815
52 q 41 0.02499557367714944
52 s 48 0.026251768739959713
52 u 10 0.022533834144441878
52 x 0 0.010021875550732084
52 y 21 0.14867392484922404
52 z 12 0.013479098373844423
53 o 37 0.6856010487047639
54 a 23 0.15087015627139222
54 b 14 0.017618147672227802
54 c 14 0.18681442654502245
54 e 3 0.03598370843894516
54 f 2 0.0031096609914222917
54 k 27 0.029275581240923665
54 l 52 0.01544891809671567
54 m 42 0.022093431462318236
54 o 18 0.074441643742991
54 p 35 0.006622604472928395
54 q 31 0.03912441030356317
54 r 45 0.02596322147183394
54 s 50 0.010368912390863239
54 v 19 0.005102971267317735
54 w 40 0.14263082229446955
54 x 48 0.07112319056798322
54 z 12 0.08928765443557718
55 b 24 0.036274343404196774
55 c 11 0.0440661539795042
55 f 5 0.056271880661221796
55 j 30 0.024517339546046624
55 k 10 0.0003560259936322696
55 n 6 0.06114630923860043
55 p 24 0.010234846718459645
55 r 28 0.13330284546281368
55 s 1 0.004964268299855967
55 u 12 0.1871133365657377
55 v 6 0.04856985502376454
55 x 33 0.05779899659186005
55 y 41 0.26654015359579786
56 a 2 0.1924938034559318
56 b 18 0.08246584183182648
56 c 26 0.01712275264528229
56 d 47 0.042967682820091446
56 e 30 0.029625000257694767
56 f 53 0.007968840189063742
56 g 5 0.00016408828280012333
56 h 29 0.037889967930008095
56 i 15 0.06192478357645026
56 j 46 0.019320615217004344
56 k 3 0.07418811068014441
56 l 7 0.030568077695559248
56 m 21 0.05341738416080266
56 n 26 0.00012031324396999388
56 o 6 0.011112612120016574
56 p 48 0.009185038482871
56 q 42 0.009032010602110452
56 r 3 0.05718699787169923
56 s 13 0.0037395306808447604
56 v 23 0.01744615785109216
56 x 30 0.10696692469191171
56 y 11 0.01716266059376159
56 z 38 0.013292838215813951
