86 26 1027
0 0.0736661233298348
0 0.023672447411424713
0 0.3777225484889538
0 0.4786174450938607
0 0.015199042384179573
0 0.22854524558227707
0 0.22623275413603572
0 0.048661563659622376
0 0.999278839963937
0 0.041267788206734046
0 0.12660534402742507
0 0.038309319677483855
0 0.015309241824276398
0 0.011681577441814195
0 1.0
0 0.08691330352324023
0 0.005174905137089958
0 0.11430449343369586
0 0.21160315178767053
0 0.0574523299331785
0 0.05528733024207921
0 0.0484079657115436
0 0.010429563379347084
0 0.04330755319628221
0 0.15213872345055002
0 0.060645323241715676
0 0.32328864931543844
0 0.02201596252790894
0 0.012427956689333275
0 0.06909480291067815
0 0.004727833312930918
0 0.1556373242602228
0 0.26636595206052893
0 0.09591847742197956
0 0.040726305775090954
0 0.014314743808279351
0 0.05283044268380954
0 0.3666186910644603
0 0.01289763470626093
0 0.01588859300680545
0 1.0
0 0.07045352224703616
0 0.03731976964008321
0 0.05517256594683251
0 0.015626955947803722
0 0.1118268861732965
0 0.13200000004779344
0 0.14105719906998682
0 0.02774633484290323
0 0.23376208641126606
0 0.0026455263056737177
0 0.009797473873629725
0 0.004745479957758092
0 0.04362034322175112
0 0.0025212688050411103
0 0.22339229776292813
0 0.2988402655294946
0 1.0
1 0.014839635314831456
0 0.010937325651529828
0 0.31657001478022606
0 0.03321250949564103
0 0.05855540746163013
0 0.024509656298716598
0 0.06256985910339175
0 0.15281955769409228
0 0.041408576484369575
0 0.06995421622311615
0 0.12689271566125504
0 0.09933167801276599
0 0.18045505821445773
0 0.09805562688714864
0 0.11368721612330501
0 0.11658450944396692
0 0.34899668751740387
0 0.10017619372001119
0 0.04754326965191791
0 0.0491479205070684
0 0.2308954200841108
0 0.03769395647052254
0 0.1098487106816215
0 0.043997899052974465
0 0.023841838826275108
0 0.09896192976362661
0 0.004099253674923475
0 0.17893219377484026
0 c 35 0.0741412944953248
0 d 36 0.018567625192268844
0 e 79 0.001159535807334633
0 f 42 0.028243692175953128
0 g 58 0.03664439829259081
0 l 22 0.0930789353620558
0 n 51 0.1120251590111907
0 o 56 0.13916656023969975
0 p 50 0.026023392745164853
0 q 12 0.030239532576274653
0 r 25 0.10320173140566802
0 s 22 0.0019927002729749344
0 t 45 0.03273818138568141
0 u 4 0.06135535388587421
0 v 77 0.06965497356314032
0 w 72 0.07679025613408308
0 y 11 0.0205835335393163
0 z 77 0.0007270205855689493
1 a 30 0.11935389015844722
1 b 80 0.013004794415531151
1 c 73 0.08497692283480984
1 d 59 0.050066371780017604
1 e 65 0.03868118733468284
1 f 37 0.05907155747796167
1 g 9 0.06882928179825298
1 i 48 0.001645660860834175
1 j 0 0.03073908315096463
1 k 52 0.08833640711074942
1 m 6 0.09322865793730473
1 p 24 0.06760401350914025
1 q 81 0.02841758559042462
1 r 32 0.022243950541438018
1 t 80 0.013939935156293659
1 u 73 0.006915424844061047
1 v 21 0.024987593603953973
1 w 8 0.10003975995983505
1 y 51 0.06424547452387241
2 g 43 0.1196813104538017
2 j 37 0.3027000814032089
2 m 34 0.19989605965403556
3 e 61 0.020896673578674085
3 j 41 0.06332569967818358
3 m 9 0.14846281243287873
3 n 1 0.2156857531703018
3 v 27 0.07301161604610107
4 f 83 0.20747739985539482
4 h 21 0.03458098721971503
4 w 31 0.6873196360424808
4 y 65 0.05542293449822977
5 b 54 0.32979791406828085
5 c 34 0.06258548309072176
5 j 85 0.0657979474557624
5 l 57 0.0007401936222688477
5 m 84 0.17421026336510181
5 o 22 0.12683118289648965
5 q 58 0.011491769919097616
6 a 16 0.05582901710830712
6 c 71 0.19156202246995457
6 f 59 0.09050779513388063
6 s 43 0.06358690275215562
6 u 84 0.016640357265305328
6 v 44 0.12319483838169099
6 x 26 0.22406495591455966
6 z 48 0.008381356838110365
7 b 21 0.022976949655684753
7 d 60 0.1233327816413311
7 e 51 0.09052229369239151
7 g 68 0.01420877552649169
7 i 57 0.04604724057711296
7 j 35 0.060325332681708366
7 k 24 0.11508605353469137
7 l 26 0.04507110646278767
7 n 65 0.11750177359618275
7 o 61 0.0920146820218285
7 p 31 0.01196306331964836
7 r 1 0.010233632054959085
7 s 65 0.04043447950300183
7 t 68 0.020073539529699924
7 u 0 0.031966649453041174
7 v 65 0.1095800830898166
8 a 50 0.0007211600360630399
9 f 65 0.1092496091740971
9 k 2 0.1279674210968812
9 m 6 0.15155123400650483
9 v 26 0.11335109619864558
9 x 41 0.45661285131713725
10 b 32 0.06608166422367467
10 n 58 0.35175754939172943
10 q 40 0.2842144134835779
10 s 47 0.10952589346548558
10 u 56 0.021887999148499482
10 x 61 0.039927136259607865
11 f 75 0.38492470880551766
11 q 15 0.5767659715169985
12 a 29 0.05189987548797803
12 c 11 0.07380495968235778
12 d 28 0.02981156720840672
12 e 31 0.1495152986818682
12 f 3 0.0018411751288689437
12 g 3 0.01783463867987678
12 h 44 0.08757617089411163
12 i 64 0.023467391382929415
12 j 3 0.00227681367606003
12 k 43 0.027702342309038674
12 l 30 0.003972063041033924
12 m 25 0.07402634482474524
12 n 60 0.019932478138012577
12 p 31 0.06693791220490941
12 q 37 0.02223039283364736
12 r 79 0.020721158339453094
12 s 11 0.00011655179294178808
12 t 62 0.02354494496175097
12 u 40 0.11440553409786658
12 v 20 0.08041343409568646
12 w 75 0.012384620191158935
12 x 79 0.025243366101672438
12 y 56 0.0382140267147425
12 z 22 0.016817697706606127
13 a 7 0.14439532315195158
13 b 1 0.02231318466464871
13 f 26 0.06780784777199511
13 g 14 0.17856783108133012
13 i 68 0.455369675523271
13 m 82 0.025719621179220664
13 q 61 0.09228423264154628
13 r 14 0.0018607065442223236
15 a 32 0.004215416513456471
15 c 25 0.1110312226406529
15 d 37 0.08408387515512705
15 g 9 0.21950371770375365
15 i 44 0.030391362872295047
15 j 11 0.13353221731816056
15 k 23 0.03161385331314204
15 m 26 0.014778227775858355
15 p 2 0.0026933541447897724
15 s 33 0.010166258652706928
15 w 21 0.2684205745398076
15 y 66 0.0026566158470093804
16 b 58 0.061480584443116326
16 c 63 0.3409933436846776
16 d 10 0.059266544714514535
16 f 4 0.06381915812993444
16 k 7 0.07463633164387717
16 r 64 0.2500289952587095
16 t 83 0.1446001369880805
17 g 36 0.059103962917600006
17 h 18 0.05303437244840048
17 k 71 0.004127348400719488
17 m 61 0.4634673073567094
17 n 11 0.03938318930751483
17 q 11 0.17755528854490066
17 r 38 0.009774215851623969
17 u 72 0.0014892843679740198
17 v 8 0.0777605373708613
18 h 61 0.4095871175319893
18 i 56 0.09688085297803439
18 s 7 0.2819288777023058
19 a 19 0.005159415192758754
19 b 41 0.3194813471295499
19 e 27 0.052366895739958896
19 j 42 0.13923866587359157
19 l 25 0.31237775034176596
19 q 11 0.06491406485792839
19 r 61 0.04900953093126803
20 b 21 0.14998889200352317
20 c 35 0.019101969192644397
20 d 83 0.10140424795871672
20 e 56 0.0012809612663842174
20 f 40 0.03403099786704322
20 g 65 0.03891277789505543
20 h 64 0.06430322659043264
20 i 54 0.03250298027605203
20 j 70 0.05265601927716723
20 k 37 0.01579742648329352
20 l 4 0.0006072272454576977
20 m 7 0.11615454460090135
20 n 2 0.009882350294861397
20 o 49 0.0009302669789981177
20 p 74 0.013024704481244376
20 q 66 0.03281897006283041
20 r 55 0.03168460630829528
20 s 0 0.034196189324907755
20 t 27 0.005431944747144479
20 u 49 0.03184960433147199
20 v 2 0.013231344038219572
20 w 53 0.042588288168866395
20 x 60 0.018803365797582905
20 y 48 0.06860070835849674
20 z 35 0.014929056208329738
21 d 69 0.12285772682875928
21 f 32 0.13388872727124757
21 h 6 0.02663779959311996
21 i 33 0.29615390874635295
21 k 38 0.16791827777972534
21 m 45 0.06371297142901755
21 s 16 0.0050589192489685075
21 v 14 0.1263119017554193
21 z 62 0.009051801635845957
22 a 85 0.022324089352157683
22 b 9 0.015477258801419036
22 c 35 0.004546901952290572
22 d 49 0.07024024900656001
22 e 60 0.0056697235572762406
22 f 44 0.038720452087110724
22 g 74 0.06942301223351832
22 h 12 0.0504117781433705
22 j 32 0.09830287442791297
22 l 62 0.048280970349795505
22 m 77 0.02648936051884354
22 p 50 0.13055546685036035
22 r 13 0.08468257052748374
22 s 60 0.0584005986530276
22 u 83 0.018048479904981707
22 v 72 0.019841463697229944
22 w 9 0.05681400557564742
22 x 50 0.0815850938664664
22 z 64 0.08975608711520067
23 k 11 0.17223057044659806
23 l 6 0.6039968693383923
23 n 42 0.07693180250917853
23 p 57 0.06319312241962538
23 t 7 0.04034008208992357
24 a 55 0.47067796955856755
24 d 18 0.004562339714739849
24 i 29 0.13330599831618428
24 o 9 0.06861782456531462
24 w 72 0.17069714439464367
25 b 58 0.008229325917698094
25 c 47 0.02696272721526516
25 d 11 0.07518103922573083
25 h 83 0.19203692291892005
25 i 47 0.12984166632474747
25 k 61 0.1588497168894325
25 m 47 0.04334213984192492
25 n 75 0.00023436656522957122
25 p 49 0.08494169443857258
25 q 0 0.009934157786916975
25 w 39 0.023238340689046844
25 y 58 0.13501903775113833
25 z 48 0.051543541193661
26 b 79 0.09487259575441576
26 d 28 0.10179321144060405
26 f 48 0.0030831856690021198
26 g 7 0.016290006957686343
26 p 19 0.13147908722425228
26 q 62 0.05850318650306585
26 s 70 0.12045514000909985
26 u 55 0.10403249463230257
26 w 38 0.046202442494132745
27 b 45 0.11496334619597581
27 c 9 0.01297622694932521
27 d 21 0.029539388238235875
27 h 70 0.030247897730021456
27 i 66 0.018185679447309644
27 j 45 0.060203841495346744
27 p 68 0.01875963475127318
27 q 44 0.011683371000772769
27 r 48 0.1475856337864796
27 t 60 0.024608109835987935
27 u 20 0.22853516416821507
27 v 28 0.030205032535367327
27 w 10 0.22801119906405276
27 z 50 0.022479512273727686
28 b 55 0.09235201399504955
28 c 28 0.21420114750615193
28 e 70 0.17043367741327087
28 g 38 0.011912111957468663
28 j 72 0.01854029287754233
28 k 35 0.033416317071854884
28 n 48 0.006727802350464995
28 o 3 0.005158662195460906
28 q 52 0.22264737885037145
28 t 12 0.056578469262682285
28 v 0 0.05337830306335356
28 w 8 0.02301111262565103
28 x 43 0.07852723394909611
28 y 68 0.0006875201922481589
29 a 6 0.04385053303423736
29 b 9 0.003231775668734116
29 d 52 0.06710477245504443
29 e 77 0.01671484537877621
29 f 31 0.09637134562132121
29 h 2 0.027278155540603866
29 i 63 0.06014340650480943
29 k 30 0.20111772123286964
29 l 79 0.08028895818353243
29 o 32 0.19644480652315865
29 q 59 0.013188000460546578
29 r 35 0.014958734487500402
29 u 82 0.003390651669378686
29 v 31 0.10634545042833654
29 y 75 0.0004760399004722915
30 e 4 0.3404529190613351
30 g 16 0.09183613061740636
30 h 40 0.09929958264243455
30 o 65 0.0017863777764994815
30 p 55 0.2561895829592503
30 q 2 0.010473506932240473
30 r 59 0.018213222373494653
30 s 7 0.021241616942041186
30 x 84 0.08160475580263038
30 y 9 0.07417447157973656
31 a 48 0.00660181684586425
31 e 6 0.2230103993145176
31 i 51 0.29916790136612337
31 q 26 0.1408920083453451
31 r 20 0.0012138600768485386
31 u 30 0.003512860074998736
31 v 14 0.023401394695583222
31 y 83 0.10615060855012126
31 z 2 0.04041182647037511
32 c 78 0.054073752711865986
32 f 61 0.17434807824063436
32 k 63 0.09258494046265597
32 m 5 0.41262727652431475
33 b 84 0.2482683633431898
33 k 38 0.13062495448407518
33 p 81 0.019142129422312748
33 r 51 0.15539645474426556
33 s 82 0.04557059123029361
33 u 57 0.30507902935388354
34 a 71 0.0633580840089295
34 c 77 0.01014624812775311
34 d 26 0.07314834840360429
34 e 45 0.0865521877419001
34 f 59 0.05210154948315926
34 g 0 0.014118375728034205
34 i 77 0.07569084092860079
34 k 15 0.012981684354459011
34 l 9 0.05428665641281594
34 m 48 0.051416648859025416
34 o 22 0.017161488022631954
34 q 36 0.01394835821458651
34 r 24 0.010154288318126703
34 t 25 0.24361608081250175
34 u 46 0.10731930491635344
34 w 32 0.008411038768788792
34 x 17 0.03257882086252151
34 y 21 0.029312254411683614
34 z 76 0.002971435849433157
35 b 83 0.018484892939787056
35 c 9 0.06441514037878504
35 d 17 0.020268919701921462
35 e 79 0.05398135023035444
35 f 61 0.053867147626239564
35 g 30 0.010715556798991832
35 i 83 0.05091383959214846
35 j 24 0.002012612780069034
35 n 42 0.14055589226697474
35 p 60 0.058110705837639554
35 q 7 0.1153569204974132
35 r 64 0.04885748473700369
35 s 18 0.10985338054849458
35 t 31 0.016995791301118612
35 v 28 0.0625232315183174
35 w 18 0.13521555966346055
35 y 73 0.023556829773001442
36 a 4 0.010370655261975559
36 b 41 0.03170680787976676
36 c 18 0.05351170769151081
36 d 35 0.016056522303577014
36 e 67 0.04690373398156067
36 f 84 0.0801584314675895
36 h 45 0.06670166413458234
36 i 85 0.007863542648901434
36 j 71 0.04052061636579174
36 k 78 0.0490963028402549
36 l 56 0.0012142377975316032
36 m 34 0.09629166108899767
36 n 34 0.13682244458052029
36 o 77 0.0753375466806373
36 p 56 0.021392090975465683
36 q 54 0.01173760407829827
36 s 11 0.07575517876988491
36 t 21 0.050082159083097544
36 u 68 0.021938090306829694
36 x 61 0.041014988766415295
36 z 12 0.01269357061300147
37 b 38 0.11265685101360956
37 d 19 0.1521160181785305
37 i 24 0.0639254094885412
37 r 85 0.1988850427307849
37 s 4 0.001484332356710083
37 x 48 0.10431365516736346
38 a 65 0.015345117559457222
38 e 6 0.09928998117351606
38 g 82 0.07985281450187098
38 j 11 0.22736353526811282
38 m 16 0.037648803006149145
38 s 74 0.4533180849406915
38 t 16 0.009621438888432143
38 v 36 0.025951410895670213
38 w 38 0.03871117905983901
39 b 42 0.031157582835443787
39 c 69 0.02407501380481336
39 d 34 0.09075648094954347
39 e 69 0.004598255636618864
39 f 66 0.06236388550935079
39 g 73 0.0325575722038518
39 h 1 0.011913672767968841
39 i 34 0.012721017538063095
39 j 81 0.011685265486638619
39 k 30 0.019828677230931735
39 l 23 0.05043711371897708
39 m 85 0.03955744594633348
39 n 16 0.03203937485349717
39 p 82 0.030058866170134868
39 q 39 0.006045911563764217
39 r 10 0.11985832115373174
39 s 39 0.027451723458188027
39 t 7 0.01325918044856722
39 u 10 0.025565026774430955
39 v 83 0.0061160563691586844
39 w 71 0.04363952176493857
39 x 81 0.13574382432394938
39 y 12 0.1526816164842988
41 a 78 0.007709060667894452
41 c 30 0.016746808420113002
41 d 8 0.028897033492115143
41 f 3 0.04863888344853018
41 h 29 0.12460342034378602
41 i 47 0.007821116412770501
41 j 23 0.2337703003721131
41 k 11 0.04308882240131917
41 l 80 0.0006738350347211819
41 m 44 0.09574777518128841
41 n 27 0.02339003888617397
41 p 53 0.08433390720553335
41 r 24 0.033070755585045575
41 t 15 0.013649699930332937
41 u 36 0.007657064312790229
41 v 4 0.054195177924620364
41 w 75 0.0521412966805711
41 x 25 0.025883492792935003
41 y 29 0.008389257301022246
41 z 52 0.019138731359287897
42 a 19 0.006582332200505969
42 c 52 0.014989970283572296
42 d 48 0.0710260196293645
42 e 49 0.08437276775865454
42 g 43 0.004624115492757763
42 h 71 0.04399874053642161
42 j 71 0.07509073487696605
42 l 69 0.08310748284598357
42 m 47 0.07466681489360572
42 o 55 0.09406711137238122
42 q 14 0.016196100280032266
42 r 85 0.02229185411571466
42 t 31 0.07282875057898763
42 u 14 0.0818275680048195
42 v 74 0.07773796404259803
42 x 62 0.08644572501639158
42 z 26 0.05282617843115989
43 a 43 0.1963035035013564
43 c 21 0.026412161795466904
43 f 61 0.07993158637948705
43 g 74 0.10026698045109117
43 h 54 0.17132077947511548
43 i 67 0.04926540455598416
43 j 43 0.0060914012709778476
43 k 4 0.18101439275869247
43 o 49 0.048633444180040786
43 u 69 0.04744616044869754
43 y 11 0.038141619236257696
44 c 19 0.20165761711197594
44 d 41 0.2503777410934993
44 e 37 0.0478382143559426
44 l 69 0.18519391793084783
44 p 19 0.241847624803183
44 q 48 0.05662999599007068
44 s 38 0.0008279327666769198
45 b 58 0.07552886448008422
45 e 31 0.22282254868928664
45 g 72 0.08770882705645411
45 j 22 0.024572864670376893
45 k 57 0.03378060402965344
45 l 27 0.06879335175131807
45 m 53 0.0018993238969431392
45 p 13 0.10153924456257624
45 r 3 0.018189839893526516
45 s 67 0.08872021438007882
45 t 78 0.07973344314841091
45 x 85 0.08488398726799451
46 d 19 0.13269521631746972
46 g 76 0.09864226574717183
46 l 77 0.19264953260480966
46 m 23 0.1710208110492737
46 p 2 0.04318625389012065
46 r 75 0.04224569151270374
46 s 18 0.09370940908584924
46 x 21 0.09385081974480802
47 a 52 0.07205404579251695
47 e 9 0.06149696196833321
47 j 48 0.41479532671157027
47 k 43 0.027647624185199948
47 n 17 0.03451620619353846
47 o 55 0.06443438251208211
47 v 49 0.11919904877951315
47 x 18 0.06294941993392511
47 y 57 0.00184978485333398
48 a 19 0.0014019746041933345
48 b 80 0.09153781721791121
48 c 79 0.039603100828993765
48 e 34 0.038404737208550865
48 f 25 0.07248639951908165
48 h 18 0.041793182290422504
48 i 72 0.07559427685120068
48 j 16 0.06395738768533987
48 k 81 0.022739470317085897
48 l 43 0.03730572000328314
48 m 51 0.07406187061660274
48 n 34 0.023892639793734127
48 o 82 0.024917731549719213
48 p 79 0.10139704714132591
48 q 11 0.02297865761229967
48 r 40 0.049416877906644285
48 s 76 0.021032523772799294
48 t 6 0.024362252680557694
48 u 3 0.04892085175396543
48 x 20 0.0004098845165854126
48 y 38 0.07342058569840282
48 z 85 0.022618675588397252
49 l 45 0.15173729642547662
49 z 2 0.6145006171632573
50 a 73 0.01123272086701943
50 b 56 0.08778213361962017
50 c 38 0.0073887557788119285
50 d 2 0.11118217324486057
50 e 22 0.01766151601646515
50 f 35 0.053828453423655276
50 g 2 0.01725677073252152
50 h 61 0.14963808780076704
50 i 85 0.00605964147399074
50 j 1 0.0011980112065501647
50 k 60 0.05329525277742064
50 l 57 0.00708086084663373
50 m 63 0.05156433699695806
50 n 61 0.0143190263950419
50 o 31 0.002324422448215069
50 p 51 0.018454564235845683
50 r 56 0.023210945014649043
50 s 31 0.1666795913806246
50 t 44 0.026086449824781255
50 u 17 0.01463471530227356
50 v 21 0.035715135721280045
50 w 24 0.09158231067376543
50 x 0 0.01799011682830487
50 y 23 0.01108716143580013
50 z 80 0.00010131964847026609
51 a 83 0.045282284133827844
51 b 54 0.24983082140377932
51 d 17 0.01771979824034886
51 e 85 0.0004366384807507062
51 f 17 0.1632678045284569
51 h 48 0.012185404784487708
51 i 47 0.06496712314740316
51 j 30 0.1190465161802039
51 k 75 0.0022701933046485046
51 l 46 0.10104548085355836
51 m 23 0.00987811752676282
51 n 4 0.0056644607888544085
51 o 1 0.005212344659754398
51 p 42 0.018081931129246054
51 q 14 0.001319309735918206
51 t 33 0.03568381621022698
51 u 16 0.005456452136063272
51 v 17 0.054643170050415746
51 w 49 0.0016227543310077808
51 x 63 0.06746693487635613
51 y 52 0.009121169624299208
52 a 22 0.01906955794561782
52 b 54 0.03530622832592034
52 c 44 0.10446657560650996
52 e 39 0.02580006474190155
52 f 64 0.030653216195120514
52 g 56 0.13028211368345943
52 h 1 0.017421755693113994
52 i 38 0.07258864658282937
52 j 69 0.03701278100588401
52 m 71 0.0033176386838987826
52 n 22 0.0073624060623594945
52 o 73 0.02359796516734447
52 p 14 0.11540682838195249
52 s 41 0.014510016156792371
52 t 12 0.1305114188448957
52 u 17 0.02151244522091289
52 v 49 0.0037203311547789886
52 w 31 0.008116060232572386
52 x 17 0.14536441466015038
52 z 80 0.049234055696226964
53 c 0 0.5472466158065399
53 e 62 0.028929345380800497
53 k 76 0.007382208355291131
53 p 61 0.10720914887066646
53 q 11 0.21720859521453817
53 v 8 0.017325399182113732
53 x 52 0.031078343968299005
54 a 15 0.05310745466109845
54 b 18 0.03111975796306654
54 c 8 0.07853481726497824
54 d 14 0.06652621083788224
54 e 5 0.037928598939637514
54 f 62 0.0029033804163953736
54 g 48 0.12930582048060035
54 h 58 0.01809789121317662
54 i 13 0.022707255403257354
54 k 59 0.09363995288240279
54 l 19 0.021811514111960917
54 n 69 0.02596976284306729
54 o 0 0.04273288103394368
54 p 59 0.0426783213773152
54 q 18 0.04302372508395902
54 r 33 0.08063371389168206
54 s 34 0.019447799356779094
54 t 39 0.0504106391282777
54 u 78 0.0037105365126244294
54 v 49 0.02706306558715621
54 w 52 0.0343855552539587
54 x 9 0.03606787462425154
54 y 10 0.028125958531049045
54 z 48 0.007546243796438534
55 a 63 0.09227949738954844
55 c 31 0.07320697963171452
55 j 61 0.10049398485543781
55 w 45 0.3257335842355259
55 x 66 0.1848936561248452
56 b 49 0.014909535997367107
56 e 26 0.10838645183856166
56 h 22 0.03839036698024578
56 l 18 0.004355058073874818
56 n 17 0.0907396789541347
56 o 45 0.03763506158019425
56 s 51 0.03302427098521432
56 v 47 0.24542378767399287
56 x 7 0.03174179007448996
56 y 84 0.09655373231242992
58 b 51 0.04663100138540344
58 c 69 0.08757161643939093
58 g 76 0.16321986943080136
58 k 34 0.08877988026173078
58 m 68 0.13100697754200974
58 v 66 0.03391168618449514
58 y 36 0.32983665494461933
58 z 65 0.10420267849671783
59 a 29 0.06637394922974749
59 b 22 0.00437313677251594
59 d 46 0.0023280106806540246
59 e 70 0.006768871281882083
59 f 27 0.006770663137897537
59 g 51 0.10974749970969955
59 h 61 0.11766633527111081
59 j 1 0.028565244825527247
59 k 12 0.07000323351220084
59 l 1 0.03385465037428792
59 m 4 0.06260834762064393
59 n 84 0.0268817451221236
59 o 75 0.029037655481088165
59 p 40 0.012305597959442749
59 r 82 0.013962877731854895
59 s 81 0.0005600414749423743
59 t 25 0.0021181057869883446
59 u 3 0.06032253993568182
59 v 43 0.13109356870752198
59 w 19 0.15818866794412512
59 x 77 0.01862496438928718
59 y 82 0.005525499932955369
59 z 18 0.021381467466291215
60 d 69 0.03804445646875432
60 g 25 0.026502425583900813
60 k 55 0.07471617875897385
60 o 68 0.016762125354804813
60 p 53 0.08980524160091541
60 q 70 0.0003346462302497022
60 s 49 0.013820247019136978
60 t 76 0.04696157066115758
60 u 44 0.051816231333966845
60 v 81 0.2263360440524439
60 w 34 0.05295038040290889
60 x 27 0.01899746773890576
60 z 51 0.026382970013655083
61 c 58 0.28178465673492237
61 i 58 0.021534813697965616
61 n 17 0.1605010725797411
61 o 69 0.015277767571074463
61 x 42 0.22131724909373984
61 z 14 0.26637193082691557
62 a 5 0.016756250017870733
62 c 85 0.06791497793834222
62 d 66 0.0544937113471311
62 f 43 0.03782238181749431
62 j 71 0.0598382955548713
62 k 17 0.02579709833893229
62 l 22 0.07159064425644379
62 q 83 0.06896557801528835
62 r 65 0.241636443331965
62 t 70 0.016456289297691384
62 u 11 0.041464687407163026
62 w 73 0.11543861630492169
62 y 40 0.02316569119072409
62 z 55 0.10010392771953058
63 a 5 0.06275479402343487
63 b 75 0.08717916479082899
63 c 41 0.05279553329090625
63 d 2 0.01601044596992829
63 e 23 0.03217743803054163
63 f 56 0.030527699880059322
63 g 55 0.04474906318963878
63 h 54 0.0036364529861420136
63 i 52 0.01842553334804997
63 j 59 0.026940695169222817
63 k 79 0.04471259335162714
63 l 11 0.04760755970518382
63 m 27 0.05789420957599212
63 n 52 0.02854214636600161
63 o 26 0.008549232612927504
63 p 58 0.10520174532851456
63 q 15 0.05438518398666092
63 r 62 0.008873473959116751
63 s 41 0.003023374644139709
63 t 30 0.038320192532898756
63 u 40 0.015425637202736375
63 v 43 0.040862127650578284
63 w 83 0.052367318484938585
63 x 49 0.0014216292531860075
63 y 20 0.04662491087020848
63 z 13 0.04648218749781985
64 a 39 0.04203081180421997
64 c 61 0.07862892501571739
64 e 60 0.013848264984393288
64 i 23 0.014229495250060231
64 j 77 0.014536722694757254
64 k 6 0.058148225144447396
64 l 53 0.01565125202208606
64 m 16 0.03648058719555891
64 n 57 0.10481910509821901
64 o 72 0.029441066526887494
64 p 11 0.029610023539464847
64 s 55 0.026945319280341717
64 t 77 0.16226652844276224
64 u 27 0.10521252632870326
64 v 23 0.07553525030121777
64 x 4 0.03382807563135248
64 y 16 0.09621796163641894
65 e 7 0.7499735708228247
65 j 45 0.09720687148308305
66 a 50 0.016487757854499963
66 b 36 0.1459903425432061
66 d 24 0.01380856222282767
66 e 68 0.019602156468001564
66 f 82 0.024369557807143227
66 g 58 0.03756460990424304
66 i 1 0.024262231457189865
66 k 64 0.015598772194994281
66 l 4 0.04508012769930203
66 m 84 0.019304993138061444
66 n 42 0.031121324454958077
66 p 26 0.10095565206921242
66 q 85 0.045018994269077406
66 r 9 0.0486881019469666
66 u 31 0.0393013652603007
66 w 81 0.07182188731496397
66 x 34 0.257990524203181
66 y 23 0.001624462707501051
67 d 53 0.03686541202165505
67 e 4 0.029930026486697292
67 j 61 0.03463302170019256
67 k 57 0.12417025891309086
67 l 10 0.10049121923991489
67 m 2 0.005787694469707172
67 o 83 0.23458566073130926
67 s 32 0.08499717064193779
67 u 43 0.18983682296360582
67 y 83 0.06624433646391958
67 z 19 0.02250416014485357
68 c 37 0.09584732045443722
68 f 78 0.12101456024356749
68 g 21 0.07623511658731452
68 k 23 0.11635518955189439
68 p 60 0.010403813517140703
68 x 72 0.45325128398439063
69 a 69 0.08230712460724121
69 b 69 0.03744734469659339
69 c 66 0.035592547416393616
69 e 43 0.05757975183442876
69 f 20 0.048703125877017306
69 g 5 0.0048833694157188745
69 i 77 0.08630444762013434
69 j 54 0.0025995293954637066
69 k 31 0.005971189997884596
69 l 65 0.07852675874833226
69 m 9 0.1808363785809214
69 n 35 0.019888446956774275
69 o 32 0.05068530136314475
69 p 3 0.014897493504204662
69 r 8 0.008403076557306655
69 s 54 0.10183474631153788
69 u 9 0.0013549520536673132
69 v 7 0.041272508851411094
69 w 54 0.04112373520901025
69 y 51 0.0004564929900476855
70 d 25 0.11775310160662356
70 f 50 0.1179810587606529
70 i 67 0.09416203849244376
70 m 9 0.012173822437118176
70 n 32 0.006884174882288652
70 o 51 0.01440379531104341
70 q 68 0.016368398183778665
70 r 57 0.04279947811345264
70 t 18 0.02613841302328479
70 u 59 0.03680662471028906
70 v 67 0.02335879832333554
70 w 29 0.0022236435139229016
70 x 22 0.0827535019673673
70 y 37 0.05459699110762417
70 z 77 0.17114110135231675
71 a 3 0.010084135544566553
71 b 54 0.04293945045815195
71 c 66 0.003158024801421022
71 d 61 0.07552501405243706
71 e 55 0.007614114355887325
71 f 49 0.009697104439305715
71 g 68 0.03366299557565089
71 h 3 0.030432577024068652
71 i 66 0.0037818496066958085
71 j 68 0.0012737392320806284
71 k 9 0.034555395962088786
71 l 66 0.011024455804674815
71 m 73 0.04291001975961484
71 n 42 0.06623119842513392
71 o 36 0.014614040005450635
71 p 1 0.15792727166850518
71 q 80 0.023404506111700862
71 r 45 0.04434921924959656
71 s 40 0.11335734616953963
71 t 65 0.09104821047946232
71 u 42 0.004397019253405965
71 w 27 0.03465349163674114
71 x 44 0.00253901294786385
71 y 24 0.042391950621243346
71 z 72 0.00037222992756391626
72 c 32 0.02148691599129171
72 d 60 0.014289297419466274
72 e 30 0.004062365161580539
72 f 82 0.08817681994777604
72 g 27 0.013284925654004964
72 h 38 0.0012035304716312423
72 k 34 0.0011507553714327212
72 l 24 0.02440536494483192
72 m 55 0.10110817138132178
72 n 24 0.026961056055055388
72 o 81 0.05270459554423701
72 p 63 0.21854430540623926
72 r 46 0.09860850133769339
72 s 81 0.014766417762758666
72 t 74 0.00990888313797067
72 v 10 0.04820572892813868
72 w 85 0.06911261456341555
72 x 58 0.01589415006276318
72 z 38 0.062438384735086006
73 c 8 0.01545618388530201
73 d 7 0.012761759764551073
73 f 16 0.2154450406204157
73 i 11 0.09816182845937016
73 m 57 0.008808546619102686
73 n 15 0.05763051794076002
73 q 34 0.011357726551657343
73 r 30 0.04235128292642787
73 s 69 0.004955808011331886
73 t 33 0.04812158525945853
73 u 85 0.0038049083251376903
73 w 2 0.2532122644118465
73 x 22 0.08065997264540181
73 z 79 0.030688065135269782
74 b 62 0.1739399616502948
74 m 56 0.26902882683779994
74 o 79 0.1369737553163377
74 t 65 0.00659771328324521
74 w 20 0.06446305539491848
75 a 4 0.03993460275847294
75 b 40 0.006547093814302851
75 c 15 0.06364999850284314
75 e 19 0.015207475805488535
75 f 56 0.09303118549615541
75 g 62 0.02835913403891932
75 i 82 0.002452464478217564
75 k 50 0.04474299017296768
75 l 43 0.04225869118901193
75 m 11 0.02501627529747308
75 n 77 0.019042126318908004
75 o 47 0.003930752313916264
75 q 71 0.12166757991934574
75 s 43 0.08831426996170377
75 t 7 0.04547150571684433
75 u 47 0.004064787048992824
75 v 80 0.08920674688526875
75 w 51 0.018918027256333403
75 x 61 0.007888960376266407
75 y 33 0.11422308776379297
75 z 5 0.0258960511647639
76 a 61 0.08073962377365607
76 b 33 0.017523768156109787
76 d 9 0.03590398686054197
76 e 54 0.00259974517587358
76 f 71 0.03969062780495192
76 g 75 0.030943473778795805
76 i 4 0.036458797638894036
76 j 8 0.04670894011373061
76 l 59 0.04261930744521414
76 m 68 0.06445898152154128
76 n 51 0.01657022344186254
76 o 15 0.04654526439568196
76 q 53 0.016481150084729168
76 r 46 0.04349473987561858
76 s 26 0.13064842655601272
76 t 76 0.019836377262188343
76 v 46 0.005644613078031879
76 w 68 0.11478287404397125
76 x 84 0.16080580934067645
77 c 34 0.054210387038669205
77 f 36 0.02627734453851116
77 g 50 0.18130033669074108
77 i 41 0.14463285068130483
77 j 16 0.027709027024300226
77 n 7 0.08334773479553703
77 o 44 0.010391734072619174
77 q 47 0.03400018348210809
77 r 73 0.10786660339722265
77 u 58 0.03649511755162782
77 v 11 0.2058688055749437
77 x 32 0.03875195464534664
78 j 63 0.05841394032141112
78 l 46 0.24500552574529755
78 m 64 0.05106184375852507
78 u 47 0.04849369528530645
78 v 24 0.22715786356026224
78 w 11 0.0799590634215237
78 y 38 0.05901264782356308
79 d 66 0.24122305679155542
79 g 36 0.007006397030532185
79 h 50 0.09912644413843685
79 i 57 0.06464594517340783
79 k 36 0.011964716480029614
79 m 83 0.018521693120937655
79 o 35 0.20492909302430762
79 p 20 0.07704230401832457
79 r 53 0.02843219493868976
79 s 73 0.016750704543586625
79 u 18 0.14002288893047565
79 y 0 0.05264060533919368
80 a 3 0.2867368696951992
80 f 75 0.1257343624664552
80 h 26 0.08079532446516369
80 j 62 0.30372823618933065
80 m 6 0.0610598211129757
80 o 47 0.03209667538925409
81 a 39 0.0650824480911597
81 b 25 0.057648754727463225
81 c 67 0.05837822905350354
81 d 76 0.05127142022949227
81 i 22 0.08884871663468374
81 k 43 0.11370616183769955
81 l 10 0.07886345292345631
81 m 35 0.025095375224733707
81 n 22 0.04273503838343895
81 p 30 0.03419156491715902
81 q 40 0.03818700401769315
81 r 7 0.010265833677287506
81 s 9 0.0005161079783718714
81 v 68 0.08136781410329796
81 w 59 0.04242064994497752
81 x 77 0.029652952194538784
81 y 73 0.05612453205378132
81 z 43 0.0816460449542874
82 b 8 0.006127799714251814
82 d 65 0.031192947244321867
82 e 12 0.08379143434749958
82 f 43 0.10970801292184795
82 h 50 0.009612680814103158
82 i 30 0.1322080422679588
82 k 56 0.0004965145915547531
82 l 76 0.002155171134965772
82 n 8 0.016809333597939125
82 r 3 0.007136612411054899
82 s 38 0.047264646031693225
82 t 3 0.12143551819829823
82 u 20 0.09492556041040434
82 v 9 0.01931053353260559
82 w 67 0.06667809414504466
82 x 31 0.19036834046804196
82 z 44 0.03693691934213916
83 a 7 0.017088487641339967
83 b 70 0.04573799823035707
83 c 6 0.03864123537941466
83 e 44 0.001695921036769632
83 f 35 0.06323666350917534
83 g 23 0.03067992833750577
83 h 0 0.07456458742167349
83 l 0 0.08387007062351937
83 m 21 0.020522790392378587
83 n 82 0.041063833759701907
83 o 48 0.005159863653399488
83 q 63 0.02304975775553042
83 r 10 0.018085609405477432
83 s 25 0.15163540965037325
83 t 68 0.05204220327856124
83 u 10 0.025101363476313754
83 v 59 0.013145785274046418
83 w 81 0.10445342815894054
83 x 21 0.004681418774978741
83 y 61 0.057053776243492615
83 z 24 0.0295279382334237
84 a 65 0.18505234968470596
84 c 38 0.04228848095287352
84 d 23 0.014346268233948689
84 g 40 0.27765803853500615
84 j 52 0.014034512907038499
84 k 80 0.010116354683893602
84 n 35 0.0030246361955554857
84 o 29 0.1442226798348527
84 p 9 0.09971368817045834
84 r 57 0.01788835011075518
84 s 81 0.0028500904743524735
84 u 83 0.03444789234041401
84 v 10 0.02307590792459191
84 z 6 0.12718149627663
85 c 70 0.5939239051218482
85 h 61 0.2271439011033115
