78 26 1155
0 0.008722845047842265
0 0.19592009084011874
0 0.036675135014665794
0 0.0292860514539518
0 0.07619436514497324
0 0.021995140824910053
0 0.029285190590939036
0 0.2183672241545479
0 0.01754592488222928
0 0.11793998437647923
0 0.5122622008286757
0 0.030591372875924616
0 0.0428583887108841
0 0.017910022016533467
0 0.005439367031760067
0 0.039499901674547866
0 0.09459488846867647
0 0.10851988590852502
0 0.08227966117885332
0 0.06254687866807618
0 0.08520750403515587
0 0.6081782035419423
0 0.04896951016132567
0 1.0
0 0.0481504695361632
0 0.017095370876711313
0 0.0002150142530702448
0 0.0016136417533462177
0 0.05328926537883227
0 0.022332685638220107
0 0.025925072811585625
0 0.13023679419169543
0 0.04035789884076135
0 1.0
0 0.15394836863060457
0 0.05207431683140251
0 0.0837281095108674
0 0.15509644055326033
0 0.01000134763943017
0 0.06104903947246465
0 0.08645709320494932
0 0.01011721983027769
0 0.010230360424691498
0 0.006516071081072772
0 0.04882478402540358
0 0.009795524236049902
0 0.10888172214892167
0 0.007864789575297682
0 0.03177431754489468
0 0.021962721075897806
0 0.016745458100969612
0 0.012156248936790681
0 0.15667908550307508
0 0.03929925287594127
0 0.021590360880755943
0 0.05902788840505746
0 0.15688773569329384
0 0.1083081808799976
0 0.010469290637694084
0 0.013975982157697575
0 0.09176095579603816
0 0.04701860571054217
0 0.0056673950766166215
0 0.027861492911768093
0 0.17232767600781018
0 0.01738720174853814
0 0.025297436382290428
0 0.04594373554745523
0 0.05470136482737609
1 0.05387963783148875
0 0.029832938335743076
0 0.1052271824817359
0 0.0384811643574372
0 0.06761956556811244
0 0.0011478217021910764
0 0.0079251185730832
0 0.048153988307433004
0 0.09094458167427699
0 a 37 0.04920079800814181
0 b 32 0.0007429823560597404
0 e 29 0.026789970120098983
0 f 1 0.14228828259349657
0 g 70 0.0632693994175465
0 j 38 0.002324568123559634
0 k 0 0.020148422658079146
0 l 39 0.11617466904945395
0 o 7 0.035895372710595175
0 p 11 0.002253383214032567
0 s 61 0.10388173977402526
0 t 34 0.1407251202145825
0 u 48 0.09160972204427986
0 v 2 0.131222842289895
0 w 23 0.000434591211530555
0 x 13 0.010681850327147746
0 y 40 0.05363344083963273
1 b 36 0.5776100540732858
1 d 27 0.03581218365839978
1 m 37 0.005784444213105089
1 p 58 0.012873014045365783
1 q 34 0.09985778813790169
1 s 68 0.07214242503182311
2 b 69 0.05587688982358363
2 c 37 0.02761905859746694
2 d 5 0.017852241732599028
2 e 63 0.012487223874758646
2 f 51 0.006034377872334296
2 g 15 0.0073813531439500535
2 h 17 0.016668328902499363
2 i 16 0.05998544344870427
2 j 2 0.017553272702228284
2 k 67 0.02731625506376334
2 l 68 0.04109605424717222
2 m 46 0.05251829440785816
2 n 15 0.04728720583216284
2 p 23 0.028041281449223354
2 q 6 0.0019570832846392827
2 r 14 0.07276667166509065
2 s 73 0.0888703483814941
2 t 56 0.016750029292564306
2 u 20 0.006748731261998597
2 v 53 0.020490097126672602
2 w 29 0.04968435758763601
2 x 10 0.2017958088573789
2 z 3 0.08654445642955533
3 a 19 0.00033255482257710245
3 b 69 0.00744120736081233
3 d 39 0.019657106272951697
3 e 8 0.012182089292552156
3 f 46 0.029852768557316445
3 g 63 0.12958913804565053
3 h 76 0.009355613397209805
3 i 71 0.06477901273615605
3 k 43 0.04451833464825927
3 l 22 0.12608075290855214
3 m 23 0.03524283671010764
3 o 45 0.12934595744405808
3 t 63 0.09830514986451155
3 v 35 0.05006747079822316
3 w 1 0.013582929807544719
3 x 13 0.16800165079165696
3 y 70 0.03237937508790856
4 b 59 0.009261309919774474
4 d 63 0.03477902229335539
4 e 30 0.11853147433650535
4 f 76 0.0826535270869675
4 i 74 0.005532840029961128
4 k 28 0.15060682642741297
4 l 9 0.015372899415310726
4 m 77 0.008160500536800841
4 o 26 0.04416019044044828
4 p 49 0.009927857076969193
4 q 27 0.033147549956860645
4 r 74 0.1018981478758918
4 s 3 0.13437753099119976
4 w 17 0.015929596952543923
4 x 65 0.15305631857730417
4 z 3 0.006410042937720628
5 a 59 0.028901424209744175
5 b 43 0.0062276899690492105
5 c 56 0.05211012074480226
5 d 40 0.04030392835954111
5 f 14 0.1534953615594209
5 g 3 0.006309236161570642
5 h 73 0.03600083642115148
5 i 6 0.155664613396022
5 j 39 0.02751350859448476
5 k 51 0.02145129337608298
5 l 9 0.007539638825465156
5 m 2 0.06240043337527046
5 o 34 0.015536588387479289
5 r 49 0.20471712650836627
5 t 34 0.09150813569626759
5 u 15 0.04162089444958883
5 z 23 0.026704029140782848
6 a 46 0.03044981627467258
6 b 24 0.001074015115031135
6 c 42 0.011885294513993672
6 d 17 0.001111697688229718
6 e 12 0.007704412923311699
6 f 56 0.08033845374678428
6 h 47 0.16751620737732076
6 i 17 0.02691569868894239
6 j 76 0.13279121356426227
6 k 60 0.019324146869175718
6 l 47 0.006152423138386376
6 m 56 0.017458454417519365
6 n 11 0.06681272653147607
6 o 7 0.03797688498593055
6 p 56 0.01516058030030798
6 q 33 0.062086220007817494
6 r 70 0.0013501703132716703
6 s 15 0.018342024608216656
6 t 70 0.014190605450702054
6 u 14 0.07369483849564706
6 v 63 0.02556149103216676
6 w 29 4.815937895519262e-05
6 x 70 0.018206338261044674
6 y 29 0.09635205742358521
6 z 15 0.038210878302309625
7 b 15 0.042841339496429987
7 c 54 0.03904076728640238
7 d 37 0.025559735275173412
7 h 52 0.309931662973162
7 i 41 0.12389863481993657
7 j 6 0.03356837826451442
7 k 29 0.0364304161256408
7 o 42 0.001716814989100146
7 q 48 0.008584497680650616
7 r 73 0.09671744243069647
7 t 50 0.0010466233375058254
7 u 74 0.00811152542213256
7 v 21 0.0012378035741753557
7 x 70 0.052947134169931576
8 a 4 0.0017489835385292585
8 b 44 0.11253666224016079
8 c 62 0.03294713414417594
8 d 68 0.017990365589540147
8 f 21 0.018007985627739642
8 g 73 0.03498733970822976
8 i 22 0.037754128278834065
8 j 56 0.07612773014121943
8 l 48 0.1288634607011565
8 p 18 0.1008721785958675
8 r 15 0.06680742297390752
8 s 4 0.12509681698682107
8 v 58 0.13124624955835817
8 w 15 0.012686915830668832
8 y 34 0.01680944319400879
8 z 40 0.0679712580085533
9 a 12 0.02704083849414418
9 b 59 0.1978312163803918
9 c 40 0.004768899709594265
9 e 6 0.06355447974698136
9 i 56 0.032112051082636706
9 j 24 0.08831275202794864
9 l 8 0.049804152745416164
9 q 55 0.10459294569154265
9 s 30 0.14087699762277095
9 t 3 0.05505946581004084
9 v 64 0.046742924870698976
9 y 13 0.005921295189306841
9 z 22 0.06544199625204739
10 g 76 0.18422725585872735
10 u 59 0.024527259530207735
10 y 75 0.27898328378238924
11 a 48 0.03811982100161071
11 b 14 0.026680528986450458
11 c 4 0.0003284596424691921
11 d 46 0.004811403087474853
11 e 46 0.003241960773629815
11 f 68 0.1411141630983801
11 g 35 0.09147499160699613
11 h 21 0.00023563129449988285
11 i 1 0.032984346988115476
11 j 45 0.0035613247414646443
11 l 31 0.046975505260838823
11 m 72 0.004089326392409776
11 n 60 5.478428618610476e-05
11 o 27 0.06667374994430131
11 q 22 0.10564412876466112
11 s 34 0.03106163207278745
11 u 67 0.13315662396898809
11 v 23 0.0007019875538365472
11 w 0 0.005325552709172232
11 x 59 0.21174099228830257
11 z 53 0.021431712661500124
12 f 76 0.09649457430487096
12 k 57 0.08679563164772397
12 l 0 0.05941554284119721
12 m 70 0.0558350155290438
12 n 66 0.014340260177185038
12 o 43 0.07950196212346528
12 r 53 0.25311504690026565
12 t 9 0.045268497762565474
12 v 16 0.22228204640396654
12 z 3 0.04409303359883199
13 b 24 0.01605270550282545
13 f 72 0.11388149613800702
13 l 75 0.06658889344920804
13 o 9 0.102271177828961
13 p 17 0.008738813129783307
13 q 60 0.36199474413776056
13 r 66 0.24249424481306647
13 t 72 0.06706315781329686
13 y 10 0.003004745170557821
14 a 21 0.09865821511571238
14 b 70 0.0067327826829667314
14 c 60 0.008083106574049537
14 d 75 0.001528826406706263
14 e 14 0.008147076752096138
14 f 49 0.040356587892757756
14 g 60 0.0524045617113722
14 h 12 0.02687679733139936
14 i 1 0.00323830940177805
14 j 34 0.06424624341544716
14 k 14 0.000919468355103148
14 l 58 0.051016853555484465
14 m 66 0.015330928504723174
14 n 0 0.04873159652674175
14 o 22 0.08265075519508314
14 p 37 0.015026423674042833
14 q 10 0.05820790429073153
14 r 63 0.14220435217287974
14 s 5 0.029227850984909876
14 t 56 0.03268297443212986
14 u 59 0.019672658377053898
14 v 34 0.002827735500681494
14 w 37 0.07133332958771565
14 x 30 0.04742557194440067
14 y 26 0.007275324954826634
14 z 30 0.0597543976274465
15 b 46 0.02258196513301225
15 d 2 0.3470654730060516
15 e 63 0.17515479315843296
15 g 3 0.1270618910300898
15 i 51 0.06595455458041988
15 k 39 0.0121731430933254
15 l 0 0.09608358830473984
15 u 69 0.11442469001938038
16 d 32 0.7558330750023478
16 m 20 0.14957203652897577
17 b 65 0.11099142161464026
17 c 15 0.14581777530253448
17 f 18 0.18487043424435345
17 i 47 0.05401599602564666
17 j 46 0.02384975031933434
17 k 47 0.034689956686916434
17 m 65 0.043018681514560564
17 p 51 0.06078712632195116
17 r 38 0.07642240521965804
17 s 16 0.003913091218055831
17 t 66 0.012501594518915082
17 v 21 0.14060188110490868
18 n 55 0.9177203388211467
19 a 5 0.03136403137964139
19 b 30 0.07252662612485261
19 c 37 0.07029188824215171
19 d 67 0.060910241204049975
19 e 37 0.06678540972636127
19 f 62 0.012975742163553239
19 g 40 0.02617302677513811
19 h 24 0.006164926775425461
19 i 45 0.05655926531461075
19 j 17 0.028792618221832766
19 k 36 0.022955818362811242
19 l 6 0.037274833290155684
19 m 73 0.005392789820383048
19 n 33 0.031452173598018884
19 o 75 0.06290787584670277
19 p 46 0.07555672366137456
19 q 31 0.0058097892794573
19 r 70 0.02127390708436505
19 s 24 0.006726803492405065
19 t 50 0.06571958216165397
19 u 30 0.027043487612178563
19 w 37 0.05207901093850997
19 x 53 0.013923131280145329
19 y 44 0.06651581952226115
19 z 4 0.010277599453883957
20 b 33 0.03419886594137245
20 c 7 0.03975135503640759
20 d 65 0.28719616660641223
20 f 75 0.003987748147799897
20 j 50 0.015427883362107875
20 k 69 0.27332921940456845
20 n 39 0.15405031923693335
20 p 23 0.042455966704363246
20 r 55 0.03204987484430122
20 s 49 0.004751585893682186
20 y 20 0.027593510786895648
21 c 68 0.3918217964580577
22 b 19 0.11126326027819866
22 d 45 0.1811204439652947
22 e 27 0.658646785595181
24 f 14 0.12289813931097537
24 k 55 0.01902063202283122
24 l 19 0.5362421673011586
24 o 4 0.2595915205212699
24 y 68 0.014097071307601738
25 b 28 0.08651697463785735
25 c 33 0.05650938355398705
25 d 23 0.008236702790234696
25 f 58 0.3231306793816947
25 l 44 0.003909664244461375
25 n 56 0.05964122203890676
25 o 77 0.08726348211466839
25 r 33 0.05753836518488742
25 t 45 0.005020457930842048
25 u 18 0.09630268573754996
25 v 31 0.049443326273761246
25 w 73 0.05304138957693094
25 x 47 0.0852606005328721
25 y 32 0.011089695124634646
26 a 12 0.015272672089089667
26 b 21 0.007198134594738392
26 c 49 0.031891466286758874
26 d 37 0.05954503242381626
26 e 72 0.017782201816302745
26 f 71 0.13355316647100812
26 g 31 0.00866866860195914
26 h 39 0.017860397721496724
26 i 41 0.019904158331177868
26 j 48 0.0533128415456704
26 k 15 0.039483634096367126
26 l 58 0.07595652648554141
26 m 3 0.06342637822943076
26 n 26 0.0229979437295027
26 o 55 0.01982972479109235
26 p 18 0.031224985768911084
26 q 48 0.002561386862753201
26 r 36 0.008424397097047565
26 s 39 0.0744058339179442
26 t 30 0.0238742107180262
26 u 67 0.012718216414094097
26 v 71 0.06706206001964643
26 w 72 0.08317584248849053
26 x 27 0.07396574099619224
26 y 39 0.017762006915165718
26 z 70 0.017927357334705962
27 a 51 0.004327195949891172
27 b 16 0.04923067237696199
27 c 54 0.12870403138253794
27 d 13 0.028957971916295677
27 e 41 0.11576169554801519
27 f 62 0.011531714039727747
27 g 16 0.019582264221945866
27 h 5 0.016520670680892136
27 i 72 0.10286381138452061
27 j 39 0.020992207495438175
27 k 8 0.036269119996454546
27 l 13 0.05197461274995263
27 n 77 0.04996382952115597
27 o 9 0.06300209079857866
27 p 29 0.037940741571742986
27 q 76 0.00900118721511678
27 r 33 0.028586441692801
27 s 42 0.02179727498804862
27 t 61 0.07302982248503798
27 u 5 0.03981897929424838
27 w 57 0.036919774302618835
27 x 60 0.0033096993270982367
27 y 49 0.014679368020818262
27 z 16 0.0336211812867544
28 a 30 0.08209175548098946
28 b 67 0.032116659117292
28 c 16 0.20538921639353158
28 d 35 0.02806938760870603
28 e 22 0.051679348471038944
28 f 30 0.01358981988088348
28 g 58 0.022169938562178748
28 h 62 0.06743565545847585
28 j 46 0.0801847599129707
28 k 35 0.0820298967918972
28 l 41 0.018415638728829564
28 m 67 0.05167670970650795
28 n 43 0.01402332401522044
28 o 46 0.011097985318562431
28 p 1 0.029118673513096605
28 q 58 0.0009914258200340864
28 r 65 0.016543983270185803
28 s 34 0.02095238513268549
28 v 30 0.015278308719967049
28 w 64 0.005045037267868202
28 x 11 0.020085326099140044
28 y 0 0.0009623444371967826
28 z 7 0.07776315491390928
29 a 73 0.0053118432589509545
29 b 53 0.000498175369508802
29 c 49 0.03162821910553304
29 d 20 0.013578320995131343
29 e 43 0.06955830572028354
29 f 63 0.032170254916795815
29 g 33 0.0892135984913649
29 h 75 0.03948104687791343
29 i 57 0.04784854266820704
29 j 1 0.06875959833771172
29 k 48 0.04768525172528215
29 l 22 0.03793065654778616
29 m 32 0.04769469945570126
29 n 46 0.03752640762532622
29 o 36 0.07524850283286999
29 p 46 0.03400711619271701
29 q 21 0.04287628791694942
29 r 52 0.01780730685234566
29 s 57 0.0026346622094323147
29 t 10 0.024844308579499153
29 u 28 0.013433363624923644
29 v 64 0.013102667106133725
29 w 25 0.051758440576917475
29 x 34 0.005619578921023494
29 y 40 0.12343953749093939
29 z 36 0.004010620962532241
30 a 12 0.0953365761292716
30 c 45 0.07749935585535794
30 e 2 0.0050458537361105504
30 f 71 0.004121566531181009
30 h 46 0.004617561265366721
30 k 45 0.04411262146224526
30 l 71 0.004804496753831655
30 m 58 0.00883816258272263
30 n 76 0.025851815157064473
30 o 53 0.09776107539199896
30 p 74 0.24778182323860198
30 q 40 1.8966393952601912e-05
30 r 75 0.009615714454024094
30 s 56 0.04600643761639944
30 w 8 0.08025926809027462
30 y 41 0.10912255161864837
30 z 22 0.11328108091136246
31 c 2 0.0024945334158165133
31 d 9 0.01810547618763303
31 e 74 0.009283581490114434
31 k 21 0.09434589408028793
31 m 2 0.1464010815701341
31 n 39 0.05972103784757832
31 p 13 0.23572365063419043
31 q 56 0.08492366006244834
31 t 14 0.057299277615409205
31 u 0 0.07384759667756502
31 v 53 0.06335121667820798
31 y 52 0.024266199548919287
32 g 20 0.17485439362810273
32 p 35 0.2973635493392718
32 s 47 0.48742415819186413
34 a 57 0.08236744701487031
34 b 65 0.06808681180267495
34 c 44 0.04639370740557869
34 d 62 0.020985231131769866
34 e 77 0.0058446805779639455
34 f 4 0.005115188778981761
34 g 7 0.03098842375736377
34 h 6 0.0517628289440788
34 i 15 0.008675761836904772
34 j 32 0.017200338627925915
34 k 4 0.040845255910772815
34 l 54 0.05504097315599821
34 m 76 0.0693825583059996
34 n 55 0.025560233952796163
34 o 6 0.012227318143957389
34 p 72 0.004496013226425122
34 q 19 0.03920017577428003
34 r 62 0.01588975579297447
34 s 25 0.05701081915014883
34 t 6 0.015260037435033458
34 u 50 0.046390776511166076
34 v 20 0.015176003274567806
34 w 69 0.01022116423223951
34 x 39 0.057170007277671075
34 y 8 0.03074063673116867
34 z 18 0.014019482616083434
35 a 61 0.06623495767866572
35 b 31 0.006180355729572984
35 c 35 0.009902945564833288
35 d 30 0.026406014524536836
35 e 29 0.042052867208330014
35 f 37 0.07582953295733352
35 g 26 0.12562536335735108
35 h 34 0.01398458542189196
35 i 35 0.013515646695553829
35 j 32 0.006582614420103661
35 k 39 0.060117169245347934
35 l 0 0.0037973805396850357
35 m 60 0.03923886055433934
35 n 65 0.027419114829844937
35 o 10 0.07025649665534262
35 p 68 0.0014250023989625937
35 q 19 0.06403103328642523
35 r 68 0.03582293628066191
35 s 74 0.007242068687446035
35 t 13 0.03773526128819926
35 u 51 0.023694805727467294
35 v 28 0.04747518353868563
35 w 5 0.02319388233926256
35 x 64 0.104000206569001
35 y 21 0.014682365107065887
35 z 1 0.0014790325626873324
36 a 35 0.02815600776475713
36 b 43 0.052417377682773325
36 c 65 0.04166142015913743
36 d 59 0.042296769791689615
36 i 14 0.06371178922688536
36 j 40 0.08900155017563705
36 k 35 0.04550046804848862
36 p 13 0.08090039178672948
36 t 23 0.0029930128690810465
36 u 63 0.0037816339839483737
36 v 43 0.1767450860458799
36 w 4 0.09237106424177421
36 x 46 0.009261561598993162
36 y 43 0.08233115612291697
36 z 26 0.10514260099044093
37 a 48 0.06355885167802422
37 d 66 0.11321935898854596
37 e 14 0.0979003478217767
37 f 34 0.021822308490412334
37 h 46 0.1582347040244545
37 j 60 0.022712495950435008
37 k 47 0.09803725811052033
37 p 60 0.003623052777885105
37 q 55 0.10171528107001837
37 r 23 0.006093919653560542
37 t 12 0.0664019626645801
37 u 64 0.0017802099840356078
37 y 72 0.0898038082324909
38 b 21 0.03021530386381599
38 c 76 0.06579366489019267
38 d 26 0.10274050573395854
38 f 15 0.023278606528650103
38 g 55 0.02089739080709907
38 i 19 0.18741982555397274
38 j 30 0.07171786378558664
38 k 14 0.006154400059675491
38 l 0 0.021377329821626767
38 m 30 0.06379794463743438
38 n 11 0.035150573654341155
38 o 44 0.018923973110930414
38 q 41 0.15732322147884636
38 t 59 0.008899232773504795
38 u 54 0.037091331493969704
38 v 39 0.059154050543883785
38 w 24 0.06426673250862514
38 x 69 0.012365070211320384
38 y 68 0.003431630903135696
39 a 22 0.001273837343093942
39 b 57 0.044108138841581934
39 d 3 0.04169944207770093
39 e 71 0.03334929646258844
39 k 24 0.31093878924385765
39 l 30 0.03686773681196098
39 m 77 0.04821185420870133
39 n 57 0.021645581961055482
39 o 69 0.03007300938584334
39 s 27 0.0980706293483351
39 v 21 0.09845655301955059
39 w 18 0.1686614631905361
39 y 47 0.005594628632729526
40 b 47 0.293648643095469
40 q 73 0.5054810652491981
40 z 31 0.11441319845038356
41 b 40 0.07288870206244003
41 c 49 0.07627841257034829
41 d 8 0.08011340517714205
41 g 49 0.004914129825162927
41 h 35 0.1021539580054609
41 m 17 0.00033364893515075433
41 n 42 0.10242090484479938
41 p 69 0.026045939849262956
41 r 69 0.059233301687539486
41 s 1 0.16133281548499745
41 u 52 0.055554223095895305
41 w 77 0.1540502365516505
41 x 28 0.01984760369378802
41 y 73 0.017765855846653023
41 z 69 0.056949642539431244
42 a 47 0.07698840866265522
42 b 73 0.005750476930630244
42 c 69 0.00174989597505959
42 d 69 0.0521090109664355
42 g 51 0.02816243205654212
42 j 74 0.022106678358143506
42 l 44 0.03942335385020823
42 n 71 0.3195245518587353
42 p 71 0.06273396936824482
42 q 60 0.09851824893405048
42 r 64 0.19190350333162653
42 v 76 0.04022895134007931
42 w 75 0.0201598856690961
42 x 38 0.030410272273801553
43 a 74 0.041439547461163295
43 c 33 0.059122951729859485
43 d 4 0.11425080904862128
43 e 41 0.06260953524386959
43 f 34 0.15270991252098542
43 i 62 0.058017525612052645
43 j 56 0.06233463421661045
43 l 17 0.061286479884713474
43 o 31 0.005071814809978092
43 p 59 0.13141714180759168
43 r 53 0.018176958737455062
43 s 63 0.013122401324546562
43 x 5 0.02871939191373052
43 y 36 0.05800694347917823
43 z 39 0.12719788112857144
44 a 6 0.04054902451980591
44 c 66 0.06814447491170128
44 d 77 0.11811185991492401
44 e 13 0.16899477576332067
44 i 58 0.0365734205452245
44 l 29 0.040198730713033703
44 n 25 0.33036775160032383
44 o 14 0.02881069170506312
44 s 75 0.06382176227383152
44 v 69 0.022086991649934218
44 z 69 0.03351573237743366
45 b 27 0.010652332066008685
45 e 30 0.030013782927959753
45 f 26 0.013216348930612298
45 h 1 0.05472673708810716
45 i 8 0.07073980362814958
45 j 0 0.0054145396295691706
45 k 63 0.07507545370248925
45 l 1 0.08742214203858589
45 m 68 0.04170348030657045
45 n 50 0.010841256085797224
45 o 30 0.049292189266218145
45 s 54 0.14858253581967762
45 t 27 0.05613378098093147
45 u 25 0.063022014328315
45 v 63 0.13933014615418493
45 x 50 0.12636945831732072
45 y 75 0.007668474493452759
46 a 19 0.03710404582007609
46 b 17 0.03241593297072198
46 c 28 0.007114080850471494
46 d 58 0.11349208034093827
46 e 35 0.018284282224205528
46 f 60 0.010825751191051558
46 g 26 0.09007965601890433
46 i 43 0.16914972607969692
46 j 8 0.014054373749769145
46 k 37 0.014135243068644887
46 n 56 0.02909792269909872
46 o 74 0.015302465412208144
46 p 57 0.08572676339755358
46 q 38 0.08111011751239361
46 r 0 0.03355022151872211
46 s 50 0.0037408745260995024
46 v 7 0.05716636727143265
46 x 36 0.03070051215963321
46 z 16 0.048067861039456594
47 b 15 0.03785947485825547
47 c 13 0.04344230018887629
47 d 62 0.07936249982980326
47 f 43 0.06160967858973765
47 g 27 0.0371738158311643
47 h 44 0.021385878179893902
47 i 25 0.009636356614093455
47 k 25 0.0911198314176429
47 l 57 0.018825680507661535
47 m 69 0.003306780953778121
47 o 30 0.024201987681637283
47 p 5 0.011742288998315642
47 q 27 0.03233860877694239
47 r 13 0.08745716264309455
47 t 45 0.07675550717336244
47 u 41 0.024536044284879654
47 v 25 0.014211187396813263
47 w 28 0.12425073012844035
47 x 17 0.14659928468430428
47 y 55 0.03865496637480437
47 z 77 0.007665145311201216
48 c 28 0.08494336961304683
48 f 63 0.06448174361489234
48 h 71 0.06788159844716124
48 i 53 0.09314618280420661
48 k 48 0.02330827890070497
48 m 69 0.0042874800106497135
48 p 72 0.19832904939663598
48 q 47 0.014537783101066015
48 s 50 0.002284065136335056
48 t 52 0.1457633307843078
48 v 17 0.09946871652647604
48 x 22 0.05597277272239032
48 y 6 0.07007921602963263
48 z 25 0.043742095367599765
49 e 1 0.0066729308944878385
49 g 58 0.1599580591688261
49 h 23 0.2866820730533258
49 n 25 0.1296697512311099
49 t 2 0.171894089356748
49 y 7 0.046893367601895775
49 z 66 0.17626700761770875
50 a 11 0.016657090796001972
50 b 56 0.17701752311779295
50 d 30 0.006806369009601965
50 f 35 0.006321701324073836
50 g 73 0.05083469372145277
50 o 6 0.07934725839389278
50 s 76 0.6234212905276327
50 z 5 0.022848615008581374
51 a 41 0.0037011349978723906
51 b 51 0.1315369732034707
51 c 3 0.02998190844658999
51 e 58 0.039702588901723956
51 g 25 0.00228227734582076
51 h 77 0.02180047559671827
51 i 42 0.03539827154414765
51 k 39 0.05219313111293156
51 l 23 0.10440525380577648
51 n 65 0.005300470372318844
51 o 70 0.028207254026587303
51 p 26 0.10465147405200359
51 q 0 0.18300857542113147
51 s 34 0.05976350339557468
51 t 56 0.00496877486778502
51 u 16 0.01690678546574642
51 v 63 0.02078028258922593
51 w 41 0.09504656923224608
51 x 59 0.013265114776627951
51 y 76 0.026344657008402605
51 z 35 0.008598274900507685
52 a 37 0.03386587488366566
52 b 39 0.13829326054718039
52 c 22 0.01655323230560557
52 d 6 0.012695152083909367
52 e 44 0.006769008712288027
52 g 19 0.11657802833129838
52 h 64 0.02701851472697947
52 i 4 0.0033555878755883173
52 j 68 0.019234027745850146
52 k 56 0.02963253414641487
52 l 4 0.07404912327343471
52 m 73 0.029492735247805935
52 n 67 0.09480132793800022
52 o 19 0.014819753685711867
52 p 75 0.0016648032608757024
52 q 4 0.030804495226571027
52 t 66 0.023326304112440188
52 u 12 0.02658001422198253
52 v 4 0.03325768212568758
52 w 72 0.007802540529399993
52 x 23 0.01562147529481106
52 y 44 0.061894677256864705
52 z 28 0.02521076096455921
53 b 14 0.04905514652505405
53 c 48 0.027547752941886383
53 d 52 0.0024981356607772787
53 g 63 0.09032710720830006
53 h 52 0.013797204308583888
53 i 27 0.027719110144995285
53 k 47 0.10056159649578911
53 l 18 0.0634942517530741
53 m 76 0.24956417734634373
53 n 48 0.006370600987949282
53 o 42 0.05041790011530645
53 p 39 0.04957956739416114
53 q 64 0.008665258088874084
53 r 38 0.000788373442308532
53 s 62 0.017608931374356596
53 t 10 0.026942067800244107
53 w 16 0.05129779047024885
53 x 33 0.0740411383096149
53 y 9 0.05042463675619091
54 m 26 0.0992353429240872
54 n 5 0.2511147052275289
54 o 55 0.15026656448683284
54 z 53 0.47779302648079514
55 c 54 0.17167678234765205
55 j 59 0.23959627413705353
55 v 49 0.505916246444493
55 y 73 0.023782808665744004
56 a 63 0.003556356849604203
56 b 58 0.016467849821909186
56 c 73 0.02623831978584501
56 d 43 0.05669879169247771
56 e 60 0.00456736983198458
56 f 47 0.005186927578005096
56 g 5 0.1573388195676545
56 h 53 0.04139593351862714
56 i 30 0.03986649441155188
56 j 68 0.019905971871205352
56 k 77 0.0228674108672845
56 l 51 0.01426782353833056
56 m 67 0.018919453401618158
56 n 74 0.12932413998576864
56 o 7 0.003179850853035293
56 p 66 0.018316261678352097
56 q 1 0.031938448092450944
56 r 0 0.008120168289393437
56 s 30 0.04610315526785258
56 t 48 0.030539507960564594
56 v 37 0.000188043516972769
56 w 57 0.010537679706575043
56 x 15 0.0807591770752496
56 y 26 0.011880121215480544
56 z 16 0.04494818792891275
57 b 1 0.006180905862313568
57 e 46 0.09569970546335527
57 k 6 0.11834585403594011
57 m 65 0.4474880291363732
57 v 45 0.06760189102581282
57 x 8 0.1265345048759977
57 y 51 0.029840928720209714
58 a 52 0.005120207041707903
58 b 55 0.014680604853097745
58 c 64 0.043770489640421295
58 d 37 0.10579729595986431
58 f 47 0.0580065359540155
58 h 61 0.02601037854793431
58 j 44 0.03607527999995641
58 k 8 0.046383821160617233
58 m 32 0.07346737672209303
58 n 21 0.13669360521604312
58 o 48 0.12796460024002265
58 p 51 0.023645337421192902
58 q 77 0.022969477102859126
58 r 58 0.03996103650259086
58 t 57 0.009359808229099098
58 v 25 0.02157993291090865
58 w 42 0.13293701682386927
58 y 6 0.0022512118450932483
58 z 39 0.06285669319091924
59 a 31 0.001489376629402961
59 b 30 0.040983707989574736
59 c 27 0.008692437940907571
59 d 13 0.025074176588092856
59 e 3 0.018355881682767694
59 f 62 0.0017270303451598634
59 g 11 0.002464477696196843
59 h 56 0.02952602590340847
59 i 47 0.021532707501485837
59 j 55 0.0882514766794048
59 k 76 0.025549563033617106
59 l 63 0.12105881257334838
59 m 56 0.0013075450047154158
59 n 44 0.027491061719672083
59 o 42 0.18177535846271264
59 p 75 0.0539067384051608
59 q 15 0.011568052765243197
59 r 72 0.052257009422318035
59 t 47 0.003743858087968066
59 u 53 0.0476478917061216
59 v 62 0.005757025603914778
59 w 47 0.05187388890006994
59 x 37 0.032628658892038476
59 y 70 0.029467327679307265
59 z 38 0.10189392662969299
60 a 9 0.054158379149107594
60 b 67 0.001354571830013862
60 c 65 0.009948813450812555
60 d 31 0.06110480216461689
60 e 45 0.061939359150239404
60 f 77 0.045172564218261435
60 g 77 0.01426135371505588
60 h 28 0.04905299899205284
60 i 15 0.02997185114123213
60 j 55 0.01360665622525481
60 k 12 0.06578370643608189
60 l 30 0.01690510438485371
60 m 60 0.0474246412965319
60 n 10 0.08146772455594375
60 o 25 0.030800477027878026
60 p 45 0.025043512659825073
60 q 3 0.04605589237145902
60 r 24 0.04908572529631061
60 s 15 0.0027851874300763857
60 t 13 0.02834965776010101
60 u 41 0.07694246121934067
60 v 2 0.0003909303559841426
60 w 35 0.05362111241896772
60 x 34 0.00017111929493163203
60 y 75 0.030068624091922014
60 z 27 0.01277181756710688
61 a 39 0.005456077390866398
61 b 30 0.048404363388895755
61 c 12 0.0018519996796244609
61 e 23 0.19472205011296784
61 f 64 0.04528939736132831
61 g 58 0.09738017846359392
61 h 15 0.016279737745356848
61 i 23 0.04974193163831919
61 j 33 0.042084119043941826
61 k 69 0.03719660906539668
61 l 6 0.015522994900301068
61 n 17 0.03170371465794686
61 o 11 0.0187546676910213
61 p 45 0.05623466814517186
61 q 14 0.05535428572477552
61 r 71 0.013271479893164462
61 s 12 0.05716068821311249
61 t 22 0.033842783415404365
61 u 64 0.023564696011361352
61 v 77 0.020629283172526103
61 w 40 0.03591762672589349
61 x 32 0.011795560600857957
61 y 58 0.0398906271395828
61 z 2 0.00093185410804697
62 c 30 0.27519054528345677
62 g 31 0.21068046581394662
62 l 59 0.282358533863608
62 r 4 0.226103059962372
63 d 49 0.8524170664399026
63 t 47 0.11972144064832935
64 a 56 0.04567104028323454
64 h 30 0.013644577292538651
64 i 30 0.01860265345673373
64 k 3 0.05645599767952625
64 m 55 0.03413707449667014
64 n 28 0.0023063350019653095
64 q 54 0.35794133996311284
64 r 49 0.19129263959745146
64 t 2 0.1076206662209569
65 a 37 0.008358743676068592
65 c 18 0.07946286969826333
65 d 63 0.07143356794298139
65 h 8 0.0748498694499048
65 i 77 0.17186679492304657
65 k 12 0.03501904859225047
65 l 31 0.34932193916612786
65 q 0 0.006073027778137785
65 r 18 0.095658303117786
65 v 40 0.09056863390689507
66 b 73 0.09443010030627441
66 c 64 0.010397824801108069
66 d 20 0.048852778786140694
66 e 47 0.12154451090403662
66 g 21 0.0038765022795581583
66 h 66 0.02846937925026738
66 i 18 0.08757854151651157
66 j 9 0.11442123103689039
66 k 45 0.002633882203875393
66 l 27 0.0042556489908999184
66 n 62 0.069777307551382
66 o 49 0.015083369497411736
66 p 60 0.02434684080803351
66 q 42 0.07103203051009266
66 r 37 0.01749732388323688
66 s 77 0.06393435614448184
66 t 44 0.018639863218555486
66 u 28 0.019602289882122204
66 v 4 0.026585112243772246
66 w 20 0.058181144236085114
66 x 30 0.031064926952225735
66 y 1 0.022547010583057414
66 z 11 0.019950588031690142
67 c 43 0.11179349770112312
67 g 29 0.074875434977272
67 l 5 0.2681125158714287
67 m 32 0.08949055664627159
67 n 71 0.0601297556047401
67 o 46 0.16659768045700707
67 r 3 0.15922622152150245
67 y 16 0.023830601673199725
68 a 34 0.013015099088201199
68 b 39 0.15412512084468666
68 c 72 0.037476749346117555
68 d 36 0.027043006208520737
68 e 7 0.012046154863252445
68 f 15 0.007497527649110602
68 g 11 0.043040482991899665
68 h 66 0.014212206110730818
68 i 41 0.0715801896020638
68 j 12 0.020727854447193605
68 k 35 0.1448426001680745
68 l 11 0.0016159851898944755
68 m 41 0.02025756147046842
68 n 60 0.050283065941855165
68 o 12 0.02262024291798792
68 p 51 0.0015840734282682734
68 q 30 0.0884851419020829
68 r 3 0.014014502714275512
68 s 15 0.021355040716813933
68 t 70 0.08280901387181616
68 u 32 0.006737577895349123
68 v 19 0.002827891562434015
68 w 58 0.008171952077204336
68 x 72 0.03033992523839124
68 y 13 0.003537021785884109
68 z 10 0.04505264714004675
69 a 14 0.0010623144005147411
69 b 36 0.045447665934489456
69 c 42 0.020482693708677613
69 d 51 0.11495199661566935
69 e 71 0.04950334826048175
69 f 67 0.027550753654970728
69 g 54 0.01903376948005775
69 h 10 0.016762754878404285
69 i 10 0.058059760358560863
69 j 12 0.0023826559333823827
69 k 31 0.038734224324606714
69 l 26 0.021708994640820656
69 m 64 0.010209172050183346
69 n 67 0.020605612035216603
69 o 11 0.009724537662201826
69 p 15 0.01456006223890971
69 q 32 0.03564359607326817
69 r 29 0.029803094817820508
69 s 4 0.05050795790871121
69 t 8 0.046275272191030226
69 u 18 0.1310074633513958
69 v 15 0.08543031965449699
69 w 14 0.04090021529220622
69 x 76 0.0035634533529200763
69 y 39 0.013998795513583295
69 z 52 0.038209877835930994
70 a 77 0.03245333151206731
70 b 17 0.0735720495477179
70 d 69 0.05879057294983714
70 i 40 0.08569675185294545
70 j 8 0.07104762714517232
70 k 21 0.05352083043273914
70 l 50 0.07408833481983323
70 m 23 0.14527226465098686
70 o 44 0.009162713292270253
70 p 62 0.02810956477463833
70 q 39 0.04585691474859388
70 r 72 0.00372703191503565
70 s 10 0.08265130053221759
70 t 45 0.013951419072696258
70 u 17 0.029655876421269656
70 w 16 0.037464693020542006
70 x 6 0.020025233233545325
70 z 74 0.10512055174214863
71 a 55 0.058120879311425844
71 c 21 0.053182188691904164
71 d 31 0.11802483255608442
71 f 43 0.14433076810198753
71 h 59 0.15195550904677346
71 j 33 0.051390914144664346
71 k 61 0.005386192867337769
71 m 12 0.021436620372798476
71 q 24 0.018312474355777653
71 s 55 0.0018545671381283713
71 t 67 0.10012830184436994
71 w 36 0.015386751209484184
71 x 35 0.1146407853356114
71 y 24 0.04062203254191654
72 a 28 0.010030963358549028
72 b 72 0.054708444893317054
72 e 15 0.053250668287737724
72 f 55 0.04453044509038129
72 g 30 0.003057167210523848
72 h 49 0.0017833280263277462
72 j 19 0.049429779415241626
72 l 24 0.006465923841993959
72 m 3 0.07323218903040296
72 n 77 0.08011229312455792
72 p 8 0.06784301545660876
72 r 39 0.0016381901473613292
72 s 57 0.06261391836790742
72 u 56 0.03569458642224277
72 x 16 0.09125131342027537
72 y 36 0.12535566803550768
72 z 28 0.20052094151362632
73 a 76 0.051351024430493886
73 c 14 0.10027805885935603
73 d 73 0.025519636938424517
73 e 64 0.12223002422814533
73 f 56 0.01934886451712048
73 g 11 0.04744489663668483
73 h 47 0.13867033266998463
73 j 47 0.03874156375556759
73 k 13 0.05347853179204487
73 l 37 0.016900007501973735
73 m 77 0.0017994719589385921
73 n 27 0.014477507497665743
73 o 43 0.10384458267419949
73 p 15 0.05747318302801441
73 q 20 0.004828097360878081
73 r 21 0.026629717664673924
73 s 19 0.057712125572089934
73 t 15 0.02911822793001373
73 x 13 0.02215597090095145
73 z 40 0.00037860851466631207
74 a 34 5.94492468778407e-05
74 c 73 0.08766660918625213
74 h 72 0.2561686998579167
74 i 46 0.11023117610039068
74 j 1 0.1651288075404045
74 s 5 0.24124852054500834
74 t 63 0.021036857801248643
74 v 58 0.11731205801971012
75 a 76 0.014204101491715249
75 b 74 0.06204812311644081
75 c 68 0.050644986360008803
75 e 6 0.0019759874650322473
75 f 55 0.07733390474849489
75 g 63 0.015725699971761542
75 h 20 0.022449985861698885
75 i 10 0.035863653631513115
75 j 5 0.17891328414182195
75 k 1 0.021545207818471135
75 l 16 0.04272237486927022
75 m 23 0.00495096976403453
75 n 3 0.01565610637581849
75 o 27 0.011060399452758163
75 p 20 0.08323074528000107
75 q 66 0.06287239558436664
75 r 32 0.03789540176603223
75 s 34 0.0622827580339157
75 t 54 0.02340816654086164
75 u 40 0.06375331563719955
75 w 48 0.013095874590458023
75 y 39 0.032136056619091136
75 z 75 0.05830538230615079
76 a 1 0.03534456067958425
76 b 71 0.009025285930717608
76 c 47 0.02687960735343564
76 d 58 0.04795148214791711
76 e 50 0.05170728751904796
76 f 46 0.044506707390956746
76 g 46 0.019882450972807608
76 h 31 0.05472599309531512
76 i 53 0.009512088062199608
76 j 69 0.007383418135771702
76 k 12 0.0026437705239992226
76 l 23 0.03992867470080497
76 m 74 0.032034849499528395
76 n 58 0.18658641591396308
76 o 12 0.008173603236216298
76 p 71 0.03749531426120889
76 q 2 0.014585420472043809
76 s 52 0.13044184457165453
76 t 50 0.014397702175347304
76 u 70 0.025316495188964727
76 v 56 0.11132125342238475
76 w 44 0.003542763543624483
76 x 19 0.024580813243221145
76 y 55 0.006990659063819904
76 z 37 0.006887550588032143
77 a 76 0.0468507042102938
77 b 17 0.04989627720823819
77 c 72 0.01346519380297495
77 d 48 0.019145958180006528
77 e 38 0.08903527600933181
77 f 62 0.028010265562146697
77 g 66 0.05475349831208287
77 h 36 0.04420274262118351
77 i 62 0.07758505740604527
77 j 22 0.08357611830290468
77 m 63 0.02935940722474706
77 n 24 0.04483212905500211
77 o 25 0.010000200141484616
77 p 61 0.03217812896310068
77 q 37 0.013651461301163681
77 r 15 0.04391996983816726
77 s 5 0.06573648504832108
77 t 62 0.03529667789331181
77 v 7 0.03177984098331943
77 w 22 0.0019263599786286667
77 x 44 0.0561563872140628
77 y 1 0.012643350804848796
77 z 5 0.025053928264356706
