85 26 991
0 0.22342827138464494
0 0.011929675397731376
0 0.08364373088469657
0 0.012263698151904312
0 1.0
0 1.0
0 0.029059279741205146
0 0.017951517268117057
0 0.017507697789130416
0 0.09052885258676069
0 0.02229881744596618
0 1.0
0 0.09430576587817252
0 0.0037433479987409868
0 0.09243081811910492
0 1.0
0 0.08015668925751185
0 0.06694998128038299
0 0.022616804360617637
0 0.3651896336871716
0 0.009086481131645008
0 0.5573747113354308
0 0.11973652672806023
0 0.022932537175246792
0 1.0
0 0.031066614548907467
0 0.06988878103581908
0 1.0
0 0.023687089707089326
0 0.024098251314775387
0 0.23343296137024383
0 0.010450117191971198
0 0.14861114897463523
0 0.12398442182210678
0 0.022233688124209672
0 0.015456003894992576
0 0.09331176368230976
0 0.027802425572255207
0 0.1668427862909022
0 0.12344566028480508
0 0.717440897897521
0 0.010851604748680743
0 0.23162559939983052
0 0.055249533676061335
0 0.09797147896275626
0 0.0020734950301911637
0 0.3207486600919113
0 0.15988679507483838
0 0.05789957475645291
0 0.16919494103191934
0 0.132045436992697
1 0.1752699833266761
0 0.0013739095710677551
0 0.03690485591653914
0 0.4772727749649701
0 0.06994148148784596
0 0.2953982592345
0 0.04185524730428358
0 0.09708816550687704
0 0.13071588975025106
0 0.025567374031873258
0 0.11776064162425681
0 0.22155491527678373
0 0.4582663248582659
0 0.4028885912246437
0 0.04504913027112112
0 0.028567189261335058
0 0.06402185211421729
0 0.10824596413890253
0 0.014252622621826694
0 0.009424072815452433
0 1.0
0 0.01164805989847928
0 0.3166199316896614
0 0.15020522864078167
0 0.34716779477048143
0 0.131632876350551
0 0.07318105074644665
0 0.0038268312176551467
0 0.0115817518944894
0 0.05930211013823028
0 0.5232772265311916
0 0.018870730857836526
0 0.0011717760972351776
0 0.05488225373206845
0 a 62 0.02453209377639276
0 e 28 0.11584806069678222
0 i 70 0.20113176914164066
0 k 2 0.0013294205010042637
0 l 15 0.17153417142891092
0 v 77 0.012604408280850854
0 x 49 0.09202908644084118
0 y 77 0.0348629521975814
0 z 12 0.12269976615135081
1 b 25 0.011093224549611036
1 d 73 0.057210343034827305
1 k 4 0.24270111170442732
1 l 69 0.08048093585390081
1 n 43 0.06545785500567092
1 o 78 0.001045094251263201
1 q 59 0.07367690448457875
1 r 61 0.010220598707339157
1 s 33 0.2609801709173395
1 v 55 0.031795021750882446
1 w 36 0.15340906434242818
2 a 43 0.027439853588873686
2 b 29 0.012702594315827986
2 c 74 0.11723158737840578
2 d 5 0.1515532537238784
2 g 35 0.03468580095109741
2 h 42 0.016960890386030658
2 j 53 0.0679592809208226
2 k 79 0.011372238333324347
2 l 35 0.06771585354622967
2 m 80 0.046996881854971084
2 n 21 0.06972312540492487
2 o 6 0.018577318452218994
2 p 27 0.06737622784346131
2 q 16 0.009147689867772257
2 t 13 0.04450463030475271
2 u 54 0.0004585424258857218
2 x 30 0.05360500211605934
2 y 14 0.09834549770076662
3 a 21 0.09778431702408397
3 e 72 0.22071008117094837
3 j 49 0.1141749321223009
3 k 57 0.09031040007932212
3 l 52 0.03545707468784298
3 o 81 0.22752127591754923
3 r 22 0.07262879921720156
3 t 55 0.08384933642412773
3 u 34 0.019250017299524913
3 x 52 0.02605006790519393
6 a 45 0.03791248735889052
6 b 61 0.0074918203440846876
6 c 81 0.04688640079347972
6 d 5 0.10220518523542432
6 f 23 0.009551200898158418
6 g 68 0.01402367914371816
6 h 72 0.00017563429628753013
6 i 10 0.0785724965894351
6 j 5 0.05204832428045314
6 k 32 0.023786557009820353
6 l 10 0.03846299614928406
6 m 60 0.014788545098386008
6 n 62 0.07140383652519011
6 o 33 0.029906727520380705
6 p 50 0.03723959999927895
6 q 9 0.055674781645537186
6 r 11 0.02146720101591504
6 s 28 0.014799826868637789
6 t 3 0.059597545440477684
6 u 37 0.011627701970358784
6 v 20 0.058628452853732194
6 w 60 0.12579412610049734
6 x 28 0.034921276423293124
6 y 84 0.005618030276800634
6 z 42 0.018356286421273293
7 a 61 0.047671796993361326
7 b 19 0.0757097672719309
7 c 69 0.09963966965614901
7 d 12 0.01429234303678073
7 f 29 0.032286536634958285
7 h 65 0.07565342038934242
7 i 28 0.08152636763077681
7 j 16 0.06290541759134483
7 k 62 0.04605891299456333
7 l 50 0.010918927747492257
7 m 40 0.05569577587498076
7 n 78 0.006124139676044638
7 o 66 0.0062879399200164166
7 p 32 0.01257567033248641
7 q 31 0.009454704836420191
7 r 35 0.009129010175781938
7 s 33 0.0470398553992587
7 t 30 0.06397483065240495
7 u 37 0.056056373590489095
7 v 36 0.02144869150726203
7 w 7 0.08019792478861498
7 x 68 0.03462748116859049
7 y 15 0.021264109275032528
7 z 21 0.011508815587799925
8 b 6 0.06329011758468261
8 c 46 0.06118673824678278
8 d 49 0.03244860326957677
8 e 19 0.0459946500069347
8 f 59 0.07254101411893699
8 h 54 0.09754535424901145
8 i 44 0.06709396669395384
8 k 68 0.04601070468143387
8 l 33 0.028953271458932783
8 m 84 0.10439114939979466
8 n 70 0.0062357475249293914
8 o 50 0.029788669441876414
8 p 52 0.07192627206665603
8 r 81 0.012279931104426378
8 t 5 0.053547961384525666
8 u 18 0.013478911555193318
8 v 54 0.01454338386416798
8 w 39 0.002164631601766498
8 x 69 0.11727077247893314
8 y 69 0.04180045147835432
9 f 27 0.1861936082983241
9 m 70 0.07337625097616163
9 o 42 0.029853266133221368
9 q 16 0.005274279621720779
9 s 7 0.536369433270451
9 w 60 0.008738547874599933
9 y 39 0.06966576123876056
10 b 64 0.029586684050549095
10 c 0 0.08644917104590999
10 e 28 0.00047159721054612636
10 f 60 0.02259477538239285
10 g 13 0.04555148590173952
10 i 7 0.02944442658721913
10 k 39 0.06186768997794123
10 l 2 0.10000208489916274
10 m 51 0.05845757328903789
10 n 28 0.07182559620376838
10 o 52 0.016380132823792137
10 p 24 0.032404344509429306
10 q 2 0.0010173093064343997
10 r 63 0.07197626124957757
10 s 63 0.008074877476946352
10 t 10 0.014760119411977302
10 u 72 0.024522358170833147
10 v 10 0.09450847685931385
10 w 35 0.12689099237867918
10 x 45 0.04881039009587551
10 y 0 0.010747580622661568
10 z 69 0.021357255100246553
12 f 46 0.20645311631233287
12 g 2 0.15373157300431461
12 q 46 0.02028131231140251
12 y 46 0.5252282324937775
13 f 26 0.1566594705358776
13 j 26 0.34844636328020817
13 n 28 0.4452333995614107
13 v 74 0.04591741862376253
14 f 24 0.010651601527122523
14 g 83 0.05662015445793622
14 j 22 0.11780567317160673
14 k 84 0.023315709185153022
14 o 81 0.0295447831522474
14 p 32 0.048257430037084714
14 r 36 0.010611652184396969
14 s 79 0.041317523356853014
14 t 8 0.09927291128608406
14 u 8 0.4701717435224104
16 q 74 0.4730629074196132
16 z 0 0.44678040332287494
17 c 64 0.017703663671322256
17 d 45 0.027469249409145635
17 e 34 0.43827919543282967
17 i 2 0.00631498830867816
17 l 75 0.04678400679262762
17 m 42 0.008552894457129145
17 n 73 0.05439829497903892
17 o 30 0.0036303137701799715
17 s 21 0.03252966480624875
17 t 47 0.03339403575503108
17 u 72 0.02165088300229845
17 w 69 0.09044244632874632
17 x 61 0.06336873586604264
17 y 62 0.0006768030008993398
17 z 35 0.08785484313939906
18 a 12 0.009344137770006533
18 b 12 0.0640956614102296
18 d 52 0.16422692544389839
18 e 31 0.07822665946973573
18 h 34 0.06768049549141697
18 i 71 0.04616039741250033
18 j 60 0.011967789074422197
18 k 40 0.03435281711331595
18 n 16 0.02999168211562253
18 o 80 0.08491917304437835
18 p 14 0.0655141830478222
18 r 69 0.07814761444383833
18 s 4 0.019731061258331906
18 t 10 0.0063618458641950815
18 u 33 6.890004981241482e-05
18 v 55 0.028347359765565017
18 w 9 0.04377085772276179
18 y 64 0.06182509160586691
18 z 47 0.08265054353566215
19 b 58 0.04051435849367013
19 l 11 0.032366415034812746
19 p 18 0.4683793370970254
19 u 65 0.09355025568732012
20 a 29 0.01757171346116193
20 e 24 0.020997943522533813
20 f 25 0.25207050968354605
20 g 56 0.25653320698826265
20 i 24 0.06547786268800926
20 j 74 0.055903510589663474
20 m 42 0.017243168388149543
20 n 80 0.01602254568969097
20 q 69 0.03245331399374307
20 s 63 0.004587449718829628
20 t 30 0.01874389128576881
20 u 76 0.016026804559720942
20 w 38 0.01984140228960296
20 x 2 0.08570331275319376
20 y 47 0.11173688325647813
21 d 22 0.004763379437309645
21 i 59 0.0022374903723669792
21 o 43 0.10667361976920553
21 z 83 0.32895079908568703
22 a 0 0.18402703924718933
22 b 37 0.006442865497137129
22 e 16 0.32253832648714376
22 j 32 0.010478556697314567
22 r 4 0.1415755282742479
22 u 18 0.027084043483804554
22 x 69 0.10302620079473668
22 y 22 0.08509091279036585
23 b 84 0.12122442022858526
23 d 27 0.013151060709066797
23 e 32 1.8371219804635963e-05
23 f 58 0.001386183736151958
23 g 18 0.06691532811194412
23 h 29 0.02232338625883412
23 j 81 0.009493442966481358
23 k 7 0.009491815588212327
23 l 53 0.009705603551053321
23 m 6 0.057825230886597634
23 n 69 0.08224790289341877
23 p 64 0.153406337977382
23 r 25 0.05679397171477252
23 s 52 0.010633531221306392
23 t 61 0.013022315289541453
23 u 21 0.003807430707856163
23 v 68 0.01818880940420764
23 w 72 0.25228516618415353
23 x 4 0.04051944082144454
23 y 42 0.029565974616545088
23 z 71 0.005061738737393573
25 j 52 0.1372623692976579
25 m 26 0.14231539773226387
25 o 77 0.12970455488546706
25 r 38 0.3376927904387095
25 t 52 0.09170070498534
25 v 21 0.13025756811165423
26 a 47 0.05558106111111294
26 c 0 0.11071830343206168
26 e 61 0.11133332274235541
26 f 84 0.010464648863326986
26 h 19 0.010303986955399025
26 i 81 0.1749716137530558
26 n 77 0.10357144114835692
26 p 78 0.12538522239272676
26 r 8 0.0013712084631664068
26 u 25 0.06819412854695839
26 v 54 0.003140174105796145
26 x 38 0.08343003751344225
26 y 63 0.004946127179300208
26 z 33 0.06669994275712199
28 d 36 0.11336297634139958
28 e 77 0.20425703074646917
28 i 36 0.1701922824604487
28 k 67 0.047376105072208685
28 l 38 0.07871275005263723
28 m 33 0.08831183887208105
28 o 72 0.042978188892509483
28 p 33 0.016416279170430537
28 u 36 0.18047065283631814
28 z 75 0.0342348058484081
29 b 7 0.044097796891831464
29 c 66 0.0066609952504201875
29 d 56 0.02331559633877711
29 e 55 0.007472434425741081
29 g 84 0.08563799059093025
29 h 51 0.08343117659319177
29 i 14 0.03480861928890722
29 j 58 0.009801217275133722
29 l 69 0.026857158483656662
29 m 37 0.10493829611337935
29 n 54 0.057571784263650394
29 o 39 0.07507996182717647
29 p 46 0.000860198567235404
29 q 60 0.052845439015608786
29 t 76 0.06697096888166076
29 u 23 0.057401960981957156
29 v 35 0.03987754277524114
29 w 6 0.021637587254012325
29 x 50 0.13037756308127868
29 y 5 0.03974728701158026
29 z 33 0.006510173773854433
30 d 31 0.3133073377260942
30 k 57 0.16461224929983376
30 l 5 0.09120885621564823
30 o 1 0.13951849078842982
30 s 71 0.057920104599750166
31 a 51 0.006279821780968864
31 b 43 0.02074364048342059
31 c 56 0.12153254230621768
31 f 42 0.09570100752228039
31 g 38 0.023208355840817485
31 h 23 0.09921286117120576
31 j 5 0.013329784695643387
31 k 81 0.11777168429846585
31 l 29 0.10772391333862597
31 m 19 0.007008223456056228
31 n 25 0.0018230441112481177
31 p 61 0.009998701633649576
31 q 45 0.02991813580872038
31 r 66 0.024063567327032853
31 t 78 0.07457160879952374
31 v 37 0.037409435869494856
31 w 32 0.10854600655649504
31 x 55 0.07164712351616942
31 y 42 0.012322176248968808
31 z 54 0.006738248043023809
32 a 38 0.024963830983929847
32 b 33 0.021317921927382244
32 c 46 0.03716911416111479
32 e 29 0.07802697594092456
32 f 84 0.010715369560043042
32 i 10 0.01569053902994555
32 j 43 0.0013508096906164058
32 l 6 0.06684215541911043
32 m 32 0.224355157978117
32 o 34 0.00040770280075719256
32 p 79 0.020610990104439786
32 q 46 0.033256217573428004
32 s 11 0.007736605149778142
32 t 82 0.025345167562100035
32 v 49 0.01970632750422896
32 w 7 0.005366087675289011
32 x 16 0.07119742113735084
32 y 25 0.01254691773470229
32 z 60 0.17478353909210664
33 p 75 0.026091146228436668
33 q 16 0.2257200616964824
33 t 53 0.05649566561587194
33 u 12 0.10503815685862927
33 x 3 0.4285349093750703
33 y 43 0.03413563840340261
34 a 74 0.010147582579685954
34 b 44 0.0387031005294155
34 c 41 0.019387067377544698
34 d 78 0.0790756929142411
34 e 39 0.030262974848268787
34 f 51 0.015231577700408616
34 g 15 0.15353592531607885
34 h 74 0.012476826783078598
34 i 10 0.016636685125832162
34 j 24 0.019519964291285663
34 k 65 0.032364050389370735
34 l 43 0.04088892858919135
34 m 10 0.036897609254205266
34 n 0 0.014993634033841463
34 o 17 0.02391905389063098
34 p 44 0.029951101713031725
34 q 31 0.021157887391255348
34 r 21 0.006153752876485785
34 s 63 0.08934034691172865
34 t 40 0.039170168545564876
34 u 1 0.0923286961960107
34 v 50 0.005851628784836138
34 w 37 0.026718480065428762
34 x 39 0.01639240168495726
34 y 37 0.06787866857848501
34 z 16 0.038782505504926346
35 c 77 0.02365496624954222
35 d 53 0.1070548771569595
35 i 59 0.11506040132806428
35 m 6 0.11400829302872006
35 n 23 0.09031297837063712
35 o 23 0.19102756091379314
35 v 11 0.003939575557292407
35 w 83 0.203984471218842
35 y 55 0.0703242267986065
35 z 21 0.0651766454825502
36 a 55 0.019358588437998092
36 d 54 0.1620161510999929
36 g 25 0.08177243021540126
36 h 53 0.036657364882658916
36 j 43 0.020017745523322694
36 m 64 0.048749516752896405
36 n 49 0.19538154047821144
36 p 54 0.05068043886407991
36 t 83 0.10318263954376428
36 u 12 0.08612726756809486
36 v 28 0.01153978149395729
36 x 3 0.07674240283329647
36 z 17 0.014462368624015731
37 a 64 0.17198497040675997
37 b 64 0.001855916006591407
37 c 81 0.01598596483454018
37 d 34 0.029339688939406527
37 e 12 0.07135711080172136
37 f 43 0.009994567202611715
37 h 67 0.09114283384876876
37 i 83 0.06542931930518081
37 k 54 0.03202468457903884
37 l 11 0.03507097393050396
37 n 72 0.03626773964140895
37 q 80 0.03814755070624798
37 s 47 0.18760756928488465
37 w 84 0.07000235124341225
37 y 65 0.10235253378409082
37 z 25 0.013633799912576627
38 a 57 0.014209504986208099
38 b 61 0.0492706547718923
38 c 15 0.08795648234007691
38 d 1 0.09293806988385445
38 e 13 0.016028823139287218
38 f 35 0.048753250179653485
38 i 42 0.02255678324393051
38 j 13 0.05323317345045264
38 l 74 0.11801415777077362
38 m 74 0.0011085866336919548
38 n 36 0.04899649946597773
38 o 15 0.001836202853602198
38 q 69 0.05393018441666153
38 r 15 0.0033126754690858684
38 t 4 0.08733975815993289
38 u 84 0.04020677806448736
38 y 36 0.05573418994029955
38 z 71 0.03773143893922948
39 a 33 0.008489648143541029
39 b 7 0.06894530330792159
39 c 37 0.002579174768393644
39 e 18 0.07051386672642457
39 g 58 0.07160149483108491
39 h 53 0.02673097182629014
39 i 72 0.0679222808465878
39 j 70 0.0358683781456578
39 l 28 0.034057757422092494
39 n 7 0.19650301239998114
39 p 40 0.007435070395982235
39 q 71 0.08862143689010926
39 r 46 0.038649321139804016
39 w 10 0.09579357096368113
39 x 46 0.06284305190764317
40 n 38 0.05014969039389516
40 o 71 0.03477275431610505
40 w 69 0.19763665739247882
41 a 2 0.011141030911881455
41 b 81 0.2600621519341959
41 c 23 0.01593862252317746
41 d 77 0.025581075078711324
41 g 79 0.00010054021387662093
41 h 65 0.09329772574769324
41 i 20 0.005670403310890748
41 k 23 0.05859992476081466
41 m 75 0.035857374248846385
41 p 8 0.009235327518924086
41 r 55 0.05282793973295463
41 s 24 0.18225303186394437
41 t 38 0.005808948042511974
41 u 29 0.08758004211370163
41 v 44 0.009976643727404255
41 w 36 0.04711870351204517
41 x 7 0.08056700925968463
41 y 39 0.007531900750060716
42 a 9 0.056612526771875116
42 d 80 0.1321084802970378
42 t 62 0.2830737993481156
42 u 59 0.29657959418314095
43 a 55 0.08494361021294694
43 b 45 0.015973229300006664
43 d 48 0.0023547650675390663
43 f 54 0.07751331783891624
43 g 37 0.127494135531254
43 h 12 0.01241732133514517
43 j 8 0.04017930579397577
43 k 16 0.10670666223833891
43 l 11 0.013011689074985733
43 n 5 0.0265481494174864
43 o 5 0.052052242567379836
43 p 77 0.016649774094047443
43 s 72 0.12264565114152037
43 u 81 0.043930142848264464
43 w 47 0.00238432520521914
43 x 68 0.1439755347298618
43 y 7 0.05597060992705072
44 b 70 0.09434339569705463
44 c 64 0.16266581701698013
44 d 30 0.002367400831705835
44 e 58 0.04736188611827086
44 g 12 0.05110955450207988
44 i 55 0.0033384501010174095
44 k 32 0.053676096642784166
44 m 7 0.005543188713743152
44 n 71 0.1357975455155297
44 o 55 0.0013964317263941428
44 p 67 0.019871633681444734
44 q 3 0.11586416808295563
44 r 69 0.08062098062211653
44 s 39 0.004502834578981152
44 t 4 0.07776546391628891
44 w 44 0.026973153407020667
44 z 80 0.018830519882876207
45 b 36 0.19487458609854003
45 c 1 0.07246001334966468
45 e 79 0.0078962239978011
45 f 14 0.034351198016441487
45 g 79 0.004018879663294284
45 h 64 0.14945471181766778
45 i 72 0.029501609771615644
45 j 53 0.005061071453684618
45 m 17 0.0002054443161427777
45 p 13 0.0049235614296324615
45 r 36 0.07748799386837835
45 s 31 0.04779311479659276
45 t 10 0.038308501971715425
45 u 73 0.010538825805144536
45 v 61 0.13802353469385087
45 w 68 0.06916071078612451
45 y 56 0.11386652313351753
46 u 69 0.6792513399080887
47 a 0 0.2988181124505791
47 p 39 0.10882660627431828
47 s 18 0.42057185377166684
47 v 23 0.011896632428597398
48 a 17 0.06731301521231292
48 b 62 0.014551879185110028
48 c 57 0.004241028339174613
48 d 4 0.05969261603229603
48 e 65 0.0353663565572202
48 f 67 0.036048482276877625
48 g 52 0.09351869698846937
48 h 76 0.006545986169240847
48 i 65 0.029290399238485088
48 j 70 0.1271951773447072
48 k 65 0.0026458568116494163
48 l 22 0.07652792954686594
48 m 28 0.015640488569683142
48 o 42 0.07709041316647847
48 q 62 0.06347882500726432
48 r 0 0.011337017183278175
48 s 3 0.00018648360070216974
48 t 4 0.07652704663879162
48 u 2 0.04269614572089453
48 v 76 0.018097146647180096
48 w 8 0.035212266876264775
48 x 68 0.012054811559702672
48 y 19 0.02594478013038548
48 z 73 0.010897576440512369
49 z 78 0.8308050589680807
50 a 34 0.011514340212807173
50 f 33 0.4125718629663019
50 l 20 0.03998976555414657
50 n 3 0.06405818413613962
50 p 83 0.0006124873457750146
50 r 53 0.03119094322030247
50 s 21 0.10520482471607584
50 u 26 0.11269759010463887
50 v 73 0.03686491112402501
50 y 37 0.044028070389884766
50 z 55 0.009221583237205788
51 f 8 0.05049787960007479
51 l 55 0.293916030902988
51 q 49 0.18593186076692447
51 r 68 0.0030713017455127334
51 t 75 0.045894591124718165
51 u 31 0.24541835253310573
52 a 28 0.02389424857476996
52 b 47 0.038138773324942976
52 c 48 0.03349921730891359
52 d 32 0.006867039069491709
52 f 66 0.024469552186677346
52 g 72 0.15853484688230868
52 h 26 0.16546700203960774
52 i 16 0.0075379591341701024
52 j 80 0.11296200729908223
52 k 84 0.022499253633741945
52 l 82 0.013725809150314627
52 m 56 0.04487057727054056
52 n 24 0.019764903688507474
52 o 71 0.02101908252282292
52 p 77 0.042534028841425875
52 q 22 0.040780677473925
52 r 1 0.03976775840261526
52 s 14 0.04445174506776073
52 t 20 0.005438927678695138
52 u 22 0.007185196277531558
52 v 39 0.0169664120445987
52 w 33 0.0029947857434138303
52 x 5 0.06021198570059583
52 y 65 0.02683077538720169
52 z 40 0.01821352572527679
53 b 12 0.01717420333028663
53 c 2 0.05883025799708419
53 d 69 0.1993664358993047
53 f 41 0.017440920581184516
53 g 71 0.2035093389497673
53 i 84 0.025115289802446483
53 k 37 0.021525293001562473
53 l 29 0.01858239070678136
53 m 20 0.0004742693603583259
53 o 75 0.0023186112378252854
53 q 43 0.09180625002530085
53 r 0 0.059051808697896724
53 s 80 0.10146336727551586
53 u 38 0.07835069107024828
53 v 80 0.06808601614789789
54 e 23 0.3360807950595821
54 r 59 0.18664642997544778
55 a 33 0.045676822851458576
55 b 35 8.308963931458191e-05
55 c 21 0.10047871535111308
55 e 45 0.014955514654021895
55 j 53 0.2521542064176032
55 k 71 0.05673441198890938
55 l 21 0.11663243071242091
55 m 73 0.06906574735029769
55 s 2 0.08778608615665107
55 v 79 0.13428748410079427
55 w 44 0.052204009289569364
56 n 22 0.29671724114776044
56 q 64 0.10273496384806124
56 r 15 0.008085495440516732
56 t 48 0.29706404032916156
57 a 65 0.03093711558095591
57 b 55 0.02919943213790721
57 c 20 0.02497884428285524
57 d 70 0.004496842555649194
57 e 67 0.016695177991076227
57 f 0 0.009899685501245203
57 g 46 0.008392632476647899
57 h 67 0.03303802170892034
57 i 2 0.05853599399019105
57 j 18 0.08032067048607539
57 k 70 0.05299999404765221
57 l 10 0.011583049501657672
57 m 41 0.005869078799503491
57 n 68 0.034964226171141366
57 o 19 0.007354489079911319
57 p 54 0.1195068132329159
57 q 19 0.007742496183226644
57 r 58 0.06309429021946034
57 s 22 0.016650901885112535
57 t 36 0.11187748757915439
57 u 26 0.04089641755920281
57 v 29 0.10574736431367981
57 w 51 0.01475512890392694
57 x 14 0.035804180378945505
57 y 16 0.03280441812870183
58 a 73 0.05898798277443695
58 b 82 0.04383238959894842
58 c 70 0.04005579945207993
58 d 27 0.08989734974055508
58 e 57 0.08314822257994481
58 g 1 0.005534398539829843
58 h 42 0.008464279029577915
58 i 81 0.025906519963587504
58 j 32 0.0509220611030915
58 k 50 0.08165412251946824
58 l 76 0.04849616989066552
58 m 39 0.0340419929728798
58 n 39 0.031650801932925576
58 o 8 2.2491115272416096e-05
58 p 10 0.09929359624823919
58 q 11 0.05017157042944742
58 r 24 0.02458495975839614
58 s 11 0.0355830754172356
58 t 2 0.021658981643801423
58 u 20 0.02863208145288576
58 v 40 0.007861326355616871
58 w 68 0.002136141061578112
58 y 13 0.0019405937513374827
58 z 52 0.028434927161321455
59 o 54 0.579494840835266
59 p 57 0.01327245431239632
59 r 62 0.2765168151020866
60 a 34 6.165519099077255e-05
60 b 83 0.09097693524679429
60 d 57 0.07874443475103465
60 e 33 0.22715015709727393
60 f 33 0.03209213735805183
60 g 50 0.057919030702748175
60 h 75 0.03989589932887172
60 i 82 0.04183254420254101
60 j 35 0.003028794580068439
60 k 12 0.013461542181559372
60 l 24 0.026467919489771896
60 m 29 0.001949120832224649
60 n 32 0.015988712100216906
60 o 5 0.002402923760890685
60 p 81 0.03942375828039002
60 q 68 0.009545859535932788
60 r 15 0.0632227052605584
60 t 62 0.018830091702489504
60 u 52 0.01848085746320638
60 v 7 0.06575437863866462
60 w 24 0.016307242603160743
60 x 72 0.09120352317817426
60 y 80 0.017124983870831945
60 z 59 0.0025674186116797504
61 h 56 0.15406124337083238
61 k 8 0.07505755970483108
61 m 58 0.07141246955029501
61 n 12 0.37033956317318173
61 w 56 0.211368522576603
62 b 73 0.15490164030592413
62 f 1 0.12322205084440296
62 g 11 0.11345622842423864
62 h 49 0.12194659088378434
62 p 31 0.16322951831451238
62 u 26 0.10168905595035382
63 c 63 0.07718863201362314
63 f 2 0.0002227044148619406
63 g 57 0.00635009194907854
63 j 4 0.010242877779243709
63 n 4 0.21434873696499823
63 r 58 0.017190838870035474
63 v 55 0.00957074200374708
63 w 12 0.05352147121261852
63 x 5 0.08758838032478578
63 z 3 0.06550919960874169
64 a 5 0.005622072321673999
64 c 5 0.06707805685204304
64 d 40 0.07461374786875496
64 e 35 0.058381663099142056
64 g 33 0.05916675119940906
64 i 76 0.08271557609177504
64 m 48 0.02842964025246375
64 p 79 0.0025089842954340025
64 q 63 0.000130528719551104
64 r 61 0.022292215324877906
64 s 74 0.036142609146460725
64 t 55 0.14508393036599176
64 w 33 0.014945633237778866
65 a 71 0.08305654996266498
65 b 75 0.019738263001073397
65 c 24 0.00604132200862173
65 d 6 0.07030566689088014
65 e 74 0.018376326586364122
65 f 22 0.021597833872110894
65 g 5 0.020372801678480768
65 h 33 0.009604097840823167
65 i 16 0.14421711180864583
65 j 67 0.03282383409206602
65 k 65 0.17456322501811705
65 m 42 0.05076447013879415
65 n 21 0.0147059972265986
65 o 58 0.07345682731958592
65 p 70 0.006946570755183901
65 q 42 0.036092791472635
65 t 65 0.10948567936961418
65 u 82 0.0014797061016452728
65 v 17 0.030933099965291255
65 w 21 0.003284753219075509
65 x 54 0.015818692553197677
65 y 55 0.011285248847409335
66 a 26 0.025272540907485985
66 b 16 0.004702926533908247
66 d 53 0.06008542306043152
66 e 40 0.050678766983832224
66 f 41 0.07362362500627784
66 g 2 0.046676714276537745
66 h 59 0.0586456888724729
66 i 4 0.009595233129678471
66 j 82 0.006358341662557776
66 k 46 0.050846006753967554
66 l 41 0.03758799240805033
66 m 8 0.022445173309952104
66 n 33 0.025975299523860795
66 o 70 0.0013273388540158138
66 p 48 0.018823197885042386
66 q 46 0.012665416189735934
66 r 22 0.11488054188320207
66 s 27 0.036720291021142715
66 t 41 0.019693516930171295
66 u 56 0.10418437636792655
66 v 21 0.07089019833669719
66 w 44 0.013493111697231663
66 x 23 0.004807934462105923
66 y 40 0.06763185686821982
66 z 12 0.0338212978141601
67 e 65 0.9359781478857827
68 b 4 0.0034029342089403336
68 g 41 0.1953945323689258
68 h 29 0.034177533405349236
68 i 80 0.12071267886867065
68 j 53 0.11091789024664578
68 k 46 0.039201587657489156
68 l 47 0.020139044921980265
68 m 59 0.04118538005349226
68 o 8 0.017061038874969348
68 u 56 0.20278936941291037
68 v 81 0.008736692967230453
68 x 37 0.03860460217068129
68 y 47 0.053289597855138315
68 z 32 0.006141152848674225
69 b 16 0.03365346895253063
69 c 81 0.15970102890475124
69 f 71 0.02461902252429715
69 h 63 0.1570879507898072
69 i 7 0.010012833604546634
69 j 50 0.0331452011666411
69 l 13 0.010867818400938423
69 m 62 0.1734375281509094
69 n 73 0.01961059627261197
69 o 74 0.014647164195009
69 p 43 0.060683880378207045
69 r 45 0.06719128872238489
69 s 68 0.11216688229751925
69 t 12 0.0011505214784153228
69 v 43 0.0030506395378201434
69 w 53 0.02318608733861649
69 x 55 0.04584460314219718
69 z 54 0.03569086152097023
70 a 31 0.009008210406554196
70 b 17 0.030729334614371884
70 d 27 0.252807602672828
70 e 68 0.012780276769954746
70 g 44 0.05220183610290008
70 h 65 0.018570849500115894
70 i 11 0.007898142628560256
70 k 7 0.016683409435176433
70 n 24 0.0335863297017821
70 o 72 0.029611222756974365
70 q 56 0.002645390565685357
70 r 35 0.013939233784006633
70 s 21 0.006909387025426983
70 t 64 0.1356279535468481
70 u 29 0.02136379422025625
70 v 43 0.051039037550344224
70 w 83 0.11511391595846787
70 x 36 0.060841209175784616
70 y 40 0.06521352387869572
70 z 41 0.054005266889813885
72 a 59 0.15019657183394786
72 c 25 0.019245171690883134
72 h 6 0.015467091495924512
72 l 49 0.01673282984358171
72 m 66 0.08053650779494403
72 o 28 0.10911240483084239
72 p 67 0.03938171474179453
72 q 54 0.0874027993063553
72 u 33 0.00685947482259508
72 z 81 0.46341737374065217
73 b 20 0.2956421499723797
73 g 42 0.17259266896242187
73 o 4 0.21514524937553703
74 a 77 0.024147550995103795
74 b 47 0.012088488850640955
74 c 29 0.0008981165638879407
74 e 6 0.1524264579490482
74 g 45 0.08996026974269622
74 h 80 0.001676812318750276
74 k 45 0.038414951866519
74 l 76 0.040172429937352705
74 m 31 0.014852342000299723
74 n 64 0.07578177487527193
74 p 27 0.018638325670206624
74 q 28 0.005615096321422874
74 r 4 0.14424208613039347
74 s 42 0.09407830846869225
74 t 37 0.02299425964495916
74 v 76 0.05191113574349182
74 w 76 0.0031865898836744844
74 x 61 0.011198666503185684
74 z 51 0.04751110789362123
75 b 43 0.1730248200008071
75 j 41 0.023483980769989032
75 n 53 0.046164088137094716
75 o 42 0.005424023896293817
75 t 80 0.08025825041420209
75 x 1 0.3244770420111318
76 b 65 0.08126166072706109
76 d 67 0.22671645522596295
76 r 50 0.560389007696425
77 a 33 0.010134429666712741
77 d 2 0.006723618500767081
77 e 75 0.12711000181591015
77 f 65 0.03952773685225908
77 g 37 0.030109146290843825
77 h 29 0.030657583156852963
77 i 74 0.09355280805030852
77 j 40 0.13905948773322774
77 k 81 0.026770438812226294
77 l 57 0.01576526054048566
77 p 22 0.010532379874337527
77 q 26 0.10633197560291108
77 r 7 0.0020521276433048685
77 s 47 0.022923907611265504
77 u 34 0.04032615617330115
77 v 80 0.14586656311423662
77 x 50 0.037487498247092854
77 y 16 0.01801783003502133
77 z 64 0.023869999532488362
78 a 6 0.04229848230245459
78 b 10 0.11210478215227182
78 d 2 0.05839998806336255
78 e 17 0.054869296520581035
78 f 28 0.03507033740273935
78 h 28 0.04321837345271751
78 k 12 0.00012721642209989614
78 m 9 0.0009868534968399123
78 n 52 0.10004074929636675
78 o 84 0.010413840118177475
78 r 71 0.009200570588723367
78 s 21 0.026453479281798642
78 t 34 0.09770328938434447
78 u 61 0.009113636082594079
78 w 76 0.10271685299815969
78 x 40 0.155611564521688
78 y 64 0.013206836347849249
78 z 58 0.12463702034957647
79 b 29 0.007418407731523247
79 d 31 0.02402582417971666
79 e 39 0.02869546074439644
79 f 14 0.0385546854819655
79 g 9 0.10836496055028355
79 h 16 0.053808092880358704
79 i 42 0.025899994004233817
79 j 3 0.15855720010389796
79 m 75 0.0828997342960518
79 n 54 0.09451867691889881
79 o 23 0.10980905255787032
79 p 79 0.07343594877325776
79 q 19 0.0010008040983429112
79 s 73 0.0025702047573609166
79 t 0 0.03155821602725006
79 u 78 0.05935499367973296
79 v 16 0.0065199925516803425
79 w 25 0.021423972002761582
79 x 14 0.03870054232466291
79 z 80 0.02130148444126434
80 b 25 0.08153030937013284
80 g 21 0.26602300095450837
80 h 49 0.1183375905739742
80 i 7 0.006521642193793253
80 l 62 0.007473980090170529
80 m 29 0.05608473228764732
80 q 30 0.20066786395442016
80 v 8 0.06860830033994048
80 y 49 0.13545047009718258
81 b 14 0.4767227734688084
82 a 83 0.027152518892172628
82 f 20 0.3413476948431735
82 k 79 0.011423065280375622
82 l 35 0.045613346705503655
82 m 28 0.08992233002362626
82 q 53 0.06325829040136643
82 s 28 0.23075695585993428
82 t 38 0.009813544708296984
82 u 46 0.03483398843102736
82 x 51 0.12700753399668674
83 b 71 0.12091733701074614
83 c 29 0.0008190050108988212
83 e 36 0.18124890215450784
83 f 36 0.009050340536894907
83 h 66 0.08005012065018169
83 i 72 0.07065191543569627
83 k 71 0.011594786054369366
83 l 61 0.01436039835465408
83 n 62 0.04687118833246062
83 o 24 0.03175032404024225
83 q 40 0.21744420048265367
83 r 34 0.07944644619953145
83 t 37 0.06196691178895408
83 u 55 0.0651959170453571
83 x 77 0.007460430805616536
84 a 55 0.016838319744259644
84 b 78 0.2948341942270033
84 d 55 0.019902680821329066
84 e 29 0.04061213392032559
84 f 62 0.035170529733917766
84 h 18 0.010256732302944771
84 i 7 0.01609960005376243
84 k 26 0.0293433991050136
84 m 9 0.08284944707110886
84 n 79 0.003984138686120686
84 r 38 0.006131377504233759
84 s 55 0.02229743678637164
84 t 7 0.045794824305459225
84 w 15 0.06425727279917404
84 x 20 0.02517751577112759
84 y 68 0.03538695614962517
84 z 36 0.1961811872861544
