115 26 1431
0 0.4628929262381788
0 0.08792774356498279
0 0.004509938799071023
0 0.006794057888841132
0 1.0
0 0.5853901555626629
0 0.026296818670323963
0 0.24878690802179404
0 0.07618618306484692
0 0.07800182081890139
0 0.03710904815356497
0 0.10109898523000427
0 0.5924702847639542
0 1.0
0 1.0
0 0.17209204861470484
0 1.0
0 0.04495880313244027
0 0.1411783245704442
0 0.27423110721795885
0 1.0
0 0.029974305341219143
0 1.0
0 0.008849127401806434
0 0.011623063480946105
0 0.09804730692275865
0 0.0004152272645473465
0 0.04221448027816599
0 1.0
0 0.3001569394459337
0 0.12944760344112094
0 0.26677962925124077
0 0.042223981161813695
0 0.12106229605953867
0 0.10257627424757365
0 0.061249561729571966
0 0.022608337688225788
0 0.0001678799678048737
0 1.0
0 0.1486037341681462
0 0.016261426089176245
0 0.019472989243687233
0 0.015448303589703172
0 0.18371093012723028
0 0.015003112781171168
0 0.015553874727932904
0 0.006483294554639363
0 0.029419382282524054
0 0.11513203096501434
0 0.0019086530144676317
0 0.027206360494998583
0 0.003670530671213812
0 0.42790523232201594
0 0.28910686264518337
0 0.01996653669140447
0 0.005785610523699747
0 0.071423824449098
0 0.17170126983895861
0 0.004324763182118052
0 0.015591510233194716
0 0.0033408244273599452
0 0.011437296966816168
0 0.0009087719544882411
0 0.39138143958627947
0 0.044836202305162276
0 0.03277642443505724
0 0.008082119588342596
0 0.39413907929010705
0 0.0244272285710444
0 0.17333702362585302
0 0.1826751812912898
0 0.06686911914895277
0 0.028816788802239146
0 0.032795777630480694
0 0.025001850004018
0 0.055221969697625606
0 0.035126471724936104
0 0.015814583882362343
0 0.07653960767617984
1 0.25252570037999844
0 0.004540062272773926
0 0.1542073117974616
0 0.016288574315640902
0 0.026425902730131345
0 0.2724781843519877
0 0.012699684945437606
0 0.038138919188069775
0 0.046522645976298294
0 0.08589332297542929
0 0.7198420882478032
0 0.04972736061444882
0 0.05175678756928548
0 0.030130226006654715
0 0.35619813160256664
0 0.012135808320291375
0 0.040652921972467615
0 0.026726555920120854
0 0.027131163223912624
0 0.011048898611725866
0 0.06363745917626984
0 0.0766866795272475
0 0.09040857658826196
0 0.09435777895187647
0 0.6133857061626765
0 1.0
0 0.17873900463874415
0 0.07110359060693139
0 0.16697243376386683
0 0.3441256487599751
0 1.0
0 0.10280099083234506
0 0.01473382564453185
0 0.09915906040146938
0 0.05022436147101672
0 0.011926441293769074
0 b 44 0.19060254412208588
0 e 34 0.2560228263832196
0 s 0 0.02326720576919261
0 u 68 0.06721449748732311
1 a 75 0.015407043654795727
1 b 108 0.09807967175890342
1 d 108 0.016254489548669815
1 e 10 0.04652396793506253
1 f 36 0.021540217354103608
1 g 5 0.11623349434293728
1 h 48 0.11584114194672945
1 i 21 0.024688617802544943
1 j 100 0.0065195203305290494
1 k 54 0.05983801381582088
1 l 77 0.03780368139056289
1 m 29 0.06784031793351297
1 n 50 0.000843813891094447
1 o 19 0.07211752523040049
1 p 23 0.011948965106332254
1 q 73 0.03780857941110294
1 r 59 0.004152460449215023
1 s 70 0.016785643950673168
1 t 9 0.004654912177006976
1 u 12 0.0756196768915548
1 v 111 0.0018805072523502275
1 w 76 0.012581452527201775
1 x 60 0.035735935513865114
1 y 45 0.00015755098416270208
1 z 86 0.01121505523588473
2 a 82 0.05170437994295274
2 b 90 0.012296878402294431
2 c 43 0.02386487831281825
2 d 26 0.03227751227749731
2 e 21 0.06560980571637831
2 f 107 0.034929111900356746
2 g 10 0.09989028068688999
2 i 107 0.018385482306288337
2 l 84 0.12303105736741271
2 n 67 0.010931201697129689
2 o 23 0.017762029578820338
2 p 74 0.004935908462866512
2 q 69 0.03337181911775755
2 s 78 0.012005091149857927
2 t 97 0.10314019849832068
2 u 77 0.0629787084807405
2 v 36 0.0949759028460696
2 y 27 0.11307663896542564
2 z 56 0.08032317549105172
3 a 17 0.040171626504955094
3 c 108 0.013123817982051866
3 d 44 0.010029307826723288
3 e 107 0.010838190172464235
3 f 42 0.04030886573486692
3 g 111 0.004792597491842354
3 h 26 0.023927266063851538
3 j 112 0.11916747664307914
3 k 99 0.07504993331559129
3 m 6 0.05211874807603245
3 n 74 0.0096692638846827
3 p 14 0.04861173298511823
3 q 54 0.2124049970607429
3 r 30 0.06950238457726099
3 s 61 0.00019803177624933
3 t 11 0.0024428467588669678
3 v 62 0.14091391743678605
3 w 52 0.038550231870383644
3 x 6 0.08050929000221452
3 y 94 0.0008754159473953749
5 v 83 0.41460984443733706
6 a 87 0.022140787546229723
6 b 15 0.059507858792524515
6 e 104 0.04792487971908188
6 f 107 0.008269248192270928
6 g 57 0.1522260881862355
6 h 9 0.03760365588272396
6 i 70 0.017955685595629323
6 j 19 0.029931497252354444
6 k 16 0.018287934028544783
6 l 96 0.04862889580207885
6 m 90 0.09799979268534109
6 n 92 0.022875407601541387
6 o 42 0.05010207456479687
6 q 28 0.010421176636555174
6 r 83 0.020952248270869278
6 t 46 0.10246056620214394
6 u 11 0.04321753969629616
6 x 103 0.04037215780729875
6 y 114 0.07081231612446515
6 z 12 0.07201337074269432
7 b 108 0.038428079908547574
7 d 65 0.01738005858839653
7 g 3 0.01568658489686292
7 n 100 0.12967566751917392
7 p 28 0.18924729725446343
7 q 73 0.025577649817050352
7 r 13 0.03136585563441485
7 v 97 0.12349186957119584
7 z 20 0.18036002878810053
8 b 34 0.08569273167095082
8 d 111 0.0580902224274259
8 e 74 0.019332282052253236
8 f 96 0.11328873596232747
8 i 99 0.06177650798645329
8 j 103 0.11766330988488138
8 k 89 0.03629365907160542
8 l 61 0.007976343041740108
8 n 73 0.029638541920252837
8 o 52 0.10427689028005871
8 q 87 0.093890811094134
8 r 94 0.01003338118503816
8 s 17 0.012277695138227407
8 u 98 0.06358483456602737
8 w 56 0.08158509399954639
8 x 114 0.028412776654230587
9 a 94 0.011485934374560691
9 b 10 0.05028120440723538
9 c 39 0.03267423735569919
9 d 14 0.06906447292473716
9 e 107 0.07217094394102586
9 f 34 0.016907325063474477
9 g 2 0.11570233125792573
9 h 54 0.06549889029608447
9 i 12 0.007537562354611116
9 j 98 0.07386804899199473
9 k 108 0.010165665439430649
9 m 80 0.01903578412640139
9 n 99 0.06493815889464127
9 p 73 0.0384905643099378
9 q 90 0.0371890686503924
9 r 60 0.012993228928999678
9 s 35 0.055989254367439956
9 u 38 0.07256994017038887
9 w 61 0.010698059319644626
9 x 87 0.04936229777269774
9 y 105 0.018224929296250636
9 z 5 0.0171502769375248
10 b 83 0.033005300814287764
10 c 78 0.010216124787353231
10 f 44 0.07795062057117375
10 h 83 0.02458920283525523
10 i 67 0.13454066732541037
10 j 74 0.05078511097202265
10 n 43 0.06037227225022568
10 o 15 0.021982126481209008
10 p 62 0.041633713172541165
10 q 18 0.1415369565000787
10 r 107 0.08040666651467587
10 s 4 0.009284678467504692
10 t 86 0.02637978799548557
10 v 17 0.14539044698868675
10 x 36 0.00991713939286587
10 y 23 0.05143585613618895
10 z 102 0.04346428064146979
11 b 12 0.13831086807445248
11 c 91 0.0473849972405922
11 e 79 0.03151457809745761
11 f 101 0.02104370048219284
11 g 26 0.00841766028720592
11 h 101 0.03142679891119671
11 i 101 0.03524437422678617
11 j 43 0.028240778392698118
11 m 95 0.08114632832445856
11 o 61 0.04098232027594384
11 p 58 0.0069635086369955745
11 q 30 0.0214758968182156
11 r 56 0.005906765549852255
11 s 79 0.002130434513437307
11 t 82 0.2249845356314164
11 u 95 0.002257730022730442
11 v 63 0.0004385569913279985
11 w 3 0.03107969511139219
11 x 86 0.007749229809626668
11 z 70 0.13220225737201685
12 x 68 0.2415802084067198
12 y 38 0.16594950682932597
15 a 60 0.2384529902496001
15 e 29 0.023632951365036514
15 f 1 0.002697035616653354
15 h 99 0.014713394871365248
15 i 114 0.005731451719938163
15 k 108 0.0458965426080119
15 m 70 0.12371634922704056
15 p 81 0.1433820067265622
15 q 85 0.046915769534604856
15 s 25 0.01332492437636601
15 u 93 0.0321507222704156
15 x 38 0.043647026138893597
15 y 38 0.09364678668080706
17 a 9 0.09816125609400772
17 c 58 0.003499238864220877
17 d 88 0.020849232854887823
17 e 35 0.02714960790800436
17 f 16 0.02275194058841612
17 g 105 0.056745737998913914
17 h 24 0.02434748634338313
17 i 22 0.04952361478966372
17 j 104 0.10661832648975977
17 k 113 0.01714896008009925
17 l 86 0.019677003940324123
17 n 93 0.11307912073540394
17 p 72 0.009599799141964738
17 q 62 0.08345631287631627
17 r 29 0.03157642981608111
17 s 36 0.08375843308277675
17 t 27 0.0012401452760310017
17 w 52 0.04909843905294742
17 x 38 0.010756897939461552
17 y 62 0.0680780612392593
17 z 58 0.05792515175563684
18 a 19 0.09724602771854918
18 c 0 0.025962094656696966
18 d 111 0.0455721901818098
18 f 77 0.029318226958563343
18 h 64 0.08164665508568947
18 i 28 0.19975641317786308
18 m 71 0.030626510129743933
18 p 66 0.22317629059206723
18 v 97 0.11802262084433401
18 w 29 0.007494646084238776
19 a 44 0.023012437861840818
19 d 29 0.01972599961402266
19 g 65 0.00896298695278197
19 h 31 0.13816972077189116
19 i 18 0.011701520491739004
19 m 88 0.04509482232098083
19 o 10 0.024191545424729233
19 q 87 0.06185905095701072
19 s 33 0.11260345407396499
19 t 97 0.008215608956225529
19 x 51 0.27223174535685424
21 a 63 0.008761201978668032
21 c 44 0.11268622785090654
21 d 63 0.102536967851376
21 g 18 0.0006712679699675261
21 p 52 0.20750332147786454
21 q 2 0.13458727045593544
21 r 90 0.020930362153311788
21 t 22 0.1593088627598105
21 u 25 0.021254984561809076
21 x 55 0.12707169489152526
21 y 5 0.07471353270760617
23 a 35 0.004182071002493903
23 c 43 0.020729022642394956
23 d 65 0.07569420555106843
23 e 103 0.07961947655527557
23 f 38 0.025968152312351722
23 g 99 0.02936551641235674
23 h 71 0.005258030596490659
23 i 77 0.060133180785988616
23 j 63 0.024974725805841813
23 k 5 0.012838218974603022
23 l 56 0.1255736631760298
23 m 74 0.054784038642777255
23 n 8 0.03627525861360237
23 o 112 0.010020386550957605
23 p 25 0.02542439644910055
23 q 54 0.03835718015333478
23 r 23 0.06502860615024664
23 s 54 0.021198909843306746
23 t 104 0.0002251078873188872
23 u 41 0.032581657799500396
23 v 88 0.050435740018480835
23 w 106 0.02383848254220089
23 y 14 0.07697671203465684
23 z 42 0.09166813209781455
24 a 53 0.0317698406360698
24 b 107 0.050182138514139774
24 c 10 0.10196968451716049
24 d 61 0.0015585906803632366
24 h 72 0.0061131862838463835
24 i 12 0.039015470573622424
24 j 36 0.08057872777700548
24 l 32 0.06923275925219285
24 m 22 0.13176920447461637
24 n 23 0.12398240023369267
24 q 8 0.034456773866567536
24 u 48 0.13045946639872952
24 w 70 0.12478308617762679
24 x 47 0.01257044196309176
24 y 49 0.043260403832056316
24 z 106 0.006674761338272495
25 c 73 0.03591188268595047
25 d 111 0.05605873095998781
25 e 80 0.04065873903420347
25 g 65 0.03949634177572503
25 h 62 0.018247561404589496
25 i 104 0.03517421223058326
25 j 29 0.04757575578625395
25 k 63 0.0011671630452876336
25 l 75 0.003749611359539884
25 m 77 0.14882811601730694
25 o 37 0.0183230996225644
25 p 12 0.08314325620281326
25 q 14 0.06672783027424212
25 s 68 0.024815040933912957
25 t 111 0.14712742100276321
25 u 24 0.06707008794168068
25 w 2 0.062381838206639006
25 y 77 0.0054960045931977675
26 a 112 0.07543478552827798
26 b 67 0.03891214700948431
26 d 107 0.06065801584794395
26 f 13 0.0011985174717582536
26 h 31 0.0641221826609304
26 i 64 0.011457941039978548
26 k 14 0.025392299974885568
26 m 20 0.027905929365987125
26 n 69 0.053980185802318115
26 o 20 0.004633939798551423
26 p 29 0.06923565501110684
26 r 61 0.0366311589684819
26 s 63 0.1301868759508168
26 t 53 0.10905774140605773
26 u 25 0.08709682185533241
26 v 70 0.009225624606097216
26 w 43 0.10285061786657046
26 x 87 0.053559016854204944
26 y 12 0.02523921355441705
26 z 16 0.012806102162251642
27 b 100 0.23554868027015174
27 c 0 0.0839958205704251
27 d 102 0.10094625660711631
27 g 111 0.018761082934269813
27 i 7 0.09373255296604988
27 m 0 0.027531252995887767
27 q 50 0.048836771973649884
27 v 57 0.032916462934694635
27 y 89 0.09504577847386919
27 z 74 0.2204708599957197
29 d 52 0.0672743238228346
29 e 7 0.02749681357297662
29 f 33 0.0829369343513231
29 j 39 0.17455600944209815
29 n 0 0.07347349623367039
29 p 44 0.030115617418033258
29 r 84 0.10263673212582425
29 s 89 0.049284322408633785
29 v 26 0.00048409949562067123
29 w 14 0.03315399867012958
29 x 63 0.05466171861042457
29 y 20 0.0004237893456507935
29 z 100 0.0033452050568465452
30 a 82 0.023089014502958638
30 b 91 0.00908344644031922
30 c 41 0.0032805010430275727
30 d 42 0.05136408265566994
30 e 15 8.160895568365412e-05
30 f 46 0.056001239388253965
30 g 80 0.022153468363933282
30 h 105 0.0012098589640384683
30 j 73 0.04648638605231836
30 k 49 0.025664066921923356
30 l 34 0.03524179934044214
30 n 24 0.007201000404999602
30 o 33 0.0700782105885458
30 p 71 0.0899314822150542
30 r 103 0.1262564713615293
30 s 83 0.012283669094627303
30 t 96 0.11224019610080493
30 u 87 0.05371913270653983
30 w 11 0.034437548428547515
30 x 19 0.0408852202344383
30 y 2 0.04986399279522369
31 b 8 0.02595004928888045
31 f 15 0.06633716505948617
31 g 19 0.1909787446558071
31 i 53 0.07902204931380774
31 j 73 0.22718483390398692
31 m 0 0.0004689065035498041
31 o 65 0.05601509181585651
31 s 67 0.06861658303288554
31 y 48 0.018646947174498996
32 a 88 0.014543675776510834
32 b 6 0.027969898560705975
32 c 76 0.09535560642667196
32 d 66 0.016693088284590152
32 e 8 0.01390932796448019
32 f 11 0.0076381128653050245
32 g 6 0.0334369643608432
32 h 53 0.004066884538777127
32 i 21 0.007846092944568062
32 j 113 0.0007951590766293037
32 k 54 0.1098697468052593
32 l 3 0.022449555948077182
32 m 51 0.03198011805245049
32 n 75 0.00020926808007548647
32 o 19 0.08856739518399803
32 p 1 0.009887073761594478
32 q 59 0.018634854945742574
32 r 85 0.11428817629868016
32 s 2 0.12229113228207844
32 t 19 0.028270308390153986
32 u 103 0.05481212979037675
32 w 27 0.021896837828343507
32 x 11 0.07988914121901725
32 z 10 0.032475469453256856
33 h 29 0.17702280592417519
33 m 41 0.10461813507172713
33 p 114 0.04848101291978446
33 q 63 0.24098718723310664
33 s 59 0.09170153900108591
33 x 67 0.02757713164953446
33 y 36 0.18854989214104756
34 a 23 0.09355057617256923
34 b 27 0.031222455933065385
34 e 52 0.0009239105091912725
34 f 66 0.0004654948006640458
34 h 77 0.05505633760895101
34 i 17 0.031457449710528995
34 l 45 0.0699166240958814
34 m 71 0.15836814488938578
34 o 54 0.04022867801166763
34 p 112 0.17682928438133905
34 q 63 0.03012583582348105
34 u 20 0.05404982310990081
34 v 3 0.04945391829883905
34 w 40 0.031222443486949136
34 x 67 0.025936400480693567
34 y 20 0.048616348439318946
35 e 83 0.16142098906822533
35 i 17 0.033937183018632355
35 m 59 0.5388920782743032
35 p 29 0.007067859312581137
35 v 19 0.033676945759725796
35 w 7 0.06878048018168814
35 y 14 0.09497490265527209
36 b 25 0.06285887958756287
36 c 99 0.01997656225569988
36 f 61 0.14107235297013765
36 g 106 0.08522442493958926
36 j 11 0.001988638358759176
36 k 7 0.023457020651336258
36 l 105 0.30506988455693784
36 m 30 0.01342251744019618
36 n 37 0.0043279991786699945
36 p 40 0.26109825151637567
36 s 34 0.029118308415471472
36 v 73 0.013349794075158017
36 x 8 0.016427028365879948
37 a 90 0.0990460389170783
37 b 54 0.1499154275764838
37 d 75 0.056318068895397144
37 e 22 0.03664659236003642
37 h 85 0.027779010377146363
37 i 99 0.04607242528264344
37 j 19 0.01132006480291392
37 k 47 0.04107727388894733
37 l 25 0.006504748971109864
37 m 46 0.05237427540991102
37 n 71 0.12034662317459621
37 t 21 0.03623265780492868
37 u 64 0.0417135845055997
37 w 68 0.0056714454511478385
37 y 84 0.2688138826142551
39 l 91 0.12878075409946277
39 n 62 0.233893410655593
39 r 51 0.48872210107679803
40 b 29 0.0240594599180195
40 c 45 0.01510229088866255
40 h 67 0.05062667146967259
40 j 8 0.09254967915112133
40 k 66 0.15659919546702927
40 l 92 0.0688378530685877
40 n 106 0.14814802461876397
40 p 101 0.02949742214979989
40 q 35 0.07168883183705899
40 r 36 0.12263913606981491
40 u 16 0.0021281164293730503
40 v 54 0.10388686514381607
40 z 112 0.09797502769910393
41 b 74 0.01866870570753143
41 c 10 0.046515314752880954
41 d 99 0.22716484742432008
41 g 40 0.011092008919842633
41 h 13 0.002594766979404417
41 l 89 0.020473838907374753
41 m 3 0.005767895206429063
41 n 114 0.05142359614346481
41 o 78 0.023118163723520047
41 p 8 0.10472455213076293
41 s 84 0.06623888264462308
41 v 110 0.09942538036140613
41 w 9 0.02874882409666535
41 x 24 0.09120395392391967
41 y 44 0.011712492219716819
41 z 73 0.1716537876144506
42 a 91 0.0014326283198906609
42 b 96 0.017983422466538057
42 c 37 0.043396331985080416
42 d 56 0.03499078599772587
42 e 7 0.010435482200921609
42 f 55 0.08414345700182535
42 g 33 0.009950185325708016
42 h 29 0.013937123743037794
42 i 106 0.048291073334463475
42 j 107 0.0060655348660570985
42 k 113 0.020325835282025362
42 l 92 0.00422487766144064
42 m 81 0.029859509942792184
42 n 58 0.13346492035676538
42 o 3 0.12154868853972933
42 p 41 0.0036974672849076073
42 q 12 0.021332955597781145
42 r 71 0.020332800436219434
42 s 51 0.03207331964108706
42 t 69 0.11613188006919306
42 u 63 0.012081078152450186
42 v 75 0.025444237235044742
42 w 23 0.06050862194581885
42 y 106 0.006768879993899302
42 z 98 0.10613059902989419
43 b 74 0.7185959833925986
43 l 38 0.09769308648017117
44 a 27 0.11894593150655064
44 c 31 0.05681576982300518
44 h 7 0.10349361925390443
44 k 70 0.636313517039759
44 m 39 0.03621718928603512
44 s 66 0.03321086030957443
45 a 7 0.12067136886987695
45 c 11 0.0034409580295163833
45 d 85 0.06238470176166788
45 e 7 0.04355405894019715
45 f 114 0.13652826644257354
45 g 31 0.0851245801556143
45 i 56 0.004910471670112826
45 k 11 0.015808996068144454
45 l 25 0.013118226526307009
45 m 64 0.002939299488224467
45 o 20 0.005240365236002464
45 q 2 0.174669316768289
45 r 53 0.04784371337531379
45 s 44 0.017632869457009925
45 u 21 0.05022180466009285
45 w 67 0.0014996992184637126
45 y 72 0.1880408719880644
45 z 67 0.010816556616595974
46 a 108 0.0878078828451524
46 c 48 0.025284461434552652
46 d 1 0.13058124340868293
46 e 84 0.045937947252131184
46 g 1 0.05612942957423539
46 h 1 0.01422841189323909
46 i 98 0.008714444282271971
46 l 46 0.12646585328622006
46 m 80 0.021199759374128435
46 o 102 0.06890261648519913
46 q 44 0.054729636400286275
46 s 32 0.1446974706472769
46 t 10 0.059954397683806615
46 u 25 0.01785013936927171
46 w 28 0.0012785638689247758
46 z 33 0.12975444763998112
47 a 114 0.03309918182476235
47 b 4 0.10574530537404381
47 d 15 0.12685119225960417
47 e 25 0.007690947049251329
47 f 77 0.004597318046865584
47 g 61 0.04602469935035636
47 i 93 0.05403457468493045
47 j 93 0.04308383577451391
47 k 32 0.07373950947554742
47 l 14 0.0004700749788462133
47 m 35 0.05744628089375947
47 n 62 0.013126182403627618
47 o 12 0.029131776848961066
47 p 35 0.042165288253342204
47 q 109 0.0511421686742054
47 r 80 0.017030834494417224
47 s 58 0.01940246721589789
47 u 80 0.04086702856716207
47 v 46 0.07321352304004713
47 w 5 0.07590911649118937
47 x 96 0.019463021724339113
47 y 66 0.01935559735288328
47 z 78 0.016990692938922525
48 h 69 0.15218332742139706
48 k 19 0.13009809505126146
48 m 71 0.04020251807596509
48 p 11 0.16675629253508517
48 r 25 0.034641612956242684
48 s 0 0.19531004559280885
48 t 108 0.060713183558702144
48 u 103 0.04422136350946515
48 x 78 0.06074153033405805
49 a 56 0.05489519285368849
49 b 93 0.017293809569903118
49 c 20 0.025381586170387438
49 d 14 0.007692920919835422
49 e 38 0.0021094378395486446
49 f 96 0.005568756466560187
49 g 35 0.030753515872569914
49 h 55 0.02256722813142864
49 i 113 0.08884410353277528
49 j 31 0.0047101921643620814
49 k 7 0.009522828843730458
49 l 39 0.03688327767851873
49 m 104 0.04691903107620421
49 n 79 0.01978302387415909
49 o 66 0.01415716471801809
49 p 57 0.09323565535117317
49 q 78 0.014688027959835814
49 r 64 0.23105156767793789
49 s 24 0.010774629499234023
49 t 72 0.05160893373958364
49 u 104 0.010293074423999515
49 v 14 0.07518614657320244
49 w 81 0.020953035349718707
49 x 106 0.09459418620959092
49 y 66 0.0060433811495888
49 z 24 0.002580639339977653
50 a 56 0.024773642125404005
50 b 43 0.01553555544535623
50 c 31 0.060637614358555525
50 f 85 0.05076307807103342
50 q 95 0.2866100344180179
50 r 38 0.12556413635339148
50 s 18 0.03754874753340154
50 u 3 0.13245210691138865
50 x 34 0.04151126393304139
50 y 40 0.19739746035541128
51 a 18 0.043406562646336466
51 b 86 0.09833517520802448
51 c 97 0.04717573074077164
51 e 103 0.2574588536389756
51 g 25 0.01035618364832791
51 k 101 0.12472588451689015
51 l 114 0.056520796270269846
51 p 71 0.0627572827565891
51 q 93 0.04816597919373944
51 s 101 0.008478584454482352
51 u 49 0.10537988044715185
51 v 59 0.13356855580722737
52 f 39 0.07583763913019592
52 k 88 0.14614822053807286
52 o 88 0.07390424343450175
52 r 91 0.27620466457521353
53 c 22 0.0893693349291016
53 i 95 0.21144771743667024
53 l 113 0.12523670474360205
53 q 88 0.07628202194186284
53 t 67 0.09058889112733737
53 y 56 0.11796846717624254
54 a 109 0.04200570649216362
54 b 18 0.11902565273555277
54 c 74 0.019129312592679026
54 d 74 0.055256416740584346
54 e 78 0.00874140045614491
54 f 25 0.04401342419541099
54 g 42 0.02047437676087871
54 h 63 0.006510244738905491
54 i 69 0.008476776631343053
54 j 32 0.019997624454027085
54 k 6 0.002921895529187757
54 l 78 0.015545956546669792
54 m 44 0.013386209874021171
54 n 48 0.061430754368402174
54 o 36 0.000911045445594838
54 p 109 0.0611048676412681
54 r 70 0.024514814966196785
54 s 62 0.047526112609507565
54 t 19 0.03657864114308507
54 u 97 0.07684122990545816
54 v 4 0.0751007181930956
54 w 61 4.9080475581608773e-05
54 x 77 0.02393163560670508
54 y 6 0.08202449921546406
54 z 43 0.11453506599066776
55 b 86 0.026646472527842135
55 d 25 0.12880143231118413
55 f 81 0.027576203435742852
55 g 76 0.007271003878007609
55 i 111 0.04273593301305678
55 k 13 0.02651319693312648
55 l 36 0.22500409911994101
55 o 10 0.07716229966216637
55 p 1 0.18452382456035166
55 s 87 0.05374455741900763
55 t 110 0.0615750570778818
55 v 57 0.007178424543194506
55 w 88 0.04030026548492227
55 x 37 0.036543016673561635
55 y 76 0.004545955914315947
55 z 80 0.044092646921997436
56 d 30 0.0304223313875297
56 i 107 0.02012830175821989
56 j 79 0.16615376750497224
56 k 65 0.011584231450134541
56 l 31 0.14225051833261915
56 t 49 0.0008204770280392237
56 v 107 0.2366060234969235
56 x 22 0.0958573097735207
56 y 46 0.059787664265190665
56 z 54 0.1649655505537524
57 d 52 0.6359625619107501
57 e 89 0.19233616825029132
58 a 79 0.03283459763721219
58 b 107 0.13044030997289857
58 c 52 0.008128714417180771
58 d 105 0.03307127052394665
58 e 0 0.058200689552209584
58 f 6 0.04385919630300428
58 g 69 0.03833648775036169
58 i 97 0.08416823926933947
58 k 19 0.05269441472992187
58 l 23 0.047468348110010106
58 n 101 0.0692967092671618
58 o 78 0.05147418246255964
58 s 103 0.08584171951901842
58 t 91 0.06450432788012705
58 u 43 0.02132089654514946
58 v 50 0.09611394897383974
58 x 35 0.017245809713608007
58 y 71 0.005888561989866092
58 z 64 0.05478681220046655
59 a 73 0.012811587478406605
59 b 79 0.0804332562430321
59 c 96 0.08512962195490825
59 d 71 0.015810638284749823
59 f 52 0.04626232419592302
59 g 101 0.03162122066463868
59 h 25 0.02315267925355069
59 i 59 0.0030050664164575913
59 k 17 0.10474540728453985
59 l 41 0.012289591388623955
59 m 108 0.011546320796307352
59 n 108 0.04627169345635296
59 p 43 0.15998365654369107
59 r 47 0.057233167598659374
59 s 97 0.08384421826499378
59 t 83 0.005892909887569298
59 u 62 0.011704992563365768
59 v 103 0.08570740731744886
59 w 99 0.002170812117517684
59 x 67 0.06255090777688721
59 y 64 0.011743518451603707
59 z 34 0.03049749182757766
60 a 90 0.02807345680830753
60 b 94 0.01419874975107649
60 c 36 0.02051322416826129
60 d 19 0.030294584410632486
60 e 42 0.005156270776128458
60 f 13 0.08601187492566309
60 g 37 0.020326338040679626
60 h 29 0.13712146711670548
60 i 75 0.04158904183259382
60 k 3 0.02206573852374394
60 m 102 0.0031333555337460517
60 n 24 0.014331246445574708
60 o 83 0.035433053371097034
60 p 25 0.005136066428065078
60 q 33 0.02241865507195262
60 r 18 0.06734671957941674
60 s 0 0.08055356911827094
60 t 31 0.03821033137297836
60 u 77 0.012926012779382545
60 v 13 0.0070829893835971935
60 w 22 0.06842860151945018
60 x 88 0.018867863762964232
60 y 84 0.07769122836262377
60 z 72 0.1397487364897284
61 a 13 0.023188242830043393
61 b 70 0.01432593574192742
61 c 91 0.010696957933711171
61 d 37 0.03260158280115055
61 e 113 0.013143923342280206
61 f 26 0.030165571211688946
61 g 15 0.06117506472645018
61 h 97 0.02321394339369076
61 i 39 0.10512865030818519
61 j 35 0.024316438487774095
61 k 62 0.02005554943256882
61 l 43 0.007005608512372641
61 m 48 0.005309132204398659
61 n 47 0.1171738625738975
61 o 81 0.05121047413801083
61 p 75 0.010601085446612535
61 q 62 0.040250867028639115
61 r 68 0.022001316214232514
61 s 53 0.05880217005704391
61 u 84 0.08524310489600362
61 v 72 0.1045056336890563
61 w 77 0.008430171853641366
61 x 30 0.02815512625804195
61 y 55 0.05492934507331437
61 z 52 0.03693294487844778
62 c 29 0.012892972747147291
62 e 61 0.17574273020015174
62 f 12 0.050707654062258634
62 h 107 0.06851007270992993
62 j 16 0.1067506055568449
62 k 112 0.05527483490842966
62 l 12 0.06518415231455321
62 m 84 0.011205702431204112
62 o 78 0.001937485121919047
62 s 85 0.038922532760409356
62 t 98 0.23897344598202885
62 v 27 0.12838629825656267
62 y 32 0.044602740994072354
63 e 107 0.3174867052421294
63 i 15 0.22700085423843175
63 r 39 0.01822208573969586
63 t 17 0.028564236461871007
63 x 86 0.010368943535905673
63 z 14 0.0069757351956868385
64 a 49 0.024286882970660284
64 b 15 0.0029910679323892353
64 e 38 0.07579083803069231
64 f 39 0.060452803678480715
64 h 1 0.017003322614644656
64 i 40 0.17657014823010886
64 k 60 0.007516576446538026
64 m 2 0.032934910456888455
64 n 97 0.05373729059204091
64 o 75 0.01098570200163762
64 p 33 0.07753614368909012
64 q 70 0.0158029051325822
64 r 114 0.050630960918884194
64 s 78 0.0681272534967412
64 u 98 0.004989653542149419
64 v 85 0.09970505992217182
64 w 53 0.0824704700770228
64 x 89 0.036566941199868586
64 y 32 0.057064866762246313
65 a 55 0.11040507402436517
65 b 4 0.039803575600387386
65 c 75 0.1670605000814549
65 e 102 0.02470933125475272
65 f 52 0.003694807546223311
65 g 57 0.03500451039959662
65 h 64 0.006503135523907022
65 i 64 0.06286626127281958
65 j 78 0.04091065847205444
65 l 104 0.13494712623862193
65 m 97 0.050909015279675285
65 n 23 0.03134617456800681
65 o 22 0.019172323480661557
65 p 14 0.058190130347441804
65 q 104 0.0036431194815683687
65 r 53 0.12256605158953748
65 s 62 0.0075569469815415236
65 t 14 0.018172234012361677
65 u 112 0.000989018965136701
65 v 40 0.014445391983056832
65 w 89 0.00268315611749792
65 y 101 0.005023839569856303
65 z 52 0.006621192774417417
66 a 18 0.05531647372622017
66 b 23 0.07440982284271125
66 c 9 0.022211543295379887
66 d 39 0.0320963980818878
66 e 3 0.014593534573838718
66 f 94 0.01760630007123587
66 g 112 0.049164008277707505
66 h 11 0.01790799018838396
66 i 84 0.13948951413609267
66 j 2 0.025406181761569946
66 k 23 0.009066432042539985
66 l 91 0.015118824849530754
66 m 68 0.006698274164182116
66 n 51 0.0741332636220311
66 o 68 0.021300178134061043
66 p 95 0.18612757715698602
66 q 89 0.11827987401329998
66 t 51 0.0002718651228957869
66 u 48 0.0073386007603222225
66 v 60 0.011166847485232667
66 x 1 0.022030832445210646
66 y 35 0.01646652077013433
66 z 57 0.05571702289020297
67 e 113 0.4011722520692741
67 o 82 0.13943342932143277
67 q 67 0.05301241342097718
67 t 53 0.012242825898208909
68 a 12 0.07830711469130358
68 b 59 0.00543634733740872
68 c 114 0.015843143940916793
68 d 61 0.0006418413866783323
68 e 103 0.008873786209260381
68 f 109 0.016343744729695908
68 g 28 0.13587167337215067
68 h 22 0.04418606955859927
68 i 77 0.04713634282045076
68 j 37 0.07775558613913747
68 k 19 0.1120296755324649
68 l 0 0.07753042643522545
68 m 35 0.00230019126914327
68 n 57 0.04989576517970029
68 o 23 0.000665780748440925
68 p 109 0.03239158830597866
68 q 106 0.014612139814909275
68 r 48 0.07720664678470601
68 s 71 0.026219125560431156
68 t 85 0.06609277537587632
68 u 71 0.0013717538933003537
68 v 1 0.025325721378572252
68 w 45 0.016061996319095773
68 x 97 0.0003721103231271172
68 y 80 0.03056692103041736
68 z 104 0.012534503291964594
69 a 11 0.45240883661506015
69 e 38 0.002991084955450529
69 o 114 0.17921549577903617
69 t 100 0.0626690732886157
69 x 46 0.12937848573598443
70 c 32 0.08972768271226117
70 d 82 0.018055912760896242
70 e 29 0.02067652276461207
70 f 17 0.037458034935469176
70 h 96 0.11286107922417521
70 m 61 0.08215482036107813
70 q 60 0.014755801791135004
70 r 35 0.12547125769906764
70 s 114 0.026120552942691555
70 u 11 0.01822670706922358
70 v 7 0.006068552498754709
70 x 73 0.11611380297815654
70 z 7 0.14963409097118918
71 b 42 0.008315297224306128
71 c 105 0.1561664581956309
71 d 22 0.06783169280883783
71 e 58 0.01660813922822124
71 f 50 0.16823905038159526
71 g 96 0.06451722870754772
71 h 24 0.11382993580098633
71 i 59 0.012163060741108178
71 k 20 0.11536685953743075
71 n 47 0.00723121967575735
71 o 9 0.0017855262612275213
71 q 99 0.0005634845261806021
71 r 55 0.028881759172966537
71 s 8 0.04321536726474251
71 t 81 0.026663083037782642
71 v 76 0.0955006040245695
71 w 83 0.0060881879906915515
71 z 99 0.00016392627146466499
72 a 101 0.1351282023000825
72 b 78 0.10610476271892622
72 d 95 0.04855968547116707
72 i 4 0.13773451442411033
72 j 102 0.00799641192093059
72 m 10 0.0038353727560658246
72 n 82 0.013740248212745443
72 p 106 0.10268944290027993
72 t 73 0.23479206453135204
72 x 109 0.15547619455305917
72 y 26 0.025126311409041757
73 a 10 0.02449700707304836
73 b 17 0.0571100407838524
73 c 100 0.083215971460323
73 d 98 0.001324633931260144
73 e 95 0.013250731801281335
73 f 81 0.017124360007503725
73 g 28 0.014604014864130321
73 h 47 0.14132775870460423
73 i 37 0.0050882287901680145
73 j 25 0.011064745534965614
73 k 83 0.011241202805074346
73 m 112 0.02355864539083341
73 n 35 0.07492316071966154
73 o 107 0.06019049496239903
73 p 80 0.11469153533928067
73 q 9 0.019402719131897617
73 r 50 0.01169234378629569
73 s 51 0.03227327321382667
73 t 34 0.05493471255997173
73 u 5 0.03408479901058237
73 v 19 0.06448001682236915
73 w 68 0.026509243948141914
73 x 2 0.02284775158093344
73 y 34 0.01752178000232063
73 z 18 0.03024505014479395
74 a 4 0.060300195513370625
74 b 94 0.04127366476931016
74 f 89 0.08304804776931674
74 g 10 0.0645014041832036
74 h 70 0.05298979025771766
74 j 8 0.00866616579510504
74 k 112 0.09095962290747128
74 l 10 0.037790437637555185
74 m 112 0.0272851036208821
74 n 5 0.05473894966546333
74 o 41 0.11263106807508194
74 p 71 0.004402180928718802
74 q 46 0.08179028509139252
74 r 62 0.0016983726270639599
74 s 104 0.0270502738453009
74 u 55 0.12597754322578159
74 v 14 0.03652081979414468
74 w 17 0.013934332736216248
74 y 68 0.04890154728073337
74 z 82 0.0005383442721522691
75 a 45 0.24971861446747667
75 g 100 0.0012360333391959744
75 h 71 0.00915878914726631
75 i 3 0.044380566865047544
75 j 83 0.024918568800493257
75 k 77 0.23532526282736121
75 o 74 0.11008232840533794
75 p 14 0.0011627191208956056
75 x 77 0.263898429255225
75 y 28 0.0048967180740748795
76 a 23 0.0024353493859472497
76 b 4 0.07346712284241441
76 d 70 0.021351260934286853
76 f 61 0.1283139414735911
76 g 35 0.04949272613055411
76 l 83 0.07109393251420115
76 n 108 0.1490681738118257
76 t 2 0.04012532502476951
76 y 40 0.3010035082840633
76 z 56 0.12852218787341052
77 a 65 0.06387374413610947
77 b 67 0.0004077156416814054
77 c 72 0.06127457547101989
77 d 94 0.026215836756331212
77 e 45 0.1928294047361132
77 f 41 0.0011236549701383325
77 g 109 0.028116147365822908
77 h 107 0.07961139102844894
77 i 14 6.984872422144406e-05
77 j 62 0.03338419165635831
77 k 60 0.011887109191569434
77 l 42 0.03603578439061661
77 m 0 0.011707767090416876
77 n 114 0.050047756524777776
77 o 52 0.08127080936939346
77 p 20 0.011005986717874339
77 q 102 0.010110255102757093
77 r 49 0.033745063938920294
77 s 75 0.004076338557318926
77 t 86 0.006889050170486577
77 u 30 0.016923760995886883
77 v 112 0.03998438818868666
77 w 5 0.06046159719504962
77 y 42 0.08688655341425189
77 z 53 0.03624668478338611
78 e 44 0.04233733712439425
78 h 62 0.04132799740880366
78 n 35 0.2380390872581104
78 o 32 0.008858089327091645
78 p 71 0.0885923560129247
78 q 59 0.2089396229699837
78 r 76 0.27683565340482463
78 u 33 0.004654920854319178
78 v 71 0.01387532796336799
79 m 61 0.1325876104188315
79 n 11 0.4243431028373589
79 t 70 0.1905435863638112
80 a 62 0.1880679818941149
80 c 83 0.36013231475651064
80 e 34 0.05673273480071939
80 i 50 0.10865834891562653
80 j 100 0.023263719993328213
80 s 1 0.11489480961483545
80 t 42 0.14371002775209096
81 a 81 0.09740662747580742
81 d 86 0.08627560563386094
81 e 88 0.3146224143729843
81 f 94 0.026924856408753195
81 g 23 0.0024016267099609134
81 h 82 0.007328290805755144
81 j 13 0.03262421565544371
81 l 107 0.04539856275932774
81 m 19 0.00934494106724415
81 q 63 0.0033956540831195925
81 r 32 0.03103997568057737
81 s 28 0.03665579977497435
81 t 46 0.06595227342949028
81 x 93 0.04921323758020146
81 z 53 0.03720860676503779
82 b 96 0.010403631538124292
82 c 18 0.017119072214905717
82 e 103 0.09121033295646197
82 g 88 0.08742012418582579
82 j 38 0.049243012733761526
82 n 29 0.16377097800986296
82 o 29 0.07280709244159911
82 p 75 0.021639832745666165
82 s 47 0.30018779901399106
82 t 27 0.0014545908257752593
82 u 18 0.02354681000194314
82 w 44 0.07175633886317412
82 y 95 0.073151810153268
83 a 55 0.15861836526810313
83 e 28 0.0020921745239962375
83 g 86 0.05420367524140812
83 h 102 0.030923043399548322
83 i 111 0.007324185368975389
83 j 27 0.06888721172177603
83 m 96 0.05899723474904206
83 n 46 0.02230120279789516
83 o 39 0.11261426693988341
83 p 99 0.0422983124243016
83 s 16 0.0005473277855042591
83 u 14 0.14189348207285013
83 v 80 0.016351240838037184
83 w 37 0.04295485531092136
83 x 107 0.08218751529496171
83 y 56 0.10433454205894155
83 z 39 0.027045461473722998
84 j 34 0.009136984888925448
84 m 59 0.37416868645109
84 n 99 0.036017575384559186
84 x 74 0.30819856892343767
85 b 93 0.09015802121696137
85 c 75 0.049096357481593245
85 d 88 0.09845743290715903
85 g 74 0.0002979739550481586
85 k 76 0.39895757752788963
85 q 35 0.06562638412812649
85 s 49 0.10601955449517486
85 u 69 0.04488979140238292
85 y 36 0.1337972219402267
86 b 26 0.1602025171762652
86 c 37 0.20509288405645387
86 g 24 0.007995132526035231
86 k 91 0.03611658888270852
86 l 26 0.008995191174799522
86 m 46 0.10324523479234948
86 o 91 0.19029362485615375
86 s 37 0.08897058712248762
86 t 42 0.14452569411599958
86 v 22 0.01007329612598662
86 y 25 0.0063503299826908055
87 b 101 0.004432202079576064
87 e 105 0.051565497964979
87 g 94 0.013005735000927832
87 j 98 0.050309059624109365
87 m 53 0.17054876763087623
87 n 99 0.028519706114919163
87 o 87 0.07869468372464594
87 p 56 0.05514088854288968
87 q 114 0.012162013995451137
87 r 47 0.020551803045887773
87 t 60 0.10585767872267815
87 v 90 0.1569804742271177
87 w 29 0.046368057070130586
87 x 48 0.04428345892815366
87 y 96 0.05962807825856309
87 z 27 0.05542924909279634
88 c 28 0.15101161442532163
88 e 84 0.06746180803465351
88 j 26 0.12617845775851932
88 q 114 0.37691898551879865
88 w 100 0.17793721348151237
88 z 106 0.014598597805765223
89 s 53 0.28015791175219684
90 a 54 0.11456406443542944
90 b 92 0.007728521801502186
90 c 53 0.041874047332257636
90 d 23 0.02749190517073763
90 e 57 0.08263815351325388
90 f 90 0.0005993576313423343
90 h 31 0.03430302625062753
90 i 3 0.0039621772568881886
90 j 102 0.04027468089328057
90 k 98 0.08836142910859446
90 l 15 0.05652301541717608
90 m 59 0.057112783894472274
90 n 104 0.05661033961415862
90 o 86 0.0821549982060149
90 p 16 0.023483812955478633
90 r 95 0.03987579841801547
90 s 95 0.018756706115311994
90 u 107 0.01563702226668562
90 v 7 0.053373737543512934
90 w 10 0.029658956929419222
90 x 52 0.0054116515004496435
90 y 64 0.0526004527403956
90 z 34 0.01727600039054633
91 b 67 0.02178494855913715
91 c 13 0.13699640925435497
91 f 17 0.0728025548048361
91 h 99 0.03846605242043155
91 i 97 0.0433652062397728
91 l 68 0.09861579388424302
91 m 40 0.023376275998855278
91 o 91 0.060514355033815526
91 p 7 0.0094981120216876
91 q 31 0.03328921896543313
91 s 26 0.04817757171842163
91 t 101 0.018843667527842722
91 u 110 0.2017725278575121
91 v 103 0.0777349798078576
91 x 6 0.06300553833651334
92 a 63 0.04033775917187388
92 b 69 0.03365986967219592
92 c 67 0.009989906211435695
92 d 17 0.07277512290442556
92 e 78 0.0666211259130346
92 g 72 0.03981447592029963
92 h 87 0.04112536094829289
92 j 87 8.911108167830584e-05
92 l 68 0.03154442479096076
92 m 39 0.13230429255659337
92 n 95 0.03853154290032268
92 o 22 0.011001058338533598
92 p 91 0.0697232808898901
92 r 78 0.10964819547140126
92 s 81 0.09770146114722067
92 t 113 0.0510251537557751
92 u 31 0.0024575342486555796
92 v 66 0.009544996798740546
92 x 113 0.10542531533815758
92 y 46 0.006549785933857577
93 n 43 0.20696065768727878
93 x 96 0.4368412107101546
94 c 14 0.10217012178960361
94 e 98 0.005598123674067312
94 g 44 0.025867892899137157
94 h 36 0.013780813301774497
94 j 13 0.07806144764616729
94 k 32 0.03487992187311029
94 l 36 0.020368861342591082
94 m 11 0.006642046056937301
94 n 113 0.044284422731123874
94 o 93 0.04414176208072107
94 p 34 0.0034445699921822337
94 q 29 0.09827349081870462
94 r 7 0.014225594872815273
94 s 96 0.04393452072066051
94 t 12 0.093909023444532
94 v 96 0.04722213418517618
94 w 43 0.07720373580827433
94 x 25 0.21349344159503547
94 y 89 0.013014192637317179
94 z 23 0.007348074209777344
95 a 21 0.033525381800776244
95 c 54 0.1530501057331275
95 d 48 0.011378516629073299
95 f 111 0.023463952897047058
95 h 61 0.0402361553751287
95 j 11 0.048049101979480646
95 k 105 0.009537238181569707
95 n 70 0.039297494437774416
95 o 39 0.006711633370941383
95 p 75 0.008581423187280945
95 r 27 0.03942685727923345
95 s 25 0.1655213438073171
95 v 105 0.1648796718647333
95 x 34 0.12295533832847572
95 z 13 0.09273286315557294
96 g 88 0.036705477466107084
96 i 33 0.026649472700975507
96 j 99 0.22771717068614916
96 q 22 0.0985401598261727
96 r 12 0.14103003053728647
96 s 82 0.3014463866846193
96 t 54 0.09680874340260548
96 u 17 0.008355263712806149
96 v 77 0.03602073906315728
97 a 86 0.17443423600274144
97 b 11 0.05287961355925008
97 c 67 0.016141171557753853
97 d 100 0.042928183511546036
97 e 84 0.02328860009815603
97 f 12 0.1387380535713425
97 g 72 0.0010649498965207282
97 i 89 0.04340593447253893
97 j 51 0.01658164336595702
97 k 47 0.007066107993787041
97 l 114 0.015591776155134629
97 m 47 0.012777806752888199
97 n 94 0.03528421344412902
97 p 3 0.02240010134061321
97 q 83 0.0005503303999657705
97 r 40 0.14915798787634904
97 s 57 0.04960213150893378
97 t 94 0.07762804974160031
97 v 21 0.010541804586482906
97 w 72 0.023554913656748333
97 x 32 0.0014505910638351605
97 y 53 0.004376089268835703
97 z 21 0.05342454695097765
98 d 75 0.5008452497500744
98 e 70 0.08969687384466107
98 n 5 0.000685585806569855
98 o 79 0.04820352439565656
98 s 75 0.048850486976679486
98 t 68 0.056211094828945596
98 v 80 0.14443668725028636
98 w 30 0.10002159853540082
99 g 96 0.03817614197180652
99 h 70 0.09470343943459725
99 l 22 0.48348565065918025
99 n 59 0.04223709954993815
99 q 32 0.0016883240786335074
99 r 2 0.0011980590606108787
99 t 57 0.04227180733845459
99 v 100 0.232602018730509
100 b 71 0.05254733416644053
100 c 16 0.01800326535230179
100 e 78 0.013640523136046911
100 i 110 0.30479349722433613
100 n 8 0.07557293869651216
100 o 98 0.04098712325200171
100 p 27 0.08745749955062321
100 u 34 0.0078019932337694
100 w 17 0.32250914586072066
101 e 46 0.5497900369983485
101 f 43 0.16811715858691934
101 t 15 0.12011636571564599
101 x 8 0.07156786211082422
102 c 33 0.03986228403180159
102 d 4 0.06883170964529972
102 f 109 0.01751899667410295
102 g 45 0.13030638296011698
102 j 41 0.026234650615454824
102 l 29 0.041772223671405984
102 n 91 0.026182962982145397
102 r 55 0.07269964054540834
102 s 35 0.13541758942997006
102 u 39 0.1722012223365541
102 w 42 0.06377240154965735
102 z 63 0.11084215660620622
103 s 3 0.3866142938373235
105 b 79 0.04526612522639917
105 d 71 0.12309255913325778
105 l 65 0.28649355785354313
105 p 78 0.01948252068029177
105 v 99 0.036393305071951154
105 y 91 0.07739732503133256
105 z 56 0.23313560236448028
106 a 35 0.22561417200220968
106 g 56 0.0371359036940222
106 h 13 0.007676080386251227
106 i 72 0.0611383811008861
106 j 96 0.059633705015516236
106 k 55 0.24001759135885925
106 m 70 0.019444939428096886
106 n 39 0.0063569458949434
106 p 28 0.04925609976031786
106 q 64 0.0702261140314766
106 r 76 0.02506374642913889
106 t 82 0.036817638883653525
106 u 95 0.021498808416103632
106 v 71 0.06901628299159313
107 b 1 0.04002275766277841
107 d 31 0.03638854329318486
107 f 31 0.002073520307910637
107 g 18 0.3041808699686226
107 r 45 0.1351031881025142
107 t 21 0.31525868690112246
108 b 0 0.16387748008189473
108 m 70 0.0580076002147919
108 u 27 0.40848982372235887
108 y 41 0.02549944722097941
110 c 66 0.026491976139086826
110 e 67 0.03215867396026684
110 g 87 0.00629767405374182
110 j 0 0.05946372253510701
110 l 55 0.1305798266670204
110 n 112 0.0990500735445522
110 q 68 0.002444672834930439
110 r 36 0.015759717752146907
110 s 31 0.05231920144847313
110 t 29 0.06939642580423644
110 u 48 0.01354631668949946
110 v 67 0.1648914462679798
110 w 3 0.06086249823780643
110 x 19 0.1264432258989453
110 y 92 0.02769326657123694
110 z 27 0.009800290762625008
111 a 38 0.06830010851659618
111 b 91 0.07076392106783236
111 c 77 0.03158585580961326
111 d 68 0.024903860584102766
111 e 27 0.04691702466328551
111 f 70 0.03447012194850674
111 g 114 0.05286484468913477
111 h 14 0.003421485549613301
111 n 60 0.03915654985206707
111 o 20 0.108596807308452
111 p 7 0.029545669769928562
111 r 74 0.03552890642162998
111 t 88 0.07587902838946847
111 u 65 0.19579172063514305
111 v 38 0.13157051911717454
111 x 10 0.03596975003291958
112 a 84 0.002239815718116267
112 b 38 0.05355622712663699
112 c 44 0.04922100819908137
112 d 90 0.025597768402799925
112 e 23 0.2821449066722166
112 f 29 0.012457037418135863
112 g 13 0.14578983534871248
112 h 1 0.09590460552897306
112 i 30 0.029465907119118007
112 j 93 0.005876162525847328
112 k 72 0.002145646049913741
112 l 62 0.006041311683134598
112 p 89 0.01261649779951668
112 q 17 0.03849640668392207
112 r 64 0.04128482791862087
112 t 95 0.04338573300383586
112 u 49 0.0018759827268738372
112 v 102 0.042267197502822484
112 y 54 0.010474062170252596
113 c 48 0.15604520312384018
113 d 16 0.3624286584799351
113 f 108 0.06442417527354716
113 h 73 0.039781861320793754
113 i 64 0.01305310676898197
113 j 73 0.048571470376900905
113 o 70 0.17494288166501182
113 r 54 0.05556525964289005
113 x 75 0.02993953178381359
113 y 12 0.005023490093268745
114 b 86 0.06037532991627892
114 d 73 0.02974072499661573
114 e 88 0.00809856673168452
114 f 97 0.0027314108215724664
114 g 21 0.028714952438300467
114 h 38 0.004852386267371167
114 i 26 0.07643242125323246
114 k 60 0.05678002558119
114 l 26 0.03660146412569276
114 m 99 0.04753495837351451
114 n 31 0.0010300181749378634
114 o 11 0.12892103087031825
114 q 78 0.10117797082564628
114 r 105 0.09028277030491294
114 s 112 0.0186681530706152
114 t 68 0.09737194250577186
114 u 80 0.004217587435407344
114 v 44 0.0014429318685665882
114 w 61 0.03844628294130237
114 x 49 0.0356283306048546
114 y 80 0.09072838145708928
114 z 98 0.028295918141355347
