86 26 990
0 0.8790404570009277
0 0.028974552210011217
0 0.10975816302747243
0 0.014746200418484734
0 0.09868600470455013
0 0.8751932606532139
0 0.2055657345501527
0 0.21596283717928866
0 0.004985618550548354
0 0.022408608686830922
0 0.007134535874639081
0 0.1590242616259917
0 0.14541492623080354
0 0.042585565438907236
0 0.7320032870956145
0 0.025276341268536173
0 0.1746551126412248
0 0.13781485279119376
0 0.07217709335786993
0 0.03215129077016021
0 0.3607630930428941
0 0.04559565549308964
0 0.08787804086136808
0 0.23647635242073384
0 0.4010975358902673
0 0.08952023092910855
0 0.010833503557615254
0 0.07473283352287752
0 1.0
0 0.07089845696404218
0 0.09078529331407448
0 0.05758635533200729
0 0.03094122430132984
0 0.3240319111200026
0 0.008702623311181878
0 0.4218310814226067
0 0.19340448278219624
0 0.20982626068371057
0 0.042451819464987106
0 0.011516279771165538
0 1.0
0 0.017470608609973737
0 0.013764131348590891
0 0.06474781546704556
0 0.03893402200679841
0 0.08869027287445241
0 0.05231005885013851
0 0.08743987457944802
0 0.8686636460392373
0 0.1364555109840636
0 0.21887223412025414
0 0.021000571567963866
0 0.0005646886198772405
0 0.38332728805989114
0 0.03346788062012329
0 0.024381768453047514
0 0.39728333169937424
0 0.0014111341543915357
0 0.053292179294361586
0 0.022153001564601205
0 0.16277044511299876
1 0.2128691934610938
0 0.020294293784890893
0 0.06241895029211708
0 0.025337894930679172
0 0.009288006715671093
0 0.021669245398162618
0 0.07807477213465286
0 1.0
0 0.002314295803878208
0 0.16688007344134337
0 0.33796054415425536
0 0.010760404625681508
0 0.06968029285080823
0 0.017921529106185163
0 0.008065874388482164
0 0.0009296714786787286
0 0.33020407870196156
0 0.0594383070520329
0 0.5338300242388856
0 0.1839949440805565
0 0.22309556176745537
0 1.0
0 0.0035170005256369707
0 0.025308397863951226
0 0.04491172686155265
0 o 13 0.1209595429990723
1 a 37 0.005529580233521014
1 d 71 0.030126411775687756
1 g 58 0.0038679077257388617
1 i 64 0.05722759016398349
1 j 38 0.007276984728533331
1 o 7 0.028073837091949994
1 p 24 0.16571292120400993
1 s 0 0.29865504481059224
1 t 43 0.09916140190077583
1 x 85 0.13476961111579222
1 z 48 0.14062415703940412
2 a 37 0.1173004146528962
2 c 72 0.017391199673178814
2 e 77 0.027635385106282828
2 f 29 0.05010826945696556
2 g 35 0.0052586095745731365
2 h 59 0.09370436050963493
2 j 70 0.03259759285226205
2 k 19 0.04291123654154605
2 n 54 0.03916725130261589
2 o 52 0.013744671843465506
2 q 25 0.21123153134102224
2 t 48 0.0862597872112546
2 u 51 0.049830045796382505
2 v 52 0.056921898457017894
2 w 23 0.04617958265342936
3 a 81 0.0787992315481425
3 g 26 0.16817224531040198
3 k 76 0.28370430290851745
3 s 78 0.030637243336558262
3 t 57 0.18641473886019166
3 y 79 0.2375260376177034
4 b 56 0.11702874198182278
4 d 82 0.035742165942100446
4 f 25 0.15597258494016575
4 k 67 0.0005615850375072506
4 q 77 0.05326716582598667
4 s 29 0.12016427543314756
4 t 22 0.028810909038313848
4 x 49 0.16270604826232216
4 y 76 0.07644278612121536
4 z 62 0.15061773271286805
5 c 63 0.1142426750290979
5 e 29 0.005207032605308304
5 u 56 0.005357031712379889
6 c 42 0.03970501020888384
6 h 19 0.06030360788518496
6 n 15 0.4657240310496017
6 t 57 0.2287016163061768
7 c 24 0.1076264406568277
7 g 82 0.005861574185892282
7 i 42 0.029554938872233816
7 j 71 0.04475859039639851
7 l 82 0.1152272149739706
7 m 3 0.11192296268822843
7 n 46 0.002800439345020722
7 o 23 0.008791772570459044
7 q 61 0.09128810469550608
7 r 16 0.021144176111430157
7 s 80 0.12458463608339798
7 v 44 0.10630485784244481
7 y 7 0.014171454398901218
8 a 17 0.053251111334237544
8 b 51 0.029697337679452707
8 c 1 0.11851671283043597
8 e 15 0.029059090463030013
8 f 82 0.009821992468833751
8 g 61 0.008316615250042791
8 h 73 0.056094853265507894
8 i 85 0.024546986613925625
8 j 11 0.01983477440413972
8 k 27 0.027399319055552263
8 l 8 0.01905748063785173
8 m 0 0.011775949794302853
8 n 14 0.006034725739787694
8 o 39 0.003059659925375602
8 p 12 0.005104183563332421
8 q 18 0.07252197696477425
8 r 62 0.02483236887905238
8 s 65 0.02942547063604406
8 t 29 0.06037576525863686
8 u 14 0.09725628208199566
8 w 56 0.04852299651742975
8 x 45 0.04724208660135887
8 y 9 0.02130453859823811
8 z 56 0.17196210288611313
9 a 69 0.017712800990480004
9 c 28 0.05377685645632413
9 g 83 0.11409025506298498
9 h 39 0.05608145924676278
9 i 29 0.1261050380976222
9 j 80 0.07960363228111877
9 o 47 0.2764610965424713
9 r 60 0.06658426356240776
9 t 13 0.07160037616478632
9 x 18 0.11557561290821083
10 c 82 0.033666956531062
10 d 51 0.001566387646430134
10 f 20 0.002010003697140328
10 h 48 0.18881517723154595
10 j 74 0.02183534411577015
10 l 50 0.12118216189313491
10 n 77 0.1268040287123845
10 q 45 0.00031460758359358465
10 r 25 0.23468192834328505
10 s 75 0.09416719112516869
10 u 18 0.053023322238816006
10 v 20 0.07104694805426615
10 w 23 0.006059263216529609
10 z 37 0.03769214373623386
11 g 43 0.1270783936416412
11 h 36 0.11907290460871489
11 m 31 0.31813724892667616
11 n 53 0.10669113257716423
11 p 35 0.09005952631447145
11 w 29 0.050979175537487875
11 z 79 0.028957356767852493
12 m 73 0.4802319041278005
12 s 68 0.07755280283658694
12 t 17 0.08184071815950955
12 u 53 0.21495964864529948
13 a 2 0.20930379745032246
13 b 6 0.04203335084721049
13 d 64 0.037125583228964865
13 e 81 0.018108773854167204
13 f 19 0.08907214617885739
13 h 75 0.047910635786514444
13 i 46 0.05596406107835605
13 l 11 0.02235484040076796
13 m 4 0.023978652219054597
13 n 74 0.004526736304429346
13 o 80 0.06622485554570956
13 p 3 0.07471702837020244
13 r 1 0.048760778588611386
13 s 18 0.08105954914913027
13 t 43 0.05101919387331999
13 u 44 0.029635669285508204
13 v 31 0.05244955444225885
13 x 67 0.0031692279577072435
14 y 7 0.26799671290438554
15 b 84 0.045519223016203925
15 f 13 0.03563394616124238
15 i 72 0.1338763915282154
15 j 22 0.1653826094142511
15 l 27 0.08721782056268457
15 o 5 0.21675909895390155
15 q 69 0.08412330445023186
15 s 30 0.013753836027227684
15 t 20 0.019346611491827703
15 u 11 0.0012708810373389667
15 v 13 0.038147450446836095
15 w 76 0.02287741320743142
15 z 44 0.11081507243407118
16 b 2 0.004970874155082683
16 c 28 0.0992952680834458
16 d 27 0.03401120388896861
16 g 25 0.04038707572725819
16 h 30 0.014851098342360869
16 m 57 0.03228485854179375
16 n 59 0.09856103616111456
16 s 46 0.023566707409593435
16 v 45 0.10349321910511244
16 w 61 0.13887095522803294
16 y 13 0.08379629439164771
16 z 35 0.15125629632436421
17 c 33 0.26302887734504177
17 n 85 0.2408145863270572
17 q 26 0.17379217356478915
17 s 81 0.1845495099719181
18 a 53 0.07144519322450349
18 b 23 0.20973691726919663
18 d 61 0.055734122860751634
18 g 19 0.08512382718548661
18 h 8 0.08747278100412492
18 i 39 0.14399632430120035
18 j 78 0.026274307588864176
18 k 47 9.011780255852031e-05
18 l 82 0.016538561013321962
18 m 12 0.04043945046406572
18 n 52 0.011106108175210072
18 o 46 0.03142222175048659
18 q 33 0.010940821689386704
18 r 36 0.0023882719908845385
18 s 74 0.043806124715874195
18 t 70 0.01674267188173706
18 v 85 0.011335387945474507
18 w 51 0.0388300484709857
18 y 61 0.01805265618504126
18 z 81 0.006346991122975432
19 e 69 0.011725532263958005
19 g 32 0.06434777756929533
19 h 14 0.13886841309521047
19 l 9 0.10174919674565219
19 m 36 0.26559764001318475
19 n 10 0.09555479351621099
19 u 27 0.10251916385427562
19 v 30 0.18748619217205242
20 b 0 0.03418793828533351
20 f 50 0.20024020902657425
20 m 38 0.09222867689593128
20 q 58 0.05126088748283031
20 u 32 0.26131919526643654
21 b 43 0.001240823246912548
21 c 78 0.01886119672254427
21 d 13 0.039475391053322095
21 e 82 0.059312439921711424
21 f 30 0.054561587260598676
21 h 3 0.07959932674083547
21 k 14 0.016735514601392887
21 l 76 0.005680322770024504
21 m 69 0.012826391195520093
21 n 7 0.022445934593556705
21 o 64 0.010068176540006135
21 p 22 0.04490203857463604
21 q 52 0.014908840282672475
21 r 6 0.029339105756490125
21 s 78 0.02513640172356546
21 t 48 0.05336277121103106
21 u 41 0.14268878906159466
21 v 84 0.09858631977733334
21 w 19 0.04446071782884031
21 x 30 0.10314490117114317
21 z 85 0.07706735447317892
22 b 36 0.03191637122307123
22 d 20 0.09596212279277405
22 j 13 0.03191572314936553
22 k 33 0.012995841365087357
22 l 42 0.1243307583087695
22 m 63 0.011805014976469907
22 n 19 0.018119660049057962
22 o 41 0.037878004164689005
22 p 34 0.05119553358058759
22 q 11 0.09266060780633689
22 r 35 0.041702931537484944
22 s 46 0.04056381870342296
22 t 13 0.07864330644915374
22 x 4 0.028706768580493036
22 y 49 0.11990443643980986
22 z 30 0.09382106001205837
23 c 84 0.09320825606560079
23 d 39 0.023040075591645004
23 e 60 0.05616015732638846
23 f 39 0.018483413124564585
23 g 62 0.006806867145080497
23 h 45 0.014640518795810187
23 j 57 0.06896092041661961
23 k 19 0.04896800821413594
23 l 84 0.24803042710709078
23 n 75 0.01760757954599379
23 o 8 0.008776089865745629
23 q 13 0.011304581589016482
23 x 13 0.01204699628096606
23 y 28 0.05824725882524884
23 z 83 0.07724249768535951
24 b 0 0.0042236411584145594
24 v 48 0.5946788229513181
25 a 5 0.2807428025472798
25 b 13 0.09281499917716973
25 d 83 0.08233380529811984
25 e 63 0.04590089998736524
25 f 44 0.005565655351257526
25 g 71 0.041696763297373374
25 h 29 0.034821335616104565
25 m 43 0.03379177223168417
25 n 49 0.01180658063485196
25 q 59 0.04970229483131783
25 r 1 0.0643087838074411
25 t 60 0.07548115560850088
25 x 17 0.05591751216924312
25 y 56 0.035595408513182325
26 a 5 0.3587075340562329
26 d 82 0.006918381150264108
26 e 35 0.0032197545290780782
26 g 70 0.07635151882128632
26 h 9 0.026291153900433906
26 i 0 0.004311051653035247
26 k 61 0.1040029083726205
26 l 3 0.09475480935094227
26 m 82 0.04244032418790189
26 n 1 0.005115297282213271
26 o 57 0.03050553988375182
26 p 16 0.034804279921817116
26 q 53 0.037504822162850227
26 s 39 0.05548984527685008
26 t 85 0.004584425789811553
26 u 5 0.008762522045285381
26 v 17 0.0126963933758788
26 x 74 0.003585255349418892
26 y 83 0.0688462857730836
26 z 57 0.01027439355962878
27 c 52 0.10911633466190473
27 e 32 0.12701759622070663
27 g 49 0.09081607804233982
27 k 7 0.13827505287134834
27 l 19 0.05165659916275178
27 n 40 0.07923703376599789
27 r 19 0.052987416521206754
27 t 19 0.0017110763848618982
27 u 43 0.040503748070424006
27 v 11 0.002183851827751715
27 x 50 0.17721467846194439
27 z 59 0.05454770048588453
29 b 73 0.01481773154495658
29 d 79 0.08516170253707933
29 h 71 0.0064618430820448935
29 i 61 0.004797654593368894
29 j 53 0.009735218402563861
29 l 74 0.025842339009385706
29 n 26 0.08782527971265897
29 o 3 0.001724801160489009
29 p 4 0.14071025043412433
29 q 54 0.08624830031485398
29 r 14 0.005228882611939767
29 s 56 0.013113125602852493
29 t 83 0.07635395391979838
29 u 5 0.12444083957978591
29 v 49 0.01879300374069448
29 w 70 0.04933084673005517
29 x 3 0.04928893994139083
29 y 83 0.12922683011791525
30 b 58 0.09155446619301955
30 c 72 0.05056835503958812
30 h 73 0.04064738804764323
30 i 52 0.036928792064483185
30 j 17 0.07556665486825054
30 l 59 0.2273675977025721
30 m 64 0.06911816995506193
30 o 18 0.030000695086912277
30 q 50 0.22070389804824742
30 s 5 0.0590644218698998
30 t 22 0.002175706015736578
30 v 50 0.004992859360987478
30 z 44 0.0005257024335233451
31 b 17 0.06977290567677275
31 c 84 0.03650093722462733
31 f 63 0.04196151141495141
31 g 42 0.10172643120752045
31 i 78 0.039822920369753434
31 n 80 0.13333087353899653
31 o 82 0.16554340164040737
31 p 20 0.11812774255097491
31 q 47 0.05614686146626102
31 t 79 0.16644683233843727
31 w 43 0.013033227239290235
32 a 46 0.09143844116489575
32 b 6 0.06681854879605942
32 c 70 0.07498699480936588
32 g 7 0.14645650158823742
32 h 26 0.03469702301227473
32 i 18 0.020523996218666185
32 j 70 0.029648224601595552
32 k 58 0.1505089022669862
32 m 65 0.001967877738984769
32 n 17 0.016438513289801948
32 o 50 0.03941094764045938
32 p 39 0.057620816235044
32 q 84 0.07372612332428452
32 r 51 0.0662672257833733
32 s 80 0.03683319242029026
32 t 58 0.006209265592720614
32 v 50 0.030731430500088086
32 w 74 0.005252446849844494
32 y 65 0.00753058945696683
32 z 18 0.011991714408730814
33 t 78 0.6759680888799974
34 a 22 0.011968095605988105
34 b 60 0.004366288170885468
34 d 77 0.01609001212477401
34 e 11 0.013799737988043126
34 f 46 0.00044139432044021376
34 g 68 0.005705112825041381
34 h 74 0.02585411928847059
34 i 27 0.015923763115436862
34 j 4 0.07304003701028472
34 k 4 0.08265649910594297
34 l 39 0.059505935734987414
34 m 62 0.055319270583487956
34 n 38 0.2052765935244799
34 o 67 0.060244576115241144
34 q 17 0.10263864712661819
34 s 76 0.017950355904641002
34 t 35 0.015090425613586866
34 u 3 0.15386681497689803
34 v 4 0.00024792925389183207
34 w 85 0.019269669628637076
34 x 32 0.003900712911936166
34 y 10 0.013760022352781398
34 z 12 0.034381363406323695
35 g 8 0.04593517209635345
35 k 80 0.1343307278591649
35 s 15 0.26239690248497216
35 t 75 0.13550611613690278
36 a 38 0.02598052805378337
36 b 16 0.033795863903801404
36 c 4 0.05578860560105858
36 d 16 0.00427806062560343
36 e 68 0.10641512135706455
36 g 84 0.0954256276073574
36 h 6 0.06767242462418477
36 i 81 0.01158729861830965
36 j 51 0.09740611266125077
36 k 23 0.037304740320598606
36 l 30 0.010931977513351288
36 m 59 0.029112399411375334
36 n 43 0.011875484460428964
36 o 7 0.0071184833468900255
36 p 30 0.00535522313263892
36 q 68 0.002001963477948898
36 r 31 0.08426494053294153
36 s 79 0.026200342722172976
36 t 59 0.024238422783182778
36 u 18 0.01645765772325436
36 v 55 0.0005690289816958627
36 w 61 0.04693075017477544
36 x 81 0.0029110661309658115
36 y 82 0.0029733934531690487
37 a 27 0.017816954158479836
37 b 12 0.07552291859500826
37 c 0 0.11152591003300005
37 e 42 0.06315185127510492
37 f 81 0.01208327574929835
37 g 1 0.06899686427911322
37 h 55 0.07098963566832861
37 i 38 0.020087840084804243
37 j 43 0.053361423783648165
37 k 18 0.010726918686020381
37 n 60 0.0003999323646244335
37 p 80 0.019676436340060777
37 q 0 0.11549930285677634
37 s 2 0.004149587658316745
37 t 32 0.006653151426014858
37 v 40 0.013231543875712015
37 w 80 0.058892982086958146
37 y 1 0.06740721039502007
38 a 13 0.0063828855303803556
38 b 83 0.010258441437673183
38 c 51 0.007824250049080939
38 d 48 0.011754696178851054
38 e 72 0.032532439712695815
38 f 55 0.014512517093992039
38 g 5 0.0189018601659946
38 h 9 0.009512215035520355
38 i 16 0.17733655327472875
38 j 2 0.03307392688121613
38 k 17 0.08797614433244594
38 l 6 0.04010691311303782
38 m 84 0.009348505893559622
38 n 20 0.10767940316971236
38 o 24 0.017199408205628375
38 p 35 0.013460181586832265
38 q 28 0.07596378481607491
38 r 7 0.02201582794490531
38 s 82 0.13074702755797063
38 t 37 0.011369240217663612
38 u 32 0.030307847494088547
38 v 45 0.015223605085936676
38 w 82 0.006796823372463012
38 x 66 0.02164984174796658
38 y 15 0.045613840636594016
39 a 55 0.06355278376213047
39 c 19 0.006840086804437706
39 d 65 0.04032002697311088
39 e 49 0.05002698908560488
39 h 80 0.02919862621023428
39 i 12 0.08200000979881039
39 j 58 0.021570910723932135
39 k 47 0.018071657417433218
39 l 53 0.04538073716991908
39 n 69 0.14211461414612425
39 o 42 0.0009588075534908702
39 p 67 0.047087420198798746
39 r 58 0.11809981197707253
39 s 49 0.012997788646188169
39 v 31 0.0005073876309720227
39 w 51 0.08846426585859257
39 y 78 0.13393775709212408
39 z 21 0.08735403917985818
41 e 31 0.0796227811124447
41 g 30 0.26413222787855917
41 i 76 0.019373871776178886
41 l 28 0.02335728638548773
41 q 52 0.14881378207406004
41 r 54 0.22322121996782274
41 x 14 0.07539400478250757
41 z 46 0.14861421741296543
42 a 36 0.011663843623805237
42 b 30 0.03446694224281521
42 c 3 0.016528252341495242
42 d 5 0.011971263396219345
42 e 27 0.04862755147952391
42 f 55 0.02411679173890946
42 g 42 0.04894956600077005
42 h 49 0.037692879173671257
42 i 9 0.11659101314739906
42 j 51 0.0031628665147405144
42 k 6 0.0436996410457825
42 l 69 0.08335479311471738
42 m 54 0.011837144494594054
42 n 85 0.004865492560687246
42 o 28 0.012445458121626007
42 p 66 0.024916793391007164
42 q 50 0.06058400169608136
42 r 74 0.09610084130064822
42 s 73 0.05423382073349514
42 t 67 0.04129327994166876
42 u 58 0.06280901864059796
42 v 67 8.5167680498488e-05
42 w 12 0.05136500046213699
42 x 7 0.014161241301153482
42 y 14 0.06544902868356506
42 z 29 0.00526417582380001
43 p 30 0.9352521845329544
44 a 44 0.1793171496981214
44 k 7 0.16807929282874812
44 l 18 0.05592857440513055
44 o 82 0.005339179085310564
44 p 8 0.11563467998292709
44 r 13 0.08730031875594901
44 v 76 0.319830454641591
44 w 39 0.029636328595423866
45 a 39 0.027283556973719647
45 b 53 0.11832455571995681
45 d 73 0.08379177916723157
45 g 77 0.13515646822871674
45 h 35 0.0013125475336746018
45 i 63 0.0026689627400914295
45 k 13 0.004330633421442798
45 l 78 0.040550960623074395
45 n 68 0.05245107767573165
45 o 15 0.16118866677910593
45 q 26 0.00772752878167926
45 r 29 0.054333751900345506
45 s 55 0.07433991981190691
45 t 54 0.0005387054300577399
45 x 74 0.00836827236226989
45 y 40 0.1389423399765427
46 z 20 0.9476899411498615
47 a 81 0.03773315743957628
47 d 23 0.11736859837760127
47 j 35 0.15222611896115823
47 l 2 0.4292442311172133
47 s 67 0.054020984029632735
47 v 7 0.07211555549120241
47 z 85 0.049851480004167725
48 g 66 0.019020226298085863
48 l 71 0.11231612766267685
49 b 36 0.12837495398268728
49 h 79 0.07523278555948343
49 l 50 0.22926189686422782
49 m 53 0.04179125651418758
49 r 77 0.2562483737823079
49 u 37 0.13263522231304237
50 e 79 0.07979493017507044
50 f 54 0.014342017536040474
50 g 84 0.0487980076737593
50 j 19 0.00019192985498006632
50 m 2 0.014564627230106209
50 o 43 0.08135400633104195
50 p 47 0.03532664459579815
50 q 73 0.12750489558210243
50 r 77 0.030292471407663335
50 t 47 0.008639773783154392
50 u 85 0.11984422329890265
50 v 16 0.13100079664270248
50 w 17 0.04041241580936661
50 x 53 0.04906102595905737
51 a 28 0.019740799602724568
51 b 52 0.05265614914516459
51 d 81 0.21594139753189445
51 f 41 0.2300469335479468
51 h 18 0.010706552612336329
51 k 74 0.07654737143156931
51 m 11 0.11998171415360903
51 p 63 0.020920296851497877
51 r 41 0.06860220796839789
51 t 33 0.04517332736938706
51 v 79 0.03427027016641382
51 w 12 0.0844124080510944
52 a 56 0.0010744320631174142
52 b 50 0.008811773388331279
52 c 57 0.017183802859079722
52 e 0 0.09110357844919725
52 f 20 0.026929710856560596
52 h 62 0.057376150016080096
52 i 4 0.04497948824073317
52 j 41 0.0751227246952958
52 k 48 0.07061360966708963
52 n 72 0.05345761119413306
52 o 44 0.019048529212301157
52 q 37 0.004708129552041251
52 r 49 0.04684766529152484
52 s 59 0.19337464396606685
52 u 25 0.029992770847533268
52 w 58 0.04185673423292968
52 y 23 0.1682837653485828
52 z 25 0.048670191499524895
53 i 24 0.32287613865635445
53 l 37 0.11854758926340325
53 x 35 0.17524898402035116
54 b 13 0.08687053453729499
54 c 1 0.008117495715705525
54 d 10 0.05351351323941722
54 f 73 0.006102237944053179
54 g 12 0.05015328747338321
54 h 5 0.009504146736609154
54 k 16 0.019399813548714562
54 l 70 0.14862019446474084
54 m 65 0.0032820455930223646
54 n 14 0.0054674997611643406
54 o 48 0.23641343362465306
54 p 3 0.09304316644893584
54 r 74 0.024418434081727503
54 s 40 0.011891227243870928
54 t 9 0.005004031567758083
54 v 37 0.021833437243071407
54 w 77 0.06346357165740713
54 x 39 0.03880280658277746
54 y 61 0.06447180739107206
54 z 54 0.016159434524497862
55 a 60 0.11155528420816385
55 b 56 0.07493589529126454
55 c 2 0.04222466101928124
55 d 23 0.048931303218398225
55 e 28 0.003434053138431814
55 g 14 0.058233896915587224
55 h 54 0.03345599288366252
55 i 44 0.01541219847281916
55 j 62 0.05063792211081675
55 k 17 0.04934516996546101
55 l 44 0.010626586642805469
55 m 70 0.038185875660811996
55 n 78 0.10039057037182675
55 o 45 0.006512092752547383
55 p 30 0.018095725145039654
55 r 31 0.03193354755370925
55 s 69 0.04072897889717142
55 t 53 0.05172545987309718
55 u 82 0.06626675370335366
55 v 31 0.0020326141191460145
55 w 58 0.09162394662829387
55 x 5 0.011072266157967303
55 y 1 0.01825743681729619
56 f 44 0.16098634050885108
56 n 82 0.2055858769060218
56 v 3 0.043460253848759955
56 y 80 0.1926841970369929
57 a 7 0.041849597680826967
57 c 78 0.05872452564595054
57 d 8 0.04218300769296168
57 g 36 0.03362282395507177
57 h 43 0.03798390171607213
57 i 84 0.02406014125911704
57 l 54 0.07516109152269401
57 o 85 0.022515571160013348
57 p 63 0.030634067479826
57 r 9 0.13676675019888884
57 t 44 0.048285118701156704
57 u 77 0.2122467338722277
57 v 19 0.11626131106399251
57 w 10 0.026884700357492353
57 y 78 0.037676432142353944
57 z 42 0.05373309139696292
58 a 12 0.028168615474950642
58 b 50 0.09761624610226671
58 c 49 0.0070579485467888725
58 d 75 0.030667490066031866
58 e 43 0.020187131860883945
58 f 30 0.00036140665196204846
58 g 6 0.10571039932451132
58 h 83 0.009469416777013961
58 i 64 0.008573543800602046
58 j 34 0.03099641607682002
58 k 2 0.002005940632712311
58 l 24 0.05932417172503901
58 m 33 0.02081880871197206
58 n 50 0.008634907111466528
58 o 79 0.020258539363324113
58 p 26 0.06273419378685607
58 q 1 0.149955283978764
58 r 59 0.08996803949806598
58 s 51 0.09687916057182788
58 w 65 0.0811480027803756
58 x 51 0.008180680233191517
58 y 33 0.007991477630211907
59 a 18 0.06496229696626188
59 b 77 0.00985238479813888
59 c 17 0.07425017983687532
59 d 10 0.003663085080095718
59 e 66 0.00373403924932747
59 g 17 0.0033885257656545154
59 i 41 0.1434482099076153
59 k 43 0.015721732962863944
59 l 51 0.01774821416279848
59 m 12 0.08360650348262078
59 n 71 0.019957927631089833
59 o 54 0.09283185708899766
59 p 61 0.03750129100608879
59 q 34 0.011590284032492848
59 r 74 0.014726829339068548
59 s 36 0.03792173363906515
59 t 78 0.04917147430938096
59 u 25 0.10623914256976763
59 v 70 0.1321979668284099
59 w 42 0.04062390122657811
59 y 40 0.013161915661034418
59 z 5 0.0015475028911726696
60 f 33 0.1500057028406666
60 k 68 0.2019193302939596
60 q 0 0.08868290802108536
60 v 78 0.3966216137312897
61 a 30 0.004084946159788605
61 c 33 0.0678040000705813
61 e 68 0.1372775726506833
61 g 19 0.11600453292552826
61 h 16 0.13964972116777574
61 k 41 0.04234300517604017
61 m 44 0.03942352372100888
61 n 43 0.04047113786836809
61 q 8 0.021836974174326618
61 r 7 0.09239338216706772
61 w 47 0.011259765404309507
61 x 19 0.006551531149257439
61 z 28 0.06803071390417059
62 a 85 0.019005732162322597
62 b 19 0.00956973566705599
62 c 49 0.00733506918304816
62 d 62 0.16173527131954857
62 e 18 0.05573276307893227
62 f 35 0.02865485125445233
62 g 15 0.013040482001680509
62 h 74 0.03266707102941668
62 i 8 0.10511748686762723
62 j 65 0.01979778179605296
62 k 74 0.010850489084002879
62 l 81 0.15363925713172455
62 m 29 0.062328320352105115
62 n 40 0.0055076454931934915
62 o 44 0.08676987707906525
62 p 53 0.010991694886008707
62 q 7 0.019180035165767384
62 r 55 0.018785932538227246
62 s 37 0.04513917202840212
62 t 5 0.011013072759944675
62 u 46 0.02791744785375072
62 v 22 0.0312358353547727
62 w 32 0.02216695177635153
62 x 74 0.0027996187844635534
62 y 2 0.018724111567191892
63 a 23 0.042338202058849084
63 c 15 0.011462269652393386
63 d 5 0.02075816096236416
63 e 62 0.0208480157426445
63 f 12 0.11643366071483063
63 g 7 0.08172770244811112
63 h 72 0.021900479281357188
63 i 56 0.021425980363803943
63 j 58 0.004916545042548015
63 k 82 0.06352762536683787
63 l 20 0.018860982966795725
63 m 78 0.07866639721860069
63 n 79 0.04508550300505676
63 o 13 0.07441998517060167
63 p 75 0.046904498903295955
63 q 76 0.08969563681216197
63 r 29 0.00965031625005075
63 s 39 0.013374152679958562
63 t 68 0.013671091980021033
63 u 30 0.006179244754840552
63 v 23 0.033257963852888484
63 w 26 0.03386787881922593
63 x 5 0.02332640312529466
63 y 58 0.03667448963833575
63 z 77 0.00860786289701454
64 a 81 0.0166832623055313
64 b 8 0.07394702549618537
64 d 12 0.0032565701624656107
64 e 81 0.06242904204729294
64 f 73 0.11660435776378675
64 g 77 0.08674557779543868
64 h 61 0.028272437394546546
64 j 73 0.004745664675086414
64 l 71 0.11161760283367717
64 m 75 0.002520899963436296
64 n 75 0.0012795262462311774
64 o 29 0.027947623733147187
64 q 47 0.024476970040780643
64 s 59 0.05463138372214482
64 t 17 0.07585162855636918
64 u 73 0.0016412494039906855
64 v 48 0.05805163393552659
64 w 5 0.010378707911113172
64 x 40 0.04199294631740125
64 z 73 0.17158799476516906
65 k 7 0.1349685877757405
65 z 72 0.8557434055085884
66 a 17 0.006416664158673369
66 e 36 0.23372249637171283
66 h 69 0.10559085709906157
66 i 36 0.03220005874031118
66 k 35 0.09512491443272564
66 l 48 0.037819491428316754
66 m 52 0.005900119175807239
66 o 18 0.08390725665999865
66 p 67 0.04383130040964156
66 r 67 0.01375543968573234
66 s 83 0.029125747589623496
66 t 36 0.0753574228694388
66 u 51 0.1519826950344858
66 v 58 0.03724288483115734
66 w 82 0.0263534061151508
67 f 82 0.23474676128232497
67 h 59 0.0028795638617121755
67 o 34 0.024428343278065534
67 s 48 0.400911333230655
67 v 20 0.2589592262125895
69 a 75 0.017910751925346413
69 b 72 0.04409701870930827
69 c 25 0.0723502459753822
69 d 20 0.029892437912821812
69 e 59 0.01875432305148239
69 f 16 0.046043958071575686
69 g 69 0.012805813055373538
69 h 14 0.06454994465991604
69 i 36 0.02690466656529289
69 j 18 0.07249073098451464
69 k 26 0.07085642076225218
69 l 0 0.026519071258350735
69 m 43 0.05205571883362681
69 n 44 0.016467553470445928
69 o 27 0.010595762619879379
69 p 12 0.03301709005523801
69 q 11 0.1498692146465136
69 t 85 0.10014502024217897
69 u 18 0.004366294543857618
69 w 67 0.0387765349816499
69 x 0 0.06891779247967367
69 y 77 0.010784523238484667
69 z 22 0.009514816152956462
70 c 7 0.20684153049978948
70 e 1 0.13079060442249957
70 i 4 0.17340832268992368
70 p 71 0.10327810651227187
70 v 48 0.21880136243417203
71 r 3 0.6620394558457446
72 a 0 0.19569974633579756
72 d 9 0.06689210404190316
72 m 30 0.10785552842620416
72 q 57 0.1856842521864246
72 s 61 0.17342412518763928
72 t 18 0.016422899302473204
72 v 73 0.1832102626325629
72 w 3 0.060050677261313634
73 b 32 0.37379853697659626
73 c 6 0.1043338795997103
73 d 48 0.3136665593408764
73 g 59 0.10703137600722878
73 p 51 0.031489355224780025
74 d 68 0.1623993855273118
74 e 75 0.22509042472935492
74 l 41 0.06986278942659763
74 n 48 0.15070148298391828
74 o 76 0.09517260352493861
74 p 3 0.2693164303220684
74 r 34 0.00953535437962516
75 a 11 0.0004268664379176723
75 b 63 0.030492456837381776
75 c 23 0.04454368296603484
75 d 82 0.012771219923668586
75 e 13 0.048885967233665784
75 f 13 0.13586176582672183
75 g 7 0.0010054259953942157
75 h 80 0.010456777368470282
75 i 20 0.01633174787535918
75 j 29 0.144077900983416
75 k 65 0.026962210046510005
75 l 68 0.0021337826291231154
75 m 7 0.20361257356884976
75 n 41 0.005740305077900798
75 o 9 0.03239410681124277
75 p 70 0.019950613472203282
75 q 54 0.0023369845208697226
75 r 85 0.040149523421125544
75 s 83 0.024439493013788893
75 t 27 0.061268801482310176
75 u 27 0.008685136816505845
75 v 80 0.004253929091918018
75 w 22 0.06881087166408806
75 x 65 0.012402876668787366
75 y 65 0.007052681540243633
75 z 24 0.026886424338020687
76 a 23 0.009541522336647623
76 c 18 0.10830162307424407
76 d 15 0.005023553928880431
76 e 41 0.039014159462796516
76 f 56 0.04207909764489126
76 g 28 0.049779135916587114
76 j 29 0.012259146408798327
76 k 24 0.017697946144231813
76 l 36 0.05137862770009094
76 m 42 0.0024561458014769055
76 n 61 0.16410905353646488
76 o 83 0.06970379627792467
76 p 20 0.07172879710244628
76 q 48 0.0873773004183458
76 r 5 0.008166973666818955
76 s 29 0.09300657680059687
76 t 37 0.007290944351497353
76 u 60 0.000624878608860846
76 w 35 0.02984099096086501
76 y 48 0.0982398704862203
76 z 14 0.03145018789263532
77 b 36 0.024042640750598365
77 d 85 0.045699975135183535
77 f 7 0.014730043720323827
77 k 50 0.34904892150303124
77 p 45 0.13074341854486282
77 y 20 0.10553092164403866
78 a 43 0.006338736344727036
78 c 67 0.012003228849019387
78 h 81 0.10496487991994163
78 i 55 0.13303461405005212
78 k 39 0.12675332064959588
78 m 42 0.00795947221253901
78 r 20 0.4134155525025358
78 s 27 0.05165913081562312
78 u 16 0.04629516578198867
78 w 33 0.03813759182194443
79 t 61 0.4661699757611144
80 e 78 0.3123129305795731
80 l 70 0.053483622671227304
80 n 45 0.047429417231208526
80 p 39 0.0033655541007420187
80 t 56 0.06743836093764588
80 w 41 0.02934473150638295
80 x 50 0.0039016887692016056
80 y 81 0.2987287501234621
81 a 44 0.18980630013200883
81 b 85 0.01577088598032461
81 e 32 0.0021513302397362377
81 n 85 0.006646269984323938
81 p 15 0.013716788142487557
81 t 55 0.0860358405590439
81 x 34 0.05399966103306986
81 z 17 0.4087773621615497
83 f 51 0.3148192372610946
83 i 36 0.09180485727852183
83 j 81 0.07056297060672156
83 m 49 0.04784259640402455
83 q 20 0.06873919938628881
83 r 63 0.07101059536579613
83 u 14 0.129412476042299
83 v 43 0.0879183895552701
83 x 47 0.0938520186639542
83 z 72 0.02052065891039223
84 a 5 0.04622681225904868
84 b 15 0.07303287069792286
84 f 60 0.01763809922410242
84 h 48 0.059451781882443155
84 j 46 0.008088879708552765
84 l 41 0.007312654389468487
84 n 49 0.0023391732619840733
84 o 67 0.1167161925911564
84 q 78 0.09645433403489079
84 s 2 0.2016057544100316
84 t 12 0.03624348134958588
84 v 36 0.038482968599812595
84 w 40 0.03904266907137688
84 x 51 0.050213865550028935
84 y 82 0.11120283484467075
84 z 1 0.07063923026097252
85 a 6 0.10508926904500848
85 b 11 0.015910098897903846
85 c 58 0.012873711617698569
85 d 32 0.012270887402036634
85 e 43 0.08454062422983633
85 f 38 0.061997902524088655
85 i 1 0.06577729699436585
85 k 18 0.04395472053714289
85 l 62 0.021321758185279927
85 m 18 0.0751910141569857
85 n 60 0.049600491076958964
85 p 27 0.02717824892562859
85 q 45 0.03721059552838346
85 s 25 0.14078919205925766
85 t 85 0.020352276938203517
85 u 35 0.04225150814101153
85 v 39 0.04054123917217489
85 y 20 0.05736875995497703
85 z 41 0.04086867775150482
