161 26 2202
0 0.10738454975297795
0 0.09335566653532745
0 0.07127574824575911
0 0.06948808633457071
0 0.02683655243235683
0 0.13623770015438275
0 0.07392534976300524
0 0.018271014559526177
0 0.02700901585929083
0 0.003606457723991263
0 0.11032032977792139
0 0.019022339222797613
0 0.02884352547782798
0 0.027841795443654727
0 0.006466325533502348
0 0.04959625307870241
0 0.0514096723132037
0 0.15435873241919718
0 0.0045417652143616705
0 0.03662618679667762
0 0.3185393616562734
0 0.047503861798286584
0 0.0791372210443817
0 0.09820749311471633
0 0.0628439668811146
0 0.11755742614117859
0 0.02739670393875171
0 0.19923635017477748
0 0.04146153482605197
0 0.03670221353017389
0 0.03529547141559808
0 0.2748252702082059
0 0.12652515588950608
0 0.002292644359817131
0 0.07627879085509426
1 0.21505238224835466
0 0.07910750202180095
0 0.08749777143164694
0 0.2091441614993974
0 0.016519170165158914
0 0.3036437183010038
0 1.0
0 0.04201411499071117
0 0.5484212071942277
0 0.09647320383386193
0 0.05370002430274079
0 0.04425154070741144
0 0.011417205385828244
0 0.02014545846285276
0 0.013003435637468752
0 0.1992458237928567
0 0.000952326379102586
0 0.01455266703128677
0 0.02068393164594262
0 0.28694517327634506
0 0.026610863067525137
0 0.017625909541596263
0 0.18831321206349216
0 0.09434551130884195
0 0.1987154211518516
0 0.0394755356919011
0 0.036458120819808704
0 0.00270409381554082
0 0.07157435796187273
0 0.8994267518382929
0 0.0271294191869772
0 0.07128336989740847
0 0.025737890510089567
0 0.2403999468688861
0 0.07060798231599208
0 0.015934344494280328
0 0.05072914681185581
0 0.1661743026677579
0 0.0668813302360377
0 0.0535338167011683
0 0.39614007433849996
0 0.13328196979976992
0 0.08754969608780316
0 1.0
0 0.04769135776219391
0 0.007888954812364513
0 0.24322256163385192
0 0.023162887750413974
0 0.22722282676452632
0 0.31177768051430055
0 0.06550545341221015
0 0.09983466835925447
0 0.008219295963015405
0 0.15048647391783598
0 0.004840291545212594
0 0.0486186040120038
0 0.002639196379989883
0 0.06873311910945767
0 1.0
0 0.05322930133748727
0 0.18563099659771343
0 0.05800544787078088
0 0.12870261450823794
0 0.17605678635390176
0 0.09059135281765807
0 0.08280809132443478
0 0.3874818127474281
0 0.03970035321728482
0 0.0035886682603075704
0 0.011130180008548374
0 0.05642301137894579
0 0.027712101344038897
0 0.08312337125053015
0 0.1678418270693346
0 0.8545580838124376
0 0.023980182442938647
0 1.0
0 0.0345606912051476
0 0.040072227114760994
0 0.06092262380358704
0 0.28601925883433155
0 0.10132562974495674
0 0.05949766234972198
0 0.10206479858767625
0 0.12243316483512023
0 0.01646518856738577
0 0.010806410678833811
0 0.030883696862076926
0 0.03273564884642455
0 1.0
0 0.034122770940660185
0 0.10323951515905794
0 0.08604263055154027
0 0.9550335336998841
0 0.10459944649904462
0 0.010987326585841783
0 0.28329292871837475
0 0.03190887261211328
0 0.03082865160585402
0 0.1255174414381246
0 0.029985692513370688
0 0.011828506724198107
0 0.1403676313144686
0 0.1591971601197698
0 0.05219300791290937
0 0.12283867761478062
0 0.18083159843626972
0 0.08499001518794158
0 0.05017949753646145
0 0.20313534590465032
0 0.10023819887736907
0 0.05481485891885007
0 0.18229243132298523
0 0.029798615075691925
0 0.0034871826826711194
0 0.043057622016416386
0 0.027260986492358308
0 0.07450342877737826
0 0.10882664504235973
0 0.010309114422573207
0 0.3109322928836836
0 0.09600728462337738
0 0.2358960507292951
0 0.05957470142918908
0 0.019530097246330036
0 0.02773840416646345
0 b 156 0.13327291318373913
0 d 85 0.0021371799055659446
0 f 82 0.26387179266712146
0 i 93 0.052147918370801793
0 k 66 0.007044691105448475
0 l 146 0.00043558768855112007
0 p 59 0.05558709779233684
0 q 118 0.009964063616695218
0 u 15 0.05172903890056235
0 v 42 0.09570580686577423
0 w 92 0.20745326019583976
0 x 59 0.01326609995458572
1 a 92 0.03151724100918307
1 b 85 0.004836198452662255
1 c 51 0.02511663286463861
1 e 85 0.01913603569458766
1 f 149 0.10574580059234984
1 g 120 0.012356266399074167
1 h 132 0.06560876280481698
1 i 121 0.056146589757285925
1 k 92 0.08465598806852404
1 l 0 0.02421572506634928
1 m 19 0.007466277050651615
1 n 122 0.07704390195066291
1 q 102 0.04065086473151447
1 r 92 0.12072674980586706
1 t 15 0.05881600657269359
1 u 31 0.01448807610652636
1 v 96 0.023639056321891783
1 w 54 0.021391418366413895
1 x 114 0.07894069688880034
1 y 50 0.014839623549871561
1 z 42 0.01930642141030714
2 a 88 0.019067593101820157
2 b 139 0.004045361011386528
2 c 140 0.010285417181816858
2 d 69 0.016918522352163956
2 e 34 0.09452304465472139
2 f 94 0.004457464647199094
2 g 153 0.1788568727737052
2 h 39 0.040422912120021914
2 i 15 0.0036350020008134587
2 k 152 0.01241082927690762
2 l 51 0.010109660789089259
2 m 108 0.010205397235866775
2 o 147 0.054066496961306276
2 q 55 0.017173227259980717
2 r 10 0.09090346487467638
2 s 34 0.013335861347588351
2 t 139 0.04192684884620157
2 u 87 0.09846374693325666
2 w 102 0.04270768944965797
2 x 86 0.10026302533619114
2 z 88 0.06494581359986962
3 b 130 0.05632389024119788
3 d 81 0.11186338018873687
3 h 74 0.0114340399238535
3 k 157 0.03870232082086911
3 l 3 0.042696127283490815
3 n 92 0.08918718286140193
3 q 131 0.18055223513191931
3 r 107 0.07040162423858909
3 s 113 0.10174873823827679
3 t 28 0.0028475044581263154
3 u 77 0.032940043336412095
3 v 68 0.020326690749909893
3 y 129 0.0292297405218942
3 z 66 0.1422583956707515
4 a 142 0.11144426444781308
4 b 103 0.08764048581542572
4 c 27 0.08601663375688118
4 e 140 0.031203312622161472
4 f 23 0.06951175321158487
4 g 34 0.008641258873334334
4 h 104 0.0034102746645731097
4 i 139 0.025324840062321274
4 j 145 0.08264741609891857
4 k 43 0.03913510548381238
4 l 153 0.022261314943644805
4 m 128 0.03187383461606952
4 n 154 0.0038277788851258654
4 o 5 0.003108019356684255
4 p 133 0.03193442324947293
4 q 29 0.08245395794491428
4 s 43 0.008310134290397175
4 t 18 0.001031441233518171
4 u 66 0.00031724228566309964
4 v 128 0.09423384562856785
4 w 83 0.010098060178352686
4 y 53 0.038607741636370596
4 z 64 0.10013030828203595
5 a 68 0.07108892307498915
5 c 100 0.02335899695660959
5 d 50 0.06902780641692852
5 k 29 0.003990199054532573
5 l 147 0.03285842504183367
5 m 88 0.01928695595501151
5 n 142 0.02418357857256881
5 o 38 0.05967744357531202
5 p 60 0.08554760232320802
5 q 21 0.20333628898648715
5 r 109 0.10583738803004139
5 s 102 0.07726172306842616
5 u 139 0.012183763502068623
5 w 107 0.005206398408475144
5 x 19 0.02633341075382556
5 z 40 0.04458339612529938
6 k 157 0.4998469423199706
6 p 82 0.2902248027807999
6 x 31 0.04864111798984061
6 z 130 0.08736178714638365
7 a 74 0.003953580948223512
7 e 27 0.12794808531559942
7 f 141 0.0005347749227251342
7 g 135 0.13972547569597116
7 i 54 0.05974966635590506
7 j 78 0.09359469191668524
7 l 140 0.13951280574168123
7 m 133 0.015979096994630848
7 o 13 0.15410808389811126
7 p 130 0.07766064839729547
7 r 159 0.02304954302868023
7 s 46 0.10710521546490215
7 z 84 0.038807316760063104
8 a 156 0.1187701356614258
8 f 18 0.0004322943131034318
8 h 35 0.11260795147501534
8 l 128 0.03829767062863765
8 n 32 0.04854893927111248
8 o 81 0.03791219579466254
8 s 78 0.15130795788399765
8 t 127 0.13981481331898948
8 u 25 0.031052777938167964
8 v 53 0.22078700565857523
8 z 26 0.0734592421970216
9 c 38 0.2412429281532168
9 e 65 0.01425287120431007
9 f 27 0.05533665725621484
9 g 92 0.007166978481278674
9 i 55 0.0430170414371247
9 j 42 0.008947930870060405
9 m 92 0.003719232610611245
9 n 41 0.015931972283763418
9 o 92 0.08511980151085818
9 q 16 0.3239168120824474
9 s 42 0.01662292117489439
9 t 67 0.05595170413839001
9 x 141 0.12516669107283862
10 b 43 0.021244263532150143
10 c 6 0.20383057196802046
10 d 104 0.03248194835671747
10 e 121 0.007831337841700092
10 f 131 0.053968332510761496
10 g 95 0.01664087939384029
10 h 0 0.04310908004951142
10 i 46 0.0004244104537896032
10 k 76 0.07335584371096704
10 l 37 0.007198680044375405
10 n 60 0.016508680170995493
10 o 96 0.06791212120037515
10 q 40 0.11167880178621559
10 r 23 0.04243452441135842
10 s 150 0.0067541813960156905
10 t 119 0.11018033370052027
10 v 44 0.005719536488580368
10 w 75 0.007002878183565153
10 x 22 0.01597980286103151
10 y 119 0.00030466151333885527
10 z 67 0.04511880064824869
11 b 35 0.06656577200433389
11 h 151 0.005240204103417745
11 i 10 0.054842667767660336
11 m 47 0.09174603219652544
11 n 41 0.04135653304622866
11 o 90 0.03314520679933086
11 p 153 0.03651873334025191
11 q 66 0.027050445280534685
11 r 157 0.12444937645266896
11 s 74 0.05787791541047871
11 t 136 0.07755965349089466
11 u 132 0.13066474954173735
11 v 109 0.039562676361744264
11 w 33 0.08167186728099929
11 x 2 0.05725169207075531
11 y 33 0.025776615269785697
11 z 26 0.029697520359854623
12 a 5 0.03046356016754459
12 b 132 0.1538601788542605
12 e 82 0.046687313174596734
12 g 115 0.24350319838067436
12 h 54 0.018780718826325038
12 i 56 0.013216388040268479
12 j 68 0.010326202094006476
12 l 29 0.05196743656439795
12 o 143 0.14837605388010633
12 p 3 0.0011588870214129798
12 q 95 0.021863648357567378
12 r 54 0.033228217663799686
12 s 10 0.00859047445235328
12 t 51 0.009506148195502329
12 u 107 0.05528492555122533
12 v 141 0.0018979958753507775
12 w 28 0.008352626822040965
12 x 126 0.07880115121595044
12 y 24 0.003521013238841908
12 z 82 0.03177033614594649
13 b 129 0.03028508373518557
13 d 145 0.09670638454756131
13 e 142 0.02614011493211965
13 g 12 0.17730449990329722
13 h 72 0.08317965789196968
13 i 55 0.04924274678479934
13 p 2 0.08393629067465769
13 t 15 0.33686200302974423
13 x 82 0.03838087361858744
13 y 59 0.021320369748155432
13 z 118 0.028800179690267713
14 a 9 0.014561415600380712
14 b 140 0.0319808501897646
14 c 109 0.002239600300994571
14 d 134 0.004602911816642075
14 e 133 0.0038439319072196554
14 f 150 0.0035400086574896017
14 h 14 0.0057513468991389205
14 i 141 0.08751979505993868
14 j 156 0.16807576402006008
14 k 120 0.03333838154726432
14 l 140 0.11093353920097038
14 m 109 0.12586888763527004
14 n 53 0.08673336774473339
14 o 137 0.0007099746509502403
14 p 9 0.04124203293956474
14 q 112 0.033045943275969214
14 s 51 0.029114591813307555
14 t 100 0.029978053975081465
14 u 81 0.06408828763137941
14 w 22 0.03334688923382523
14 x 87 0.014309280709735472
14 z 125 0.0687088196568173
15 a 52 0.008690487835224192
15 b 26 0.023499346921720066
15 c 57 0.00886274109192986
15 d 157 0.045260647616384264
15 e 20 0.02003424143629351
15 f 143 0.0058968046243609296
15 g 52 0.02138977089297267
15 h 68 0.00795498665128469
15 i 30 0.004314749794552375
15 j 130 0.1143723360596467
15 k 113 0.055169134697207634
15 l 30 0.12505028200336354
15 m 123 0.016170323775571482
15 n 34 0.006173643876615342
15 o 92 0.17059451359333522
15 p 94 0.04129109477971871
15 q 28 0.04921327094052619
15 r 83 0.041041425552679645
15 t 123 0.009327427258150944
15 u 117 0.002154724813016151
15 v 146 0.037036078488645985
15 w 109 0.021248761793664195
15 x 120 0.04895131898444238
15 y 95 0.050686183962680875
15 z 133 0.016019449477310044
16 a 131 0.052923624878014386
16 b 89 0.09291803373309027
16 d 37 0.0226259386825981
16 e 59 0.09428085406934195
16 f 84 0.01471412538781991
16 j 4 0.009591605530847258
16 l 79 0.046914089754569344
16 m 109 0.017627145110045928
16 o 31 0.10429662865339351
16 p 97 0.16785575390569563
16 q 69 0.016950395536702523
16 r 73 0.019810514048890115
16 s 1 0.13649925652971373
16 t 95 0.010593496385035706
16 u 35 0.008944855031215115
16 v 147 0.07931379205758637
16 w 136 0.02605223235430887
16 x 22 0.017763292785506812
16 y 112 0.00891469325242078
17 a 70 0.07587235024940886
17 b 34 0.03000759946499021
17 c 103 0.002160804253159121
17 d 130 0.0319458602235263
17 e 94 0.07442935257306238
17 f 13 0.013870142772591243
17 g 157 0.05502268378986552
17 i 146 0.018148491131142364
17 j 147 0.025917614264070243
17 k 147 0.08738302159049482
17 l 99 0.0065524531215207515
17 m 37 0.05205172148172044
17 n 22 0.003974131331757724
17 o 108 0.025050941323514153
17 p 156 0.01604340905795798
17 q 160 0.01979419695011586
17 r 25 0.04674637142659699
17 s 107 0.03454838693646878
17 t 7 0.009926286963363729
17 u 15 0.03269965742204195
17 v 62 0.006602524566886592
17 x 153 0.06659838848832278
17 y 31 0.020340530283317393
17 z 44 0.08995434791490664
18 a 71 0.012264601870614733
18 b 2 0.016052623844888037
18 c 123 0.02677607982102259
18 d 35 0.01782642141261459
18 f 0 0.004757320506614149
18 h 111 0.04527900232144344
18 i 140 0.024155702391992384
18 j 12 0.016752285804850553
18 k 153 0.007401003111720761
18 l 116 0.08104069106800071
18 m 30 0.02014947027366243
18 n 81 0.07686897237946655
18 o 93 0.15998040033016359
18 p 3 0.03846173928843222
18 q 157 0.014241423145502918
18 r 79 0.05313279799246029
18 s 136 0.016164556336037306
18 t 10 0.035619682583043044
18 u 110 0.03920805649817427
18 w 18 0.11603254986248013
18 x 15 0.10993337897357591
18 y 97 0.032883608568118894
18 z 146 0.030475866400758833
19 a 127 0.07607544801481303
19 h 1 0.05033018831254721
19 i 110 0.08707182167381988
19 n 95 0.19429895583923995
19 w 80 0.2104958825151665
19 x 71 0.05818094689328257
19 z 48 0.28692056995445325
20 f 25 0.17814310566212943
20 k 0 0.16095624321780644
20 n 150 0.08603020341129186
20 q 132 0.14702111374543458
20 u 30 0.1093099723070643
21 a 125 0.038100019652826944
21 c 129 0.04150005167105686
21 d 76 0.15259398916744815
21 e 111 0.03340096694415495
21 f 24 0.040380089488884496
21 g 54 0.01884676596747681
21 h 132 0.014854161283445189
21 j 72 0.15212757699205637
21 k 8 0.03227213936332929
21 l 145 0.01201724353934619
21 m 12 0.024999148727343545
21 n 5 0.0009368809707610559
21 o 6 0.061604338367148403
21 p 143 0.025780586455147914
21 q 122 0.019942007276401497
21 r 36 0.07592994829852573
21 s 109 0.016333026579540832
21 t 59 0.03687053348221725
21 u 114 0.02543292701926614
21 w 46 0.061712994965387624
21 y 68 0.043442183070110274
21 z 34 0.023418558919837906
22 i 3 0.11981806114867455
22 k 125 0.5050507966199497
22 m 59 0.03769547373318938
22 v 141 0.225943132293965
22 x 133 0.03235531515983969
23 a 62 0.15804442260164264
23 b 36 0.11112764137780706
23 c 104 0.05228610582732163
23 d 17 0.0306102182249659
23 e 160 0.002440551989240758
23 f 106 0.002657563350284664
23 g 8 0.054659641926431024
23 h 52 0.026071473709955106
23 i 143 0.021647127284781797
23 j 0 5.608662352774019e-05
23 n 63 0.0067403896131172925
23 o 37 0.010458888195428062
23 p 41 0.028098742585014658
23 q 82 0.05175319249839483
23 r 84 0.07202566097254781
23 s 106 0.04771974829656789
23 t 3 0.09246965463811119
23 u 98 0.03549209699684863
23 v 141 0.005735256626923091
23 w 75 0.06542764635598541
23 x 111 0.016218069724181605
23 z 83 0.01005232746620488
24 a 66 0.00262063720750072
24 b 104 0.04433144074625939
24 c 62 0.010127470374225456
24 d 101 0.02040083588065955
24 e 57 0.021201891198588507
24 f 147 0.07417665146047703
24 g 29 0.042287592625344095
24 h 120 0.05578858378541052
24 i 147 0.009695197878437423
24 j 7 0.01961047685267847
24 k 37 0.00945851100333106
24 l 61 0.1146268955699099
24 m 13 0.055648809801643884
24 n 76 0.020099294449953953
24 o 22 0.09172748906578942
24 p 53 0.002521660915304813
24 q 99 0.100598699671131
24 r 160 0.029258599969471888
24 s 122 0.014183965614536276
24 t 135 0.005161987658783729
24 u 55 0.022711972131249314
24 v 79 0.003853623848249166
24 w 125 0.023889363573132205
24 x 52 0.12874698335976842
24 y 61 0.0026642589231552494
24 z 23 0.011763139553893964
25 b 0 0.10564870107884505
25 c 30 0.06474604298656139
25 f 57 0.020956555976056168
25 i 39 0.007702364258567962
25 l 8 0.19962789438182438
25 o 25 0.009782407475115829
25 r 139 0.08790281150296209
25 s 69 0.04092239397854247
25 t 29 0.08685130935997332
25 u 27 0.19732331422867055
25 w 87 0.0609787786317022
26 a 34 0.1245289404867701
26 c 55 0.01055629768181221
26 d 50 0.11189240945377443
26 e 125 0.09790885853064613
26 f 32 0.01476530337358839
26 g 0 0.023898841599687692
26 h 123 0.015343573726761761
26 i 113 0.02138902075659177
26 j 46 0.07082335026780018
26 k 63 0.0342328799210162
26 m 102 0.04783219548968809
26 n 61 0.021511803422531006
26 o 35 0.00859820899382191
26 p 148 0.0023558414107756054
26 r 70 0.013499488189814834
26 s 134 0.05167071943864299
26 t 106 0.019370418531441058
26 u 127 0.09760432376567996
26 w 115 0.043854930528041125
26 x 111 0.011556514958277586
26 y 73 0.106847721329417
26 z 21 0.02256165420466827
27 b 71 0.004238194680254548
27 c 99 0.07403979749573364
27 d 105 0.01265741614963456
27 f 41 0.019795577241973117
27 g 33 0.0050806841496743305
27 h 77 0.01805201427258274
27 i 65 0.010120097643915749
27 j 59 0.0011406683925070382
27 l 73 0.07601033824058911
27 n 28 0.058194989705269484
27 o 43 0.03914065417144119
27 p 40 0.005708920235790282
27 r 62 0.20298252419521312
27 s 22 0.10091316442041165
27 t 6 0.011044822697370282
27 w 144 0.052094317809516566
27 x 100 0.07398385888512482
27 y 156 0.02677556559445682
27 z 90 0.008790043843763473
28 a 131 0.013927525776242788
28 b 82 0.028599372291734593
28 c 82 0.006127556472053208
28 e 74 0.025504919745806043
28 f 125 0.05924306339154739
28 h 127 0.04548289415409423
28 i 71 0.005177905779384151
28 k 124 0.030722743480826264
28 m 73 0.04857771412161205
28 n 44 0.18579144191761487
28 o 104 0.11932797183577593
28 p 50 0.02946922969309851
28 q 152 0.025708909568647464
28 r 105 0.0019198394475160585
28 s 106 0.20928824511137334
28 t 92 0.05572152601710978
28 w 74 0.027232456595582155
28 x 36 0.020573762855502165
28 y 15 0.02014138691842704
29 a 80 0.035369990207701485
29 b 55 0.07572898735801104
29 c 68 0.06497884062169179
29 d 108 0.05018681910698097
29 e 71 0.09489547230672324
29 f 20 0.004930502823423333
29 g 4 0.027973234853237328
29 j 50 0.046021178972940224
29 k 20 0.00847486247685203
29 l 29 0.10505021055056063
29 m 43 0.06696790218633453
29 n 142 0.012516344884923147
29 p 3 0.008402530310312128
29 q 67 0.0552539351269099
29 s 99 0.1295130083484346
29 t 94 0.027245126013017984
29 u 155 0.02065978141479974
29 v 51 0.03730436545987459
29 w 63 0.03165539897364433
29 x 20 0.01771427603608522
29 y 29 0.014516216635387269
29 z 8 0.027938801801980606
30 a 160 0.12537571985919727
30 c 79 0.09522941487511671
30 e 118 0.03852008517150318
30 g 62 0.01519683175896025
30 i 32 0.038163898397051255
30 j 59 0.0027555808847685714
30 l 42 0.02280396497560011
30 n 148 0.015025321002060665
30 o 3 0.17042834851059796
30 r 12 0.09947828783270063
30 s 143 0.03273664921541941
30 t 22 0.04759752056970268
30 v 57 0.056056102368643335
30 w 107 0.06894548693850244
30 x 129 0.057559560968112766
30 z 73 0.07883175525646469
31 b 11 0.08317208226250039
31 c 5 0.10430864067535972
31 d 134 0.06556083460094297
31 f 63 0.1308851622762346
31 o 110 0.010627318267652397
31 u 7 0.0780505410434601
31 v 109 0.14123085777863198
31 w 40 0.11133929288701194
32 m 119 0.00016086913995483343
32 s 124 0.10777910486478393
32 u 102 0.34281160794767385
32 w 134 0.2704896852939789
32 y 23 0.12185757267794939
32 z 109 0.03037600418615305
33 b 12 0.0003101516471988308
33 c 101 0.008046041217420585
33 d 80 0.004469335398795682
33 e 35 0.0006324875859073931
33 f 5 0.0016848662035628958
33 g 3 0.01898324917606342
33 i 33 0.006293937982823183
33 j 109 0.018637396007166407
33 k 93 0.015205549759323422
33 l 34 0.028703161010606215
33 m 97 0.057130701212013135
33 n 4 0.11122053289602629
33 o 51 0.19347005892231006
33 p 127 0.03685989554973901
33 q 52 0.01373185513560038
33 r 153 0.1353164491736223
33 s 59 0.17040717421859908
33 t 151 0.058034354463319504
33 u 109 0.0029700996478785324
33 v 93 0.02307347286492334
33 w 94 0.014179418516143016
33 y 51 0.0026653502734074186
33 z 57 0.07568181677773278
34 a 152 0.01460920452693426
34 b 131 0.06090399290098081
34 c 108 0.04076079255600218
34 d 152 0.0681829485467279
34 e 5 0.0738022164994151
34 f 40 0.03356484238013613
34 i 14 0.06231274400715092
34 j 47 0.03753212964965047
34 k 128 0.039056520225867586
34 l 0 0.024365392010338938
34 m 13 0.015142460852571205
34 n 160 0.1578939898969992
34 o 36 0.029935818893447652
34 p 12 0.0018055080604297835
34 r 42 0.03806221997819126
34 w 117 0.06350519917998454
34 y 17 0.1622852289800778
35 h 122 0.163747451362106
35 k 62 0.08143381139787131
35 p 57 0.539766354991668
36 b 93 0.04681658235232422
36 e 8 0.06177998204238533
36 l 2 0.27772515698642075
36 n 26 0.16146537905859537
36 x 144 0.004436955788357122
36 z 40 0.36866844175011626
37 b 145 0.06402982704134708
37 e 130 0.13034257354609913
37 f 160 0.19612487095185205
37 k 109 0.08196073777296542
37 l 127 0.33541382424095967
37 p 148 0.02102319236277983
37 v 13 0.08360720265234989
38 b 153 0.15951668671916197
38 c 82 0.01948741127473297
38 g 58 0.0721447006629875
38 h 120 0.01165353760792276
38 i 89 0.11288335263427551
38 j 106 0.009210880576788316
38 l 128 0.05558922009625411
38 m 20 0.011140751324163811
38 o 142 0.053090615125309104
38 p 105 0.03739446091612042
38 r 65 0.00255067443891277
38 u 83 0.043452426332029837
38 w 130 0.1591252501592616
38 x 86 0.04361587063268191
39 b 80 0.010853666009894791
39 d 58 0.031378993869996985
39 f 94 0.011633366034886516
39 g 55 0.012583628580773332
39 i 55 0.2394611793737681
39 p 122 0.1460452225439438
39 q 50 0.03172055067426782
39 r 90 0.020377254936011946
39 u 38 0.14868911353363334
39 w 157 0.010898614960109132
39 x 130 0.15401402221113103
39 y 25 0.16582521710642428
40 b 12 0.018556867880628602
40 c 142 0.2192721901893
40 f 58 0.010361410869159537
40 g 132 0.04785210483359781
40 j 79 0.21822378264048226
40 m 0 0.15365630751453918
40 w 117 0.028433617771288833
42 g 34 0.8574258810787951
42 k 46 0.10056000393049369
43 f 85 0.03547281196686758
43 w 4 0.04734962564095391
43 x 111 0.3687563551979508
44 a 155 0.02898550571704739
44 b 159 0.026823735129258508
44 c 52 0.15169172682601384
44 e 148 0.01703051104090303
44 g 25 0.009439464839619771
44 h 22 0.03422019273715515
44 i 84 0.009051854892382138
44 k 105 0.02957506456613368
44 r 13 0.030808561949047797
44 s 127 0.01942153157045734
44 t 54 0.11149878702572469
44 u 142 0.047865079885726414
44 v 84 0.023709562242251958
44 w 40 0.09993558956698945
44 x 62 0.2634696281774269
45 d 62 0.02638603499043335
45 f 123 0.034750475158536354
45 g 126 0.09621597238393986
45 i 92 0.07757199299754758
45 j 46 0.07064639898772274
45 k 140 0.15440611852629027
45 l 38 0.001107618589913817
45 m 5 0.07402785998123107
45 n 61 0.24780497661367806
45 p 35 0.020515495340662437
45 r 154 0.059292906866076134
45 v 106 0.051739514945499554
45 w 119 0.031834610315727985
46 c 2 0.0709655245333698
46 d 102 0.1572542744397183
46 f 26 0.03815004930828181
46 g 29 0.013040849860630588
46 h 95 0.07250481241537421
46 i 96 0.014523073565447242
46 k 1 0.2358246221357856
46 m 6 0.01603116955631534
46 n 138 0.022710195478419792
46 o 116 0.047734471873527196
46 p 110 0.013846791219163324
46 r 143 0.05049344772259623
46 v 75 0.19620221743539001
46 w 152 0.0064669597485691455
47 j 121 0.1682517007186024
47 o 59 0.09954671184255581
47 r 18 0.7207843820530135
48 a 0 0.008831436325120401
48 b 158 0.11256753323022728
48 c 66 0.06150009363045561
48 d 84 0.05884715953240294
48 e 152 0.02573735967591273
48 f 63 0.08203119469268727
48 g 143 0.018300465114049813
48 h 38 0.08834250651779219
48 i 114 0.017568467602808502
48 j 50 0.016399861778318203
48 k 78 0.02739896624899807
48 l 2 0.03672331159636011
48 m 49 0.003981292526509361
48 n 14 0.03876317167905208
48 q 45 0.12102703464195119
48 r 148 0.02592992790654225
48 s 157 0.02276904125970214
48 t 74 0.09903632176904464
48 u 39 0.018553665072871706
48 v 49 0.030873863470236684
48 w 79 0.006392540164745553
48 x 148 0.019644988618682246
48 y 91 0.03863433848267628
49 d 80 0.12326855500324185
49 g 120 0.26991759703751295
49 k 66 0.32289690120974845
49 v 10 0.270913511112028
50 a 152 0.042898660018884205
50 d 44 0.18602405424078405
50 g 126 0.03323028375574877
50 l 93 0.006221329296148048
50 n 144 0.2825179183185489
50 t 70 0.05433225706666045
50 v 30 0.19552967351036887
51 a 66 0.05663492748702614
51 b 96 0.05496561537122502
51 d 146 0.030165471074568573
51 e 2 0.048892647502457254
51 h 74 0.023584283277752083
51 i 124 0.031855032710950915
51 k 92 0.11955446303339812
51 l 137 0.01443207921484102
51 n 64 0.04160503750970146
51 p 30 0.04495195996931611
51 t 135 0.09729992866842607
51 u 13 0.18078025146948273
51 v 7 0.17040514028989506
51 z 4 0.08392083604185685
52 c 135 0.30208193057300126
52 d 144 0.21610781868016316
52 e 17 0.023706717626743035
52 h 147 0.07465920510926849
52 k 114 0.131662141591681
52 m 155 0.05909317808985182
52 q 63 0.07126809269741463
52 s 47 0.06929704709300355
52 v 134 0.037571201507586305
53 d 14 0.07609300322042267
53 f 156 0.06637117946694471
53 h 71 0.06006643489047814
53 i 19 0.09047470900262244
53 j 60 0.0821681549242268
53 p 39 0.034071040657481455
53 u 72 0.13012304472847003
53 v 116 0.2008866627613467
53 x 64 0.14942498207289923
53 y 21 0.03545426826859077
53 z 68 0.054182588360574435
54 a 21 0.32230159464249464
54 d 83 0.3907532320811603
55 a 8 0.0032762281980202035
55 b 82 0.007479992924638745
55 c 79 0.010944270574892667
55 d 78 0.026278789042207595
55 f 60 0.10530233141425938
55 g 27 0.067237531832392
55 h 91 0.01027372324144582
55 i 78 0.02601743803268486
55 j 19 0.13579410380323664
55 k 68 0.11192216407872135
55 l 27 0.10612688923830649
55 n 41 0.07763317446692863
55 o 84 0.0004135700283003363
55 p 139 0.010976120145657742
55 q 138 0.05039264027990764
55 r 99 0.00028539094999091574
55 s 54 0.04345761369103407
55 t 122 0.04857107008222805
55 u 68 0.03650660779314352
55 v 50 0.04507741630467288
55 w 107 0.01752027424450009
55 x 62 0.022529461370318082
55 y 117 0.003444592125501411
55 z 85 0.005927743069485736
56 a 13 0.0039546889058845736
56 b 71 0.004156116601809923
56 c 67 0.004387514050212538
56 d 42 0.021698139151528406
56 e 6 0.011582651412120892
56 g 160 0.015429916028013801
56 h 33 0.02140124662839671
56 i 66 0.04897090385030212
56 j 4 0.053769569872253786
56 k 67 0.07382480065112229
56 l 60 0.041054075301213744
56 m 135 0.0407921948832668
56 n 78 0.06185126148146192
56 o 5 0.012033065650789654
56 p 160 0.014814781367985419
56 r 84 0.18446434990047245
56 s 18 0.00889835177474163
56 t 104 0.019690533278516553
56 u 95 0.041004423612271634
56 v 107 0.0013580147961229638
56 w 79 0.07535369718324503
56 x 31 0.08030212048868968
56 y 83 0.006667032163614639
56 z 44 0.1349146414243666
57 k 68 0.6024977469934342
57 q 90 0.029109772866386496
57 s 110 0.18007926807668717
58 a 107 0.05426166368513041
58 e 117 0.018671089009792308
58 g 124 0.001902405530760154
58 h 9 0.0625482581468878
58 j 122 0.018122579934999328
58 k 43 0.04485450821692116
58 m 48 0.1451197855448868
58 n 48 0.00039961744443439695
58 o 46 0.177240650677414
58 p 154 0.02840977840909764
58 r 76 0.16167438209656393
58 s 25 0.020877016624418876
58 t 43 0.008681628882743264
58 u 126 0.04493132123532906
58 v 134 0.004369328338000744
58 w 45 0.003963788593906781
58 y 39 0.011686125659822189
58 z 93 0.09794056066004919
59 d 15 0.2616481489736876
59 x 55 0.5396364298744608
60 b 56 0.03366721230270986
60 d 42 0.113275362685063
60 e 128 0.0328788482369633
60 g 133 0.10040009673693429
60 h 117 0.06394349920746556
60 k 108 0.05680569510282141
60 m 119 0.010946378806245605
60 n 120 0.02824206799725859
60 o 123 0.04281764763878304
60 p 8 0.03585264273861388
60 q 87 0.03490582645800633
60 s 121 0.12370020832315554
60 t 44 0.005030191243183824
60 u 92 0.0292416192395355
60 v 125 0.04938615227397791
60 w 139 0.005784499894370798
60 x 153 0.02755988239487661
60 z 4 0.16608663302813387
61 a 9 0.07226880702487504
61 b 140 0.0006465981341277072
61 d 15 0.09809870057517889
61 e 123 0.042810451671550065
61 f 41 0.010345052751110417
61 g 70 0.044007436153664314
61 i 105 0.032627977379316886
61 j 25 0.024029678358886475
61 l 52 0.06944422930492
61 m 18 0.028121887609339424
61 o 142 0.021965679045662267
61 p 127 0.0380711573507555
61 q 6 0.017797466513812532
61 r 0 0.02555305093688609
61 s 99 0.019461753174550123
61 t 121 0.11016044534108171
61 v 0 0.023899127696203726
61 w 129 0.12278225599095116
61 x 149 0.028512253797201237
61 z 150 0.13293787037011773
62 a 70 0.08189207396834097
62 c 72 0.09134363363702547
62 g 81 0.12499223561970607
62 h 112 0.10672379013958977
62 l 47 0.08037382943053117
62 o 24 0.0578573185349317
62 p 114 0.1347843088936641
62 q 96 0.09535052501532593
62 r 83 0.0017363088711693786
62 u 49 0.07433391805626355
62 w 32 0.06904652762270436
62 y 87 0.017865147640187762
62 z 43 0.060996288755018946
63 a 144 0.03015444391634392
63 b 54 0.0041489506125037545
63 c 31 0.12598270587686466
63 d 99 0.05726894623880463
63 e 40 0.028108150554037703
63 f 72 0.11980514621217919
63 g 104 0.055381723886335776
63 h 86 0.01374446520780559
63 i 131 0.0017192337259634982
63 j 91 0.021643623445846805
63 k 149 0.0026716514202079766
63 l 107 0.04674131574593443
63 m 89 0.009686561640973479
63 n 143 0.050404007923136596
63 o 64 0.0040725191493474755
63 p 40 0.039998832683088126
63 q 5 0.03299074658632162
63 r 71 0.07112302785291957
63 s 154 0.04181223338323592
63 t 86 0.011491111763278994
63 u 100 0.01984312068461802
63 v 127 0.008272713475978244
63 w 13 0.016389365971330783
63 x 152 0.011053097247189614
63 y 30 0.06969350114836081
63 z 34 0.03422444568552008
64 n 82 0.1005732481617071
65 a 17 0.00403624000382008
65 b 151 0.2030395060497584
65 e 136 0.021470364108626572
65 f 17 0.0839432140800942
65 g 33 0.029400571823495314
65 k 80 0.05019739104734111
65 l 140 0.044462258840079594
65 m 99 0.001964768185452437
65 n 90 0.10625038055627312
65 o 46 0.0012718773526537719
65 s 96 0.06407187037807194
65 u 80 0.028199472399703107
65 w 58 0.03954060145706906
65 x 132 0.14082381143795042
65 z 68 0.15419825309263369
66 a 157 0.00937278385138407
66 b 145 0.12459214248744999
66 c 101 0.008019937168775138
66 e 106 0.06937395970992377
66 f 124 0.0590115087905021
66 g 134 0.09661551657335354
66 i 137 0.019945423645324145
66 k 140 0.024070900476175994
66 m 42 0.02641032032964752
66 p 47 0.042248800240003104
66 q 123 0.010947228660674768
66 r 7 0.12836188156796768
66 s 78 0.050845460898745864
66 u 129 0.08733083192505697
66 v 113 0.06501349428106729
66 y 145 0.04869254715078242
66 z 40 0.05786389234575717
67 a 136 0.06099472898754976
67 b 99 0.07046004072310041
67 c 100 0.029222437741373897
67 e 157 0.05631975889309215
67 f 157 0.0266307130319986
67 i 77 0.13674109865815653
67 j 118 0.13745728081987285
67 k 99 0.02008605206721148
67 o 146 0.08531650538078217
67 p 109 0.0007502096500496824
67 r 129 0.10108856904437402
67 x 67 0.21793637031920143
67 y 92 0.031258344173147434
68 a 60 0.37712890910551367
68 n 1 0.38247114402560023
69 a 89 0.0002635541908100336
69 b 23 0.021279831641040525
69 c 55 0.0870407980230885
69 e 127 0.013108420743494609
69 f 154 0.10568417507429329
69 g 158 0.04160432895305666
69 h 107 0.07746923709949827
69 i 47 0.006154592752886878
69 j 123 0.09037375086239208
69 k 62 0.07283143915134183
69 l 93 0.11661033383936326
69 m 145 0.08119536432468788
69 o 62 0.01501437351312307
69 p 155 0.0009674990642793979
69 q 96 0.018490629749273624
69 r 90 0.005046490493369027
69 s 84 0.0011908513991992775
69 t 108 0.04160621607848014
69 x 5 0.09764857365222268
69 y 109 0.035811557078106904
70 a 152 0.018087601499272243
70 b 40 0.06359542941381391
70 c 59 0.035235524237301585
70 d 12 0.02975538080329121
70 e 157 0.013554017730733392
70 f 116 0.08908752938417996
70 g 156 0.06743413911297613
70 h 127 0.0436604742388943
70 i 21 0.031955881473967884
70 j 68 0.005425981061033203
70 k 1 0.008055324592643687
70 l 95 0.27593693646020856
70 m 117 0.027612818806243333
70 n 133 0.006230153423316898
70 q 46 0.02227452268434582
70 r 0 0.02030305985312486
70 t 92 0.07532207278267533
70 u 158 0.021436642786465843
70 v 79 0.040334347884191324
70 w 43 0.052286808450267785
70 x 119 0.00819820394710935
70 y 148 0.006822788431618432
70 z 88 0.021460016448044628
71 a 80 0.030092610906374606
71 b 82 0.039528186641544005
71 f 53 0.08602707567212309
71 g 35 0.16716234974129696
71 j 136 0.06177970330609328
71 k 129 0.010076157955671183
71 l 90 0.3329404064693856
71 m 133 0.0038935441375090862
71 q 140 0.19850017685748667
71 v 136 0.019270641500659713
72 b 106 0.20967908479195863
72 j 40 0.15795899200092633
72 k 29 0.03085722336615304
72 q 70 0.06342920812173047
72 t 28 0.20491594520788436
72 w 16 0.09572391010576775
72 y 98 0.07126133373782151
73 b 106 0.07580460101103637
73 c 15 0.04471248919041304
73 d 148 0.04784093353948615
73 e 135 0.04474313534694874
73 f 153 0.07471290059284386
73 g 110 0.03550280301182429
73 h 33 0.008281797683999281
73 j 112 0.057224531321589
73 k 154 0.05854974983798933
73 m 87 0.08860629479799009
73 o 102 0.14290799799609133
73 p 129 0.006553353996389899
73 q 106 0.04605895440784891
73 r 110 0.01554922160742489
73 s 34 0.01688506564118364
73 t 12 0.012078062764909192
73 u 143 0.023519098981516384
73 v 160 0.022774478283350774
73 w 35 0.0723664843640095
73 x 54 0.016875240054905927
73 z 51 0.02157147533221171
74 a 59 0.010489571950888732
74 b 29 0.16592122804954035
74 c 11 0.05611344315852396
74 d 66 0.07681676806548898
74 e 56 0.041666092887370554
74 h 112 0.0976305285009843
74 i 84 0.03378682963884028
74 j 121 0.02517210542934567
74 k 145 0.0317028726630425
74 l 3 0.006847032159340349
74 m 120 0.002010931358795376
74 n 120 0.045715178779024646
74 p 0 0.06984547302353517
74 q 62 0.02124400702652085
74 r 45 0.029523014776458578
74 s 43 0.08232191676022915
74 t 94 0.007673354874200733
74 v 62 0.00782575033664068
74 w 85 0.06643005654408873
74 x 160 0.055882568221329865
74 y 120 0.00021423627234584686
74 z 96 0.011633222822296396
75 g 15 0.204893953617018
75 j 116 0.14866709324436667
75 y 76 0.25029887880011537
76 a 106 0.0026234665098660015
76 d 18 0.07769632474298693
76 e 130 0.009285140680043491
76 f 6 0.002124869123606987
76 j 76 0.0007266493730584411
76 k 139 0.02630709366580486
76 l 114 0.0940713013404979
76 m 157 0.05214433360802362
76 n 40 0.02972213810855784
76 o 13 0.08336189433944408
76 q 120 0.057036210552386946
76 t 85 0.03350018810908084
76 u 143 0.07500806689961892
76 v 119 0.12238112680179247
76 w 136 0.04837681659221438
76 y 135 0.007636694855687964
76 z 95 0.1447157148975584
77 b 97 0.129284881066131
77 d 45 0.1320253981495676
77 h 73 0.04010591224321847
77 r 114 0.028249121225162876
77 v 58 0.5827849912281169
79 a 100 0.006363294309329137
79 f 139 0.015878093007057226
79 h 156 0.16760355103238878
79 i 96 0.004043631805048853
79 j 64 0.1700202838815017
79 k 86 0.058348399557042296
79 l 152 0.030005844722581054
79 m 22 0.09709855056179251
79 p 10 0.01883060182056484
79 r 125 0.1182343127455796
79 t 133 0.10619225692592582
79 u 76 0.06014627389462446
79 v 44 0.0012156431633538745
79 w 147 0.04185910284839012
79 z 90 0.056468801962625825
80 a 110 0.0448293844863743
80 c 6 0.03718462624635632
80 d 146 0.03786314629847287
80 e 119 0.01916025017032086
80 f 3 0.013761890621617034
80 g 87 0.11418033012077633
80 h 96 0.006206901276843313
80 i 93 0.018977584614819354
80 j 79 0.020983519175622245
80 l 66 0.09678259730272354
80 n 44 0.0009246415795097773
80 o 143 0.0200337035644369
80 p 129 0.03545351091004689
80 s 159 0.16743721915084053
80 t 96 0.08235677359320592
80 v 124 0.059870982535072614
80 w 146 0.0033020551389683073
80 x 65 0.007141120242265986
80 y 137 0.04929522767066441
80 z 147 0.15636558048869797
81 g 120 0.1529472734674383
81 h 17 0.12558655488113224
81 j 44 0.09294701605970612
81 p 107 0.1293308959677334
81 r 25 0.05463821668868418
81 s 22 0.039532814702465835
81 t 89 0.10754151968372949
81 v 131 0.04072332407804924
81 x 27 0.013529822837209271
82 a 45 0.019752540836380783
82 b 68 0.018703986363082237
82 c 155 0.1538781437077127
82 g 48 0.03151898696119926
82 h 42 0.030738209575043474
82 j 111 0.12328005005000786
82 m 88 0.16649887706843824
82 q 137 0.017893109406795338
82 s 62 0.015197369855322607
82 t 16 0.22100549865234376
82 u 25 0.03813325797468636
82 v 75 0.01670377948563384
82 w 141 0.03675270548795928
82 y 2 0.0867805968249803
83 c 117 0.025949724346524317
83 d 57 0.09178498738547947
83 e 100 0.04619605317374598
83 f 158 0.11268262380881677
83 i 86 2.8306485616691468e-05
83 j 36 0.08595925726097875
83 k 44 0.03661682519565146
83 m 89 0.12015958365764545
83 n 133 0.0014473145978251
83 q 117 0.013782065345756433
83 r 107 0.12754225173100775
83 u 50 0.044042150349714815
83 w 47 0.0389164430616864
83 x 73 0.008605901765729285
83 z 29 0.01906368506929501
84 d 92 0.3864854385119827
84 f 54 0.03526104927492746
84 l 155 0.07802986807102563
84 n 101 0.15145109881669294
84 s 7 0.03699486481107073
85 a 121 0.030158635837097325
85 b 90 0.058327230048143
85 c 155 0.055917014790984654
85 d 5 0.07632586221941662
85 e 17 0.03043276592693145
85 g 102 0.008715608345222892
85 k 16 0.07072083878099067
85 l 141 0.009350183909174747
85 n 47 0.0036595661896484666
85 o 87 0.08462488565047188
85 q 61 0.1831736803214199
85 r 20 0.01630520893692755
85 s 159 0.010946140150725037
85 t 104 0.10370732570513386
85 u 65 0.1124252297616718
85 v 90 0.028955503815489503
85 w 82 0.00818034540583834
85 x 58 0.021073231224579825
85 y 105 0.02149528956792235
86 c 57 0.06624657771687159
86 h 34 0.0484414561440889
86 k 131 0.27861984106371107
86 q 103 0.06856083987385264
86 t 101 0.17520148815893322
86 v 69 0.0833469386305058
86 w 26 0.01950801749238451
86 x 41 0.015776511067091548
86 y 142 0.021388443764008502
86 z 69 0.12307521772929775
87 b 92 0.032065534841767884
87 c 112 0.011108318311076504
87 d 123 0.09133555008731298
87 e 49 0.02552571216664712
87 f 22 0.02444423204666113
87 g 155 0.13573717974016575
87 i 11 0.016022727164916928
87 k 13 0.051155745472693415
87 l 132 0.01633334411398757
87 m 53 0.05567941846326141
87 n 99 0.0023255865625604333
87 o 115 0.03096521148900877
87 p 38 0.058742978436128857
87 q 100 0.03834693830955693
87 r 9 0.029869866709883897
87 s 90 0.009807704052872013
87 t 7 0.04482565528615756
87 u 119 0.04971372878601776
87 w 101 0.14532567466456048
87 x 30 0.05097626430494717
87 y 124 0.035337792503825516
87 z 14 0.03613554052297452
88 a 13 0.03941144953951503
88 b 47 0.00877499829031525
88 d 104 0.03053762069874666
88 g 62 0.010422140243430689
88 h 101 0.265058463537476
88 i 22 0.24179933110014662
88 j 80 0.13261947548496833
88 n 98 0.023578416089629517
88 t 68 0.003062524154920254
88 w 53 0.08195208114638175
88 y 108 0.012297025796633942
89 a 146 0.08443335574326027
89 c 78 0.0037455011774539804
89 d 155 0.0030388060618530277
89 e 94 0.07442580713002511
89 f 160 0.0006941360318083456
89 g 73 0.005892704540727434
89 h 145 0.048732068995415156
89 j 35 0.11589649269396352
89 k 131 0.030156987605648333
89 l 54 0.06595276720217125
89 m 155 0.04866238829351466
89 n 19 0.07020122251551963
89 o 136 0.04645043474510924
89 p 57 0.043654899223559473
89 r 118 0.05694978196507017
89 s 60 0.01720814814276339
89 u 69 0.06469518527274665
89 v 73 0.021557763342147207
89 w 28 0.023885660684935583
89 x 15 0.1518297605829535
89 z 124 0.01709583650414148
90 a 68 0.0010056499900147342
90 d 9 0.02859037082994853
90 e 55 0.024054307258699614
90 j 139 0.09853535583095219
90 n 128 0.281697455960198
90 o 58 0.11719677193613354
90 t 11 0.13090694810986703
90 v 18 0.08428532373685804
90 x 38 0.1851092123353245
91 b 3 0.06525910272798463
91 c 96 0.01047818557593605
91 g 4 0.03861935811973094
91 i 87 0.004964352828047969
91 k 151 0.01709782838861751
91 l 155 0.1279200448272162
91 m 76 0.069261415182307
91 p 111 0.09871096007364943
91 q 151 0.04812403390569975
91 r 94 0.05962004145652178
91 t 146 0.22300878472948438
91 u 55 0.07911069940663618
91 x 120 0.15485522667959484
91 z 89 0.00033076971858347903
92 c 54 0.49339437960432664
92 g 78 0.3333476037862073
92 h 48 0.02967238688505247
92 p 23 0.0748525106149559
94 a 4 0.003967449486652508
94 b 71 0.05809505072752674
94 c 66 0.010217014193362961
94 d 51 0.09922548042917534
94 f 106 0.01771010952064478
94 g 77 0.10519212672958733
94 h 124 0.009619664670865058
94 j 53 0.03342921735320359
94 k 113 0.10839709067169845
94 l 72 0.015343049542026366
94 m 112 0.011045548211633505
94 n 5 0.11996349602110545
94 o 115 0.02884814703644778
94 p 92 0.10635936461219075
94 q 66 0.023495643327338445
94 s 80 0.016566166378395364
94 t 145 0.07361061295609184
94 u 155 0.013752208851244396
94 x 155 0.021030599880554668
94 y 104 0.008843253193942746
94 z 41 0.062059404868824664
95 b 27 0.19752374529720174
95 i 7 0.33714734110939104
95 n 113 0.12211274340656086
95 o 123 0.030921356404963407
95 q 72 0.0014918845095607258
95 u 158 0.08978586880514838
95 z 119 0.035386063869460416
96 j 118 0.014883351192805039
96 l 62 0.5078742926736663
96 p 108 0.04239878433526323
96 r 91 0.032407796943607514
96 z 104 0.344430326983877
97 b 109 0.005546550259642458
97 c 65 0.07826736995632766
97 f 100 0.12657824980715382
97 g 93 0.055987091473785444
97 i 76 0.1327456244440549
97 l 36 0.02103321628890542
97 n 153 0.05274585163290779
97 o 131 0.012535459158094397
97 p 44 0.14519285213846256
97 s 131 0.0467915782773729
97 t 126 0.018658285872310776
97 u 128 0.029636535862645252
97 v 121 0.027166341237163105
97 y 121 0.07170953297714366
97 z 103 0.046702846105791895
98 a 46 0.0032418369539286562
98 b 124 0.0026606793040064858
98 d 152 0.102591663496571
98 e 78 0.007473459625469858
98 g 76 0.07932406268336267
98 h 17 0.05643122573113557
98 i 103 0.035572873254606896
98 j 125 0.020602161696633203
98 k 121 0.007254514303070447
98 l 10 6.523448166373402e-05
98 m 95 0.10366565156385188
98 n 7 0.007860862487755527
98 o 148 0.010996619182946477
98 p 160 0.02960392204012796
98 q 85 0.0307071564680218
98 s 113 0.013666406936373776
98 t 70 0.046795852457454434
98 u 73 0.009239853631700101
98 v 114 0.01293394574086082
98 w 81 0.12794597998674684
98 x 126 0.005829606407955379
98 y 73 0.03215654458249484
98 z 2 0.07732310062935988
99 a 42 0.0249550128826157
99 b 100 0.19866608320904833
99 c 51 0.038534775174742575
99 d 27 0.00013749731883627714
99 e 83 0.003442523963887445
99 f 52 0.044002772243956545
99 g 35 0.06896684289734856
99 h 70 0.08175068326475554
99 i 137 0.0460608348774052
99 j 130 0.10269808766027644
99 k 117 0.019306907395916673
99 l 17 0.04315784287975255
99 m 151 0.003796989367848891
99 n 42 0.023902241825069503
99 o 19 0.01601368106153589
99 q 45 0.03890171642287732
99 r 33 0.044497107960072335
99 s 113 0.019881046838563066
99 t 81 0.035006380008513416
99 u 139 0.006195022517931914
99 v 90 0.026014572745834408
99 w 3 0.005994932850121648
99 x 31 0.011438618653357602
99 y 29 0.0007874520046452504
99 z 147 0.005299021157428863
100 b 71 0.16195317355837058
100 e 48 0.016510126013559834
100 h 25 0.02709233505434927
100 j 131 0.005909429162321511
100 l 154 0.20381982776151963
100 m 116 0.011184565874969965
100 o 83 0.029625473150316606
100 q 76 0.05582018799311672
100 u 16 0.05062386938386576
100 v 142 0.004144454431203259
100 w 121 0.057054903634213505
100 x 128 0.21960565066183624
100 y 153 0.07384791199592233
101 e 86 0.1413732239829375
101 h 153 0.31408182868344525
101 l 65 0.03781748120948092
101 w 25 0.11924565337670823
102 b 21 0.10020164434764733
102 c 137 0.0002283796041296915
102 d 130 0.20789265169773974
102 f 26 0.1696479219956144
102 i 20 0.06893962067255333
102 n 29 0.06423467140770678
102 s 13 0.06644031257198424
102 w 120 0.22549940360052134
102 x 94 0.02138733282446037
102 y 41 0.035827708060357955
103 b 34 0.02715867170702735
103 c 105 0.04349279245910642
103 f 37 0.022555402830758298
103 h 103 0.0198679576655032
103 i 126 0.009085572042693002
103 j 97 0.1278321810525722
103 k 33 0.09533334195712173
103 l 57 0.07253401720347041
103 m 81 0.050686220844241126
103 n 47 0.19054464586277808
103 o 35 0.008997235013225136
103 p 159 0.02799735739672138
103 q 34 0.016880834603594574
103 r 159 0.04085989387784539
103 s 28 0.07638115945947466
103 u 33 0.04244924665389438
103 v 26 0.01537118737472598
103 w 155 0.017767957794488143
103 y 133 0.060856378254508736
103 z 139 0.02975927768594222
104 a 69 0.023602833544084434
104 e 124 0.029529742710241447
104 f 53 0.1047212072448539
104 g 27 0.07882229586408529
104 h 103 0.16643171309985572
104 j 68 0.09015711204211585
104 k 83 0.10825107333795969
104 n 55 0.02304236551511918
104 p 52 0.06494965398243746
104 q 59 0.02697194511894252
104 s 159 0.015493825995229527
104 t 156 0.0011431869658864446
104 v 152 0.03498006589246494
104 w 132 0.027518414919157075
104 x 90 0.17625629574355917
104 z 152 0.01699808801545899
105 a 48 0.054214287633127856
105 b 111 0.058656516995202246
105 e 27 0.07338500480896637
105 j 59 0.05881423263028518
105 k 56 0.2113376771463712
105 l 112 0.03635715405358442
105 s 118 0.19707214635882309
105 v 145 0.10574139490258527
105 z 34 0.1479985740921086
106 b 72 0.050895792824798836
106 c 31 0.05915565457687766
106 d 100 0.07177421153063746
106 e 32 0.01768177278053884
106 h 36 0.04435149900477742
106 j 88 0.17329498901042906
106 k 139 0.0006659838073894697
106 l 67 0.004659151256572236
106 m 133 0.10633394129040274
106 n 5 0.1148659094866743
106 o 121 0.0048584573211716275
106 s 34 0.11550968334735867
106 t 134 0.06732083489703033
106 v 10 0.012665629337792805
106 w 93 0.0031583306837756897
106 x 31 0.04214254370544335
106 y 50 0.08159666720823322
106 z 103 0.001356846586057392
107 a 153 0.04272012438678208
107 d 75 0.0919234213599015
107 j 79 0.019910218816157843
107 k 42 0.006476030810597333
107 m 65 0.17814388321436914
107 r 45 0.1078078219537939
107 s 129 0.16780305809764007
107 u 79 0.26833211429992687
107 y 160 0.03375995581030111
108 b 155 0.015108273832409425
108 c 8 0.026719813610884158
108 d 74 0.13145615629517715
108 f 25 0.006472634965590918
108 h 149 0.022369808751754094
108 i 19 0.12775946968330854
108 j 58 0.015605681298789031
108 p 151 0.10277686423652121
108 q 137 0.10049701684734591
108 r 78 0.0474051168443127
108 s 91 0.02414831317213839
108 t 87 0.03632371185029171
108 x 121 0.03457258235367622
108 y 25 0.02883264240548833
108 z 160 0.11211008678297762
109 p 15 0.14544191618756241
110 a 1 0.04947870928535081
110 d 29 0.2485237312406039
110 f 81 0.19831122558850445
110 j 128 0.006590804455102739
110 k 140 0.14554965789238317
110 n 8 0.08065008812622976
110 p 127 0.03519172181536323
110 r 64 0.06573371528205929
110 u 140 0.13468046912333975
110 x 157 0.011309694748124266
112 i 116 0.07506757329805747
112 j 89 0.19977782852353065
112 l 10 0.16955502139552614
112 n 44 0.14121100512000628
112 q 41 0.10650154135658829
112 r 76 0.1135207790061854
112 z 157 0.15980556009495817
113 a 53 0.03869032446043308
113 b 16 0.1944943965264091
113 c 24 0.04167194720351364
113 d 66 0.0019992693138434214
113 e 111 0.039410355654542095
113 f 81 0.0051138043657579235
113 g 67 0.016298258085584494
113 h 47 0.10840496956980794
113 i 104 0.00794247904031753
113 j 7 0.014648840601922286
113 k 94 0.03526392353395402
113 m 79 0.02545033761765514
113 n 154 0.02329090760386021
113 p 134 0.02284412766365773
113 q 155 0.13366075111703446
113 r 100 0.016887008639190793
113 s 14 0.010808201786492555
113 u 40 0.031863039728941
113 v 22 0.02113526806401156
113 w 116 0.00458030386793562
113 x 43 0.12986133968983327
113 y 131 0.035607918750541145
114 b 88 0.05632277183488976
114 c 158 0.06476232432046991
114 d 94 0.01333288609625305
114 e 117 0.008740085870957648
114 f 88 0.017576507842704037
114 g 5 0.003616461385124947
114 i 139 0.0565099022101313
114 j 47 0.015724568394075544
114 k 143 0.020918123995321558
114 l 76 0.08989831309058538
114 m 38 0.03905190149284621
114 n 82 0.0015651594686318937
114 o 152 0.006963482995809511
114 p 134 0.06364531216594471
114 q 17 0.0014281121416720444
114 r 108 0.028230579051616522
114 s 19 0.054702239846467604
114 t 137 0.10198018138199105
114 u 82 0.0035699411981298113
114 v 89 0.10348501006519806
114 w 29 0.05822749319046161
114 x 114 0.026127772792915005
114 y 142 0.03657144245508481
114 z 68 0.06612680290913098
115 b 41 0.09550473885497157
115 i 48 0.08012055732583734
115 l 133 0.11467167979629267
115 m 19 0.01879848970855591
115 u 81 0.15142663417197666
115 w 69 0.15500203016997371
115 x 97 0.09845661113806059
116 b 87 0.00825629199236122
116 c 57 0.011044508316610524
116 e 125 0.017916791993890402
116 f 90 0.09693266229254183
116 g 86 0.008524050021986862
116 i 84 0.11992072072504045
116 m 155 0.034963272400360235
116 n 33 0.061110232874545645
116 o 90 0.018231310190942818
116 p 39 0.22409781528889594
116 q 153 0.03945697546559168
116 s 122 0.057645880315661535
116 t 110 0.0665087759098626
116 v 78 0.11423099960835892
116 x 55 0.01983408285839261
117 e 52 0.1206329924549201
117 f 141 0.16258212081657009
117 g 43 0.16206995353009013
117 h 118 0.04662764206580983
117 j 112 0.008634647218981328
117 k 3 0.035290706425385676
117 m 63 0.09971593729977324
117 q 82 0.058001195102220904
117 r 67 0.04847037198195092
117 t 118 0.0511405740793065
117 v 73 0.05373374789748375
117 w 86 0.04392992625439596
117 x 124 0.049672522523389606
118 d 140 0.006580491107671227
118 f 20 0.1823984694774763
118 g 107 0.00965869833911892
118 h 135 0.09405951004982649
118 i 79 0.11284107650743402
118 j 136 0.12920147970851292
118 l 132 0.008570987167112576
118 p 65 0.0770601604370379
118 r 157 0.009682066295374492
118 u 90 0.042743231660553827
118 v 17 0.12975945931924127
118 z 6 0.09537957134296382
119 a 95 0.27340044754578396
119 c 6 0.03328266702530147
119 h 0 0.08586447466009217
119 i 104 0.06378045508264385
119 j 107 0.0013390586853827546
119 l 118 0.035373684470288214
119 o 76 0.04276577864742381
119 t 112 0.03276328015406205
119 u 134 0.026058228445371534
119 v 86 0.2281187911744308
119 x 110 0.054819969274099156
120 a 81 0.004743660970677133
120 b 52 0.022203960966988956
120 c 67 0.10890157899800579
120 d 62 0.014164016190772566
120 e 154 0.025519888734084395
120 f 7 0.0015343158202872909
120 g 51 0.04823183810506715
120 h 155 0.05786767018996475
120 i 151 0.05914108389643835
120 j 147 0.03470896723268457
120 k 102 0.04900732896693338
120 l 84 0.04599248772134046
120 m 157 0.0015926570470048418
120 n 17 0.06122706903350661
120 o 154 0.018929982822148528
120 p 79 0.012686704874071975
120 q 24 0.04244570592272878
120 r 126 0.003938002314610278
120 s 154 0.030263535094374072
120 t 120 0.061899824222043764
120 u 126 0.006133729250251463
120 v 4 0.21379259499043235
120 w 66 0.026466107535806915
120 x 142 0.0009404390497941284
120 y 95 0.01907893655224946
120 z 98 0.012122724930346274
121 d 42 0.05551229432880411
121 f 95 0.16782398347677396
121 g 79 0.19310542203199188
121 h 88 0.06063150285416408
121 l 116 0.04727924806272421
121 o 105 0.02683538235602434
121 q 69 0.026529445228447246
121 s 127 0.016851470658062473
121 t 2 0.05943124259050603
121 u 9 0.12176580476043364
121 w 157 0.06927587062641394
121 x 2 0.11329523069758696
121 y 28 0.008015988648317984
121 z 0 0.02284070300091534
122 b 25 0.01856733963668933
122 c 80 0.04497034762944485
122 d 110 0.07900445033536685
122 g 71 0.13888229815329667
122 h 106 0.29230765315800755
122 j 129 0.01470271342404994
122 l 60 0.08132843230240316
122 m 78 0.007753392303422757
122 n 157 0.05550195634560218
122 o 11 0.042828871521492395
122 t 116 0.006402036131636368
122 u 59 0.004117802108462909
122 v 158 0.08267507632268878
122 x 144 0.05644124313107102
122 y 105 0.04363269063428832
123 a 36 0.09804107213124003
123 b 91 0.04894444976196266
123 c 10 0.007912039221033562
123 g 97 0.008121125031505194
123 h 34 0.15827718743407793
123 i 25 0.11138869085851388
123 j 25 0.07172733738019521
123 k 32 0.03338451892396066
123 l 61 0.015912630694573382
123 m 8 0.15315964789396275
123 q 90 0.0034779046670607716
123 r 115 0.02237436771281842
123 t 145 0.0036615075423622745
123 u 158 0.03427168326536301
123 x 4 0.04824110626011924
123 y 2 0.04336359843819748
123 z 62 0.10500548393662901
125 a 37 0.05551006863260577
125 d 1 0.0576052460292088
125 e 59 0.009747112887060094
125 g 158 0.050287557632873514
125 h 57 0.05978937215125091
125 i 42 0.011603646498593356
125 j 24 0.022067405697964282
125 k 87 0.06377042292615254
125 m 145 0.03736787343424475
125 n 28 0.10103840006619269
125 o 49 0.1350534227880239
125 p 73 0.008223413294608517
125 r 116 0.09444121262243044
125 s 133 0.040463632665803106
125 t 5 0.03801054983164642
125 u 35 0.039813799618189205
125 v 38 0.031029818649505048
125 w 157 0.015830229322754685
125 x 140 0.06930198305972368
125 y 113 0.010641737108123661
125 z 113 0.014280324142384448
126 g 158 0.23933432014354394
126 h 11 0.20580785505874888
126 p 136 0.078878465640838
126 q 133 0.11851487829247043
126 u 153 0.24210973452617734
126 x 78 0.012115231179163466
127 a 128 0.07440969025883193
127 b 11 0.15505177052707086
127 c 149 0.03573535653170934
127 e 117 0.035287397971572765
127 f 68 0.0306373157084483
127 h 29 0.001356076695281594
127 i 91 0.009890278302480904
127 j 106 0.12864112477980438
127 l 57 0.11373955723970952
127 m 109 0.17226348364812005
127 n 157 0.06796752788341753
127 r 51 0.004562485935688643
127 t 106 0.0844153039663239
128 t 117 0.044966466300115915
129 a 111 0.010112925073190726
129 b 137 0.0057766260421195925
129 d 140 0.05422071593171396
129 h 130 0.046356868088078595
129 l 54 0.06529063230697862
129 n 153 0.028445810499608704
129 r 84 0.025720017841359022
129 t 63 0.10327016251759968
129 u 153 0.23682029129726778
129 x 83 0.22296977914211613
129 z 95 0.09641672476092256
130 a 115 0.06373160712946135
130 c 101 0.010617648433414728
130 e 108 0.12760244435440182
130 f 132 0.002694969921534951
130 h 66 0.06832709719162655
130 j 122 0.10196962555253675
130 n 58 0.23966662990586463
130 q 131 0.01865633804416944
130 s 82 0.029358739239965015
130 t 14 0.17497060362989014
130 w 118 0.07933451845245298
130 y 144 0.03964720393058829
130 z 141 0.03243524762825156
131 c 125 0.1877431526417488
131 o 16 0.21240758895489542
131 u 9 0.16064748112603877
131 z 15 0.15590884855894227
132 a 18 0.011277995113549766
132 b 41 0.04873870975016559
132 c 99 0.015663980352816353
132 d 149 0.04131225098959912
132 e 125 0.04173945070289109
132 f 76 0.03571082082606469
132 g 1 0.0094189865361618
132 h 2 0.05101227316365031
132 i 69 0.012782463519203868
132 j 64 0.010744731708162036
132 k 152 0.043942056172693644
132 l 139 0.014562626824547675
132 m 121 0.04531707950075681
132 n 160 0.003930848019160216
132 o 46 0.0822736362147285
132 p 47 0.028713220678921347
132 q 94 0.042103076822114116
132 r 148 0.04134227970165938
132 s 34 0.04480812621772523
132 t 152 0.12596249289205863
132 u 92 0.030325410591702018
132 v 47 0.006918612790457024
132 w 133 0.0022321549141762764
132 x 125 0.041736599694059295
132 y 127 0.12965851272064066
132 z 118 0.005862730970221275
133 a 39 0.024266067715003947
133 b 97 0.001103022907021689
133 c 61 0.01873640398749854
133 d 58 0.021129076079026032
133 e 79 0.015059814705766561
133 f 21 0.008990058655701905
133 g 119 0.03656682228148067
133 h 43 0.01059533963116055
133 i 45 0.016027112014400324
133 j 95 0.09850299571833987
133 k 142 0.011597341370180425
133 l 32 0.00031220374748908153
133 m 60 0.06197720494997294
133 n 59 0.01526121137715808
133 o 15 0.0009556069478025009
133 p 60 0.04439455776962142
133 q 73 0.008908088170925255
133 r 130 0.0064205281698110905
133 s 126 0.09186567245238653
133 t 9 0.04728941760469185
133 u 59 0.05555900478943909
133 v 138 0.0064564437584008205
133 w 116 0.2848161392262045
133 x 56 0.0048404555514847125
133 y 113 0.055095620816842605
133 z 72 0.022445137996334963
134 a 131 0.17026038207022354
134 b 133 0.03627161951257163
134 g 40 0.033516579832791216
134 h 55 0.15263914805757173
134 j 33 0.15493375981193702
134 l 12 0.047517572821260234
134 m 44 0.09780678930416042
134 n 17 0.09404403839220843
134 q 142 0.020455341239298708
134 r 22 0.04935011471768547
134 t 100 0.004283283524697756
134 y 37 0.013403929277469251
135 a 113 0.03655805898416031
135 b 2 0.11974376978502854
135 e 25 0.02769968719012672
135 i 105 0.0040455365178159175
135 j 52 0.01317497473213769
135 k 8 0.09090863511969383
135 l 110 0.08653198941740703
135 m 100 0.07586572389179025
135 o 3 0.12187674502780943
135 p 132 8.242002988001484e-05
135 q 108 0.06644021466585259
135 r 111 0.11730753226078716
135 s 43 0.058344482069227266
135 x 28 0.050493507644811864
135 y 64 0.1009410301501007
136 a 96 0.007691472614986039
136 b 5 0.044600483771238264
136 d 27 0.02605372992355659
136 e 155 0.25793391347490635
136 f 78 0.01989557935848718
136 j 160 0.1898973589198346
136 k 53 0.021319675726325427
136 l 11 0.051148603914679125
136 m 25 0.053452534218960235
136 q 105 0.0011712190337567208
136 r 59 0.024830106551738895
136 s 51 0.1863879701804272
136 v 128 0.0004685794728882531
136 w 72 0.09923737611929251
136 x 151 0.004082889994724503
137 b 45 0.018420538589571822
137 d 139 0.050221610394275085
137 h 5 0.24472011356808188
137 n 104 0.16160894492196076
137 q 27 0.1652328938903831
137 r 12 0.09425290477806358
137 s 25 0.014114744453828543
137 x 79 0.013910438700671102
137 y 104 0.028215540785852977
137 z 75 0.06893463860284255
138 c 31 0.020175283013408207
138 e 147 0.012932974894586335
138 h 160 0.04732830430030055
138 j 63 0.17431851572688184
138 k 139 0.1282365230740351
138 l 29 0.07012622210932529
138 p 6 0.19787064364977447
138 r 117 0.018385658636037805
138 u 136 0.13751208399367432
138 v 77 0.005087142280813306
138 x 33 0.0004074495739583295
138 z 69 0.028422038627434643
139 a 140 0.02040945402079064
139 c 129 0.06020100005017748
139 d 37 0.03607854540848654
139 e 102 0.018684439848572154
139 f 21 0.08371212890480917
139 h 31 0.013772732787920128
139 i 53 0.024336313956716427
139 l 97 0.051387272204680645
139 m 61 0.20912103142715477
139 n 5 0.017738470395975092
139 o 111 0.04110365652429149
139 p 68 0.0027741189256546006
139 q 41 0.01616367785903583
139 r 71 0.0038297633988345625
139 s 102 0.0770064283525802
139 t 103 0.12639183854053893
139 u 79 0.00505229768146076
139 v 125 0.013014680632958076
139 w 144 0.0018337498618486991
139 x 33 0.060604348544215814
139 y 157 0.009912050269298756
139 z 45 0.05467899249108987
140 f 147 0.20426889347163946
140 g 72 0.04538839474442824
140 i 118 0.014414352890920634
140 j 116 0.016661038165212028
140 l 54 0.0026896214406917363
140 n 46 0.21879952355665655
140 r 81 0.12295228672562708
140 y 139 0.03382081836502471
140 z 70 0.21816639302501895
141 f 94 0.03041767220900704
141 j 62 0.49257445793077514
141 t 156 0.2961762714239481
142 a 56 0.04738496030099426
142 b 152 0.04706518264432635
142 d 85 0.10020938814658942
142 h 53 0.021979784635773547
142 k 95 0.061002209745050884
142 l 12 0.000964231618201028
142 m 82 0.268137779621363
142 p 102 0.061471304280227734
142 q 119 0.08483581366076964
142 r 75 0.052497737104304054
142 s 47 0.0194145818518473
142 t 127 0.11431989229440542
142 w 15 0.03572711890820579
143 b 103 0.023687613867197754
143 c 16 0.03720744562006073
143 d 135 0.007302492690072548
143 e 87 0.1003593107601305
143 g 143 0.03611722390161709
143 h 9 0.016612122921098593
143 j 7 0.05092935140000587
143 l 119 0.005884071963916493
143 m 93 0.21446354171494808
143 n 82 0.012616307847484354
143 o 123 0.1344736993781085
143 p 103 0.03426832192241924
143 r 76 0.011133875455242692
143 s 34 0.01633709568800279
143 u 57 0.05418806393705933
143 v 32 0.0011241889179545161
143 x 128 0.134606538747014
143 y 104 0.05603556100077023
143 z 98 0.002473674730435249
144 g 123 0.07126188415213586
144 h 117 0.0017890110206272292
144 k 120 0.2673277666151348
144 l 102 0.024749596510251215
144 m 98 0.010201730758439331
144 o 24 0.011229916732589662
144 r 140 0.03830857122584841
144 s 19 0.25768574735276173
144 x 146 0.1030632773625112
144 z 122 0.01124715236505025
145 b 45 0.11150438752545988
145 c 71 0.0011573516181923038
145 g 2 0.3713345749478424
145 i 150 0.009324949470098876
145 r 46 0.022801064050898656
145 s 62 0.08138306674057705
145 y 31 0.10085630497446851
145 z 97 0.20140010179509327
146 a 154 0.07760608424964077
146 c 150 0.09392448629772376
146 d 16 0.0034899957587908315
146 g 146 0.1044342169293272
146 h 82 0.0020473293153040473
146 i 29 0.08806474554674815
146 j 75 0.02547864038826564
146 n 139 0.06508309898647946
146 o 23 0.004310111991399412
146 p 91 0.0016240496463995058
146 q 156 0.06196942655775772
146 r 74 0.12193067876313068
146 s 26 0.0019059992782015645
146 t 1 0.04304039692230077
146 v 23 0.09349258635378144
146 w 85 0.04440277480737309
146 x 78 0.0469899710320435
146 y 119 0.06539054825648238
147 a 9 0.01044431932568457
147 b 91 0.12671428810595964
147 c 56 0.04828207877176116
147 d 108 0.020082801613877543
147 f 117 0.009507754916343925
147 g 64 0.011505377222498003
147 i 24 0.10884722722051188
147 j 105 0.02318952716119993
147 m 97 0.09090704856896392
147 q 90 0.15000013766176745
147 s 134 0.0005863394474548977
147 t 59 0.03688602970915944
147 u 83 0.002335337772491619
147 w 28 0.05437100297827613
147 x 149 0.03462486258263242
147 y 130 0.009663373190958224
147 z 24 0.07976006242747402
148 a 51 0.15134164152527396
148 b 50 0.05175439487601585
148 c 37 0.018840665554010205
148 d 46 0.017926601821932286
148 e 32 0.01700860719615227
148 f 36 0.045530875389387715
148 g 51 0.04966083966086232
148 h 87 0.02571370675342277
148 i 13 0.012148488135175883
148 j 74 0.07976644675962596
148 k 73 0.02888106701320925
148 l 44 0.01727604927953008
148 m 110 0.01135318625103654
148 n 67 0.02067497846257127
148 o 88 0.06687154269401896
148 p 148 0.08520233709712988
148 q 123 0.0035630260511494427
148 r 98 0.07656710975753445
148 s 67 0.00869616638170756
148 t 47 0.032663783002275126
148 u 17 0.09199195843749097
148 v 94 0.014699693784215984
148 w 73 0.013850990946533082
148 x 37 0.010976774287538293
148 y 19 0.01724045380650796
149 a 49 0.034879205858579176
149 b 118 0.10918741555121092
149 c 34 0.025523729051312838
149 d 157 0.03914718534465789
149 e 54 0.09290349905375594
149 f 52 0.07065838225302135
149 g 27 0.009161628800452348
149 h 134 0.00821901688933735
149 i 115 0.06897023897731813
149 j 19 0.03085812478771144
149 k 89 0.03564546844330385
149 l 2 0.0028481138588607458
149 m 38 0.08896975605719182
149 n 52 0.026366736643484323
149 o 20 0.009179979360313006
149 p 3 0.05284870747250925
149 q 29 0.0049986601710445555
149 r 31 0.02616191281465563
149 s 60 0.05671686539045573
149 t 60 0.06680927171475881
149 u 130 0.01052318029451993
149 v 136 0.006500305806354079
149 w 148 0.023204445165736498
149 x 73 0.03225431972240256
149 y 143 0.05368432070316864
149 z 70 0.010292347131212076
150 a 57 0.010890633755348822
150 b 77 0.013171738905445096
150 d 140 0.13659640273241758
150 e 98 0.03275281790030582
150 f 54 0.01941040729787391
150 h 94 0.009817398615185269
150 j 9 0.006724722677539541
150 m 107 0.02512704209954153
150 n 82 0.16670778372839168
150 o 50 0.017598140915011995
150 p 32 0.17057277802884385
150 q 84 0.06750024120718778
150 r 135 0.007203011331628928
150 s 101 0.05256966152723508
150 u 77 0.05925053851485773
150 v 149 0.1318036567778883
150 y 124 0.029245401968880702
151 c 38 0.00640472474811149
151 d 72 0.023680458766397128
151 g 71 0.04294308239081357
151 h 108 0.04320935550975136
151 i 78 0.020366929851453608
151 k 75 0.2968229540570858
151 l 70 0.01382107949834599
151 m 101 0.006215115883860478
151 p 142 0.023800753995065094
151 q 79 0.25425097264969077
151 r 127 0.0013374656900259074
151 s 152 0.04420405183759457
151 t 53 0.1417803021650219
151 u 9 0.01229329243333066
151 w 147 0.018407439384721225
151 y 72 0.023201034646372132
152 a 92 0.02709576519867407
152 c 27 0.008307970212178328
152 d 72 0.013773015236266506
152 e 57 0.00636631211900085
152 g 8 0.07463180787131496
152 i 19 0.030787152090003822
152 p 92 0.245719937921986
152 q 66 0.06144149760512163
152 r 104 0.17100781946482058
152 s 75 0.19153815191818302
152 u 158 0.04129903900170129
152 v 14 0.03080628568031496
152 x 66 0.00380041052636515
152 y 24 0.018921406376690597
153 b 32 0.035418484240942516
153 d 103 0.17428579527224652
153 g 130 0.03191310396323077
153 n 80 0.1033767774903106
153 s 99 0.5043688885667343
153 u 19 0.020612700464859635
153 x 76 0.021197604959315886
154 a 39 0.0646732918270686
154 b 112 0.017577550608445458
154 d 31 0.024851974910299002
154 f 99 0.015081879978058765
154 g 110 0.018984727977585436
154 h 81 0.032003352571975174
154 i 153 0.012776530732719449
154 j 69 0.041217770696393985
154 l 30 0.07796736142282601
154 m 128 0.11815649036051168
154 n 102 0.07576227500211885
154 o 79 0.1541834774089571
154 p 130 0.0309580605796963
154 q 23 0.1076925675334236
154 r 89 0.006053200743410536
154 s 39 0.010066512509673053
154 t 78 0.0022446749989569748
154 u 96 0.05491200834708665
154 v 118 0.012218841722597129
154 w 137 0.02959944315056895
154 y 154 0.08270889249505409
155 c 130 0.23810615008737346
155 g 102 0.04113757325650913
155 h 148 0.051892384769363864
155 i 131 0.010335942422344702
155 k 109 0.04923648200766495
155 m 139 0.026826597992993362
155 n 132 0.13714435329932484
155 t 68 0.09537689500579061
155 x 94 0.03901132827495146
156 a 94 0.004612147329193239
156 b 153 0.1533260185661176
156 c 74 0.016687075782501504
156 e 89 0.06860890337736014
156 f 119 0.007930493529238691
156 g 145 0.12475322155401114
156 h 148 0.012350827370654849
156 i 126 0.12369002082163827
156 p 59 0.012076075069967662
156 r 123 0.04250383926468926
156 s 1 0.08338991681723051
156 t 66 0.04604438580618664
156 u 98 0.10415115047207524
156 w 41 0.07675711852333389
156 x 90 0.026236960860632763
156 y 53 0.0008745602317912216
157 a 2 0.037026419659152654
157 b 145 0.0846012362086489
157 c 130 0.00194326948372614
157 f 49 0.04300263060000076
157 g 50 0.08196148858274754
157 h 145 0.07038309299548473
157 i 14 0.010865816658058303
157 k 25 0.06297611251000113
157 l 63 0.023928027059466728
157 m 90 0.024626780724004482
157 n 19 0.10470548711868866
157 p 74 0.017014271383940627
157 q 105 0.014503524221217812
157 s 104 0.08686246621453031
157 t 148 0.028039480158033925
157 u 17 0.05140445892551759
157 y 82 0.020259386767484622
158 a 142 0.04031324452895424
158 b 115 0.018530297457135414
158 c 79 0.05137938908119344
158 e 93 0.040616378057924174
158 f 96 0.1257824083112563
158 g 147 0.039051903704768076
158 h 137 0.007967826702301783
158 i 148 0.019191247587032945
158 k 91 0.024722172131249387
158 l 69 0.009017443865292574
158 m 98 0.0482246138393172
158 n 18 0.00396112484147626
158 o 14 0.029400761954957
158 p 64 0.022393416850217784
158 q 132 0.01915572178145375
158 r 53 0.03593164611435995
158 s 116 0.11310310347941832
158 t 48 0.05595588648701044
158 u 140 0.12723495313276878
158 v 66 0.009342365145623255
158 w 119 0.018880604846967075
158 y 151 0.020582355131026575
158 z 107 0.05968643353910619
159 a 122 0.10296151798238029
159 b 43 0.018521816152732407
159 c 120 0.08244431459169
159 d 26 0.12602785093674573
159 e 150 0.09873447858878714
159 f 82 0.016974185824401355
159 g 7 0.08455712717115893
159 h 72 0.033280081378153636
159 i 31 0.04367397233424919
159 j 67 0.02242530393427722
159 k 36 0.033135772141365094
159 l 92 0.01976516240038151
159 m 81 0.03277705401687281
159 o 43 0.010461276850190937
159 p 144 0.04206508433703482
159 q 3 0.002441722347775288
159 r 140 0.010200962991768203
159 s 126 0.01568967924715592
159 t 8 0.05071753162597581
159 v 64 0.03625320970381729
159 x 62 0.015198073606622176
159 y 151 0.08216372459013421
160 a 145 0.07956487132470924
160 b 99 0.04497909176511572
160 c 9 0.00494390679103951
160 d 142 0.010259538318446393
160 e 145 0.010027653066958075
160 g 132 0.006073571134613265
160 h 54 0.03913577193483464
160 j 113 0.20832235139720068
160 l 17 0.007916051527910306
160 m 118 0.0015125462503138287
160 n 5 0.11358182936873318
160 o 134 0.03401296206994231
160 p 151 0.03000742740119322
160 q 113 0.11421046717095062
160 r 99 0.06560300308981304
160 t 16 0.024236259665441517
160 w 76 0.002527865320196221
160 x 48 0.07507223595043777
160 y 38 0.017564251766179706
160 z 71 0.08270994051950731
