17 26 218
0 0.08098320550965166
1 0.07689713832924427
0 0.06941661268289634
0 0.047419298404962174
0 0.09604799106730089
0 0.22901794645923756
0 0.03336968384832961
0 0.1960718249759612
0 0.06397018332703441
0 0.4304899061977906
0 0.017673051225307823
0 0.03344274241310108
0 0.060548457672271905
0 0.006939680031215256
0 0.0030656217636483296
0 0.955546797185012
0 0.11790938574511367
0 a 9 0.01682321265538511
0 c 15 0.14247222522840308
0 d 9 0.004856031372118652
0 e 1 0.009705244108678235
0 g 9 0.014039577593121688
0 h 14 0.04469529727504051
0 i 15 0.006124538805988844
0 j 5 0.03347810061198642
0 k 16 0.0019712387252013297
0 l 9 0.16269188414853275
0 m 13 0.03998618866280623
0 n 0 0.013140074780283562
0 o 16 0.0015019949008669986
0 p 15 0.0074693407834646175
0 q 16 0.018747381227079085
0 s 9 0.08507188062589122
0 t 2 0.11520994297475518
0 u 9 0.015165739213650054
0 v 15 0.03545290825192848
0 w 3 0.005086495063724161
0 x 0 0.0522102389492739
0 y 5 0.01669051154036505
0 z 11 0.07642674699180318
1 a 5 0.1622071054730566
1 b 7 0.009731081738253544
1 c 2 0.03866883160595569
1 e 4 0.03700725900090107
1 f 2 0.11075716690720105
1 h 2 0.11434202268630489
1 m 0 0.004500444740931364
1 o 1 0.011216436585468559
1 p 10 0.061819803320129596
1 q 11 0.04292486279195917
1 s 1 0.01255861276764536
1 t 14 0.11457467165225188
1 u 13 0.06765588670646361
1 v 10 0.06441270642411578
1 x 6 0.03341724085438458
1 y 12 0.03730872841573296
2 a 1 0.056787405625016274
2 b 10 0.08930286848050295
2 c 15 0.01864823622692746
2 d 13 0.09509937706760674
2 f 14 0.003317240958738976
2 g 5 0.0014355811728655743
2 h 2 0.036282898797621144
2 i 2 0.0003710166313202201
2 j 9 0.007911629716531476
2 k 10 0.12023344970099925
2 l 2 0.07082113101380016
2 m 12 0.020635435529079427
2 n 1 0.10904843068102621
2 o 3 0.018739682275714764
2 p 7 0.022824094958784014
2 q 1 0.017673862344205538
2 r 14 0.015704515769708327
2 s 8 0.013068601969311588
2 t 3 0.038650079159396555
2 u 7 0.06386781812896747
2 v 14 0.03470062266837726
2 w 9 0.017622919537981008
2 y 6 0.04025307439728143
2 z 2 0.017583414505339845
3 f 5 0.603413675371297
3 o 9 0.1264752551857622
3 t 6 0.22269177103797866
4 a 14 0.15168677488046434
4 b 1 0.08420467185427527
4 d 11 0.10174589248393318
4 e 14 0.008145811837036554
4 g 16 0.0214953398194222
4 i 10 0.0631009473523566
4 o 13 0.03413800907647635
4 r 0 0.27245380521868034
4 u 6 0.0488877000142971
4 x 5 0.11809305639575718
5 a 2 0.21061346369260725
5 e 16 0.15086743206138775
5 i 4 0.048472249279491675
5 k 3 0.10199518718842449
5 p 9 0.0859104702139003
5 t 16 0.17312325110495097
6 a 10 0.031880713964977825
6 e 0 0.10971676787670104
6 f 13 0.08857933833965015
6 g 9 0.14044812096880577
6 h 14 0.016732304469349257
6 i 1 0.14825975139286285
6 j 9 0.02581743658415414
6 k 5 0.014980235876257963
6 l 3 0.0191693894266447
6 m 2 0.13832668367205914
6 p 2 0.028766918689012932
6 r 13 0.05632161673860203
6 s 4 0.046438518735525736
6 w 15 0.04111245181379464
6 x 0 0.029526136598309383
6 y 8 0.008218371036024852
6 z 1 0.02233555996893799
7 a 0 0.039066325351910236
7 b 15 0.05544714767025938
7 i 0 0.06107445482694629
7 k 12 0.04719983963069596
7 l 8 0.23487113431556328
7 m 14 0.2101856780825868
7 n 5 0.011034200009956474
7 q 0 0.018896613739598278
7 t 8 0.02546440395416183
7 v 12 0.010386814512504894
7 w 3 0.09030156292985536
8 a 13 0.0034603440868101742
8 b 16 0.023731378592485752
8 c 4 0.0068969353088297325
8 d 11 0.00041425288977148256
8 e 13 0.012769645062778556
8 f 14 0.11441627907013219
8 h 10 0.0018503080102512115
8 l 8 0.2696658478144103
8 m 0 0.09501105819444688
8 s 9 0.19790021707632233
8 u 0 0.13533339480592643
8 w 16 0.039595843361018845
8 x 7 0.016413807618076426
8 y 7 0.0185705047817053
9 a 5 0.02667537689275734
9 b 11 0.01754727201473405
9 c 0 0.1117236580104829
9 e 8 0.0012894031707740838
9 p 13 0.08565211581273546
9 q 15 0.005707019241496081
9 t 3 0.21273056218820696
9 v 3 0.04753758163737487
9 w 5 0.04300563785109468
9 x 2 0.017641466982552978
10 b 8 0.027233791916052463
10 c 15 0.021933592891413722
10 d 3 0.0388473590447167
10 e 13 0.03457643147989142
10 f 10 0.01905975164274909
10 g 14 0.2170860301150931
10 i 15 0.004713617396300385
10 j 12 0.0254872838792759
10 l 4 0.0124044299960816
10 m 9 0.06260628693860315
10 n 16 0.12337069710936688
10 o 10 0.024934805552026984
10 p 0 0.0570427958408144
10 q 1 2.929741368384864e-05
10 r 2 0.06888585941431591
10 t 14 0.014389060628261952
10 u 14 0.00978050038519418
10 v 7 0.027752409144596313
10 w 6 0.07476488121047287
10 x 0 0.05204182477338826
10 y 9 0.03333525737409737
10 z 0 0.0320509846282957
11 a 1 0.01188780968849601
11 b 3 0.08925384531605096
11 c 15 0.06974559580783102
11 d 10 0.031599355356038306
11 e 13 0.06320132520246857
11 f 9 0.0004212520530677555
11 g 7 0.024856448674244858
11 h 7 0.04739358740617883
11 i 3 0.09119814803111614
11 j 10 0.051967183380006055
11 k 9 0.0409735986532378
11 l 13 0.014010886921107635
11 m 6 0.016268835999950992
11 n 4 0.052874863941843486
11 o 2 0.07941023748637066
11 p 3 0.026191083335561194
11 q 13 0.02306140398572043
11 r 11 0.019831790533152982
11 s 0 0.021734731924420214
11 t 14 0.07467058097530688
11 u 6 0.023517794565576233
11 w 6 0.050451460671883774
11 x 6 0.0066299085638431565
11 y 4 0.013765487217028416
11 z 5 0.021640041896396567
12 a 4 0.019489152369224216
12 c 7 0.024402195592338805
12 d 3 0.03579324571188092
12 e 12 0.09468500840756255
12 h 12 0.022204364284399092
12 j 16 0.12310971929414805
12 k 4 0.1935792044760255
12 l 6 0.013619602857774527
12 m 12 0.01010459316129153
12 n 3 0.21684264555794286
12 q 16 0.010021317760730786
12 t 11 0.031239103082770447
12 u 7 0.03254497939208201
12 v 0 0.0732338846478896
12 x 14 0.022617422385429853
12 y 12 0.015965103346237353
13 e 8 0.07151508553523322
13 h 14 0.028898234812134604
13 i 7 0.1719507426249971
13 j 0 0.07483805757979833
13 p 13 0.06664169292943534
13 q 16 0.3573431922332574
13 r 15 0.05884375899405048
13 t 2 0.02734155498889934
13 v 14 0.1352597087454943
13 z 9 0.00042829152548462535
14 o 6 0.6508681007804595
14 z 15 0.34606627745589214
15 b 8 0.04445320281498799
16 a 5 0.2696658738598521
16 c 7 0.030079118658820736
16 e 3 0.0030950954746257198
16 i 13 0.15270563810509108
16 l 15 0.13852005078476848
16 n 7 0.13494291428572414
16 v 5 0.1326138269176388
16 w 15 0.020468096168365313
