154 26 2042
0 0.009210637332023208
0 0.07073203265002626
0 0.1553244589423255
0 0.1622960385217369
0 0.04416896912312884
0 0.03771966780946323
0 1.0
0 0.06146445331447392
0 0.05001075985145731
0 0.022576095407465302
0 0.0007585693349816403
0 0.079596292305124
0 0.16065991296873694
0 0.0015147169941270855
0 0.026368446014937263
0 0.5685155082432548
0 0.16382918370941557
0 0.07769041937980314
0 0.11715240802251825
0 0.05992422652037366
0 0.4965538928725449
0 0.1574792137816945
0 0.06248799073846356
0 0.027772855306300137
0 0.18590806998161324
0 0.08999367043959638
0 0.3512428103185745
0 0.13410812777213077
0 0.06016233715217845
0 0.03644015393066713
0 0.04163100540767639
0 0.005581383661000583
0 0.1369419991673151
0 0.014886657167044626
0 0.07102207413012629
0 0.06241011094715598
0 0.11119116423367514
0 0.0705758553928415
0 0.012932717175633046
0 0.2868086117783637
0 0.00552453266338393
0 0.458880207385406
0 0.005583168080912526
0 0.011043945250160725
0 0.09967974930639434
0 1.0
0 0.007620324157421199
0 0.0596657447518234
0 0.07189179682662294
0 0.01205894733846169
0 0.11383723240556454
0 0.3767190340591313
0 0.09194965702990943
0 0.08529723520158072
0 0.051650099545152095
0 0.08103268330856805
0 0.4965197003911206
0 0.18516138367600954
0 0.017173097635751255
0 0.07922951748079221
0 0.004057886666565702
0 0.03033416960707136
0 0.0294180302243523
0 0.031193296630988243
0 0.09262318379048762
0 0.020949423326837358
0 0.14881544153735704
0 0.09856573795915546
0 0.05666523240099097
0 0.06450343780522994
0 0.17263386477220644
0 0.10411033493665611
0 0.006642946734462418
0 0.016010887355367376
0 0.04543208534180876
0 0.021207535585987425
0 0.24786595638539644
0 0.18156219882139035
0 0.0398430910482378
0 0.2621055574256491
0 0.08543901553050237
0 0.02313157616957151
0 0.0550650921951612
0 0.005806692620797138
0 0.05411497474883331
0 0.056852480413016715
0 0.1019251040784227
0 0.03320122377849288
0 0.07720967246601285
0 0.02304469606340842
0 0.009900629764772129
0 0.6187808485340166
0 0.009397462924425337
0 0.05373301687083398
0 0.10047562940015298
0 0.05826698830114241
0 0.07289002513866683
0 0.023729054321567244
0 0.012931895991066367
0 0.3001758876081613
0 0.08116081074621173
0 0.04310919397055324
0 0.020586953624576743
0 0.12262496338308548
0 0.17366016144164287
0 0.7446465321573823
0 0.03044567916369767
0 0.016704604876311868
0 0.20972274870288277
0 0.172475599963832
0 0.008529772999082197
0 0.14585176593248073
0 0.07221849578333217
1 0.6986210296628723
0 0.33824908361429395
0 0.04527235279505004
0 0.2234690875975075
0 0.16083063732467995
0 0.6088257363627452
0 0.05309819721918119
0 0.07246224402285695
0 0.3014439284224917
0 0.056226761824600846
0 0.01937337876848999
0 0.014318143653744508
0 0.027057306313699292
0 0.03270720165881935
0 0.5217965745372304
0 0.1666934014044651
0 0.057837178905741915
0 0.040897418216473636
0 0.015739393604037533
0 0.23185869497413591
0 0.022668855122129128
0 0.05537924010078288
0 0.13348991852933945
0 0.017419303176872125
0 0.20740423012908227
0 0.019396499978254544
0 0.04214090981785723
0 0.1397690959353819
0 0.05858792927813938
0 0.00339401803836048
0 0.08962386425808011
0 1.0
0 0.25005950272985167
0 0.0470313833307211
0 0.14871065469576195
0 0.045076751797610504
0 0.14643831622214376
0 0.07269290914094306
0 0.016423931357991917
0 0.09303069622319371
0 1.0
0 a 75 0.03692963971549146
0 b 127 0.04881531100092895
0 c 139 0.0582990944053664
0 d 20 0.012857190767957327
0 e 9 0.031016882174276672
0 f 123 0.003445138427845662
0 g 127 0.00031387050257558613
0 h 10 0.004511129092764743
0 i 138 0.04503123945292742
0 j 76 0.01414487717827917
0 k 9 0.01368813426377058
0 l 138 0.01182444803939986
0 m 41 0.030698289889225627
0 n 58 0.030219624382619714
0 o 110 0.10459911502544372
0 p 24 0.07918233503757532
0 q 86 0.009110092784229695
0 r 129 0.053982461810859306
0 s 151 0.04163047446198276
0 t 33 0.044757388235471596
0 u 43 0.09284280585687454
0 v 129 0.04344665470698461
0 w 128 0.039281612038418845
0 x 85 0.016309839079245325
0 y 42 0.0895203116890323
0 z 138 0.0343314026484296
1 a 130 0.009935232060250154
1 b 152 0.00795449473241594
1 c 117 0.016041418528674134
1 d 121 0.0334543954907528
1 e 65 0.08321432032775611
1 f 87 0.05005505645407182
1 g 134 0.005203123754903616
1 h 52 0.010522345974045333
1 i 114 0.08219254905235429
1 j 86 0.023374215927665865
1 k 56 0.014238273100801058
1 l 51 0.008673713797084814
1 m 47 0.0012509995140926877
1 n 80 0.12098614439802868
1 o 105 0.022258612498199937
1 p 26 0.06964809574380448
1 q 61 0.03886137394851852
1 r 125 0.042913165456515356
1 s 37 0.06200333988643325
1 t 134 0.03821848675235806
1 u 96 0.028008849587663698
1 v 74 0.027646512298470927
1 w 88 0.030897258311963993
1 x 54 0.0494618794383469
1 y 44 0.039228414408100765
1 z 58 0.013025695906700552
2 d 119 0.003650903742588918
2 k 61 0.2761913897424336
2 q 15 0.026917484414898607
2 r 23 0.08133411662708823
2 u 35 0.45658164653066513
3 o 114 0.8377039614782631
4 a 75 0.005506303746533381
4 b 128 0.006284380111196253
4 c 126 0.009650018585739217
4 d 103 0.004095834798717113
4 e 41 0.06747764088877395
4 f 93 0.13854312344425324
4 g 150 0.071068812796381
4 h 51 0.12639200948838747
4 i 39 0.000555937982994692
4 j 72 0.12556976054552504
4 l 38 0.0484751560296276
4 n 81 0.06351773123214777
4 o 147 0.04638131124146494
4 p 153 0.043979399325705826
4 q 127 0.00011751913228574828
4 s 63 0.008537324687230674
4 v 145 0.17322523390964972
4 w 103 0.01645353293025753
5 d 78 0.037834593532246386
5 j 26 0.04850338258307685
5 n 17 0.10571502786810727
5 q 45 0.14528843176582995
5 r 36 0.6249388964412763
7 a 73 0.00494149272465727
7 b 57 0.0051219316457875586
7 d 34 0.17424441191900342
7 e 94 0.02299329321550503
7 f 2 0.008735497692663574
7 g 11 0.14784925717024167
7 i 104 0.04013678915947139
7 j 139 0.09848418048754148
7 l 124 0.015456749351627774
7 m 23 0.07257292998042575
7 n 15 0.03378106279303095
7 o 45 0.02030003162213312
7 p 74 0.004692373728565125
7 q 108 0.0021425987836335425
7 r 68 0.008452449115312066
7 x 108 0.2079409245794831
7 y 87 0.03598359586052413
7 z 14 0.03470597685591914
8 h 47 0.2067962535218667
8 l 80 0.1315055704632626
8 o 18 0.06901726901156624
8 s 115 0.29120982803382367
8 y 152 0.25146031911802347
9 a 93 0.0011847765040987612
9 b 13 0.05326561708955113
9 c 17 0.20653827933857993
9 d 4 0.006831620583731657
9 e 81 0.0659090383679799
9 f 64 0.06679515571104089
9 g 112 0.05220598615620908
9 h 29 0.07015500705990785
9 i 112 0.00026263731089548603
9 j 115 0.012434867397081883
9 k 77 0.0374524958484308
9 l 22 0.019585934520618298
9 n 84 0.05754853412923722
9 o 52 0.006091568257974411
9 p 50 0.01254379381600379
9 q 94 0.02400688891759839
9 r 12 0.08039336031606992
9 t 65 0.027576562674304195
9 u 36 0.051383183131604504
9 v 117 0.02007896373552931
9 w 134 0.025811735013739567
9 x 22 0.02555239072259341
9 y 108 0.0009418168377866021
9 z 81 0.05287369115196772
10 f 114 0.031696062971756755
10 j 104 0.014316326432433968
10 k 44 0.049642845027021876
10 l 101 0.08072625721349025
10 m 100 0.034522143986308484
10 q 113 0.20054327945993577
10 r 7 0.051333964375245955
10 s 53 0.08826158375930893
10 t 107 0.11969829860169845
10 u 71 0.029858026598358456
10 v 89 0.05028321499059263
10 x 122 0.05930003553694552
10 y 125 0.18905939171192132
11 b 98 0.006099625298175537
11 d 126 0.03174381483480737
11 e 21 0.06139426453899621
11 f 110 0.054755248345693674
11 g 33 0.013299122322887102
11 h 133 0.01863090179398974
11 j 32 0.0020366101583366714
11 k 20 0.14133094393502
11 l 91 0.027737710934746973
11 m 107 0.09562403181449097
11 n 94 0.06400119277954774
11 p 6 0.09102605064206648
11 q 130 0.0002494581786190997
11 r 136 0.005057116656996707
11 s 85 0.005943173944876645
11 t 99 0.04726939444142675
11 u 4 0.08789101338999927
11 v 88 0.026693245294529877
11 w 18 7.277491681501047e-05
11 x 74 0.011974807659062559
11 y 13 0.021488049322712754
11 z 4 0.10608515649107886
12 c 92 0.34543997218262246
12 d 6 0.018737648263649875
12 f 94 0.020474706741399062
12 g 94 0.021339752104605036
12 k 144 0.01886196104998794
12 l 60 0.06413856199465096
12 q 104 0.1584270193894044
12 s 113 0.09021423605677581
12 w 100 0.005491402154931713
12 x 128 0.09621482709323581
13 a 12 0.049672230301638476
13 b 33 0.028589381129907054
13 c 19 0.16205027939955108
13 d 59 0.02468003840574018
13 e 148 0.00690370817991337
13 f 105 0.006653849577920257
13 g 110 0.03397992366447622
13 h 18 0.018853077414885178
13 i 83 0.021164684134485467
13 j 17 0.13415777339755341
13 k 36 0.006640251958784482
13 m 24 0.022159955289625
13 n 139 0.04444357612224259
13 o 24 0.08833395311393588
13 q 93 0.0014607247576250426
13 s 88 0.051614135147852624
13 t 123 0.026518264420369086
13 u 115 0.002882977484698457
13 v 29 0.012348319388040818
13 w 95 0.0007280378704688228
13 x 83 0.07277406707306788
13 y 4 0.040980648684023735
13 z 24 0.1408954260890678
14 a 117 0.06479008415494802
14 b 118 0.06504890024311061
14 c 18 0.018103268714585896
14 d 1 0.022955608400338612
14 e 126 0.002989731022139286
14 f 50 5.300902615068548e-05
14 g 87 0.04815660265189381
14 h 134 0.010294409073558386
14 i 34 0.0248889534394241
14 j 148 0.07591493998944554
14 k 18 0.06411537777685927
14 l 54 0.030357814358069946
14 m 21 0.05944571228347917
14 n 92 0.07420322024187798
14 o 49 0.15523815104109462
14 p 123 0.019924080066380023
14 q 115 0.051157120184851745
14 r 74 0.02165113408255126
14 s 80 0.004796177315876227
14 t 126 0.014580710152419574
14 u 132 0.019530733521272103
14 v 67 0.009253958294538678
14 w 25 0.004944691681983304
14 x 134 0.009900191978506001
14 y 39 0.09924546607607154
14 z 91 0.0020915082136363505
15 h 143 0.026495447999634436
15 u 3 0.1288687035102486
15 z 63 0.27612034024686216
16 y 85 0.8361708162905844
17 e 95 0.038676304588085686
17 f 87 0.16487142732367743
17 k 95 0.10158781359419955
17 l 32 0.11466504500934949
17 o 140 0.017621950922229068
17 r 62 0.06422166961228704
17 v 0 0.1920494843512891
17 w 40 0.15561123641425256
17 x 135 0.03837325251245505
17 y 108 0.034631396292371885
18 m 58 0.29537538639167094
18 n 75 0.013913726489527933
18 o 3 0.01649057091714279
18 r 123 0.12687378337650723
18 w 67 0.3805335357452161
18 y 127 0.04966058905741677
19 c 9 0.1721648367190607
19 d 126 0.0247207635743113
19 e 54 0.025848056244367146
19 f 104 0.0013557992979106315
19 g 151 0.024608427480423134
19 h 27 0.06930867127412244
19 i 145 0.00941228875669986
19 j 135 0.061843984375249184
19 n 106 0.03208984312758878
19 o 72 0.016482818826866308
19 p 5 0.040423615147399894
19 r 101 0.0425661119606231
19 s 32 0.047784684431657065
19 t 0 0.13617047110170166
19 u 109 0.002119008410199963
19 w 104 0.1056618374420566
19 x 87 0.05225157697882665
19 y 66 0.01823185836616137
19 z 119 0.05703111996440058
20 h 122 0.07137607559908166
20 t 25 0.4320700315283734
21 d 92 0.03707058152318965
21 g 25 0.0573213412081206
21 h 95 0.036034689130071795
21 i 78 0.001185509623716663
21 j 73 0.032330998356239427
21 k 95 0.044346256588123745
21 l 46 0.00030598322450214877
21 n 134 0.07446533337187933
21 r 28 0.08197994025028277
21 s 110 0.20934028504395508
21 t 9 0.15141867184305136
21 u 82 0.059815446682947915
21 x 136 0.024458367937759684
21 z 79 0.03244738143446535
22 j 88 0.0803409552396881
22 n 43 0.06349520821367882
22 o 129 0.16420942350062329
22 r 81 0.22499074415024967
22 y 124 0.40447567815729657
23 a 3 0.06848443408601024
23 b 10 0.03629371749083243
23 c 48 0.041297874756707986
23 d 103 0.025306822471617307
23 e 34 0.0016457172380361929
23 f 11 0.06209428766185132
23 g 58 0.022780796595633146
23 h 131 0.11730409377220541
23 i 84 0.040781668970713
23 j 41 0.009572421412252563
23 k 80 0.03925536552172515
23 l 120 0.016211128117191498
23 m 16 0.051015907337735866
23 n 75 0.04376048283845013
23 o 16 0.034161019434776896
23 p 89 0.043689690841613005
23 q 121 0.03948077265028682
23 r 68 0.026558680337774532
23 s 94 0.05832551351476545
23 t 110 0.014300081321915514
23 u 101 0.01827921547467526
23 v 114 0.007170419292071517
23 w 46 0.027619042283391404
23 x 42 0.03504176319508889
23 y 43 0.08213302055871152
23 z 119 0.009663207517666805
24 b 24 0.020386718677117277
24 c 95 0.0873609284476059
24 d 95 0.00015554744669410425
24 f 52 0.02740337482348154
24 g 75 0.08770752066006116
24 h 81 0.011567456903524675
24 i 77 0.19236961013685328
24 l 8 0.05186516971782518
24 n 63 0.1901588109473218
24 x 152 0.07309003314141826
24 y 113 0.05856986461927072
24 z 92 0.013456894497212879
25 a 53 0.04248089905497665
25 c 52 0.19291363198871858
25 d 122 0.20797237916065303
25 g 85 0.06131692599496297
25 h 33 0.028396126562144075
25 j 99 0.11213388845956829
25 v 151 0.01568269011259693
25 y 13 0.08024048333697342
25 z 83 0.16886930488980967
26 h 131 0.0049075151187211175
26 j 149 0.017290318236716562
26 o 123 0.1722450790068656
26 p 94 0.042872578484213664
26 s 102 0.0666465101867072
26 t 12 0.34479518864820136
27 b 132 0.006408719491180048
27 d 75 0.07189410743676139
27 e 71 0.22975928297576564
27 j 35 0.014189773136164208
27 m 49 0.1760417414945349
27 q 66 0.043170255073107344
27 r 103 0.14771844808683532
27 u 146 0.027771328871314727
27 w 110 0.08468306041287132
27 x 20 0.06425515524933434
28 c 8 0.08203460651745731
28 d 54 0.097067922652599
28 e 13 0.068815547124775
28 f 120 0.06255415952175158
28 g 37 0.005682132771282822
28 i 129 0.05470167420704941
28 j 66 0.03869590447378457
28 l 16 0.13723873112305252
28 o 146 0.007562464280310155
28 q 150 0.02940090634222725
28 r 49 0.06675070813933226
28 s 2 0.059682679118376214
28 t 38 0.06404484812005062
28 v 31 0.04341167192177853
28 x 140 0.045602409571943614
28 y 105 0.07659129696205069
29 e 133 0.1338685562681673
29 i 123 0.38787275759914
29 j 101 0.040240865216202626
29 l 63 0.3447417109862083
29 t 10 0.05683595599961466
30 a 78 0.052920644995474886
30 c 30 0.002109622257440269
30 d 51 0.023620810341166143
30 e 77 0.003791641264936585
30 j 49 0.12299387811753548
30 l 98 0.023320410023102145
30 o 54 0.14767020300235245
30 p 120 0.05244959051122866
30 s 81 0.10904285138513936
30 t 139 0.10207365586582595
30 w 18 0.08823097800922508
30 x 62 0.07394052910733206
30 y 141 0.07853486521500597
30 z 107 0.07766931449655856
31 b 114 0.12669607283964968
31 c 39 0.09429063912323399
31 d 41 0.01603612893229589
31 e 130 0.0007375735764543201
31 f 147 0.14057173260869493
31 g 65 0.02254526085717179
31 h 97 0.12758629893286855
31 i 13 0.02128520135877099
31 j 10 0.011067154107034738
31 k 21 0.0410809765284571
31 m 31 0.010390831755474172
31 n 65 0.02469920880357812
31 o 103 0.07293789573838605
31 p 46 0.008160954749766969
31 s 97 0.0010091656493547152
31 t 5 0.024930094306987227
31 u 61 0.00893004577069445
31 v 76 0.03463867140260857
31 w 47 0.07970595269426084
31 x 87 0.12526414990375934
31 y 128 0.0018546066994969967
32 a 66 0.04620160621848912
32 b 0 0.07556464897503556
32 f 93 0.12572254502225844
32 i 138 0.19858526315282354
32 s 111 0.01420423788730163
32 t 93 0.2723493153124157
32 v 34 0.024725066109077654
32 x 141 0.10570531815528328
33 a 44 0.008532279393449915
33 b 2 0.031367330624141765
33 c 148 0.06116466056199232
33 d 39 0.08192740388140474
33 e 153 0.0034514045883499156
33 f 153 0.00986194877428681
33 g 20 0.12153133085903078
33 h 135 0.019875920072944142
33 i 46 0.034446919242938856
33 j 8 0.01779208821689582
33 k 106 0.021655866318952666
33 l 78 0.02347872125994266
33 m 0 0.10742478908254582
33 n 55 0.047250128377207434
33 o 117 0.044708813078988774
33 p 84 0.022042924215529336
33 q 36 0.021319408044854438
33 r 43 0.07664329248673651
33 s 90 0.02141559298630491
33 t 29 0.02649655433536169
33 u 18 0.05690137188872424
33 v 19 0.01909261167161136
33 w 46 0.01441195208246615
33 x 89 0.047975450322309765
33 y 71 0.02729159250169666
33 z 113 0.01705298796428789
34 e 31 0.12586512160818553
34 f 46 0.04448365008440547
34 g 128 0.04187952629005398
34 i 143 0.09469578930180678
34 j 111 0.08343908412419843
34 k 113 0.036347315195477514
34 l 24 0.04821938552423455
34 n 68 0.06717110149494221
34 o 2 0.06832927559860436
34 r 115 0.13860326909659892
34 t 149 0.07100757071032515
34 w 25 0.05787663092763795
34 y 122 0.03040330742659747
34 z 84 0.02065689848680541
35 e 113 0.1438116084826706
35 g 28 0.018057623876572504
35 i 131 0.04913057687108913
35 j 132 0.19958041834463314
35 l 5 0.051535223818277576
35 o 77 0.1181997131524134
35 p 120 0.02961402040044625
35 q 72 0.020895610644945495
35 r 135 0.06437572790522583
35 x 7 0.11320121159894536
35 z 100 0.12918815395762473
36 a 18 0.025689180480189755
36 b 37 0.008886726048322413
36 c 88 0.012338344996216666
36 d 72 0.022498127388521638
36 e 53 0.04189070776300052
36 f 108 0.08282928287417346
36 g 113 0.02991259879741437
36 h 108 0.04950051675513789
36 i 11 0.03699341690746716
36 j 57 0.012577218117879152
36 l 115 0.11723699685737421
36 m 62 0.020518999803524007
36 n 142 0.010553532335372928
36 o 2 0.009241735027911147
36 p 133 0.047356110407758
36 q 58 0.024274508236392878
36 r 136 0.03015216633147222
36 s 26 0.03159661878520614
36 t 21 0.002325400695082136
36 u 35 0.032387453938902744
36 v 138 0.05372668693468319
36 w 106 0.06485539518800787
36 x 109 0.024213681766115935
36 y 150 0.012425619564950363
36 z 76 0.08482780976524806
37 a 27 0.15592243629937186
37 b 126 0.1559194682696936
37 c 20 0.02614081485789299
37 d 9 0.07691615568366861
37 l 30 0.02638238210843924
37 n 149 0.013739897093867026
37 o 110 0.07102024080966707
37 q 91 0.06116709221635808
37 t 96 0.2783189706882322
37 x 88 0.06389668657996783
38 a 77 0.018710963536482605
38 b 17 0.001598080227758869
38 c 91 0.004400703686159857
38 d 54 0.03030316265485411
38 f 140 0.11409930734508456
38 g 55 0.021084956417490308
38 h 96 0.12218604039885461
38 i 141 0.09041747378498377
38 j 28 0.030429412861254557
38 k 134 0.015388024210498008
38 l 105 0.13667987732687992
38 m 1 0.02998146043686245
38 o 106 0.05023180707625663
38 p 62 0.017976138282454257
38 q 48 0.0425207374506551
38 r 124 0.07798670276811981
38 s 92 0.023625382096629233
38 t 152 0.009648601241459498
38 u 3 0.050426254073684285
38 v 137 0.02434710249039751
38 w 145 0.02038742316969222
38 x 20 0.0017648343129000876
38 y 62 0.04496009456886674
38 z 121 0.00791274240608797
39 i 94 0.13661974831031276
39 j 22 0.4666151201114518
39 y 138 0.10995651979987175
40 a 71 0.0383993672899785
40 b 45 0.009231502866996255
40 d 134 0.0656252179639335
40 f 34 0.28408062427151115
40 o 134 0.14130347910390717
40 p 83 0.10238014201747159
40 q 9 0.038585495514117274
40 t 98 0.23200831661073995
40 v 21 0.003627023880978686
40 w 34 0.04698253154804133
40 x 144 0.03225176626894066
41 d 117 0.37340830806467196
41 o 123 0.16771148454992202
42 a 58 0.013784632826159826
42 b 80 0.1807328924273759
42 c 16 0.012385012448366206
42 d 93 0.0380852804367825
42 e 83 0.0036954874224157663
42 f 91 0.01871738670588441
42 g 142 0.06150373166564527
42 h 73 0.06141680627099788
42 i 146 0.024999425201589598
42 k 56 0.00648152854816586
42 l 11 0.002651513845960407
42 m 37 0.06100352534235465
42 n 50 0.02563255713825674
42 o 107 0.1155999739901239
42 p 79 0.020121179598598382
42 q 93 0.06983165178113049
42 r 46 0.017988283649716275
42 s 149 0.003308062100026432
42 t 44 0.01049370634678215
42 u 46 0.0004291996242575813
42 v 38 0.07451250592017378
42 w 149 0.09756901308323784
42 x 3 0.03359022565157388
42 y 148 0.039883249893511774
43 b 111 0.03948295577762029
43 c 146 0.023942683908373175
43 d 41 0.11691320972116959
43 e 74 0.02823859058265632
43 g 145 0.11554508951432874
43 k 109 0.0975882799307134
43 l 31 0.045516542106664226
43 m 52 0.07307815225201064
43 o 107 0.023443440683414085
43 q 71 0.004491797442564449
43 r 28 0.0758375257112529
43 t 29 0.06514724529624583
43 u 111 0.133239439171436
43 w 90 0.03595226975523569
43 x 43 0.06762916259490803
43 y 119 0.03842734480790111
43 z 41 0.004482325493344819
44 b 92 0.10480162528616377
44 c 57 0.049580297571319876
44 f 79 0.1860609537790403
44 j 107 0.014321127614778772
44 o 51 0.028799298332880308
44 p 12 0.11556812146814266
44 s 144 0.3125113188598392
44 x 57 0.017340921677131083
44 y 80 0.07133658610430971
46 a 8 0.10913823730686478
46 b 147 0.2154200844391716
46 g 10 0.17115759212707116
46 k 122 0.13716422010050122
46 o 138 0.08562886243056089
46 p 94 0.14646271439827985
46 r 80 0.0009255979192637209
46 w 81 0.023986346733659625
46 x 135 0.10249602038720595
47 c 83 0.06039341049980207
47 e 1 0.11601138291811663
47 f 70 0.04198424585218696
47 g 43 0.12384530375169367
47 h 74 0.23215658656989724
47 p 102 0.1172506655447475
47 q 104 0.028971930215234587
47 t 29 0.013117115738146778
47 z 44 0.20660361415835116
48 a 123 0.03934745667774564
48 b 126 0.01952098873423902
48 e 103 0.018897468687762986
48 f 142 0.17427012986931234
48 g 87 0.013004638567325477
48 l 132 0.07312674259955865
48 m 61 0.18089531068177267
48 o 63 0.1681207799374631
48 r 124 0.015376320457703874
48 s 24 0.0364219166655636
48 u 86 0.06325674654096358
48 w 60 0.05423064437691627
48 z 48 0.07163905937704984
49 a 85 0.0006025259855713117
49 d 0 0.007528517357043296
49 f 43 0.1694159030029755
49 g 69 0.014528080786829212
49 h 38 0.03791638752264692
49 j 62 0.0004268291802302926
49 k 134 0.027550541635703252
49 n 55 0.04354916037888246
49 o 119 0.1189575621760044
49 p 84 0.17155700615965397
49 s 24 0.006499843676977646
49 t 16 0.03018924584538618
49 u 66 0.04153165172676232
49 w 1 0.19877731907680218
49 x 71 0.11891047815006939
50 i 143 0.08973915598797022
50 j 117 0.026985077035491467
50 k 96 0.15213699776603284
50 o 103 0.044471216787044576
50 r 115 0.266619225141554
50 t 22 0.30621109487634235
51 a 136 0.0318016955997108
51 c 10 0.08396325992315534
51 e 96 0.017039703386421134
51 i 28 0.1351872497613923
51 k 6 0.11690096425808127
51 r 105 0.20054910233553214
51 u 75 0.026000055937413058
51 y 116 0.011838934739162643
52 a 94 0.17555667912790074
52 c 86 0.12025839244500869
52 g 90 0.07080126429366951
52 h 138 0.006277155985971561
52 i 75 0.02011491194333226
52 l 139 0.09318943499459009
52 m 138 0.06279643844573546
52 q 115 0.029969033776457987
52 r 72 0.01366717328950362
52 s 135 0.0249904824942061
52 t 130 0.004034498298896794
52 u 13 0.05984082332092644
52 v 95 0.016610070883807393
52 z 36 0.20994398367008393
53 k 112 0.20302728514125434
53 p 110 0.14893563019743683
53 s 34 0.24690517282973712
53 u 139 0.315834676629991
54 d 41 0.020480315259737925
54 f 125 0.3565112577539147
54 i 152 0.10474493302320687
54 l 131 0.06426697702795425
54 q 42 0.03870144222621075
54 s 38 0.04479543026415955
54 u 99 0.04513870262942832
54 w 103 0.039369669638329996
54 y 109 0.08313528626030264
54 z 125 0.15120588637160293
55 a 145 0.02031053757979151
55 b 55 0.03314891297500744
55 c 141 0.01865001635679453
55 d 13 0.019882451132038015
55 f 62 0.05689290045069484
55 g 114 0.08685715516500347
55 h 82 0.0013782958466117545
55 i 59 0.13031991032811763
55 j 63 0.0015131596107680334
55 k 14 0.018034049339177627
55 m 110 0.017404430826108652
55 n 99 0.025972627913404933
55 o 27 0.007429599798451925
55 p 128 0.08433913260650161
55 q 38 0.04754157326445374
55 s 90 0.08518235482611103
55 t 148 0.03940744516488415
55 u 84 0.07817096137451152
55 v 47 0.012725449736113115
55 w 80 0.07311753734662751
55 x 93 0.05950786956864196
55 y 20 0.0011809454816169573
56 q 30 0.374511670451679
56 z 142 0.12896862915720042
57 h 149 0.03233296428717369
57 i 63 0.02603837283025634
57 j 136 0.14221463605912532
57 l 9 0.014086396861335837
57 n 22 0.34590252546128697
57 p 76 0.2231735728206653
57 s 129 0.031090148004147
58 a 132 0.01828008202370701
58 b 145 0.0444256700418848
58 c 149 0.11964527763072319
58 d 54 0.0009784032333506332
58 e 150 0.0744151958487328
58 f 7 0.07069437450280536
58 g 148 0.038873284060818136
58 h 40 0.02925088830316247
58 j 40 0.0019525449351228685
58 k 35 0.10162987509648025
58 m 21 0.010476080655679954
58 n 153 0.013438595816713805
58 o 53 0.039454061208587854
58 p 78 0.08627991513826305
58 q 125 0.05264747349588672
58 r 133 0.09199284492707649
58 t 8 0.019032345577535414
58 v 140 0.008140415574952709
58 w 51 0.06403084450224639
58 x 47 0.04446656878059563
58 y 67 0.002527750774926507
58 z 96 0.05019441023499671
59 a 27 0.2112585513005264
59 k 122 0.10307554205126446
59 q 90 0.03559393122683563
59 t 40 0.2529108669570045
59 v 117 0.011864984924606858
59 y 55 0.12310148540832377
59 z 74 0.18296512065064618
60 a 21 0.07525872991729499
60 b 14 0.11116673276551226
60 c 8 0.008347329438846196
60 d 97 0.0011531745745603228
60 e 148 0.04779524496138876
60 f 98 0.027228448772134706
60 g 53 0.1164092877516898
60 i 69 0.0987746189740335
60 k 107 0.004677445354085874
60 l 124 0.04723601125143384
60 m 60 0.0027601855956513877
60 n 62 0.0020187381930590886
60 o 81 0.019895482902823947
60 p 95 0.038747515192301685
60 q 112 0.023429364693615007
60 r 93 0.010923225713862728
60 s 132 0.038565748082947326
60 t 33 0.060588989363103085
60 u 113 0.005675349741455338
60 v 100 0.03448387318016377
60 w 47 0.06791275336292346
60 x 39 0.14344790068084656
60 y 4 0.000146719227033687
60 z 139 0.009299243642666988
61 c 143 0.058557254940059034
61 e 133 0.009370879521420239
61 g 135 0.08514685367246044
61 i 127 0.023206445508731965
61 j 7 0.005178999464128031
61 l 12 0.06198928249787028
61 m 54 0.0012956699506984082
61 n 86 0.06252606350366663
61 o 85 0.0915235300690942
61 q 83 0.02547876014110173
61 r 151 0.03402956349036246
61 s 56 0.02422449099078794
61 t 98 0.02552836363965394
61 u 141 0.006904676188734693
61 v 71 0.28875887504837017
61 w 19 0.10620385760850448
61 z 32 0.05974226415728401
62 b 50 0.036506970846001074
62 d 36 0.015550997701404223
62 f 24 0.03872085440338635
62 g 61 0.07626587741564506
62 h 10 0.03401210226395546
62 i 16 0.005318461319831935
62 m 76 0.020671531192037906
62 n 126 0.20933694471220998
62 q 11 0.037673510898279305
62 r 126 0.1645674728455695
62 t 102 0.020699982402741512
62 v 63 0.11606866216993661
62 w 152 0.014575652597056732
62 x 46 0.052530901970011756
62 y 39 0.057147881187778915
62 z 133 0.07093416584980139
63 a 102 0.004187517920248962
63 b 72 0.043191694308067685
63 c 148 0.02849889365871694
63 d 141 0.1223081742142309
63 g 140 0.00529627657148557
63 h 109 0.07216809932817736
63 i 64 0.011967879066936415
63 j 65 0.029443965485246415
63 k 2 0.009323323293309316
63 m 94 0.08366713363836586
63 n 148 0.08997732600622455
63 o 127 0.03304169343496466
63 p 84 0.0673225613103886
63 q 16 0.015969404248861174
63 r 74 0.06305021279205758
63 s 149 0.03743570063198698
63 t 68 0.07698622892817608
63 u 110 0.06266542568636901
63 v 127 0.020910272234042737
63 w 139 0.03635612399516053
63 x 3 0.01636384031013971
63 y 74 0.025869622404530945
63 z 48 0.012805333901323768
64 a 27 0.0033386186643820093
64 c 143 0.0113435438061813
64 d 62 0.06534458414579813
64 e 29 0.025339771550441426
64 f 22 0.06799228184276196
64 k 120 0.007232219508024884
64 l 133 0.026702648292080355
64 m 98 0.08431798595971896
64 n 3 0.030364953685456886
64 o 75 0.28202350880352633
64 p 20 0.005319162068523786
64 q 92 0.08852819410792756
64 r 1 0.01280287689888382
64 s 97 0.012143024167329153
64 v 133 0.058482327691224634
64 w 84 0.12057461261313607
64 y 78 0.005526502404115119
65 a 83 0.060367521221776355
65 b 79 0.01169482413263112
65 c 26 0.006409383503618193
65 d 31 0.00992362928876056
65 f 0 0.17229905988112382
65 g 144 0.016567039531473204
65 h 148 0.12194765881367486
65 i 138 0.013168668116583682
65 j 103 0.013193885034959663
65 k 117 0.02871978504092232
65 l 98 0.02369962256320679
65 m 39 0.12170096486493864
65 n 113 0.06655124928244438
65 o 96 0.06398136313060121
65 p 110 0.041250077873165925
65 q 148 0.04847083714127831
65 r 67 0.01838863415351144
65 s 83 0.003254274438984961
65 t 116 0.0221193620888388
65 u 24 0.0330107790168388
65 v 28 0.022342574910434676
65 w 62 0.05735367108836986
65 x 119 0.0009395180579472306
65 y 145 0.0016961934970778358
66 a 70 0.10743742727057015
66 c 123 0.0487575767602455
66 f 129 0.28029166303736663
66 i 106 0.017367102850735283
66 k 13 0.018414508126317508
66 q 21 0.04087291988515662
66 r 141 1.642749400654342e-05
66 s 16 0.0403736685166286
66 t 81 0.16738788178743924
66 u 45 0.025739183648292863
66 v 134 0.10452619908588401
67 a 77 0.11717187427995657
67 i 47 0.014385189730607983
67 m 82 0.31351643278896446
67 s 87 0.08476942434194124
67 u 27 0.2821521288406632
67 x 67 0.07630801337254234
67 z 79 0.013131198686168744
68 a 97 0.0016042100956706884
68 b 13 0.13565544628751058
68 c 36 0.10077441996036973
68 d 94 0.005368158528119671
68 e 2 0.03057162441249217
68 g 30 0.12372401422224322
68 i 148 0.01701802649903672
68 k 126 0.13411483391302792
68 l 29 0.022804968667219816
68 m 81 0.09190416356888831
68 o 24 0.03884157443365743
68 p 105 0.01594469338899107
68 q 101 0.06741190009585452
68 s 120 0.04512021368086638
68 t 14 0.011382097398161206
68 v 67 0.03775989080519715
68 w 22 0.04998758036761486
68 y 80 0.010068416797320179
68 z 3 0.003278534476767403
69 b 86 0.023722813365775974
69 e 149 0.008404612547240342
69 f 151 0.16745457653445084
69 g 83 0.09707139939504428
69 h 27 0.0592142907577663
69 k 89 0.21886044354555934
69 l 17 0.03485700612436071
69 m 83 0.032716010097366244
69 r 112 0.10550176058143734
69 s 148 0.18683650328189094
69 y 112 0.000857145963877759
70 d 151 0.14428377577335127
70 e 103 0.056435156175516754
70 g 113 0.17771307334787179
70 i 127 0.2676827030217619
70 n 55 0.1368778307990619
70 o 56 0.02321768592138651
70 q 107 0.02115591018884344
71 f 91 0.009992615622224643
71 g 54 0.01996980353549893
71 o 70 0.010432865917929468
71 q 71 0.0015499586130758303
71 t 136 0.13053572775702704
71 z 106 0.723408693617588
72 a 53 0.06827724956205283
72 b 104 0.00016173927549745226
72 c 55 0.03572181291949561
72 d 33 0.11562750023144286
72 e 11 0.05218546993179651
72 f 122 0.1456477535447771
72 h 143 0.0019672227154516886
72 j 36 0.025507493249974034
72 l 144 0.03805887696883581
72 n 117 0.031139486895592428
72 r 24 0.005996132271223198
72 s 131 0.01230887133472025
72 u 96 0.052672236651679305
72 w 13 0.15862486498209116
72 y 94 0.24946034273090734
73 a 31 0.10216718185947649
73 c 141 0.00026084905481860154
73 d 136 0.01979028084647394
73 e 104 0.022700730158046967
73 f 105 0.006209735499762559
73 g 23 0.07927020296338871
73 h 63 0.08608444268258686
73 j 48 0.0012411909723247794
73 k 121 0.0734171145079362
73 l 145 0.08501801447459645
73 m 60 0.008737105184488447
73 n 129 0.019414200709230722
73 o 130 0.024801009069183366
73 p 89 0.04230722305716117
73 q 140 0.018488741311014967
73 r 99 0.06990440522131747
73 s 141 0.03990997142287911
73 t 51 0.03553542047103675
73 u 76 0.020702580268425863
73 v 51 0.04765276371494709
73 w 151 0.05437687002298153
73 x 39 0.10465815758134067
73 y 51 0.013761988977875173
73 z 8 0.007578932613338751
74 a 121 0.005069445762214131
74 b 123 0.034663854636852065
74 c 3 0.009459504114411543
74 d 7 0.044675430911575664
74 e 42 0.01310106499716357
74 f 29 0.006524870714609499
74 g 55 0.055766699220294313
74 i 92 0.019269029772900126
74 j 41 0.03090192624231236
74 k 127 0.010233022730402497
74 l 92 0.07439925165376615
74 m 23 0.038151339735214784
74 o 2 0.026822171026736674
74 p 11 0.04958886924276651
74 r 130 0.19373593745185114
74 s 133 0.01586354341643237
74 u 36 0.021602669423950838
74 v 48 0.017275086471550405
74 w 128 0.01994729268401274
74 x 97 0.05175678722693211
74 y 51 0.18231831652538966
74 z 77 0.0334418006968521
75 a 3 0.11478335492507785
75 d 143 0.26522772892556234
75 i 53 6.624244494934928e-05
75 j 31 0.2545848013309202
75 p 78 0.10472188555983353
75 u 47 0.2394084512276693
76 c 132 0.07382267181022828
76 h 0 0.06928007804803116
76 i 120 0.3217763263878748
76 m 58 0.02271981921034949
76 o 37 0.037362618427356775
76 x 113 0.19654772820066257
76 y 19 0.0306248015301005
77 a 105 0.00933329915893022
77 c 126 0.035168298792288555
77 d 17 0.0565913378109032
77 e 37 7.801526141515414e-05
77 f 42 0.004910297985077805
77 g 69 0.012015549174927864
77 h 73 0.09095524861644178
77 i 152 0.09496430956045387
77 j 70 0.04281597880777921
77 k 6 0.07381289138341474
77 l 149 0.03190236892916265
77 m 37 0.006822691661874991
77 o 10 0.03613217728818585
77 q 115 0.038682544265290386
77 r 102 0.06442262137120469
77 s 79 0.012650663068656143
77 w 100 0.13781649360891213
77 x 22 0.007344611048623717
77 y 71 0.043643773564760235
77 z 30 0.018374629820306465
78 b 6 0.16348531350950368
78 d 8 0.08999464124301604
78 i 152 0.008060943382657615
78 k 71 0.05459274649045909
78 m 109 0.017830170996118277
78 n 139 0.05299656683789966
78 p 139 0.24866496895207268
78 r 98 0.0071341559953895795
78 s 20 0.16309726328800356
78 t 114 0.021449201446812394
78 v 80 0.006435593927444527
78 x 110 0.033572959561704585
78 y 0 0.09284238332068051
79 c 100 0.21819264001231609
79 f 26 0.005904018836945357
79 i 120 0.0056571888345928745
79 j 38 0.26804191144569234
79 t 55 0.024023918941087574
79 w 9 0.21607476450371665
80 a 117 0.020601838777207004
80 b 80 0.05766415644784162
80 c 88 0.0807952476766487
80 d 37 0.09890431925990562
80 e 11 0.011466691501302861
80 f 141 0.026193663996686878
80 g 134 0.0159945625734752
80 h 98 0.018567716721450522
80 i 135 0.03212929565667377
80 j 6 0.020217415885169898
80 l 77 0.007365613568742213
80 m 99 0.013374168511500306
80 n 8 0.0633275253187261
80 o 73 0.0003818722703303745
80 p 63 0.004595780177162112
80 q 104 0.22235338261728033
80 s 65 0.06523344852228918
80 t 131 0.04816547312988628
80 u 49 0.04467972197401715
80 v 84 0.026711627202970822
80 w 117 0.0021177230303746075
80 z 132 0.033719739649856084
81 a 128 0.04961584995126023
81 c 137 0.09628154958701185
81 g 3 0.058885180732967446
81 h 18 0.005213601468204487
81 j 49 0.04813993080917256
81 k 25 0.06069952104003351
81 r 134 0.053376116395908335
81 s 24 0.17861923668152446
81 u 33 0.2739959193607977
81 w 54 0.051564143785406635
81 x 116 0.09847498124078491
81 z 8 0.0020023927773563654
82 b 121 0.0018519107958261394
82 c 70 0.1746357667423808
82 e 4 0.008283617479725502
82 f 60 0.014350266774775355
82 g 59 0.04449065509364647
82 h 133 0.008320745899764503
82 i 66 0.009758813950624723
82 j 24 0.012622800802571388
82 k 40 0.024032800769080542
82 l 32 0.14455626355277396
82 n 73 0.06161612862832422
82 o 67 0.043891283553483706
82 p 100 0.11568891451234997
82 q 56 0.013378715259581897
82 r 107 0.05175304007335857
82 s 73 0.05792361684691638
82 t 47 0.00623880972282731
82 u 68 0.009340399395876609
82 v 142 0.056270740714730705
82 x 13 0.07948248657014978
82 y 103 0.001496652687253186
82 z 70 0.004950477978817092
83 a 153 0.012268713342411752
83 b 79 0.014473649080188555
83 c 123 0.14191865286022443
83 e 24 0.0016956878358932448
83 g 109 0.04810889654557515
83 h 126 0.019398046984460904
83 i 92 0.0025190786655769903
83 j 41 0.022107143796483375
83 k 138 0.055457854171896415
83 l 142 0.006265419507501813
83 m 95 0.07321607963548071
83 o 79 0.1298876135733501
83 p 21 0.0499586137813236
83 q 149 0.05694607491025039
83 r 103 0.0383725530939919
83 s 50 0.009018586400002748
83 u 66 0.00578103281657405
83 v 56 0.1146491931918342
83 w 3 0.032813382711081585
83 x 24 0.11032188677985766
83 y 90 0.02874083512054071
83 z 125 0.02027431257470258
84 b 77 0.13495113513033719
84 c 89 0.00960577721346867
84 d 64 0.07758545532095851
84 h 94 0.03624931440736534
84 i 145 0.02844336321774521
84 j 44 0.11559445314833239
84 k 94 0.027909295647507215
84 m 95 0.04923886518825371
84 p 21 0.0169634749093327
84 r 113 0.01785078158633502
84 u 30 0.007354623542025651
84 v 122 0.023367050729398264
84 w 18 0.17295613194920534
84 x 60 0.057002208289323675
84 y 12 0.054818367049772165
84 z 104 0.11599472792180565
85 c 50 0.06102825563617631
85 e 31 0.15547123519111472
85 g 92 0.03994381262642255
85 i 80 0.17944435556742588
85 j 150 0.00586539485884241
85 m 134 0.011703057238103942
85 n 54 0.1796942195683756
85 o 102 0.15606712008057189
85 q 103 0.021238985235739416
85 u 41 0.0448155511854017
85 x 67 0.023472468144712377
85 y 134 0.06440306425409648
86 a 40 0.09341405975347339
86 c 57 0.12272050363298925
86 d 126 0.023968833019241242
86 e 141 0.029163406689685756
86 f 14 0.05223882656484635
86 g 114 0.018056768454923655
86 h 73 0.006913198770539419
86 i 106 0.05357724693208632
86 j 120 0.08413973623575122
86 l 106 0.02830703447676941
86 n 9 0.008300298848842758
86 p 85 0.06537076112452456
86 q 21 0.041668391386005976
86 r 51 0.030555331218442117
86 s 142 0.05456903032797711
86 t 56 0.0016456650627862945
86 u 68 0.047073218377769566
86 w 8 0.003087304721337669
86 x 107 0.003832280212760164
86 y 74 0.02194667197063971
86 z 45 0.10752632814018537
87 a 79 0.027116640034377748
87 c 59 0.11322172594432
87 e 21 0.018921376449441363
87 f 59 0.016132583652072263
87 h 37 0.060594626330609525
87 j 24 0.07691225632753118
87 l 91 0.0918307945093989
87 m 81 0.2047572282677107
87 n 3 0.002677672699763378
87 o 106 0.003305707373322697
87 p 50 0.0061724871813779725
87 q 36 0.000255125964624181
87 r 55 0.02472138301457316
87 s 46 0.07933325632798649
87 t 8 0.024437984394312995
87 u 124 0.03745358062019455
87 v 84 0.037966738800008115
87 w 149 0.03846092910677168
87 x 127 0.04625488472892181
87 y 17 0.018917164163911315
87 z 59 0.03735463033027708
88 b 138 0.07178953709644531
88 d 70 0.5319423813498941
88 e 42 0.025761940398911887
88 h 149 0.016093628861791665
88 i 73 0.09349227476962063
88 m 140 0.0004847202303261966
88 s 7 0.10141173331149067
88 z 36 0.08181411151550666
89 a 19 0.013951909600270929
89 b 142 0.01355295690047742
89 c 122 0.02810326881495606
89 d 96 0.049207479317834424
89 e 131 0.0059998280829522965
89 f 67 0.012220854426335359
89 g 34 0.07718997904094116
89 h 5 0.046742228328886304
89 j 41 0.013203199262540655
89 k 57 0.0017779790638857706
89 l 9 0.11031910607395445
89 m 47 0.040634847646404015
89 n 100 0.24875807135621042
89 o 141 0.04220453892504339
89 p 95 0.0040217941491491604
89 q 10 0.010864015605867583
89 r 123 0.03697724814609349
89 s 20 0.00482448499546595
89 t 78 0.08149208087600268
89 u 19 0.049643914108720044
89 v 123 0.026538956980613482
89 w 86 0.004661096275278331
89 x 143 0.022986422592109257
89 y 13 0.019688110577405715
89 z 91 0.011390932789193231
90 a 47 0.02442849023317406
90 b 4 0.045964893335489476
90 c 116 0.15703793629078233
90 d 87 0.05887335592769494
90 e 95 0.045776228983071876
90 f 82 0.05415973954190201
90 g 57 0.015420034927834836
90 h 41 0.00968279939317196
90 i 39 0.020164636867173846
90 j 88 0.1677488510481946
90 k 8 0.014234710826024233
90 m 98 0.01465946964023479
90 n 152 0.06457090064558502
90 o 50 0.03427857212949714
90 p 91 0.013116919595563492
90 q 11 0.01195852699399369
90 r 29 0.013648138882077832
90 s 107 0.009118488399226021
90 t 110 0.05640347704044946
90 v 95 0.06755503793431716
90 w 7 0.025792693731815808
90 x 26 0.05170473097291228
90 y 99 0.011104085136507624
90 z 113 0.002696651758533397
91 g 6 0.3812191514659834
92 a 83 0.0015223492435622044
92 b 53 0.19718247657183052
92 c 138 0.011160512483095908
92 d 111 0.03813528775807162
92 e 42 0.04889548199723015
92 f 60 0.00247692282892209
92 g 27 0.007903105229007168
92 h 8 0.01975986096461979
92 i 17 0.0022320666671745704
92 j 115 0.041380565357616694
92 k 134 0.03015384899575968
92 m 72 0.10104183465992922
92 n 78 0.019374934151197842
92 o 13 0.025403242648327606
92 p 98 0.019940520978671716
92 q 144 0.0005613525013334897
92 r 71 0.08140321803916029
92 s 54 0.0026810640381242923
92 t 31 0.007612579603673231
92 u 86 0.00679477265770656
92 v 142 0.04642599232113742
92 w 134 0.05230201729178119
92 x 78 0.046442531947262666
92 y 19 0.12940348729159423
92 z 12 0.05041251084878451
93 a 139 0.039390286647737804
93 b 100 0.08245238231957175
93 c 2 0.027210756554600368
93 d 47 0.15418531902319832
93 e 109 0.010148936566051203
93 f 9 0.10141300767210992
93 g 28 0.018395014216322614
93 h 74 0.02608450025448117
93 i 92 0.010112268193993579
93 j 152 0.01684168868578595
93 k 43 0.12067448097121869
93 l 107 0.011759410789721092
93 m 141 0.02373924011855688
93 n 39 0.01897605728306173
93 o 23 0.0019608770534941256
93 p 58 0.0681465240229373
93 q 52 0.006292558382277269
93 r 117 0.017273045297704126
93 u 97 0.05934899191944032
93 v 107 0.016397534909399547
93 w 51 0.025326119672528402
93 x 134 0.014768606681170637
93 z 69 0.07536937589380321
94 c 78 0.009370007478898046
94 f 77 0.005733366413327445
94 h 21 0.17216446461004153
94 i 58 0.10756975860759832
94 j 5 0.08852194180802964
94 m 142 0.0029926043140280356
94 o 106 0.04326356505210471
94 q 46 0.14357719284170867
94 r 26 0.053319504668115525
94 w 85 0.09825638225159838
94 x 49 0.009917846056940682
94 z 52 0.16483773649745603
95 a 74 0.047311739295360034
95 b 64 0.032222508257197524
95 c 127 0.03407466574139406
95 e 59 0.03074295860524634
95 f 86 0.04470585926706616
95 g 88 0.08388364592796949
95 h 120 0.010347208693708088
95 i 135 0.09387060976695982
95 j 37 0.018562851558524884
95 k 88 0.017872700948241227
95 n 32 0.11633941202384623
95 o 93 0.004854295539355125
95 p 126 0.01879601807747422
95 q 61 0.0375978495840501
95 r 146 0.03093969587618184
95 s 92 0.09210712140702482
95 t 74 0.04238283305387547
95 u 119 0.03661994647123534
95 w 99 0.1225669914243177
95 x 56 0.0220498686457008
95 z 114 0.003884231534128313
96 a 151 0.09114026869305913
96 l 87 0.13372160121361232
96 o 6 0.016535908202753635
96 u 35 0.07503141500806387
96 v 38 0.13230255653296852
96 w 147 0.16370678938382932
96 y 71 0.11819271099073747
96 z 50 0.1964787248363089
97 a 136 0.011601700252517055
97 b 127 0.04302756065289837
97 d 91 0.00999752212849292
97 e 47 0.15377253904537302
97 f 50 0.026854134684681008
97 g 90 0.014361314698041139
97 h 63 0.11161725428967373
97 j 69 0.10172780313223473
97 k 46 0.09098308402126476
97 l 91 0.03994137229165717
97 m 72 0.00585882294252571
97 n 140 0.0011809488810422542
97 o 140 0.0022295233948086413
97 q 21 0.12389421386763622
97 r 131 0.029325562619888834
97 s 9 0.02643261168002997
97 u 149 0.002163254735439435
97 v 37 0.008403130953428262
97 w 24 0.07955553463271159
97 x 92 0.0693181391115143
97 y 85 0.02402491766257364
98 a 126 0.03520431608385821
98 b 6 0.008403391397092452
98 c 43 0.037376151763564125
98 d 75 0.032924317480130916
98 e 103 0.012644328837727703
98 f 129 0.017302028199986386
98 g 88 0.12050505505604814
98 h 151 0.098767516662703
98 i 0 0.025696363573985415
98 j 123 0.049306742741576426
98 k 152 0.02446110156531589
98 l 138 0.015117271943550281
98 m 43 0.09763488100130535
98 n 77 0.04030985118903274
98 o 76 0.009339320825036412
98 p 2 0.010490414627724043
98 q 28 0.030543754913584742
98 r 132 0.002902832304399139
98 s 51 0.10107660876839086
98 t 63 0.09031170267717425
98 u 61 0.03446176277334745
98 v 153 0.024775276289602965
98 w 8 0.00019195642491554032
98 x 13 0.024034959482903795
98 y 64 0.02404043098363018
98 z 75 0.019245766442347212
99 l 29 0.1974878242763588
99 w 28 0.5023362881154799
100 a 117 0.14614940369493268
100 b 144 0.013990132536571775
100 d 31 0.13226885088091944
100 e 80 0.02575589451444993
100 f 127 0.017110693254883236
100 h 104 0.025159018856843796
100 i 37 0.07384687907675846
100 j 104 0.021646060760129426
100 n 131 0.04124229463206408
100 p 19 0.06261094081730079
100 q 92 0.0389103513086414
100 r 143 0.017978688823531264
100 s 97 0.037265773741092856
100 t 10 0.020782026983306
100 u 25 0.05841865594254714
100 w 78 0.004827295987585689
100 x 45 0.009128522312473852
100 z 97 0.17174770512975646
101 a 86 0.006668992774940152
101 c 131 0.11662009593716538
101 d 102 0.039991688788679536
101 e 56 0.03086388902648851
101 f 67 0.05813150373261877
101 h 19 0.05579821554636788
101 i 124 0.038490915874301423
101 j 106 0.03255139206786961
101 l 104 0.01346063100947592
101 m 107 0.04077503908789193
101 n 90 0.20694591352446923
101 o 90 0.036792857975074034
101 r 49 0.00757113849636637
101 s 33 0.02609090740084008
101 t 49 0.03773721499872351
101 u 43 0.0033730476151458966
101 v 62 0.040988050268789156
101 w 109 0.035671796280631884
101 x 134 0.0826009591390674
101 z 121 0.04576655648454009
102 a 121 0.11748175133547023
102 c 82 0.013915512336233893
102 f 66 0.0073827644005517445
102 g 121 0.13119885740969905
102 i 31 0.059179341875113534
102 m 6 0.03730259315866857
102 p 136 0.05856640313907924
102 r 139 0.07966029184115353
102 u 139 0.07751966008285471
102 v 59 0.012781488264799967
102 w 46 0.2491302841912354
102 x 111 0.03899872211960309
102 y 33 0.035467577314688525
102 z 61 0.06082779890627177
103 a 93 0.07484407249559222
103 b 85 0.050408129295733906
103 l 60 0.0006519631271902915
103 m 31 0.019351365888362726
103 n 129 0.24377049356413283
103 q 22 0.208534195762215
103 v 86 0.04668543620423604
103 w 92 0.23312938027945151
104 t 9 0.14245824645552407
104 v 34 0.12606273126386391
104 w 86 0.4951032383932934
104 x 118 0.06271562244567574
105 b 134 0.2553534678426177
106 e 45 0.008356614682545338
106 f 15 0.15510382992705096
106 h 16 0.037797653289690425
106 j 124 0.03679808827704645
106 k 24 0.2015807194497492
106 n 59 0.18946034035146564
106 t 128 0.014833018300796974
106 u 115 0.06887981698744239
106 x 60 0.23659129760091546
106 y 132 0.02015294196959949
107 a 145 0.14420692527761503
107 b 60 0.07223180853759648
107 f 88 0.005799823958682726
107 g 65 0.05203003709638521
107 i 27 0.0134241864661101
107 k 53 0.018533229307396426
107 l 28 0.060901041471742356
107 m 119 0.03359524710761508
107 n 117 0.02698916964257292
107 p 30 0.04741597063098624
107 q 104 0.015995127763682393
107 s 153 0.17214958565052463
107 t 85 0.08134027227315022
107 w 4 0.05130499567935809
107 x 27 0.0407379889541839
107 y 36 0.12471942328131469
107 z 119 0.02192056202477166
108 b 90 0.10525738664713347
108 l 146 0.09200077426296505
108 m 38 0.15924356004134588
108 q 22 0.1322642338596035
108 t 153 0.061928296681592054
108 v 104 0.0010141011238531394
108 y 134 0.23856889868062414
109 i 9 0.01082935901300719
109 v 1 0.8137183001520887
109 z 116 0.0029767408710721366
110 a 29 0.03107491186141309
110 b 93 0.010088590618843596
110 c 76 0.008088064730030764
110 d 70 0.02828036109432086
110 e 69 0.08634692293241064
110 f 19 0.03654645729808825
110 g 81 0.01912255094852333
110 h 20 0.07514482826386604
110 i 146 0.03638219236777407
110 k 55 0.022001403862413893
110 l 120 0.021822172765571413
110 m 68 0.0427923169122697
110 n 47 0.006348036725783546
110 o 1 0.03450317386284407
110 p 113 0.012839227739785075
110 r 77 0.04495819800400569
110 s 41 0.015061052836585875
110 u 100 0.10446958594059041
110 v 14 0.1023870432167382
110 w 118 0.0014093543856605883
110 x 113 0.08220961154057826
110 y 75 0.1620992979702396
110 z 100 0.007494871122580848
111 a 151 0.04659099184927751
111 d 43 0.06766290349256798
111 e 123 0.12044472246397775
111 f 130 0.017211341577046846
111 g 152 0.17666660974651927
111 h 103 0.05182532379209337
111 j 46 0.00648762126299518
111 l 14 0.09361502690172196
111 m 78 0.09354366097819267
111 o 90 0.004718961676789646
111 q 117 0.0010926905067250026
111 r 18 0.0195728440272096
111 s 101 0.0019501883451953361
111 t 93 0.021600463508119394
111 u 5 0.029898631290844357
111 v 8 0.026114359965905276
111 x 70 0.03562525801573713
111 y 141 0.031145614324638582
111 z 132 0.00838102034196242
112 a 62 0.04263239324380441
112 b 121 0.06863372025074921
112 c 144 0.12805468197366343
112 d 82 0.02103405061748631
112 e 60 0.004377210687369626
112 f 127 0.0833956358200757
112 g 22 0.023492676385685307
112 h 17 0.06908583868605311
112 i 2 0.008578809534787957
112 j 7 0.04764534137961518
112 k 133 0.019396745861218645
112 l 33 0.03522688739300939
112 m 9 0.02886031756097518
112 o 127 0.03065985558883788
112 p 147 0.008364957068736412
112 q 66 0.059788791457148216
112 r 17 0.004245779734380117
112 s 51 0.0068209465612212306
112 t 125 0.042869837216247264
112 u 103 0.0019055060248179823
112 v 44 0.12090043247225746
112 w 18 0.012272923231426036
112 x 130 0.007563608314685832
112 y 71 0.040335384315730805
112 z 46 0.011639172836685141
113 c 47 0.0521507593642897
113 e 52 0.15422901255238297
113 j 106 0.07704765381277989
113 q 72 0.01795154460767512
114 b 15 0.03697787195976987
114 k 34 0.4117475849812203
114 m 100 0.17030778813047465
114 n 61 0.0427176713142412
115 a 133 0.01805825596008659
115 b 68 0.08043174483342097
115 d 127 0.096733913033892
115 e 112 0.17235676700422664
115 f 53 0.12317730174769614
115 g 53 0.005054788275478894
115 h 73 0.015289109057410988
115 i 76 0.0598134564389865
115 k 3 0.03017613995407853
115 l 131 0.01331338976554819
115 m 105 0.03806173680453728
115 n 115 0.005661797772278154
115 o 138 0.0010321168383319312
115 p 72 0.006566037812434589
115 q 118 0.0015886823017355889
115 r 87 0.07858845500642431
115 s 143 0.03180881871393648
115 t 24 0.008713883743792561
115 u 73 0.06203253367642403
115 w 126 0.018060637798360868
115 x 63 0.033373030338642584
115 y 75 0.041242071581703565
115 z 53 0.013592978745522566
116 x 149 0.7765309124024925
117 c 92 0.07655291887268667
117 k 148 0.4815316826825361
117 n 46 0.08464585433763994
117 y 118 0.08637159983675646
117 z 52 0.11006730694570088
118 p 113 0.05065604942163959
118 s 116 0.028083218637239393
118 v 99 0.31243499557837584
119 b 70 0.03673737052755943
119 c 27 0.046315659141136334
119 e 132 0.40069296488459294
119 f 49 0.024955864533469097
119 g 99 0.006065275379400936
119 j 145 0.011647858281761847
119 m 92 0.008903895109446891
119 n 140 0.039272554059796905
119 p 127 0.08916145900262629
119 q 118 0.06707995742690831
119 r 82 0.08649344929423253
119 v 4 0.10271136805959391
119 y 81 0.0035463879807070553
119 z 21 0.023317739099586343
120 e 61 0.15604410952152237
120 o 44 0.02043675705836656
120 x 140 0.33708334235221205
120 z 72 0.4139735470450421
121 d 123 0.003587132809297011
121 f 80 0.024308477175316145
121 i 151 0.2996456348510692
121 l 8 0.2737747885549696
121 q 14 0.0383856180025306
121 s 22 0.05885442018432574
122 b 61 0.027983302712761615
122 c 5 0.17700141550103843
122 e 62 0.0640653403416469
122 f 107 0.021167108313066785
122 h 70 0.025510946617721464
122 i 109 0.09422108510852856
122 k 45 0.012741588244901236
122 l 80 0.057887680300072075
122 m 145 0.0046058759701732566
122 n 97 0.010260193390754457
122 o 1 0.03675292304265976
122 p 120 0.00578325546999503
122 r 148 0.002426055176689257
122 t 57 0.011595018772661114
122 v 128 0.0637219683556568
122 w 126 0.05577113359670893
122 y 75 0.16051998149500457
122 z 49 0.11175836576535891
123 c 38 0.15816157937913722
123 e 85 0.026402529081634984
123 j 41 0.07568541047739441
123 k 0 0.1724260724997667
123 n 65 0.2080316219565912
123 p 54 0.1779283497011972
123 s 58 0.004360165204987054
123 t 50 0.04884741511795243
123 y 136 0.1087834778128488
124 a 22 0.07947760298034356
124 b 59 0.051111099208392186
124 k 50 0.06952065882027048
124 m 61 0.6711009773954777
124 n 153 0.009293116316948069
124 p 78 0.021786465844907954
124 v 140 0.06498863632740426
124 w 37 0.01840329945251129
125 a 35 0.0870979424765127
125 b 5 0.08398293830052628
125 c 123 0.005396128347479934
125 d 94 0.08346602660508573
125 e 150 0.03636214682783878
125 f 90 0.007485223553553744
125 g 95 0.029895824665402526
125 h 140 0.01612877967402404
125 j 58 0.018142192663422763
125 l 16 0.01348241998100086
125 m 18 0.03677520712779436
125 n 69 0.06415870177147687
125 q 32 0.022834004242689665
125 r 3 0.08217377988726782
125 s 93 0.027718134894448743
125 t 150 0.007289596832934064
125 u 58 0.0006534046930735116
125 v 73 0.14299552558246909
125 w 23 0.11328816184465917
125 x 83 0.04043509137412937
125 y 75 0.008598098436007562
125 z 126 0.044583363904503126
126 a 94 0.14704903787215806
126 c 33 0.06144992392661941
126 d 147 0.002913447976088057
126 e 147 0.18440189533239104
126 k 10 0.046075827343955544
126 n 14 0.05145316861890903
126 r 46 0.041382257564954394
126 u 42 0.34704627810049027
126 x 9 0.08552096160561484
127 b 121 0.06395833918677651
127 h 132 0.1101254802916718
127 n 96 0.18875713229461266
127 y 48 0.11536247368970864
128 a 13 0.008161058575668512
128 e 100 0.0637580550232506
128 g 118 0.09126193761192036
128 h 70 0.038359545170022824
128 i 146 0.07150378103442079
128 j 134 0.01978109158604202
128 m 49 0.1027636258971405
128 o 8 0.013997185757254837
128 p 18 0.09898410350232267
128 s 114 0.09114695089394609
128 t 149 0.11355001315373292
128 v 0 0.03697764052557384
128 w 66 0.07924555696890778
128 z 138 0.0038160528953311568
129 a 0 0.056543291447542776
129 g 82 0.1759410960570198
129 h 145 0.05763962724711613
129 i 141 0.18209156089218748
129 m 126 0.1266202061013696
129 o 65 0.02293836868367871
129 p 137 0.00891900085252717
129 s 143 0.002329664459535419
129 t 88 0.022970017092994732
129 w 51 0.19597461938432292
129 x 30 0.08717966986361236
129 z 9 0.003015699012350992
130 b 114 0.03693568198827735
130 g 136 0.18331617274253187
130 i 80 0.024527449959915293
130 k 113 0.04900185030856241
130 l 140 0.03866947762966311
130 m 143 0.07227158343870443
130 n 125 0.009269299009237897
130 q 113 0.04782140930138423
130 r 84 0.1214252309410574
130 t 150 0.035578082281272905
130 u 2 0.006886381740175973
130 v 43 0.02426954016208449
130 x 117 0.0696864088512219
130 y 7 0.07303231433538504
130 z 57 0.16641169909405207
131 b 41 0.07638896627321834
131 f 124 0.08427720241684988
131 h 30 0.030430372314657284
131 j 12 0.2994207662420948
131 o 2 0.06016431938865918
131 s 128 0.060879532315191054
131 t 126 0.2737607202799688
131 u 94 0.03434839753054797
131 z 103 0.06459032963477518
132 b 40 0.05453792590665896
132 f 144 0.00995682863032532
132 g 58 0.015776804870243355
132 j 153 0.024327165415124696
132 n 16 0.22452204810230714
132 q 94 0.17910047360662062
132 u 102 0.259920058494584
133 a 122 0.004193441705223067
133 b 48 0.015366362588522198
133 c 134 0.034579660035325976
133 d 16 0.061268095597558525
133 e 5 0.07573181566722731
133 f 98 0.024700525704458354
133 g 106 0.017535596959551314
133 h 139 0.06060696675290411
133 i 92 0.07426283951600499
133 j 125 0.017506168112539577
133 l 127 0.0006903204373410743
133 m 47 0.0017631773308576237
133 n 147 0.1460403551639875
133 o 97 0.06965363624036713
133 p 65 0.02825413470583138
133 q 22 0.004259229486013094
133 r 108 0.018089095459940863
133 s 32 0.0053981090575691
133 t 38 0.10918116939352562
133 u 59 0.07231238689107589
133 v 132 0.06048604902001431
133 x 36 0.02970861327747032
133 y 135 0.025713060714882552
133 z 61 0.020030335059678994
134 a 44 0.048106647644455935
134 b 45 0.09983142497997988
134 e 102 0.0929922042941177
134 j 107 0.0005943047546853597
134 k 28 0.08116997524627079
134 n 19 0.1431560176903699
134 o 72 0.07192895636387808
134 r 143 0.1005605038220112
134 t 5 0.026561370693719666
134 v 84 0.021893279709559232
134 w 1 0.09647999165123577
134 x 107 0.0844411545813113
134 z 110 0.07690492846762231
135 a 2 0.11959601116429164
135 b 37 0.022628636281216696
135 c 7 0.1421911147370396
135 d 59 0.021731800069097917
135 g 127 0.006840811806769986
135 h 6 0.006581955810664897
135 i 145 0.038946885089472194
135 k 43 0.0449983988162167
135 m 38 0.0995193092323895
135 o 116 0.003282329843958154
135 r 94 0.0024323105821913993
135 s 132 0.0002666570288504255
135 v 43 0.07353208186593796
135 w 51 0.003398095801145362
135 x 69 0.036665794600664325
135 y 39 0.0034401791922640257
135 z 25 0.24045770954848977
136 b 96 0.025282383027500743
136 c 31 0.02862143536688533
136 d 65 0.025260548222263535
136 e 153 0.06725544922616811
136 f 32 0.04659169092708704
136 g 42 0.0172984373536339
136 h 59 0.019687980765053403
136 i 100 0.04187271754784139
136 j 71 0.10162264208442251
136 l 137 0.020115079268426705
136 m 79 0.0794761043944806
136 o 119 0.011045065805970422
136 p 52 0.1736173908087737
136 q 140 0.0026561488472541805
136 r 109 0.012482757110012233
136 s 60 0.0379418993683831
136 t 100 0.06340626842978536
136 v 88 0.02182052257741962
136 w 123 0.012844564882166454
136 x 64 0.024196777737280573
136 y 39 0.11912186302606398
136 z 68 0.03036297004625499
137 a 29 0.24027154027503028
137 e 57 0.06546942033185332
137 l 15 0.07167823892188085
137 n 21 0.36767570757017265
137 r 17 0.04750086277198062
138 c 104 0.36702255780499826
138 e 93 0.024779210061565915
138 f 22 0.06667922243208468
138 g 132 0.013436102190368726
138 h 140 0.016160454995647666
138 k 103 0.004088437359489494
138 l 126 0.08714675983608744
138 o 96 0.014251941496945864
138 q 15 0.028186212764478857
138 r 3 0.03868331762420274
138 t 1 0.013324605652379806
138 u 25 0.20927269279693994
138 v 96 0.032754290487919
138 w 39 0.013860855737723998
138 x 153 0.02498919356196405
138 z 83 0.02596764521894901
139 a 96 0.02967068309202825
139 b 55 0.02665012207686468
139 c 105 0.01922124068381026
139 d 110 0.10508623677233586
139 e 96 0.0014612013696060355
139 g 56 0.05357981106209553
139 h 18 0.005861747927432992
139 i 11 0.06501777579702184
139 j 33 0.012954535761884434
139 k 75 0.08370900130085757
139 l 46 0.002317241219102595
139 m 78 0.048849458944119184
139 n 8 0.0816959688646719
139 o 79 0.03998806181486603
139 p 91 0.015680334844757948
139 q 11 0.09803167125648604
139 r 84 0.0003531162241354746
139 s 16 0.013683109642706914
139 t 4 0.04528453145562672
139 u 15 0.019525955439223863
139 v 55 0.04282973540022317
139 w 111 0.022890186911364685
139 x 116 0.018543262818157213
139 y 108 0.07004928208645689
139 z 124 0.03492481741630671
140 a 90 0.07639597114555052
140 b 79 0.11238970493096001
140 c 89 0.034669489573543766
140 i 83 0.022535564147518117
140 k 99 0.06335418431824635
140 m 118 0.25789079461415887
140 o 22 0.035093433591305345
140 p 74 0.008853218685257236
140 q 148 0.0073299830536436295
140 t 133 0.029212127453567382
140 u 76 0.04755047780986965
140 x 134 0.08415147599233075
140 y 132 0.08080447874866648
141 d 105 0.019295162302247704
141 j 131 0.12506936316671013
141 k 51 0.5620919164374144
141 n 71 0.19844523763722932
141 z 124 0.03651039117825905
142 b 44 0.08627382603144029
142 c 89 0.019261773167427165
142 d 111 0.02859737081093705
142 e 91 0.07159105776174934
142 f 37 0.002694528503257909
142 g 109 0.06312121605669063
142 h 68 0.046704469781265856
142 i 49 0.002536340746995158
142 j 10 0.001866813191909733
142 k 122 0.01394201802662176
142 l 78 0.03359858434760188
142 m 58 0.027815593107753722
142 n 84 0.13677836366461282
142 o 83 0.07034784230215085
142 p 98 0.017930403531911665
142 r 19 0.0755777630589135
142 s 90 0.04068557534939632
142 t 68 0.05022100822982978
142 u 25 0.010294040339888566
142 w 49 0.003383585486965046
142 x 21 0.0708575338189058
142 y 24 0.007285106729853608
142 z 115 0.11524116791556105
143 a 137 0.004543907536119995
143 b 13 0.03429232618780376
143 c 139 0.0300334663660885
143 d 26 0.0003963785124624364
143 e 11 0.04013859538374154
143 f 138 0.0036589107763036477
143 g 65 0.043510185038176385
143 h 65 0.0034679240352326612
143 i 39 0.009586341157197253
143 j 29 0.049736248846459996
143 k 8 0.03189521553693231
143 l 29 0.07968758006831123
143 m 0 0.05255895683793199
143 n 40 0.02003552131545494
143 o 26 0.008479478752228764
143 p 124 0.04267983065991621
143 q 65 0.17373604177377455
143 r 135 0.0034344431444054413
143 s 112 0.10317618862709843
143 t 81 0.048948707869496344
143 u 14 0.014781153280230885
143 v 97 0.018565462090073148
143 w 55 0.045783623035547616
143 x 34 0.02046682249653664
143 y 72 0.0024584964327152292
143 z 34 0.024324329981679993
145 a 74 0.006725177853015851
145 b 143 0.12132336740980942
145 c 1 0.09142019333871432
145 i 6 0.1351162492268967
145 j 114 0.06640812297785081
145 l 140 0.07451549167091698
145 o 105 0.004867751142289878
145 s 67 0.021508894400925183
145 u 106 0.011671300147840125
145 v 94 0.13216892900557586
145 w 2 0.08421502009631321
146 b 140 0.012483242822443508
146 c 10 0.00038695465791749317
146 e 152 0.027660917462979162
146 h 39 0.04169190350899876
146 i 108 0.017177757306895636
146 j 142 0.006164781126314467
146 k 142 0.02806949683034332
146 l 47 0.06516508238737595
146 m 8 0.24549050938454542
146 o 78 0.04974824850410797
146 p 12 0.1313003802976338
146 q 18 0.01923291902023616
146 t 54 0.028576348338999136
146 u 30 0.08268314642909536
146 v 34 0.16140621233315378
146 w 153 0.035141399062183276
146 z 7 0.0005893171960557053
147 a 33 0.09988849018685941
147 c 71 0.08329947084000833
147 h 51 0.5002833599957058
147 i 147 0.027189769300105526
147 p 52 0.04739377349316798
147 q 128 0.0006677822767109376
147 r 72 0.011294269745929286
147 u 141 0.08127242946575075
148 a 133 0.30706845657224746
148 d 75 0.06146575541195354
148 e 51 0.018238419993857002
148 f 33 0.043178042724094756
148 i 12 0.026020220132095595
148 k 66 0.01592419674507295
148 l 96 0.01724834517271967
148 m 29 0.04354078292259733
148 n 81 0.11288160093113009
148 o 42 0.035381993466722994
148 q 59 0.02360295280855118
148 s 71 0.02185222528840025
148 t 84 0.17642609967228395
148 y 114 0.0005663832480740094
148 z 81 0.051527773112588715
149 e 127 0.17376580271616637
149 l 131 0.18575246597153072
149 w 17 0.49404341509015914
150 b 59 0.04885903761442101
150 c 63 0.008610632449073008
150 d 1 0.04456659024649834
150 e 36 0.033015150472953225
150 f 97 0.06230752589976596
150 g 89 0.014401292478445016
150 j 21 0.12244648639065558
150 k 87 0.02999406276140859
150 l 13 0.005684157664140765
150 m 28 0.0184757902692001
150 n 139 0.060512285898717044
150 o 125 0.011637647135566254
150 p 29 0.09990676113951569
150 q 35 0.01145812706703253
150 r 0 0.12304623755281674
150 s 142 0.012994150483339184
150 t 146 0.016271565212406913
150 u 27 0.002335398787305265
150 v 64 0.07973571967990367
150 w 36 0.001770873062568401
150 x 96 0.08808025763628102
150 y 29 0.03119734095704263
151 a 71 0.03153721598001791
151 b 52 0.21883170840630384
151 c 25 0.001626213966750889
151 d 45 0.08168863555196149
151 e 153 0.024880494804186415
151 f 135 7.05167213101987e-05
151 h 77 0.001063505808667653
151 i 106 0.0012626042802581505
151 j 91 0.0740337742102033
151 k 39 0.008936797512453909
151 l 106 0.06494988373027455
151 m 88 0.0742931878872145
151 n 112 0.024297718608349395
151 o 152 0.005217202041322144
151 p 32 0.08023135116600921
151 s 5 0.003661286426223209
151 t 50 0.0987452207679379
151 u 101 0.013479754892415818
151 v 122 0.0009812627061037693
151 w 65 0.06193483207676309
151 x 75 0.03954959633586708
151 y 146 0.024041084495436182
151 z 8 0.048262220265977485
152 a 31 0.09236550794428944
152 b 135 0.014042989901767777
152 d 3 0.04512687228592316
152 e 96 0.002640337294682382
152 f 1 0.10117175138190349
152 g 151 0.06336304895478795
152 h 146 0.005411608485601849
152 k 100 0.031619565449514386
152 l 80 0.01195520525523297
152 m 90 0.0003747829623846899
152 n 29 0.023743204686687447
152 o 145 0.04372992395492625
152 p 25 0.11215569406394554
152 q 57 0.06002296469203072
152 r 12 0.08900426011420759
152 s 6 0.017295164835132493
152 t 110 0.07627281342566139
152 u 120 0.014392404842208273
152 w 138 0.06262136466971668
152 x 16 0.027565901305937834
152 y 120 0.010430459857042051
152 z 135 0.0016634774132219254
