194 26 2506
0 0.2463656071893109
0 0.581673793866177
0 0.015371757381121398
0 0.00014135690477889984
0 0.048053972101889
0 0.04884031066407013
0 0.0074613377167551675
0 0.017703196381633868
0 0.10236152978690416
0 0.122120990750206
0 0.16389352725667428
0 0.13486854788893965
0 0.024904892683354385
0 0.0028930595047935714
0 0.1322888942138003
0 0.012862562069000272
0 0.044130567027787504
0 0.034395740837821265
0 0.16242864976922755
0 0.24937033802130115
0 0.08569186681180274
0 0.035082162616908885
0 0.03489026661291861
0 0.00871554441591671
0 0.4867996521889667
0 0.06213962664408512
0 0.09046557042992676
0 0.0323648898591935
0 0.20391944159424946
0 0.7415448301719636
0 1.0
0 9.829686727236275e-05
0 0.05036093390250218
0 0.01232784535910636
0 0.147192588970271
0 0.4879861982801674
0 0.0018095397342775543
0 0.061326874704114354
0 0.029426830545365767
0 0.02077209315923345
0 1.0
0 0.02950990382824481
0 0.1393135983169821
0 0.0029341683732452273
0 0.70861426697763
0 0.0021469622010527045
0 0.057331937323107485
0 0.05070239274901123
0 0.010272492025990454
0 0.07330423236376993
0 0.5651247937763031
0 0.14028823407826863
0 0.0007122530176684183
0 0.00205582525615311
0 0.019676496210328187
0 0.42077123358915125
0 0.0172491435443044
0 0.0845741151783983
0 0.07237379192799875
0 0.0489417669543063
0 0.00521207887370434
0 0.013756960305955745
0 0.054510336700792306
0 0.06550859725325242
0 0.05144385330056245
0 0.024340687073648226
0 0.1197058755086744
0 0.02265170522099036
0 0.020440324919267616
0 0.05776130151138004
0 0.08049495225784298
0 0.0015980327492963742
0 0.02594225493642277
0 0.03380093707185239
0 0.12132226534546509
0 0.0025134888359105156
0 0.06233594197008374
0 0.13918639032264413
0 0.04625040015083004
0 0.04546679829487521
0 0.14488777376226836
0 0.05989900702596751
0 0.3431077347753656
0 0.03272487162432991
0 0.03987737224203736
0 0.11362989848147953
0 0.06554376091559622
0 0.3483179613706444
0 0.014213530899915061
0 0.09017785715022164
0 0.6726396849307124
0 0.020947519236375167
0 0.1268862136053419
0 0.05305775251315947
0 0.05035033856089488
0 0.12159940467869579
0 0.17673967528315082
0 0.2953076989567228
0 0.016189583643765215
0 0.017349050513972508
0 0.0769198870397454
0 0.11871524215487272
0 0.017944086491615163
0 0.04262404183580559
0 0.27434310508597537
0 0.008197534484380764
0 0.2749372855411871
0 0.011775494587454083
0 0.11766036216127795
0 0.18146702542694015
0 0.04551329110654434
0 0.0012829240143802378
1 0.14153820477827506
0 0.004085462447606436
0 0.020672806680399503
0 0.005198754525230442
0 0.019317585049189012
0 0.0036645702389619395
0 0.01825628531601098
0 0.5886088193225492
0 0.13656570989015793
0 0.07187790462875732
0 0.053218088909932404
0 1.0
0 0.23391776007914666
0 0.7985878845479699
0 0.013061465049471588
0 0.05673996454176833
0 0.020525664128397958
0 0.29852321058303577
0 0.059083809438945534
0 1.0
0 0.05521142262723622
0 0.10226613693312603
0 0.06688570079663947
0 0.03418760012971678
0 0.17450236368116223
0 0.08784611122886499
0 0.0404656716812517
0 0.027525092960255848
0 0.0047409478445707975
0 0.011813823817980795
0 0.04614486224970271
0 0.02443246882886274
0 0.3586525205198625
0 0.17187076245750088
0 0.12847833327915514
0 0.9005891126983171
0 0.1801392545459949
0 0.07223932054565751
0 0.05576975025994835
0 0.01907328540458153
0 0.050536870330894934
0 0.06773745717234003
0 0.00884692859522973
0 0.07168318608483693
0 0.05822862873329182
0 0.03370454061552197
0 0.026674573738535212
0 0.2618120988287004
0 0.0002160612781696436
0 0.021214508173615254
0 0.28939373036676885
0 0.06613374127794291
0 0.04373934191930762
0 0.21862049427271746
0 0.16437903797572817
0 0.5115699136708379
0 0.09052044879018128
0 0.044355721802344594
0 0.19134871108726026
0 1.0
0 1.0
0 1.0
0 0.020691993690733712
0 0.07994135479626896
0 0.023057181220347278
0 0.0457395999795448
0 1.0
0 0.07223507765118353
0 0.09076064847691667
0 0.04948216894696755
0 0.1106839592649913
0 0.11585291160745637
0 0.062040085838728554
0 0.0262205354127224
0 0.003089025647694754
0 1.0
0 0.2302973180776512
0 0.02512838513231097
0 0.04839010166771407
0 1.0
0 0.046668827447404304
0 0.0780383709893947
0 d 178 0.0016465077935593486
0 g 79 0.0029070999216728177
0 i 131 0.09057989246464171
0 m 185 0.096667872162436
0 q 50 0.16986914245778928
0 r 77 0.0416500968419915
0 v 130 0.14384182329549033
0 x 134 0.20647195787310813
1 n 34 0.10654924266238386
1 p 123 0.20760176239185735
1 v 168 0.10417520107958178
2 c 31 0.038183904531807866
2 e 61 0.08360127109363868
2 g 111 0.06981570332804454
2 j 117 0.1273947881701728
2 n 92 0.016253003504701713
2 o 185 0.08735518420528043
2 t 30 0.0116377354731384
2 u 131 0.09255773259359468
2 w 94 0.2287760160285871
2 x 152 0.08595612320026891
2 y 91 0.12177818609139135
2 z 9 0.021318594398252122
3 a 83 0.0010311833263635384
3 b 32 0.029720796836758434
3 c 138 0.025025635080625164
3 d 122 0.04635442792278055
3 e 139 0.20244435878827172
3 g 148 0.03522203467225227
3 h 12 0.061228935522546935
3 i 192 0.08321132990246705
3 j 25 0.003925350700241581
3 k 104 0.006389074949268547
3 l 175 0.09170610221819109
3 m 113 0.021926675881153268
3 n 49 0.003306457007443586
3 o 89 0.0035492692096119605
3 p 13 0.043963350409697344
3 q 129 0.03990225945325765
3 r 169 0.044839565372375656
3 s 72 0.006428132984859003
3 t 120 0.096910865054741
3 u 135 0.016178336316244102
3 v 122 0.024861397999513368
3 w 192 0.014115941940848642
3 x 115 0.0546695726142673
3 y 18 0.010795378418718138
3 z 85 0.03215221051272321
4 a 131 0.023739695338723887
4 b 72 0.07687009560493263
4 i 21 0.033790974269295115
4 l 193 0.04166949337854764
4 m 100 0.13686758511623232
4 o 75 0.1931530063940765
4 p 68 0.0010002774736491693
4 s 147 0.10105211865850905
4 w 79 0.07884585167666391
4 x 63 0.14551868327256545
4 y 107 0.11323809187027345
4 z 82 0.00620015484464187
5 c 84 0.0045987857053286785
5 e 134 0.1776282040354269
5 g 0 0.012633381275808153
5 h 43 0.057702390954197824
5 k 12 0.04167790774068092
5 l 178 0.21388565127985337
5 m 183 0.03600753329143902
5 o 10 0.03725867546711126
5 p 134 0.05700010518387166
5 q 165 0.008747910025488581
5 r 121 0.013304231764435959
5 s 13 0.055687763159158354
5 t 14 7.709909888231614e-05
5 v 75 0.15636476956891876
5 x 188 0.03392321262223552
5 y 45 0.044662068163092594
6 a 70 0.10230788161897619
6 b 33 0.0005155844551484323
6 d 190 0.05395701007545539
6 e 168 0.0701430291492402
6 g 64 0.07627595052191893
6 h 193 0.09077576533941312
6 i 126 0.04140187735897838
6 j 125 0.09737548016246411
6 k 54 0.07164268471059965
6 n 20 0.09042406711174389
6 o 44 0.021851358704232382
6 p 150 0.0017151017417987857
6 q 96 0.13256131382377345
6 r 121 0.0025382213502855855
6 v 141 0.011843100429372866
6 x 162 0.11665382049899098
6 z 116 0.01055641523085249
7 b 106 0.07134094015193704
7 h 107 0.39956268300689723
7 j 179 0.2458924601107374
7 m 169 0.006517434293608071
7 p 79 0.00028264930716070946
7 q 82 0.20542667818822324
7 u 100 0.01797737817079359
7 z 172 0.03529658038900885
8 a 32 0.039947124982552595
8 b 61 0.0739178741012888
8 d 192 0.10127354013663548
8 e 65 0.04209069856592018
8 i 32 0.010518259913426031
8 m 66 0.01419045065661273
8 o 31 0.0014101450251681191
8 p 37 0.16236843382728539
8 q 128 0.010357787514917338
8 r 26 0.006559829016772323
8 s 139 0.05027228277389628
8 t 92 0.0021763042938576227
8 u 139 0.07346441600833375
8 v 172 0.0787670238923951
8 w 156 0.0005574822578346961
8 x 73 0.20678212657913098
8 y 110 0.02298469066706843
9 c 7 0.046957167575360836
9 d 174 0.020558565618229552
9 e 165 0.036817544758870446
9 g 103 0.3880018569500805
9 m 66 0.008822681555194167
9 p 141 0.034278806933976336
9 r 128 0.029321661108802743
9 u 193 0.0598672078640643
9 v 83 0.037694873681261454
9 x 79 0.17082504093539808
9 z 186 0.044733602268555606
10 a 64 0.009884894152789259
10 b 186 0.05176541893965647
10 c 182 0.0013625760488900074
10 d 20 0.06036094971446704
10 e 86 0.07378586305528756
10 f 34 0.21372517226975452
10 h 86 0.015590040540548467
10 i 145 0.06092467453010786
10 k 141 0.014250631196248476
10 l 98 0.03593510605133099
10 m 163 0.0003349599959351357
10 o 112 0.00158078532307393
10 p 86 0.047998018309599266
10 r 101 0.041507753121120095
10 s 135 0.016618899428862965
10 t 125 0.08331392677253036
10 u 57 0.012568307200887086
10 v 142 0.048842595468678085
10 y 44 0.045755900623558166
11 b 54 0.24715637398907264
11 l 59 0.20166266748350647
11 u 33 0.2763177215208238
11 x 49 0.13999468911765744
12 b 58 0.17316701224515696
12 c 192 0.03059403237119096
12 e 187 0.0815218672101955
12 f 170 0.253776062021714
12 i 104 0.11646619345999032
12 l 17 0.027115866171363967
12 s 157 0.10332903168986696
12 w 26 0.03118865786511016
12 z 30 0.1579363842820568
13 d 149 0.22311506521670765
13 k 89 0.1256321390291143
13 m 0 0.01471817107595419
13 n 170 0.27035343484449204
13 o 146 0.3200675493629975
13 p 54 0.0033391678425658267
13 u 127 0.0398814131233749
14 c 176 0.03569719680138206
14 d 130 0.0036202061358939774
14 f 174 0.030180029680043408
14 g 9 0.0014416926562306198
14 i 22 0.18203444295936844
14 k 167 0.09597003160747897
14 m 20 0.08109481616331404
14 o 86 0.07598955412309683
14 q 41 0.029269369154522162
14 t 179 0.012820462179261805
14 u 53 0.0059589423904210514
14 v 186 0.001786029289381097
14 w 3 0.08137384815453108
14 x 35 0.14351307211030706
14 z 110 0.0869614123809671
15 a 112 0.038667040053864676
15 b 155 0.05644195683529807
15 c 53 0.13769601385702224
15 d 116 0.048920159814235364
15 e 96 0.010455522723015531
15 f 3 0.040432595392455584
15 h 145 0.07565952769643614
15 i 143 0.05879217240730927
15 j 107 0.006049506838480934
15 k 75 0.04428265890795602
15 l 50 0.019478104895261472
15 m 121 0.0770950845280517
15 n 181 0.027478586543229322
15 o 32 0.0013990220095545514
15 p 73 0.02460212993477784
15 q 125 0.05413040395632396
15 r 73 0.01648694265882633
15 s 180 0.02407210582383068
15 t 108 0.008234490791315885
15 u 156 0.029227673219676453
15 v 27 0.08959646877236094
15 w 0 0.06612990061105017
15 x 98 0.017091759320744027
15 y 2 0.007462663484754439
15 z 94 0.007254946855168143
16 c 101 0.035139786815176044
16 f 143 0.0938196116757175
16 h 190 0.1190733188023464
16 i 38 0.00831189599518789
16 j 151 0.005078596047732642
16 k 61 0.27609191598975424
16 n 114 0.0745466323147973
16 q 41 0.10430736970530208
16 t 57 0.16288023017872566
16 u 176 0.00509104494288426
16 y 145 0.07152903050458848
17 j 116 0.19913710538799856
17 l 47 0.47739731996763113
17 u 142 0.08038152480533911
17 w 116 0.10924247613274318
17 y 127 0.09944583286846675
18 a 93 0.02829086991094054
18 b 17 7.636843655589587e-05
18 d 43 0.059017111997770266
18 e 2 0.03115547308337241
18 f 120 0.011556413184018677
18 g 125 0.03223209103019398
18 h 150 0.007760322831205313
18 i 143 0.05731153523951449
18 j 63 0.021135180616822846
18 k 150 0.010697467297549057
18 l 145 0.011427101217369673
18 m 9 0.002868056340420422
18 n 78 0.0012533845524344
18 o 73 0.08148934696292642
18 p 127 0.003363081519779154
18 r 96 0.006915869316320045
18 s 191 0.019140164225996514
18 t 115 0.09769359028602465
18 u 182 0.10470832425169818
18 v 32 0.0690104716941945
18 w 52 0.013651605857997628
18 x 122 0.09640126101717117
18 y 112 0.0276158116818066
18 z 166 0.042800447678689624
19 b 133 0.0289089367120966
19 e 75 0.0589330558645369
19 h 76 0.003359866959223967
19 k 78 0.023067433821676864
19 l 175 0.12696665642912153
19 o 27 0.030600040770034087
19 p 172 0.12544631951715735
19 q 77 0.001056109687397777
19 s 77 0.145095420251655
19 w 182 0.20719582196579878
20 a 7 0.000630820247876196
20 c 177 0.0334919194206883
20 e 72 0.13769131126072087
20 f 64 0.0001067396167985235
20 g 39 0.006681784361640797
20 h 98 0.00666570796667787
20 i 11 0.05660500524077727
20 j 110 0.03679903160030207
20 m 17 0.04470418561793399
20 n 54 0.019507257828715097
20 o 2 0.04243830578849472
20 p 175 0.05112345968249965
20 q 69 0.04563476274762446
20 s 27 0.2610366470730979
20 t 176 0.03038975273707456
20 u 168 0.06275397911947622
20 v 152 0.014341484702663387
20 w 68 0.018532141091255783
20 x 193 0.03466382831821102
20 y 30 0.0020253106595418124
20 z 84 0.008484698106126731
21 b 6 0.09942863984796513
21 c 136 0.10333818020640706
21 d 101 0.07180974691096376
21 f 183 0.013953558007990252
21 g 100 0.07600522388715913
21 h 116 0.03125103983767907
21 i 184 0.06074476165674003
21 j 42 0.037622273689113195
21 k 164 0.04741894350017617
21 l 38 0.0036694301707117516
21 m 32 0.0722960832722932
21 o 166 0.03446220099497321
21 p 177 0.05151647824881045
21 q 137 0.030373587510769573
21 r 108 0.012542156183497633
21 s 48 0.07724582412791225
21 t 81 0.010283671449596521
21 u 164 0.0625652748482255
21 v 66 0.00104170542955484
21 w 170 0.015290695851854053
21 x 72 0.0017368424567201224
21 y 72 0.030739278930307923
21 z 49 0.01958224036367029
22 a 186 0.02784937171751134
22 b 74 0.07917480235919527
22 c 192 0.02327849382148084
22 f 106 0.0940261681946547
22 h 65 0.031139675976239567
22 i 115 0.05138357508643299
22 j 61 0.0425851675866139
22 k 11 0.030551346071875596
22 l 28 0.14840799648073855
22 m 71 0.021829877073287207
22 n 20 0.06472420452198413
22 o 148 0.04445967453024846
22 q 90 0.016128199552292388
22 r 93 0.05220258494287355
22 t 43 0.010968161960277278
22 u 102 0.07285392625870146
22 v 40 0.019940773912765164
22 w 148 0.01411034356804619
22 z 180 0.1194953897718628
23 a 188 0.3596452720234915
23 b 98 0.016485035989857733
23 c 170 0.05379633562817243
23 d 155 0.03770427064241366
23 f 13 0.027279878000813995
23 g 179 0.054764186437530116
23 h 4 0.04893715099460194
23 p 178 0.12389122689253851
23 s 79 0.0348621991746485
23 u 144 0.2281436110349767
23 v 179 0.005775288765038189
24 g 165 0.4550545715724632
24 p 71 0.05814577623857009
25 d 10 0.09701146684666306
25 h 85 0.04269678066124827
25 i 82 0.2113749226329027
25 o 71 0.06405833655121629
25 p 191 0.030822199420843077
25 q 186 0.07177412594567179
25 r 78 0.05877278071331815
25 s 11 0.08669264157008583
25 t 58 0.09082047046389086
25 w 104 0.020040249237268215
25 x 68 0.16379639931280665
26 a 10 0.0014192091484707126
26 b 128 0.02943114784063039
26 c 2 0.1920239436609834
26 d 81 0.12395310079390731
26 e 101 0.06672885612400403
26 f 115 0.012595037821051536
26 g 184 0.0041124634727032205
26 h 43 0.05463653898362286
26 i 113 0.01923752992697436
26 j 128 0.06598809586304111
26 k 31 0.0664934408588832
26 l 74 0.020941036516091693
26 m 23 0.04790695605695705
26 o 72 0.03091117607733118
26 q 32 0.06493182813649168
26 r 13 0.007941999688561796
26 s 1 0.012441814205078172
26 u 90 0.005910046507200617
26 v 164 0.03917270057508082
26 w 183 0.033821263243102084
26 x 184 0.0012420571244611267
26 y 176 0.0033934200812916204
26 z 157 0.00430076686415326
27 a 35 0.08933986931317472
27 b 15 0.1391647858887729
27 f 50 0.025791765221079066
27 h 86 0.009172593227715242
27 i 183 0.21509739217190627
27 j 50 0.18808918023303411
27 k 175 0.027421104004774377
27 l 114 0.029491564416986527
27 t 83 0.12256268632529999
27 u 155 0.1215041693380633
28 c 136 0.06480301914740816
28 j 60 0.13509616074030872
28 o 37 0.18721569016408657
28 t 124 0.04122138703973466
28 v 180 0.15851855065451392
28 w 27 0.0007109577448882742
28 y 62 0.20851479291481023
29 b 129 0.04824103425522874
29 x 31 0.21021413557280766
31 d 157 0.9999017031327276
32 c 129 0.21847673668446843
32 d 144 0.025848977887282798
32 g 139 0.15783719810374142
32 h 29 0.21011722348072026
32 i 180 0.051798058830406446
32 l 189 0.04377641802628751
32 m 1 0.060438613760112614
32 n 50 0.04208477475414518
32 q 27 0.06830891425787011
32 s 144 0.0032372251724503975
32 u 105 0.0218605974349374
32 v 59 0.04585432770507525
33 a 59 0.01739530307798809
33 b 157 0.15625486176222014
33 c 176 0.04095950160284101
33 e 154 0.0304761763750937
33 f 89 0.015183145713769886
33 g 24 0.19912424105813364
33 h 109 0.03231216362901135
33 i 149 0.0682366066702711
33 j 81 0.05685422725326117
33 m 57 0.10200127387765368
33 n 8 0.013975535528484295
33 o 37 0.006404289887288028
33 q 36 0.11422369170650115
33 r 108 0.012299630516259707
33 t 52 0.011964547675316184
33 v 120 0.030110276455504126
33 w 123 0.0017957704410006547
33 x 60 0.02458548307704478
33 y 119 0.036905911012187764
33 z 151 0.016609517321063194
34 c 128 0.024186106832292276
34 d 4 0.07098741535107123
34 e 190 0.0049165722410463575
34 f 77 0.07112706749583009
34 g 40 0.005607320682168515
34 h 161 0.1255102977397372
34 i 78 0.1634307072741077
34 j 106 0.014156461745546967
34 k 169 0.06367422395416
34 l 180 0.051920532966457156
34 n 31 0.04992624687748215
34 r 5 0.02074148780182783
34 s 143 0.10362990001368722
34 t 53 0.0016467870785760175
34 w 188 0.002449955339672294
34 x 105 0.01774086357932192
34 z 177 0.0611554640567441
35 a 180 0.04268492672770363
35 h 45 0.07934530504095183
35 k 159 0.2003429892397719
35 s 114 0.019803522760087233
35 z 193 0.16983705795131798
36 a 47 0.026262475525513973
36 d 171 0.019860552871556525
36 f 155 0.005897539701994803
36 g 165 0.08425316245215442
36 h 79 0.10812182071827459
36 i 175 0.13164629587988763
36 k 181 0.015967938896891187
36 l 99 0.045339898191004036
36 m 79 0.13911933970311408
36 n 147 0.058307061074355016
36 p 160 0.03143168666170326
36 r 168 0.031686053313817464
36 s 3 0.03490892074966512
36 u 178 0.06580118750255137
36 v 33 0.012346331715601955
36 w 14 0.05888518525094355
36 x 10 0.04326453614641379
36 y 5 0.054660802521019236
36 z 165 0.03042967138926045
37 a 41 0.5885228687101501
37 g 143 0.3501502565857355
38 a 179 0.05242450031908685
38 b 140 0.05919943255910831
38 c 14 0.17485421245605315
38 e 156 0.01274827556296132
38 f 47 0.004197735722678786
38 g 140 0.029763634652400173
38 h 192 0.06133946063254492
38 i 137 0.029328904074226503
38 m 1 0.1035600771818963
38 o 54 0.02575215373576578
38 p 88 0.07077936639678828
38 q 50 0.03655173528905764
38 t 94 0.03822179622323163
38 w 98 0.02988105672011221
38 x 40 0.12704424925433522
38 y 98 0.11492657867438716
39 c 87 0.3472117185872048
39 e 124 0.6320161882535618
41 a 172 0.042905731605450526
41 b 80 0.09543265675898394
41 e 26 0.027901749253904762
41 f 91 0.11052602516031862
41 g 29 0.06277252898536256
41 i 37 0.01812495618788501
41 j 129 0.020464765955232833
41 k 148 0.015723503353148094
41 m 27 0.10401504356686331
41 o 68 0.08877740468893802
41 p 144 0.038063244117849115
41 s 189 0.043997333712447406
41 t 28 0.044442589223159246
41 u 29 0.07294899953706535
41 v 90 0.020895040447971858
41 w 57 0.026477490982263152
41 x 133 0.1101490880170527
41 z 104 0.02687194461785869
42 d 12 0.11574615092341778
42 e 175 0.010424424629641216
42 j 43 0.05556041501132458
42 n 165 0.08261899293536645
42 p 170 0.05276859145951396
42 t 144 0.3484308393502019
42 x 161 0.0008868638647167026
42 y 143 0.11103915572674161
42 z 91 0.08321096778209369
43 a 15 0.015459947693040266
43 b 43 0.14181132999445534
43 d 169 0.05194066780108009
43 e 78 0.022777849539116657
43 f 72 0.0019517638881711985
43 g 30 0.03425126760477348
43 h 145 0.0007142098281693876
43 j 188 0.08448116869073641
43 m 123 0.10805627979113719
43 n 135 0.04426826633415726
43 o 129 0.029640028724392864
43 p 29 0.012723510886690326
43 s 37 0.19509789357075202
43 u 166 0.05370304142215987
43 v 8 0.049538721825064136
43 x 177 0.12930233991960793
43 y 69 0.020493882721812073
43 z 147 0.0008536613914382762
44 f 166 0.29138573302237003
45 a 1 0.01660605308296692
45 b 131 0.03442824013778101
45 c 56 0.07072957880476793
45 d 112 0.002038889948311473
45 e 114 0.01414465010075694
45 f 43 0.22332088798931538
45 h 127 0.02102165909483744
45 i 67 0.10191481902599031
45 o 62 0.08513516311493075
45 p 192 0.006159241435502616
45 s 84 0.08606765785545722
45 u 158 0.07312283087731908
45 v 193 0.19843016574772843
45 w 68 0.0625992169925439
45 z 70 0.002133983590737909
46 b 111 0.10072862969031604
46 c 184 0.0010087279489849887
46 f 153 0.12708351525764328
46 g 27 0.036074573525819664
46 j 90 0.11097737171769717
46 n 36 0.30341504431041477
46 s 67 0.0021699246703114072
46 v 174 0.2612102755557052
47 a 169 0.007030777205943695
47 b 48 0.009117869282883384
47 c 186 0.2050252812296156
47 d 151 0.0469183343384495
47 e 97 0.03146856736257275
47 f 21 0.00259445425341287
47 g 117 0.005347844315701122
47 h 15 0.0054477806173521826
47 i 1 0.05028961493509665
47 j 124 0.010868016492331711
47 k 175 0.007321146478151297
47 l 156 0.018100943468547848
47 m 170 0.04460721711960036
47 n 171 0.00893337072460143
47 o 142 0.0014955972220656033
47 p 71 0.08530755833440706
47 q 104 0.021900652060732773
47 r 66 0.004882322414422435
47 s 15 0.06862462841458095
47 t 4 0.0005528641232477316
47 u 107 0.08359327387695692
47 v 176 0.07061805215869366
47 w 98 0.009330650919976868
47 x 126 0.12321646107176476
47 y 24 0.013459619258391675
47 z 57 0.013244709571487934
48 a 83 0.01411038156038713
48 b 191 0.07578979481297177
48 c 190 0.09979479170461847
48 d 33 0.022462295413824385
48 g 105 0.0011373272808514745
48 h 152 0.034618607540002566
48 i 183 0.05363149264040101
48 k 164 0.08421065200261924
48 l 146 0.15107814350440185
48 m 122 0.014359142382506795
48 o 47 0.04489241265160915
48 p 187 0.05245208368427956
48 q 121 0.047258797110559914
48 r 159 0.017666683925624316
48 s 1 0.06340294489466147
48 t 109 0.0388577699608077
48 v 81 0.043493693612484785
48 w 103 0.001670037399346791
48 x 154 0.0477024021611846
48 y 32 0.010604966725307308
48 z 5 0.07053308700555927
49 a 30 0.1666896780939947
49 d 153 0.011577994001192304
49 e 20 0.09237195669361953
49 g 156 0.08573948344288718
49 j 131 0.10348683106074485
49 k 172 0.0059178323593801485
49 l 168 0.23058025748273514
49 m 67 0.17488061291773827
49 u 157 0.020964206349907477
49 z 86 0.03448691523403047
50 f 17 0.010267624907077555
50 g 192 0.18499432099689017
50 u 192 0.17374407861653185
50 z 123 0.06586918170319733
51 a 163 0.14282585843410123
51 b 53 0.06662055713687065
51 c 64 0.014624247030256221
51 d 170 0.015269005559455429
51 e 137 0.0021344762460828726
51 f 136 0.028745847523379497
51 g 28 0.040242927127814854
51 h 34 0.018543853596950544
51 i 147 0.00867370664279754
51 j 108 0.023213952790692716
51 k 4 0.01004511033176303
51 l 109 0.0726275392189124
51 m 165 0.013481633515169067
51 n 166 0.042896639082911525
51 o 19 0.008682409697368554
51 p 169 0.02397917322187293
51 r 75 0.04050366277731843
51 s 136 0.010844703910201647
51 t 1 0.013936694684268724
51 u 185 0.004481742202620431
51 v 75 0.06743988735552042
51 w 63 0.04136815119460324
51 x 32 0.0003779022618226602
51 y 128 0.056315210637254864
51 z 27 0.09183687374172189
52 b 188 0.044191958752842986
52 c 79 0.00728298220601753
52 d 26 0.0764174177499829
52 e 122 0.13384602182996508
52 f 162 0.008036207501244008
52 h 145 0.01873846799162915
52 i 20 0.1694978726826306
52 j 126 0.0856117485983956
52 k 159 0.013830703188867699
52 l 98 0.011904247264099221
52 m 175 0.007678399835555183
52 n 96 0.07303004568017113
52 p 174 0.04987384562822228
52 q 25 0.0015962694740364602
52 s 31 0.008285581188076319
52 t 123 0.02503919924757325
52 u 96 0.06447316591189023
52 v 121 0.09825175087376847
52 w 82 0.07612213867504602
52 x 90 0.021797725847600535
52 z 133 0.003781996854716918
53 a 125 0.15132960589807065
53 b 173 0.03213938686679152
53 c 142 0.0065042351372751606
53 d 54 0.024252674189202295
53 e 52 0.04480964256776132
53 f 30 0.03567286516921253
53 g 131 0.019836357815929073
53 h 11 0.014430553983993955
53 i 12 0.0817566236708579
53 j 54 0.00966464267365108
53 k 137 0.024497140728696354
53 m 150 0.039283956787731444
53 n 71 0.02759252622446018
53 o 93 0.034716965650555265
53 p 23 0.018310536571682134
53 q 164 0.13331085129579068
53 r 124 0.036131071576938845
53 s 161 0.014054478075252286
53 t 42 0.014998878432893048
53 u 155 0.003595992256010705
53 v 30 0.026329429637672375
53 w 177 0.12345063967804215
53 x 165 0.011201220911878695
53 y 100 0.07007389894349725
54 e 177 0.2744459836821689
54 i 3 0.023913060432423472
54 p 133 0.09225651564196269
54 t 0 0.5897079440331168
55 w 58 0.07633253424747821
55 z 167 0.5028962321633705
56 a 38 0.036693341295044424
56 b 139 0.0016176369517421074
56 c 183 0.05647363044028597
56 d 31 0.0005166646446068679
56 e 82 0.04379604296804129
56 f 109 0.052276672329607865
56 h 19 0.03636181756465884
56 i 84 0.11615436623921915
56 j 163 0.038883596329207126
56 k 159 0.011550594368009315
56 l 130 0.017896155664104185
56 n 23 0.09596214598470243
56 o 178 0.0007322574722243846
56 p 39 0.10113381186887482
56 q 189 0.12089276592701581
56 r 92 0.045683048521464875
56 s 130 0.0315909231758289
56 t 126 0.017501210602574147
56 v 123 0.11451852778370175
56 w 37 0.013988751736723426
56 z 47 0.028526894588057905
57 b 153 0.050083631745514334
57 c 104 0.01276561147126365
57 d 168 0.0784074855310899
57 f 184 0.03162943130847873
57 g 42 0.047502375645286365
57 h 38 0.002132853568892923
57 i 93 0.009667160119049112
57 j 76 0.2247657209576266
57 k 40 0.08875862466000106
57 l 79 0.008935368027023327
57 o 27 0.0027174549884890764
57 q 168 0.13683590189626804
57 s 18 0.09971013765632286
57 t 17 0.030933894207457846
57 u 41 0.01739414636971859
57 v 92 0.019797999356462426
57 w 180 0.01612251772477724
57 x 85 0.012448033740942943
57 y 71 0.021216706211952818
57 z 132 0.003600829634983871
58 a 105 0.04057957771715759
58 b 14 0.08358408535484663
58 f 32 0.060424306939865
58 g 74 0.02938370744310892
58 h 98 0.22650461941019806
58 j 51 0.24141539740138718
58 n 44 0.14849262416873654
58 o 58 0.007944259732449721
58 y 59 0.08929762990425161
59 a 189 0.14392718018880957
59 b 112 0.03190615619973103
59 c 46 0.07875845495746847
59 d 132 0.05802359531129564
59 g 160 0.05417267604331144
59 i 30 0.17945124085726916
59 j 5 0.06582065563479356
59 m 29 0.003523649262562767
59 n 2 0.003894609567281937
59 o 50 0.05212339731372828
59 p 45 0.11847197433109558
59 r 173 0.05189309526408925
59 t 142 0.045164993190052405
59 w 30 0.024767701589989755
59 x 62 0.0327992290806246
59 y 135 0.006359624253590268
60 a 190 0.1904567378978892
60 b 117 0.14298428082541692
60 d 30 0.1455607658072544
60 e 162 0.06543894753781132
60 h 42 0.08157072552581557
60 k 150 0.12311779145349178
60 n 157 0.008685144504316566
60 o 155 0.06893833331873445
60 p 158 0.06343378772107411
60 s 32 0.036387977563593576
60 u 149 0.002546664466824722
60 x 102 0.013526273085075147
60 y 172 0.037876747402447286
60 z 24 0.014263744016550617
61 a 141 0.03364729460560356
61 b 121 0.04257955759002696
61 c 97 0.24601360801527627
61 d 6 0.004818142909960299
61 e 84 0.02712394417750874
61 f 128 0.024809790214230576
61 h 189 0.0203128475429305
61 i 83 0.009649723235500285
61 j 81 0.035995240678941776
61 l 125 0.03454062633117316
61 n 41 0.1371200628196666
61 o 90 0.04434405980144707
61 p 99 0.05195759601200889
61 q 163 0.024715946987735493
61 r 19 0.013952479012134034
61 s 132 0.09560397314731017
61 u 98 0.006884615200109634
61 v 109 0.05011795950597853
61 w 20 0.023378172982571055
61 x 153 0.006317923564043815
61 y 59 0.006865543471476054
61 z 37 0.04549393188841078
62 i 134 0.17540327177294768
62 w 36 0.77008639152626
63 d 23 0.019226788329226863
63 f 67 0.052546687423426386
63 h 189 0.2854923435109974
63 p 101 0.17603402829117487
63 q 182 0.048260130545055735
63 u 1 0.0922338272718547
63 w 131 0.10028599111551673
63 x 15 0.1604116062594949
64 b 182 0.02571165461676661
64 c 167 0.055988241602691
64 f 48 0.02638366371350842
64 g 22 0.09499742476435258
64 i 167 0.11593690866116158
64 j 49 0.1277544844971319
64 l 29 0.055105653160614665
64 n 168 0.09552707780319847
64 u 70 0.1251881538318359
64 w 166 0.1904563695335556
64 z 143 0.035506514514620835
65 b 15 0.028352476321133024
65 e 110 0.09154117573373244
65 g 145 0.05655721638831679
65 h 41 0.1581310336847508
65 i 148 0.10463399576200971
65 j 71 0.004392471072888315
65 k 57 0.07492919590564584
65 n 106 0.05194852739216482
65 p 38 0.013933234033060349
65 r 57 0.020595440861633008
65 s 71 0.03796160934640058
65 t 37 0.040092328978490244
65 u 6 0.005806453049005067
65 w 100 0.05694743323875995
65 x 145 0.04261772476204173
65 z 172 0.18721899639631912
66 b 134 0.19008754311607545
66 j 83 0.0005971951683261256
66 l 190 0.01617738165346405
66 m 48 0.006798069218939662
66 u 67 0.41799366804548177
66 y 178 0.24864026728903854
67 a 56 0.025466567557700492
67 b 66 0.17080473817963804
67 c 108 0.010967234501978451
67 d 130 0.0244868884550572
67 f 70 0.017739995667816366
67 g 140 0.027011575321254533
67 h 94 0.011169910198119415
67 i 162 0.06862716884134656
67 j 93 0.03559118673888273
67 k 145 0.02698690667908965
67 l 59 0.022574886470229094
67 m 4 0.015444169663772933
67 n 6 0.048637524632735296
67 o 64 0.012724759563620625
67 p 93 0.020523009749097265
67 q 140 0.15373404647121125
67 r 144 0.019238855172839187
67 s 86 0.03742483417371201
67 t 68 0.08428206672898086
67 u 57 0.0008423577808925886
67 v 72 0.011534470142867459
67 w 115 0.023040609740773488
67 x 19 0.06401995554156481
67 y 50 0.04355758291285028
67 z 96 0.0009169938929790566
68 a 102 0.02541588220890345
68 b 66 0.07338335251686223
68 c 114 0.004733254853339197
68 e 82 0.013338601228513713
68 f 34 0.04114577994071378
68 g 160 0.0033222915843247325
68 h 143 0.05160865982905927
68 i 153 0.06399307545543653
68 j 74 0.00024297098318226684
68 k 73 0.11423845108453479
68 l 35 0.07299847567013362
68 m 176 0.00888449514425571
68 n 80 0.020632662435337568
68 o 187 0.04375336092570381
68 p 72 0.05614783060216888
68 q 140 0.012827841971985054
68 s 10 0.10518627058642305
68 u 120 0.04737060952047367
68 v 158 0.010531031940876678
68 w 31 0.11141059139019271
68 x 103 0.05002152962059181
68 y 119 0.04608490086751116
68 z 19 0.002287754720208701
69 c 122 0.19338315767826253
69 h 126 0.10715434328013662
69 i 21 0.010368201538713206
69 k 60 0.06340454389482153
69 l 67 0.01546694574758023
69 o 121 0.014634472933566234
69 p 76 0.023619580789249417
69 u 17 0.4784603161890535
69 y 61 0.019788799581359706
69 z 133 0.015958336855876998
70 a 23 0.17958818736674953
70 d 34 0.0029708251793335583
70 g 169 0.23246560898103696
70 m 8 0.013394911590561387
70 q 72 0.03126449344198445
70 r 3 0.14108689338129998
70 s 59 0.20004302037031085
70 u 163 0.024192983797856837
70 v 149 0.05993510489307918
70 z 169 0.03456301873994427
71 a 150 0.09647150584733744
71 c 11 0.006750816450697195
71 d 133 0.16173345942674888
71 g 155 0.0802174491044767
71 h 82 0.008552516963463153
71 i 113 0.06983990684652164
71 j 61 0.08493122911042073
71 k 157 0.2986112820863511
71 t 55 0.09149456351167162
71 w 133 0.0488950824919373
71 x 155 0.050904155411077845
72 a 143 0.03006622702314321
72 b 31 0.08867044170687866
72 c 183 0.04633990740857008
72 d 3 0.0876808769877272
72 f 192 0.04989841092143332
72 g 41 0.05008691535948695
72 h 33 0.031483668202592185
72 i 44 0.05942612646982082
72 j 164 0.06961262099053822
72 k 183 0.09129296003565757
72 l 36 0.008817406864954691
72 n 51 0.020317175081412286
72 o 14 0.036410362727994805
72 p 141 0.006400095308185527
72 r 73 0.030491296349529406
72 s 64 0.04728408244211468
72 t 47 0.031797929605014374
72 u 5 0.11298679813673385
72 x 36 0.0749944434417894
73 a 41 0.05659266698260834
73 b 168 0.031977224323480935
73 c 168 0.02365685523258454
73 d 132 0.029280548499861725
73 e 79 0.020365229475646673
73 f 131 0.04474365192422547
73 g 71 0.0193344525079322
73 h 98 0.04896041878967661
73 i 84 0.10591638625702038
73 j 139 0.036795173291847005
73 k 180 0.0756732074614368
73 l 19 0.09868498359892264
73 m 110 9.92298654622914e-05
73 n 182 0.002465020586517652
73 o 171 0.05417629829661186
73 p 58 0.04492438452808356
73 q 185 0.005071828033992309
73 r 168 0.0056611152899659345
73 s 141 0.009984185734143947
73 t 58 0.005104265897424187
73 u 4 0.007398080722133882
73 v 97 0.02913770411528016
73 w 24 0.11167838685509357
73 x 17 0.04428271932175154
73 y 172 0.05199201357687011
73 z 186 0.0022430317595732996
74 b 193 0.05865630889959472
74 i 122 0.18510481784999644
74 k 104 0.4159252383382087
74 p 70 0.03411194499353809
74 u 139 0.10109879277072875
74 z 48 0.0837806318024682
75 a 36 0.01653018177984844
75 b 13 0.18071712407425955
75 c 171 0.04160819086743317
75 d 155 0.01688831047720285
75 e 184 0.0045381436527338614
75 f 94 0.08478064790889239
75 g 13 0.035272915148927386
75 h 63 0.06953327507575324
75 i 76 0.02292196554964343
75 j 133 0.019479997915824665
75 k 76 0.033457767266684035
75 l 43 0.026399801657056243
75 m 28 0.04713373547114119
75 n 8 0.018576333583963933
75 o 147 0.014029660319154091
75 p 129 0.15835813487978223
75 q 7 0.03622201954324822
75 r 42 0.028403634777149578
75 s 56 0.0020214375013952735
75 t 39 0.03939293359884766
75 v 157 0.04590956314445083
75 w 139 0.010863688916745606
75 x 121 0.01566672838673633
75 y 151 0.015921956338916354
75 z 63 0.012858363328298927
76 a 5 0.16306753138664953
76 c 117 0.043812465427735425
76 e 107 0.005481655033181765
76 g 97 0.14243851709084998
76 j 29 0.0640130125861691
76 l 4 0.02781791383715948
76 m 47 0.03388082829433603
76 n 174 0.047593771770545024
76 o 90 0.058287456506701196
76 p 137 0.10022029507331509
76 q 148 0.013718174726230603
76 r 105 0.01901424353493253
76 s 115 0.0353658243816779
76 t 56 0.07270835737321113
76 v 91 0.02814220951486046
76 w 174 0.0077023843097230316
76 x 193 0.03547181231264085
76 z 103 0.038927604869997134
77 a 116 0.03212302921308774
77 c 28 0.03293112651298269
77 d 166 0.01772610930696039
77 e 44 0.14012927003688536
77 h 10 0.04665842688729993
77 i 144 0.1491149090771282
77 j 184 0.12137183644975869
77 k 128 0.06699801562810692
77 l 65 0.0002766873438874162
77 m 65 0.016783186949217543
77 t 34 0.036749436787559375
77 u 173 0.08497435176383772
77 x 83 0.0746503637788013
77 z 157 0.0403268599418426
78 p 178 0.03884274007980948
78 s 139 0.4260008165613762
78 v 97 0.48890604320798425
79 a 62 0.00434483834540611
79 b 175 0.021416255859879274
79 e 168 0.04606385597521856
79 h 111 0.012576211934192894
79 i 153 0.0098965537443656
79 k 52 0.06099317026735729
79 l 92 0.02687530857182807
79 m 21 0.20380153965399583
79 p 165 0.058082289698485945
79 q 122 0.07523728960707499
79 s 0 0.014646252128182935
79 t 95 0.0016058378437008303
79 v 51 0.2150495759441664
79 x 46 0.05524966623864458
79 y 49 0.14869455589262548
80 g 145 0.08713651713024073
80 j 187 0.3423134804545144
80 n 179 0.009501588720450926
80 q 42 0.012031053185282192
80 r 138 0.3198742313420525
80 u 162 0.08425535540519091
81 a 38 0.011823891008115095
81 b 58 0.052576196319056856
81 c 25 0.02227703187023844
81 e 148 0.009398142992362413
81 g 93 0.05580358197178459
81 j 38 0.10358452221388537
81 k 179 0.01268455267804769
81 l 107 0.018599493871415018
81 m 6 0.02222447364302549
81 n 96 0.0314728031539423
81 o 187 0.15042120359431643
81 p 154 0.09245565267478473
81 q 32 0.014143427458156665
81 s 1 0.06810070103009735
81 t 112 0.006826009080295958
81 v 130 0.08166302146212878
81 w 86 0.12998254773609885
81 x 156 0.05606374021628047
82 d 87 0.0452683723139381
82 f 76 0.3546940952643355
82 k 91 0.06056135639790072
82 s 154 0.14623339382416745
82 z 166 0.050135047424292645
83 a 15 0.0069417139953315
83 c 182 0.041667911207384334
83 f 172 0.022638704551331434
83 h 18 0.02469538108075986
83 j 2 0.0372886501775358
83 k 87 0.11304885500155948
83 m 159 0.05053009251832041
83 n 154 0.1764927719104734
83 r 25 0.0438655533508423
83 u 8 0.07352670019939012
83 v 36 0.17532110885777963
83 w 39 0.06038841831510444
83 z 93 0.14086926720985737
84 a 163 0.029072561722530144
84 e 178 0.02067610918845919
84 g 57 0.10847312050467339
84 h 94 0.08703757622021957
84 i 168 0.19240711279647327
84 n 87 0.05645713353124493
84 o 159 0.1310498161920105
84 q 94 0.2694601997170417
84 s 193 0.06548899788530993
85 d 108 0.058707682515023674
85 f 167 0.043393701942335494
85 g 121 0.04827792814953291
85 j 106 0.09566520069623297
85 l 129 0.29452708676736594
85 s 38 0.04546315902032494
85 w 49 0.30033534242770454
86 b 27 0.0001586540266423908
86 d 105 0.02337711190718217
86 f 164 0.02888248931639048
86 j 163 0.0007412587266434345
86 k 35 0.0995324390133292
86 l 146 0.09767354037889997
86 m 21 0.029630977727506114
86 n 171 0.02180580716971714
86 p 81 0.12267412735400385
86 q 27 0.18566982056980463
86 s 34 0.042754350957498466
86 t 24 0.12459438752232321
86 u 32 0.010564250932537433
86 w 57 0.1371291344352582
86 x 169 0.009267889046667088
87 e 87 0.06407401333271445
87 g 110 0.12586569981849105
87 m 159 0.1261462682603215
87 q 103 0.2730066433553393
87 w 12 0.06258941386248928
88 a 112 0.07460365466045438
88 b 128 0.012418897665530393
88 c 112 0.008642745226073889
88 d 30 0.01699522406675058
88 f 151 0.013052107126147017
88 h 140 0.004219739255141852
88 i 175 0.158630484758707
88 j 43 0.01978872011780064
88 l 125 0.06855370880540823
88 m 1 0.0021643589557043263
88 n 12 0.007151478155666524
88 o 91 0.02572545626179845
88 p 149 0.04203817090480011
88 q 53 0.012984608268877373
88 r 188 0.07576607541930458
88 s 11 0.009886286384774401
88 u 72 0.06703072139934096
88 v 178 0.13552215016480817
88 w 22 0.024369773526906613
88 x 139 0.1169385352356408
88 y 141 0.003106689103150706
88 z 79 0.08619688363729794
89 b 83 0.03539618195393346
89 c 179 0.0004383964061306367
89 i 68 0.21262376914644954
89 k 79 0.07244488385374492
89 l 42 0.01431522609612712
89 n 30 0.14808850763748793
89 o 108 0.09204024471656969
89 p 44 0.013003259142196688
89 q 50 0.07863407761873986
89 t 130 0.23078269648239502
89 u 91 0.012054899796003493
90 b 98 0.2629441482892132
90 y 41 0.06441616678007445
91 b 9 0.17110349657673796
91 h 176 0.02364577911172394
91 k 2 0.17895872149052816
91 l 97 0.025044733638910244
91 m 160 0.07818478950570906
91 o 84 0.05155732827662851
91 q 49 0.05066997567162457
91 r 99 0.03640955563172954
91 s 2 0.05275513362662909
91 t 91 0.05996060981276585
91 u 39 0.015952745153165915
91 v 53 0.0622191231297361
91 x 60 0.016733724049584175
91 y 34 0.15585676508815172
92 a 84 0.007393006038832639
92 d 74 0.20257029615082478
92 j 132 0.051239704308149725
92 l 14 0.02504158378066479
92 n 137 0.19240949305465183
92 x 118 0.09050665953762183
92 y 6 0.2073415754942558
92 z 23 0.0966114680296567
93 a 107 0.06425622788507412
93 b 20 0.05443701905392828
93 f 86 0.018368033003932638
93 g 132 0.00443172300062622
93 i 11 0.05216360662674413
93 j 102 0.06130457566957159
93 k 110 0.02955047848811443
93 l 18 0.11214679253600213
93 m 168 0.03129557229009439
93 p 37 0.06576469219167946
93 q 12 0.004989943898338622
93 r 5 0.013659572433562306
93 u 32 0.11727380245871455
93 v 29 0.19833921379641284
93 y 134 0.041684417503311755
93 z 141 0.07727657665073306
94 a 14 0.06883142996796154
94 c 192 0.002236006057400375
94 f 23 0.2109699569435347
94 i 29 0.0012734505188358725
94 l 122 0.04748231804799519
94 n 56 0.18891427838564445
94 r 35 0.011165956747200334
94 u 73 0.07566747424395881
94 w 26 0.1916315799106454
94 x 180 0.14647060663930023
94 y 135 0.005006603976628221
95 a 5 0.005393523239112796
95 b 125 0.014198970709602077
95 c 27 0.009905065427824433
95 d 63 0.01863095069066445
95 e 93 0.009902830287464526
95 f 17 0.014269505768520041
95 g 40 0.10020825318037252
95 h 114 0.0593856168911705
95 i 84 0.07377810701086218
95 j 100 0.015056620134435539
95 k 106 0.06626580240619606
95 l 65 0.01393561493116624
95 m 105 0.050489043408835865
95 n 99 0.04538220017090211
95 o 192 0.045720772563612955
95 p 76 0.03961545888247964
95 q 91 0.0026663954996168915
95 r 50 0.03475039048695405
95 s 111 0.01108170276653353
95 t 69 0.060984047010306575
95 u 78 0.011001554810779468
95 v 92 0.027233608937148324
95 w 6 0.0058665920040680275
95 x 2 0.010052486445169206
95 y 184 0.042498944129881866
95 z 46 0.09012653752762434
96 b 125 0.04645678578490775
96 d 185 0.007548502724360029
96 h 164 0.06895864334522062
96 i 135 0.07507646102603072
96 k 85 0.03663013211628574
96 n 116 0.10309797329229053
96 q 123 0.062676793936704
96 r 62 0.17250219094367492
96 s 31 0.0005818016124331526
96 t 143 0.13189293315957784
96 z 152 0.11783810677536388
97 r 160 0.7046923010432772
98 a 37 0.02623886483676685
98 b 185 0.03345226500057963
98 c 136 0.03015731562842161
98 d 170 0.005919888934122319
98 f 143 0.02624744517179689
98 g 90 0.0022355306068770897
98 i 33 0.07136899993440415
98 j 26 0.04357139274980637
98 k 114 0.0865234446980373
98 m 39 0.10586134876105047
98 n 189 0.059858305698423764
98 o 135 0.013274077307559917
98 p 0 0.09815277223102425
98 q 47 0.1390946223201529
98 s 113 0.005321795577492239
98 t 131 0.0007928148163388604
98 u 45 0.008659243765425262
98 v 17 0.13032035028730593
98 w 106 0.03816439301318908
98 x 44 0.03075772264628973
98 y 47 0.012906961599748024
98 z 107 0.014930860771422139
99 b 154 0.029009099273717753
99 d 39 0.022261683828957657
99 f 24 0.16036410554151082
99 j 32 0.13408577175421033
99 l 173 0.06078154547067449
99 n 48 0.01662499241392068
99 q 131 0.22999012483771408
99 w 48 0.11481814428088111
99 z 156 0.21471548208444058
100 n 11 0.5794895344699081
100 p 68 0.29381652715191486
100 x 91 0.0497740513384316
101 a 5 0.06332171102324224
101 b 57 0.043335451933184554
101 c 185 0.017238735738338007
101 d 48 0.032184176651365415
101 e 62 0.056854392945711596
101 f 91 0.00803386406919171
101 g 58 0.0029867661797625678
101 h 0 0.020122130729349985
101 i 133 0.2085451653859529
101 k 44 0.035450184911554605
101 l 75 0.02695420636177903
101 m 135 0.023201245373744572
101 n 112 0.0038855132420501093
101 o 14 0.07046617512891629
101 p 128 0.008932861090143351
101 q 169 0.0033154824107023417
101 r 95 0.07140216940189548
101 s 87 0.003780004312244345
101 t 47 0.0027314445444273083
101 u 56 0.019500387431290234
101 v 9 0.015778991468506365
101 w 152 0.09848239384428537
101 x 178 0.015723956604762113
101 y 42 0.00027890239696615193
101 z 165 0.028778444665760627
102 a 113 0.036144885036316965
102 b 165 0.0074752420944033116
102 d 103 0.007359961302148776
102 f 20 0.04505625785558509
102 g 153 0.09225756602288959
102 h 129 0.13431500597221568
102 i 22 0.12767398173182132
102 k 36 0.08382421608319834
102 o 120 0.19701368253950557
102 r 104 0.019273318299729114
102 s 184 0.05682882205855566
102 v 27 0.009440736550436646
102 w 148 0.06830879175493154
102 y 48 0.09708344620664722
103 b 69 0.009353045314116182
103 c 150 0.22073246334677665
103 e 149 0.01021630480305391
103 f 136 0.0318889274774915
103 g 117 0.1156390686463431
103 i 83 0.13562568274517228
103 j 193 0.008258166993475258
103 k 152 0.09212922408716384
103 l 188 0.048808943427862905
103 m 154 0.0023930422808430274
103 p 98 0.04543818065261351
103 t 113 0.0011169292740358383
103 v 137 0.0836581639795353
103 x 113 0.004398933779345859
103 y 142 0.14771888135636524
104 a 132 0.03281608414794346
104 c 36 0.12745781514193466
104 g 85 0.18605321586172374
104 i 124 0.03120302850366985
104 j 147 0.037603279491323804
104 k 144 0.20506386482890326
104 m 75 0.0033464333462508433
104 n 163 0.00812882739605636
104 u 13 0.07991883357798735
104 w 171 0.014065512618231302
105 a 29 0.016053916109528443
105 b 161 0.02028594151261187
105 c 83 0.05107523332693298
105 d 183 0.005204713588307652
105 e 100 0.04314854557422876
105 f 55 0.09701412017566202
105 g 106 0.026040498850181004
105 h 184 0.049112329388344755
105 i 65 0.0020709007202406315
105 j 118 0.11862997621680915
105 k 31 0.04181864912489808
105 l 140 0.09963848844850665
105 m 111 0.0181205793332454
105 n 174 0.026191418025337088
105 o 50 0.009289257145923213
105 q 19 0.05041290705892498
105 r 48 0.007963781745147225
105 s 86 0.020243096404356842
105 t 44 0.03825363792386649
105 u 13 0.014832126290533765
105 v 163 0.04509655182114025
105 w 22 0.06848689906694139
105 x 173 0.006696269402764021
105 y 21 0.10782507259335228
105 z 92 0.0082975556678343
106 a 20 0.3538939799366141
106 o 185 0.3711687345221988
107 b 83 0.007289632452852635
107 c 24 0.0012291647164371922
107 d 31 0.1509446565954986
107 e 100 0.101599721280067
107 g 2 0.17315297986430367
107 h 71 0.005931257193104833
107 j 152 0.01050291070021725
107 k 165 0.0003805477496624521
107 l 45 0.05269143641459917
107 m 115 0.003807727219649948
107 n 172 0.09274641410639994
107 o 54 0.03491096664424598
107 p 9 0.014615720697530588
107 q 65 0.0717484225114916
107 r 64 0.01697579577011965
107 s 13 0.1309958338372389
107 t 132 0.019341438135991984
107 v 175 0.000139694770665999
107 w 58 0.011238293647196751
107 x 70 0.007939816491753793
107 y 170 0.08004207461351798
108 a 89 0.02986432483821111
108 b 145 0.017748338913369133
108 c 176 0.15153680848371964
108 e 169 0.1926093977762422
108 f 184 0.1663111567251564
108 h 84 0.006156854465432016
108 j 131 0.11515725182253611
108 n 127 0.01782538917233134
108 s 111 0.04546241769559656
108 t 186 0.001835251772312696
108 w 139 0.08719891573372751
108 y 0 0.05063353044008734
109 c 90 0.004038292046033121
109 m 22 0.05433509232952427
109 n 21 0.15287900448310998
109 o 89 0.32555938601043255
109 p 57 0.08579739688933874
109 s 160 0.046549246513508
109 t 79 0.048987257275613816
109 v 171 0.10038729902549937
110 a 22 0.042054405286999885
110 b 190 0.029094885918324986
110 c 113 0.04590857682942184
110 d 142 0.03582582432792514
110 e 47 0.04703672602331799
110 g 116 0.029714501841119234
110 i 81 0.10003876568482084
110 j 189 0.051506676087676895
110 k 124 0.1211408684677977
110 l 116 0.04244354301836484
110 m 99 0.06209295131585013
110 p 101 0.03322314702278628
110 q 39 0.04110420060292974
110 r 154 0.03138762434274778
110 s 163 0.11840875857594657
110 u 96 0.08449112193481412
110 x 5 0.00506744484468713
110 y 92 0.0009014115478268581
110 z 33 0.0330452752200977
111 b 49 0.051340483483745314
111 c 112 0.10469335979113137
111 d 151 0.001070941918822399
111 f 70 0.0850581520373419
111 h 24 0.02863345550552665
111 i 62 0.02666959705976446
111 j 147 0.03599124811629406
111 k 95 0.12605748021946095
111 l 48 0.008292593789181124
111 m 43 0.018559073388447422
111 o 185 0.013263626518721039
111 p 134 0.025526900071241254
111 q 47 0.08186001602340609
111 r 138 0.12359194873948176
111 s 30 0.010579299950596033
111 t 2 0.049597664772133676
111 v 88 0.008047100946822816
111 w 27 0.013926934966368765
111 x 31 0.15581309841869562
111 y 46 0.0005145473872831818
111 z 37 0.029629552881153876
112 v 66 0.8235660631480958
112 z 50 0.03489573207362917
113 c 98 0.14699293905982147
113 d 89 0.055111747128908095
113 j 3 0.43349423103790363
113 s 110 0.15302728509295493
113 w 137 0.12939695801690854
113 x 170 0.03539282993131976
113 z 1 0.04249854728457714
114 a 167 0.18418444026789826
114 b 164 0.05916852527282779
114 d 43 0.004102235229202389
114 e 94 0.054441321642720863
114 f 113 0.036316459799880296
114 g 10 0.017691660487451966
114 h 36 0.06017964642446827
114 i 189 0.045039498549725665
114 k 133 0.02735842550179257
114 l 90 0.03213909576283347
114 n 63 0.019676767859513777
114 o 37 0.05160282638629432
114 p 0 0.003450100262922473
114 q 25 0.0020780417821854025
114 r 79 0.029715549848324585
114 t 25 0.0384295876346592
114 u 85 0.0334799689963855
114 w 110 0.004273930986000263
114 x 140 0.2118703551918527
114 y 146 0.06412875543266072
115 a 21 0.013296463984581619
115 b 64 0.04768631540911983
115 c 65 0.08895379088631317
115 d 140 0.004858159409011353
115 e 4 0.028926619019029487
115 f 0 0.04941080865164316
115 h 73 0.11412407272495007
115 m 0 0.018652492642701413
115 o 15 0.016906108163649236
115 r 39 0.014169546151534096
115 s 73 0.24452747525705154
115 u 16 0.17236841603288722
115 v 163 0.07112317955927105
115 w 180 0.052482900816219535
115 x 125 0.011254893925455534
115 z 20 0.046060002841351255
116 d 105 0.044990876655137235
116 e 8 0.04141271071323449
116 f 60 0.08111772111670801
116 i 70 0.012838949445754477
116 j 82 0.02060925310002726
116 k 157 0.015415287078293094
116 n 123 0.16403736428791516
116 q 165 0.11111868229375876
116 r 84 0.020673007885857686
116 s 145 0.15376963834078727
116 u 33 0.07994346185516588
116 v 57 0.02582325657834106
116 w 150 0.14379307048800327
116 x 57 0.06513913511182734
117 a 21 0.011928672016557895
117 b 66 0.08402423979474605
117 c 31 0.01557034661410639
117 e 40 0.054126732147881884
117 f 86 0.01809389833853381
117 g 65 0.013518409426968359
117 h 85 0.08871433990197486
117 i 113 0.00629067135539374
117 j 4 0.34521143672373267
117 l 155 0.011612685769280318
117 m 168 0.04334935883173607
117 o 106 0.015934129831106647
117 p 57 0.0017625320091597674
117 q 120 0.026796788569218077
117 s 139 0.014899976275449256
117 t 76 0.030908651916238594
117 v 118 0.08150907888572789
117 w 7 0.062074584272639455
117 x 118 0.02256267346733498
117 z 30 0.04744622361325135
118 d 123 0.0034814144970886085
118 g 102 0.05147702948294397
118 n 55 0.018877801063785782
118 r 149 0.26942656356989103
118 s 43 0.1438063468761347
118 u 167 0.15814095588914023
118 x 2 0.0935609722478995
118 y 178 0.2429726310571052
119 e 103 0.019589220410869634
119 g 55 0.1957106505550622
119 p 193 0.10243948934239788
119 w 9 0.09365182036912112
120 a 151 0.16647690085783595
120 e 35 0.13271193744448728
120 f 26 0.01446244170016231
120 g 87 0.17378194306651085
120 i 14 0.19808723606555945
120 m 67 0.01920324239402582
120 n 42 0.0018336885485479293
120 o 146 0.024814423924294227
120 p 110 0.049015911874097595
120 s 59 0.020960809173582007
120 u 135 0.004006167790288617
120 v 132 0.014735882609534734
120 w 95 0.024329690527506997
120 y 162 0.019014014133408308
121 c 8 0.15288198286034205
121 e 69 0.0752792242550736
121 f 17 0.026094734717043266
121 h 139 0.008986462992320199
121 i 157 0.001889472327568309
121 j 69 0.07869127839134016
121 m 192 0.01248800681676876
121 n 86 0.0465402163509121
121 o 125 0.017081531039015663
121 p 179 0.06486202974122968
121 q 35 0.212430827649155
121 s 128 0.01384834126976131
121 t 8 0.03339119634488963
121 v 29 0.041856180092964435
121 w 115 0.03176847545726735
121 x 179 0.011897102637799972
121 y 118 0.0922148984796276
121 z 184 0.005920133948163597
122 a 127 0.07323031282106818
122 b 76 0.007210123238081012
122 c 142 0.0035748445438021914
122 d 25 0.0166060221402623
122 g 47 0.01331009493907831
122 i 45 0.02431186837747279
122 j 77 0.09744210395590647
122 k 189 0.03678385187608524
122 m 158 0.02106737504860734
122 n 90 0.0014840585966410247
122 o 117 0.049545709037099206
122 p 36 0.01243965396839286
122 q 154 0.050206584723614944
122 r 182 0.06770180898070033
122 s 108 0.00011007069961421756
122 t 162 0.01507489438382148
122 u 59 0.14288571021769347
122 v 124 0.15293312914394108
122 y 47 0.12979894410097703
122 z 111 0.03106475029720812
124 a 124 0.16193551167630993
124 b 179 0.012441579583376328
124 f 140 0.05360845637445211
124 g 120 0.031623867644060666
124 h 17 0.033513830537605704
124 m 117 0.00041615941510197985
124 n 31 0.13870403873272352
124 p 112 0.07948669775500228
124 q 46 0.0164652225676718
124 s 70 0.019127572535636572
124 t 150 0.11394389415153505
124 w 100 0.043203129625239534
124 y 103 0.061612279322137864
125 m 16 0.06803525059389004
125 r 112 0.13337686485814004
126 a 10 0.0016087289664025173
126 b 70 0.05804771786789331
126 c 118 0.0449091772510275
126 d 87 0.06196051859376317
126 f 140 0.009591282551927094
126 g 183 0.049790775411881705
126 h 138 0.03847679137838633
126 j 160 0.03918158436372965
126 k 82 0.029885003442241986
126 l 19 0.013141454705131062
126 m 184 0.029327714330941723
126 n 157 0.04630478777689362
126 p 74 0.13215356100596198
126 q 71 0.0038613047835787118
126 r 55 0.038974329871651614
126 t 144 0.10801798160569365
126 u 102 0.01885246343435998
126 v 164 0.19488066307700957
126 w 65 0.010397855482619511
126 y 20 0.05267222959390949
126 z 53 0.004902609455524232
127 i 16 0.11892903987088366
127 t 142 0.12515487132397363
127 w 165 0.6991761242633744
128 a 25 0.01973360076459174
128 b 26 0.04401879382237672
128 d 88 0.08281022092113777
128 e 24 0.06513853132943015
128 f 167 0.028287718058785716
128 g 123 0.03614761940384026
128 i 101 0.02058806407121805
128 j 83 0.2154000128171265
128 k 169 0.004445515334992378
128 l 46 0.10588438798519528
128 m 184 0.004319313057639773
128 n 76 0.039040246928458755
128 p 105 0.0022607284328944877
128 q 99 0.07286824488697918
128 s 32 0.029068723650733985
128 t 85 0.07744304729140183
128 v 37 0.0872519101844621
128 y 8 0.04476765693033735
129 c 166 0.0494130513349168
129 d 61 0.12112077106650576
129 e 32 0.007794617960117267
129 f 190 0.07369448624538444
129 l 60 0.1315208756182985
129 m 66 0.03851348083211259
129 q 106 0.09667595313924149
129 r 174 0.048388558481819444
129 s 9 0.0392840258728292
129 w 50 0.02964214682394739
129 x 48 0.05679452340574087
129 z 145 0.008634298636050475
130 b 190 0.14609779308755566
130 c 1 0.0038828691956052097
130 e 149 0.012403287304974975
130 f 193 0.1306682044344204
130 h 153 0.05614895135453435
130 i 154 0.045474841594872806
130 k 67 0.009351106491659933
130 l 1 0.09062704540092903
130 n 101 0.01787990509021886
130 p 126 0.11090448911525819
130 r 182 0.04586155789687685
130 u 57 0.15238966830794576
130 v 145 0.04721383409004598
130 z 19 0.07201263719615647
132 c 163 0.005537836658506379
132 d 94 0.005187113326320936
132 e 154 0.017958021259991575
132 f 19 0.007107621170831413
132 g 16 0.05548434153167925
132 h 183 0.012856392553458051
132 i 19 0.024442863510261925
132 j 40 0.009207383060118035
132 k 143 0.05154891396961003
132 l 57 0.053133852774490564
132 n 105 0.006736090215540558
132 o 12 0.012754892076465074
132 p 51 0.04332862497185064
132 r 7 0.012057188837350519
132 s 167 0.11865334056906685
132 t 122 0.18917849561259836
132 u 31 2.853849005501896e-05
132 v 27 0.00951933851916753
132 w 178 0.025427012757731293
132 x 65 0.07297409273573485
132 y 119 0.12897565149427614
132 z 80 0.08269097127765879
133 c 98 0.24947998575221908
133 d 97 0.01346256319506467
133 g 52 0.07283079002998094
133 i 18 0.10102819990775891
133 k 190 0.07165993980237884
133 n 142 0.0749088532129577
133 p 31 0.01821752780244046
133 u 178 0.17578528535814875
133 v 126 0.0131748452163295
133 y 74 0.03367992756738225
133 z 29 0.07350594522221288
134 a 192 0.07399406456902236
134 b 75 0.0743145671202241
134 c 37 0.044423977903603196
134 d 130 0.05818950101767306
134 e 122 0.14794482440324097
134 f 76 0.055490661446937484
134 g 166 0.019066345598853784
134 i 134 0.0036001587441981675
134 j 52 0.04188501577762305
134 o 27 0.0026128756317395085
134 p 78 0.03845087199915964
134 q 180 0.02415001050559873
134 r 67 0.021878763480366215
134 s 112 0.023529716274199752
134 t 49 0.15836284758747832
134 u 37 0.00035571637398346123
134 v 90 0.04984292276002611
134 w 12 0.004598625275473722
134 x 157 0.03807535457027622
134 y 106 0.009098398184979262
134 z 99 0.04324907997870342
135 a 73 0.16398040259675928
135 b 104 0.01612836365803305
135 c 68 0.03269929643986136
135 d 112 0.1154307858658612
135 f 92 0.04973237670215047
135 g 57 0.010251191571963414
135 h 47 0.07614920413864024
135 j 108 0.02044160868306011
135 l 101 0.04266104885685784
135 m 181 0.0268981878952681
135 n 26 0.013702508916080047
135 q 183 0.035167490593112194
135 s 134 0.027028124001905685
135 t 10 0.10938444186890794
135 u 97 0.018255399339426992
135 v 160 0.01576851314181038
135 w 91 0.09941924150281212
135 x 94 0.033532692723429736
135 y 163 0.040696880581619355
135 z 155 0.018484640792723717
136 a 144 0.0602988236584161
136 b 39 0.024289500687192267
136 c 42 0.031150475622370166
136 d 116 0.010062090419044156
136 f 140 0.07081890616976871
136 g 33 0.014592001955136324
136 h 80 0.07099876408586414
136 i 43 0.041256051713989494
136 j 140 0.05640550490226437
136 k 95 0.029109328886300023
136 l 6 0.07556357112846324
136 m 77 0.01762440450901126
136 n 41 0.01322417949704735
136 o 135 0.037176809574139935
136 p 59 0.04245565449809441
136 q 28 0.05165030662270109
136 r 96 0.036562454479101114
136 s 50 0.01916971571963033
136 t 104 0.0508696618658252
136 u 17 0.0036916027897632153
136 v 142 0.00025241795427999314
136 w 155 0.031799770834629815
136 x 3 0.03539748855201641
136 y 185 0.0009187108643740061
136 z 65 0.00015943932941464567
137 a 166 0.09511689697803682
137 b 110 0.037611246713994406
137 d 182 0.05142309353143659
137 g 185 0.004832690986150023
137 h 120 0.00632199783382803
137 i 43 0.03408357055017497
137 j 54 0.026078391284623192
137 k 43 0.027615738517684507
137 l 154 0.007310928365094171
137 m 79 0.07057481496264206
137 n 161 0.02488273941043151
137 o 157 0.18872132066218006
137 p 143 0.010812105437917885
137 r 5 0.029896352230244783
137 t 1 0.007117471232568784
137 u 136 0.08043800192602046
137 x 129 0.01561178929652507
137 y 189 0.07639552599930521
137 z 121 0.11730921285227647
138 a 37 0.03690281398586559
138 b 105 0.004375349736527312
138 c 42 0.01115657310807161
138 d 184 0.007816594858238601
138 e 127 0.025721565685044023
138 f 3 0.07002404041229171
138 g 154 0.11650645479851951
138 h 98 0.01613476857159013
138 j 167 0.10631162049915821
138 k 156 0.0021592108108275943
138 l 94 0.03937643607453212
138 m 188 0.040615336640274835
138 n 43 0.012205137938021138
138 o 0 0.052873005455612465
138 p 20 0.04283741404541386
138 q 52 0.013991062867951376
138 r 98 0.15692953141880361
138 s 51 0.03189576929799731
138 t 184 0.0046238798412149285
138 u 63 0.018647615283189256
138 v 115 0.038898558425958796
138 w 181 0.014890075739929287
138 x 85 0.08416629952415478
138 y 70 0.009146358264338517
138 z 85 0.001328855035221732
139 a 181 0.05289032748179401
139 b 10 0.03582747552670451
139 c 112 0.03732859729511728
139 d 163 0.02289362129244943
139 e 33 0.049407370647480464
139 f 163 0.052408932920807616
139 g 158 0.015317129907938098
139 h 185 0.16805606637425707
139 i 147 0.0028677596767985314
139 j 166 0.051262615181677074
139 k 171 0.02477971730288464
139 l 36 0.004084862946827639
139 m 80 0.018504897032640355
139 n 31 0.0011494260594255845
139 o 69 0.004192331648616654
139 p 123 0.006076984747832359
139 q 74 0.001800014226232216
139 r 58 0.019471744334249363
139 s 158 0.06481894017942025
139 t 99 0.06838806534155051
139 u 2 0.007691411766638234
139 v 63 0.056462158186760036
139 w 78 0.02371115877763852
139 x 147 0.030575893933031617
139 y 152 0.08127530942121475
139 z 172 0.07123209482975734
140 a 45 0.022301906090414603
140 b 20 0.0009940832354116136
140 c 64 0.007659845896369255
140 d 86 0.12296567607611308
140 f 153 0.0134461682774073
140 h 150 0.10293244866204154
140 k 183 0.03742705806528068
140 l 182 0.05344349178333907
140 m 98 0.11715313097185664
140 n 113 0.02810220387755047
140 p 42 0.19328599457307527
140 r 128 0.07983693480658349
140 s 31 0.030059405094522096
140 v 43 0.013050799327198215
140 x 140 0.07556918396470591
140 y 115 0.04355185048092991
140 z 172 0.053478870972630044
141 b 148 0.014273231145431553
141 c 12 0.023082851147775973
141 d 158 0.10896733524475843
141 e 46 0.13575475991737718
141 f 58 0.05797005095434249
141 g 91 0.02383596096246743
141 h 11 0.09399423329256718
141 i 129 0.018448793977531408
141 j 148 0.012396088836304164
141 k 172 0.057419213106914
141 l 118 0.0010522502022353164
141 m 89 0.020312986009407563
141 n 184 0.003475059736547048
141 o 63 0.06594519547497524
141 q 157 0.0341279563197594
141 r 118 0.024457599497261673
141 t 185 0.009444328043618944
141 u 136 0.12172658059101027
141 v 111 0.10655716673544535
141 w 179 0.02066449316795327
141 x 185 0.03235506264044152
141 z 70 0.0019249791778938041
142 a 163 0.05916782681444421
142 c 92 0.05853944267861899
142 d 17 0.03272339572222849
142 e 43 0.017651052951980106
142 h 153 0.11640764876863308
142 i 176 0.007978323312593516
142 n 39 0.020314864295217228
142 p 3 0.21248838004742587
142 q 83 0.06776771384378522
142 r 49 0.059986676113292114
142 s 172 0.19642021316766134
142 t 175 0.01161590545048563
142 x 31 0.09105071489832073
142 z 97 0.0017429796856107682
143 a 163 0.06389718049909554
143 b 143 0.008685034234800937
143 c 73 0.02135100952362945
143 d 50 0.019963078209782492
143 e 49 0.007622018547195131
143 f 12 0.02431753974163875
143 g 49 0.042574779533732565
143 h 171 0.019712716747044445
143 i 2 0.013974405066083384
143 j 23 0.07727039760675414
143 k 147 0.002725887268239635
143 n 169 0.0038356963569999847
143 o 8 0.004488023350591286
143 p 78 0.14035125278318916
143 q 169 0.05985442056738233
143 r 39 0.11251637861613162
143 s 16 0.014769112041806864
143 t 27 0.015301926850375236
143 u 59 0.09565575142507476
143 v 137 0.030478762755358102
143 w 54 0.002513130521232365
143 x 45 0.14240564796006283
143 y 162 0.04344062289555206
143 z 50 0.00786275806938419
144 g 80 0.1430641869285625
144 k 148 0.001190598952882982
144 l 23 0.193346659866101
144 n 35 0.012205930612127935
144 w 6 0.220397533979104
144 y 70 0.07114256914135908
145 a 1 0.16492234353706647
145 d 102 0.2599775337981065
145 e 72 0.10886924178148327
145 g 133 0.29436011842584286
146 d 185 0.16908766584290236
146 f 152 0.07737574299039385
146 h 34 0.10599548264497727
146 j 91 0.08204272069920848
146 o 193 0.13166540576621033
146 q 142 0.23259923408916594
146 u 13 0.015182409246771278
146 v 9 0.05757300544121535
147 j 31 0.0994108873016829
148 b 164 0.3348059106896285
148 k 31 0.14652871010979163
148 o 95 0.11715031680330035
148 s 56 0.18072925105807613
148 u 135 0.01973407718216247
148 z 177 0.02091247961104603
149 a 169 0.07037488518858748
149 b 94 0.015464817479228787
149 c 62 0.02405482781718349
149 d 184 0.02848839317991192
149 e 121 0.03925423418460894
149 f 135 0.014798530564675949
149 g 184 0.07558538067142262
149 h 83 0.01707407996632837
149 i 17 0.022389379658509956
149 j 141 0.0989425423098671
149 k 61 0.11287308365949544
149 l 26 0.027843043710178095
149 n 98 0.025944713032362565
149 o 163 0.008647454959911371
149 q 57 0.003930976396165131
149 r 186 0.06469166073140797
149 s 176 0.00943794602818604
149 u 3 0.04261277246800832
149 v 169 0.07320665762765455
149 w 193 0.013357420255077357
149 x 135 0.050670356946348916
149 y 159 0.04856280463023921
149 z 130 0.03955471798898291
150 a 31 0.03087866374562842
150 c 88 0.05126794426778114
150 d 125 0.011058703431798156
150 f 22 0.008011488835252933
150 g 68 0.14673177921223812
150 i 17 0.07313911163741105
150 j 48 0.03769744821179499
150 k 193 0.054260544025491964
150 l 28 0.13264770507145573
150 m 119 0.06809282327150568
150 n 81 0.033857836704361155
150 o 101 0.03231011881252566
150 p 85 0.01235498707764271
150 q 63 0.06782683241132637
150 u 102 0.029996279416311333
150 v 100 0.02867401647617962
150 w 75 0.03229815698653238
150 x 153 0.09239986050435756
150 z 139 0.0007259496404566912
151 b 24 0.011852757996428598
151 c 15 0.023551823916554637
151 d 91 0.057004839337465474
151 g 55 0.03728901898519976
151 h 177 0.10605161261463936
151 i 184 0.0025871894195721445
151 j 46 0.07630901702301063
151 k 95 0.25011699158580936
151 m 164 0.22530453540763173
151 p 191 0.016979314284487734
151 r 63 0.0031837029070685974
151 s 112 0.0013220771073002568
151 u 17 0.16332960168559219
151 z 123 0.006044232324658005
152 a 127 0.02743312977321788
152 d 162 0.05482777440819475
152 e 115 0.06316030577986909
152 f 32 0.06459339880794579
152 g 67 0.014123762110895943
152 h 27 0.10264824715834908
152 i 91 0.07187810692543428
152 j 18 0.006210769048084819
152 k 40 0.005738054500480261
152 l 172 0.058990309924193185
152 m 58 0.02982011977156629
152 n 186 0.037064066289473785
152 o 145 0.013363195856637478
152 p 59 0.06660272212836138
152 q 19 0.0625882589431559
152 t 157 0.04097915398691976
152 v 12 0.08119436017410275
152 x 2 0.0021580346491631985
152 y 152 0.14608935943305945
153 a 29 0.011457647352236311
153 b 169 0.01544540543122197
153 d 89 0.056446516496068244
153 e 65 0.05349969910679997
153 g 75 0.010364340794724147
153 i 103 0.02526258234304113
153 j 21 0.08580285330495263
153 l 158 0.04439438320272504
153 m 8 0.013774787256017329
153 o 94 0.03725973225366419
153 p 1 0.1973202531457674
153 s 180 0.1435737138801798
153 t 26 0.13838132949316995
153 v 150 0.026570458474126202
153 w 193 0.0183112104353238
153 x 180 0.05439762985764185
154 a 125 0.12481137298745648
154 b 25 0.05810624645470541
154 c 106 0.018842814178599343
154 d 140 0.12029556424464793
154 f 100 0.081481829577013
154 j 95 0.0005047569142239139
154 k 32 0.007585550732890689
154 m 114 0.059918032070740535
154 n 143 0.050799066617716715
154 o 141 0.003128714762561269
154 q 23 0.10577608777530956
154 t 41 0.02739818470334998
154 u 94 0.04872478836204941
154 w 60 0.017287790874082165
154 x 170 0.0453453745655783
154 y 100 0.14386578463555555
154 z 52 0.07728111194829002
155 a 50 0.07174887638883465
155 b 131 0.030754168619032574
155 d 87 0.04548300033161523
155 j 141 0.021305511478602934
155 k 133 0.049564138243156086
155 l 179 0.06412780333191015
155 o 171 0.1897318904878721
155 p 94 0.008365427234546918
155 q 70 0.12973947336530223
155 r 141 0.045322534860320896
155 s 31 0.01877022100151904
155 t 64 0.08022161773414915
155 v 78 0.026328095986769662
155 w 64 0.07546017148031114
155 x 117 0.02497120797157526
155 y 5 0.046422675399645064
156 d 98 0.08691835315512064
156 g 42 0.13778564355321754
156 l 165 0.1570085448978944
156 m 63 0.14302019049191683
156 n 181 0.11459458423687341
156 t 73 0.1774144185767459
156 w 115 0.0028346353842134686
156 z 152 0.122195000970726
157 a 119 0.08814356504871246
157 b 79 0.10905339312557738
157 f 137 0.024641550310806837
157 i 176 0.07944012862277705
157 j 95 0.03185498370586681
157 l 182 0.07545059636347273
157 m 99 0.08835993105631723
157 o 120 0.03878123070116912
157 q 71 0.007981231280275836
157 s 83 0.017826533988301696
157 u 73 0.00020508937706198438
157 w 98 0.17056440530884887
157 x 80 0.03367447607311358
157 y 159 0.11364922290189716
157 z 147 0.08666912152027928
158 b 86 0.07723892652152986
158 c 144 0.01636008453710225
158 e 31 0.0726551858474519
158 f 110 0.20031180677552884
158 g 75 0.05198399355110295
158 h 172 0.026060184255252583
158 j 187 0.08953816727837816
158 m 128 0.0016191542246691837
158 o 138 0.16263159096790125
158 p 82 0.10313316259551608
158 r 134 0.08329790615941701
158 u 118 0.001385020851769725
158 v 47 0.008740357563139733
158 w 172 0.011226420735988452
158 x 172 0.03766159983101569
158 z 62 0.02948186456570112
159 a 165 0.2204653834229272
159 b 167 0.17185961068182465
159 k 65 0.015233025657521715
159 n 0 0.06381371659864243
159 q 121 0.10748890460157623
159 r 63 0.12493360143077858
159 s 168 0.0343936587780288
160 a 93 0.1580787385477238
160 b 150 0.09699205317855253
160 c 73 0.10441799203564517
160 d 50 0.024507280626448358
160 e 56 0.0022649714875987437
160 f 39 0.006821267800654396
160 g 30 0.09031612292992763
160 h 61 0.016187109085862295
160 i 74 0.0317334275113732
160 j 64 0.009338880702790542
160 k 181 0.016984266530617464
160 l 168 0.030514663238430217
160 m 72 0.02202030088919582
160 n 139 0.022879959204617384
160 o 107 0.00606924011514387
160 p 79 0.0413249240164969
160 q 103 0.0074828468882374155
160 r 176 0.10253642732310142
160 t 112 0.024516941134314907
160 u 13 0.005494842811693101
160 v 106 0.017130896437169585
160 w 36 0.017678600283858925
160 x 96 0.04898966505666247
160 y 10 0.0955025208857142
161 b 62 0.09833440504825197
161 c 122 0.0036182360860538276
161 d 171 0.05427871918945171
161 e 48 0.07124136091334288
161 f 145 0.06336298987236277
161 g 187 0.0030296453873672746
161 h 74 0.017800215985078527
161 i 80 0.06003759241425566
161 j 118 0.004688309209824215
161 k 189 0.05076548077594567
161 l 166 0.0604427838248599
161 m 3 0.05825006843757263
161 n 132 0.011591623576444277
161 o 173 0.010037036795705334
161 p 35 0.09341179960218837
161 q 51 0.0169818192673431
161 r 18 0.0008955458554432694
161 s 12 0.08232485530366396
161 t 19 0.08606474679434462
161 u 183 0.011481563403548
161 v 42 0.005785549757828412
161 w 92 0.06976392489786676
161 x 168 0.010572452889290762
161 y 129 0.0019410006993014761
161 z 104 0.03208376583904937
162 a 141 0.04356025727667201
162 b 136 0.0867556715807265
162 e 161 0.0020216488486394235
162 f 159 0.05634113118365758
162 i 143 0.03498435468944805
162 k 65 0.018769524292185147
162 m 83 0.10056273271011418
162 n 64 0.028913093027360337
162 p 67 0.03656867915939199
162 q 12 0.10621018585977993
162 r 106 0.12693740639605267
162 s 41 0.00033751915947022315
162 t 146 0.037071694099850894
162 v 16 0.025927253336471057
162 x 62 0.005645118013411166
163 b 93 0.153682647816204
163 c 163 0.008561746741788556
163 d 47 0.0668793505932802
163 i 89 0.03439356808613603
163 p 113 0.34363291037315413
163 r 1 0.03169948249371346
163 u 183 0.1906602128198447
163 z 185 0.10435633979793602
164 b 167 0.017661029746336654
164 d 87 0.1627124597625048
164 e 149 0.000819309844508842
164 f 102 0.07723294855276208
164 g 49 0.05694168464109073
164 h 138 0.005561766147070046
164 i 189 0.017297358348813074
164 j 60 0.04117170896074207
164 m 121 0.07918264175168455
164 n 67 0.018327215425480547
164 p 118 0.06648078074210406
164 r 3 0.06253975105338794
164 s 114 0.06346317601526064
164 t 124 0.1286178151760251
164 u 169 0.01515014548141791
164 w 68 0.07674483924963404
164 y 85 0.057102482719666114
164 z 158 0.009253544462203167
165 b 150 0.00858097404907121
165 c 47 0.030104805160540815
165 d 51 0.02112042701955119
165 f 78 0.058935110922708756
165 g 14 0.03681285507065457
165 h 129 0.042132652104950874
165 i 186 0.002127948493939824
165 j 144 0.06594453013610402
165 k 75 0.03401449797125233
165 m 15 0.017531435536349393
165 p 133 0.051464100065260365
165 q 111 0.018142636859117323
165 r 73 0.03183837589588512
165 s 131 0.06675516810183746
165 t 75 0.05567312428170901
165 v 51 0.015255646967976433
165 y 61 0.1306185242189466
165 z 48 0.09432669287142725
166 c 151 0.0870439251602908
166 j 33 0.03474010674026551
166 k 81 0.04003385149408489
166 l 57 0.17072940809400594
166 n 90 0.19658996155786967
166 p 18 0.039104559548507334
166 s 181 0.1191562164609331
166 u 8 0.02035436028282167
166 w 158 0.04186876979757648
166 y 120 0.08599980288791642
167 a 149 0.28441450407007296
167 m 65 0.07574563090323039
167 r 126 0.12826995135585872
168 a 1 0.0015850321246998478
168 b 98 0.07413960979725787
168 c 94 0.0696611157009398
168 d 192 0.039965896053768324
168 f 50 0.060804075016982706
168 g 25 0.0411493051039209
168 h 89 0.05257469289689909
168 m 68 0.004141242964084357
168 n 158 0.011568042402822387
168 o 113 0.2744637251474594
168 q 69 0.03876277692912311
168 r 98 0.12510198669299943
168 s 170 0.011648224944606822
168 u 132 0.055267140975908235
168 x 73 0.013901608922118003
168 y 142 0.03474507553622841
169 a 51 0.011026345479483335
169 b 90 0.09196283383000281
169 c 17 0.03995769151476214
169 d 69 0.020556694148931576
169 g 70 0.03421670075485572
169 i 156 0.0004937521831253067
169 k 45 0.04796973213729294
169 l 11 0.07968555151729584
169 o 148 0.05528630628495157
169 q 115 0.04825239675659676
169 s 95 0.13339352208040245
169 v 140 0.12289937549465368
169 w 20 0.04887342818363172
169 x 76 0.11636630413059768
169 y 149 0.022914547903418514
169 z 159 0.08178909579765337
170 e 123 0.019709964346094067
170 g 112 0.05060193765583909
170 h 7 0.15192307535492966
170 o 121 0.038831675669868226
170 s 67 0.11985489416726425
170 x 106 0.20950721183323895
170 y 29 0.13247169980594398
170 z 191 0.08575083007956152
174 a 149 0.07591001579974
174 g 104 0.00896009367847972
174 h 78 0.08948337574049836
174 k 56 0.08453032615296496
174 q 117 0.05406813823626233
174 s 24 0.4171168398763021
174 t 119 0.055609489722733274
174 u 160 0.13499733424417737
174 y 171 0.05863239285810817
175 a 22 0.04590891058514379
175 b 100 0.3267753953249063
175 e 39 0.11145090562752513
175 f 42 0.039220756215815
175 g 3 0.10809928412749303
175 j 102 0.07751660809839578
175 l 125 0.020902352605464913
175 p 36 0.018958920275737534
175 u 125 0.12922214762037454
175 v 96 0.012492490868891926
175 x 151 0.004383660376352849
175 z 95 0.02512721347763025
176 a 139 0.0118632985240964
176 b 131 0.054368754088451876
176 c 0 0.05370947001603421
176 d 56 0.023389382399427228
176 e 156 0.053964059211767834
176 g 119 0.044662891902154556
176 h 74 0.018066985646819966
176 i 65 0.09635913787991479
176 j 99 0.042290557435211706
176 k 160 0.0382066704537366
176 l 149 0.01866415084383155
176 m 28 0.009141975640768352
176 o 69 0.0067689080136602575
176 p 192 0.025279131647287678
176 r 114 0.01034581963464809
176 s 185 0.03848950038722554
176 t 88 0.053336319402000676
176 u 172 0.024332265415060284
176 w 5 0.12450149174310876
176 x 177 0.09856478208458119
176 y 132 0.1274853971936778
176 z 44 0.003151869216187375
177 c 34 0.012459843232995094
177 e 189 0.03437765770220946
177 f 58 0.2785567307609349
177 o 137 0.09218924150719177
177 q 133 0.18594349032066115
177 r 66 0.0331369177868458
177 z 15 0.317596518709617
179 a 96 0.12311192572728447
179 i 115 0.0005200531879870907
179 j 32 0.14645681188218374
179 m 180 0.15227103352814653
179 o 16 0.04384927250999149
179 p 87 0.07440868359434372
179 w 142 0.3189453287145042
179 x 122 0.03280974614933163
179 z 172 0.03539206705504361
180 b 144 0.015286990357687436
180 d 28 0.15502512599012408
180 g 170 0.14613653066888121
180 i 58 0.009769823621222584
180 k 17 0.057448200581177944
180 l 146 0.044815829963553155
180 n 138 0.02396029009663203
180 s 65 0.038663586742432754
180 t 69 0.1623997077966023
180 v 155 0.08730958214868634
180 y 175 0.1426905570296061
180 z 155 0.025733126526477412
181 c 88 0.0005845955281852389
181 d 174 0.02702047543643149
181 f 29 0.005092527074792685
181 g 94 0.06853801468634835
181 n 67 0.22695570990059133
181 o 128 0.14516592698126773
181 q 192 0.06430104978064655
181 r 21 0.03269580554966134
181 t 28 0.006523081785432816
181 v 104 0.15836681923210694
181 x 189 0.11266791998536319
181 y 21 0.1026059051122048
182 a 164 0.0347231376006959
182 b 56 0.0886359073415548
182 c 165 0.07494393688757128
182 d 144 0.008417615238468068
182 e 85 0.0296911429693979
182 f 81 0.355364882933469
182 h 96 0.030920201207616183
182 i 31 0.04133286311013662
182 j 187 0.0004555522854629013
182 k 145 0.009957874230149266
182 l 88 0.02378318362077514
182 n 122 0.02944725371264656
182 o 107 0.010640569452254445
182 q 58 0.006290322987805741
182 r 21 0.07372055443217052
182 v 165 0.0030052890385890985
182 w 11 0.006059906017909622
182 x 147 0.016478041955394818
182 z 52 0.045447805712940825
183 d 63 0.0438113798605565
183 e 25 0.19238854584617082
183 g 6 0.008401985514175037
183 h 153 0.007743376837192395
183 j 94 0.02537929913310344
183 k 165 0.0346624976522506
183 l 0 0.09021225967467728
183 m 188 0.06324559259242446
183 p 70 0.06715607755180131
183 q 186 0.20519928320517877
183 s 171 0.04567013015362986
183 u 11 0.012988090397614949
183 v 134 0.07439209507239564
183 w 76 0.0022712763272487724
183 x 94 0.010625198574123806
184 a 6 0.02441945831293524
184 b 73 0.06509433824773747
184 c 168 0.024787801370699025
184 e 44 0.08833726188518787
184 f 75 0.06828826519293851
184 g 193 0.0006103882662055193
184 h 170 0.07743040700573611
184 i 190 0.02996748362323387
184 l 59 0.10448770521429862
184 m 24 0.03087589104117261
184 n 54 0.013778825932120875
184 o 133 0.15089337978596584
184 q 168 0.02136233367200746
184 r 146 0.008151593731849038
184 s 103 0.02226410728758288
184 u 88 0.049673288734643495
184 w 101 0.1081655926305175
184 x 127 0.003984353642011551
184 y 111 0.030072584751062337
184 z 188 0.015314853833365616
185 a 36 0.0767423143298831
185 b 64 0.0373317327509034
185 c 65 0.009780413763371354
185 d 150 0.06346491120810516
185 e 172 0.06046361990255489
185 g 125 0.05809662402513138
185 h 165 0.15539717207302783
185 i 176 0.016580796687388433
185 j 8 0.0050311500475213045
185 l 108 0.07431643898849216
185 o 120 0.01743295644945142
185 p 147 0.05090646294351597
185 q 32 0.017777935279201573
185 s 96 0.04776618495074003
185 t 58 0.024735572110464288
185 u 41 0.06874444587981066
185 v 59 0.0440085084550349
185 x 83 0.038356214321804805
185 z 133 0.10684601042087494
186 d 133 0.050625341946353486
186 f 117 0.30983885896183105
186 h 108 0.08153982126345549
186 k 41 0.0875997990681685
186 l 159 0.0255378412423094
186 n 90 0.14336818231300763
186 p 180 0.037126311299374604
186 q 33 0.07186952108679101
186 v 4 0.1486535068247964
186 x 173 0.040751790346217676
188 e 131 0.025040728788138344
188 f 42 0.0583710305102243
188 i 63 0.02036458209314651
188 j 3 0.061950476659014986
188 k 174 0.05364885159063071
188 m 107 0.05517422056356114
188 q 120 0.3106953077027069
188 r 111 0.07138091728617646
188 u 187 0.11307656672874944
189 a 83 0.032753158934610394
189 c 138 0.02666982850999733
189 e 153 0.05670265244906847
189 f 134 0.01403786015752162
189 h 66 0.02866077423365554
189 j 156 0.10583561186931478
189 l 189 0.17356237514629302
189 p 160 0.06752817825787516
189 u 60 0.3173382947743566
189 v 118 0.03714522635201112
189 x 147 0.114637654182985
190 a 118 0.07823273458040736
190 b 95 0.019827970236148795
190 c 150 0.01936041383976872
190 d 127 0.011400861039540966
190 e 48 0.009160079089618689
190 f 2 0.0637298624184287
190 g 20 0.012645653023017123
190 h 60 0.013298152794397056
190 i 29 0.07633779773737648
190 j 94 0.04659019475498649
190 k 124 0.0032267983316741633
190 l 39 0.002585709098591571
190 m 177 0.04145530307736045
190 n 84 0.012589314127450235
190 o 169 0.014884218263996551
190 p 44 0.04694650159354952
190 q 72 0.00900328590509103
190 r 16 0.05185988675111264
190 s 140 0.00822594966042034
190 t 73 0.005839662983321281
190 u 183 0.025897122558409258
190 v 73 0.06300372385430786
190 w 96 0.08310206063025483
190 x 48 0.09203475735828903
190 y 171 0.09416334849688313
190 z 176 0.04620853612788367
192 e 154 0.07014466399806296
192 i 18 0.060505604965713666
192 j 107 0.033167361814585794
192 k 94 0.07149126917614046
192 m 132 0.1333802777421471
192 p 65 0.10705422328708403
192 q 97 0.0940525309338649
192 s 51 0.13226032687163836
192 t 89 0.042716137180453195
192 u 174 0.05839843452010085
192 w 163 0.0015548556803323121
192 x 136 0.1122108879256013
192 z 91 0.036394598456870764
193 a 114 0.2195866570117857
193 h 5 0.045831760442810454
193 j 105 0.09926171028499309
193 l 188 0.0040820864280470825
193 m 91 0.09068390215224886
193 p 4 0.03220931315947673
193 q 7 0.12829886644969302
193 s 135 0.03247930205744087
193 t 23 0.1934138601356521
193 x 38 0.0761141708884574
