147 26 1963
0 0.06559132988323912
0 0.0168189016259922
0 0.03619103192366757
0 0.008852327996151321
0 0.15261670490813117
0 0.09626936136378306
0 0.034355125142471965
0 0.020756916093172206
0 0.048737941356118086
0 0.09986682320829066
0 0.1377362808779803
0 0.06675115616233307
0 0.005682952410349884
0 1.0
0 0.2345125527479177
0 0.026963355664641253
0 0.06541547471663955
0 0.005367174377049033
0 0.448979775449452
0 0.010065728514835226
0 0.06619086439332056
0 1.0
0 0.004876608867333654
0 0.02466755138411869
0 0.023611619018557906
0 0.000892365378962312
0 0.03254678056755511
0 0.35729595464129205
0 0.10936516091157211
0 0.025323590765916615
0 0.016897340706041653
0 0.5907072888121783
0 0.01400356062278374
0 0.027016465482808116
0 0.1067430370000293
0 0.042171963034236315
0 0.0719655488504436
0 0.008843795245929709
0 0.046348116717179644
0 0.012286245538466911
0 0.06310286857034131
0 0.06155159231983487
0 0.11736646333826428
0 0.049769390387705115
0 0.25738655152177925
0 0.31864868121705214
0 0.012806775322376729
0 0.0441655107277199
0 0.06604503081989888
0 0.06076528620577204
0 0.045963268712148175
0 0.043968719317646565
0 0.20941504628441965
0 0.01668044354773701
0 0.11102945265544462
0 0.023238335568771862
0 0.04004358558174825
0 0.02158752015579568
0 0.016640465908731805
0 0.32475947862028887
0 0.12239716777314424
0 0.22349701664995447
0 0.014218191221113452
0 0.0024918238338148546
0 0.04714671238604928
0 0.0454269426313455
0 0.06635392067795043
0 0.2124816009231978
0 0.3033535837852819
0 0.05415363523811634
0 0.045271864033051945
0 0.19241817287582286
0 0.019715990729322286
0 0.08803052133911848
0 0.00709002882467169
0 0.02959743601430731
0 0.0700210722863589
0 0.0007127983676813443
0 0.11830441759458288
0 0.01586865757497269
0 0.009792638569729673
0 1.0
0 0.05909682979136455
0 0.4117349916193328
0 0.045513196729700445
0 0.5007080879500987
0 0.11400235125263325
0 0.03237078004858074
0 0.0018153281499272422
0 0.024297420439434392
0 0.06699904683569213
0 0.33843743453139064
0 0.001732944223812094
0 0.04743414494488796
0 0.10383805775847343
0 0.17303617017616757
0 0.05377326585928077
1 0.023139220598108468
0 0.0437617556108475
0 0.0241331964681768
0 0.10420397900337652
0 0.01189339538228662
0 0.04828690081223996
0 0.12395098179586805
0 0.18970167747729882
0 0.06877685392722832
0 0.09865587379405882
0 0.16608237168448137
0 0.14560618135332448
0 0.04210970128666702
0 0.42947415345015605
0 0.09683906531488451
0 0.1444265013966174
0 0.027420845229988777
0 0.29446437767320377
0 0.1368616936742485
0 0.24975395493749286
0 0.33257146344262467
0 0.021684471493269908
0 0.10169294821594832
0 0.022679285641601488
0 0.003665445973959791
0 0.030082869028861037
0 0.06365820799435395
0 0.03900383358311588
0 0.06547108300288029
0 0.019943062941036205
0 0.07538627695401345
0 0.14072814707271886
0 0.061503273976990624
0 0.06116658404991826
0 0.0043544789672982365
0 1.0
0 0.019319256602823187
0 0.12059554710174492
0 0.09074423725687042
0 0.18649152796131285
0 0.059029945309837184
0 0.12178482280910641
0 0.7904241139470626
0 0.05568732060109727
0 0.004343525653214719
0 0.026123553571273828
0 0.4161624087971604
0 0.017969187072369164
0 0.042108517966091163
0 0.10737264599242469
0 a 133 0.06607977066360948
0 b 137 0.007812144093472861
0 d 85 0.02519467293798272
0 e 112 0.09571102537370269
0 g 144 0.1254118132550539
0 h 42 0.026294773452374853
0 j 112 0.09078059195232946
0 k 146 0.09496354390145323
0 l 93 0.0017387771383748918
0 o 79 0.02586760655613851
0 p 68 0.07938535812091996
0 r 74 0.023468142692953498
0 t 33 0.023149532609589407
0 u 117 0.01740345959826184
0 v 11 0.12430766490573464
0 y 1 0.0033299782187199423
0 z 87 0.103509814646089
1 a 104 0.045634886114009454
1 b 14 0.11400175815797575
1 c 47 0.028629360826351702
1 e 0 0.020125220402301358
1 g 145 0.14607789025679063
1 h 140 0.07845842437436923
1 j 40 0.009554668063124439
1 l 82 0.04358309884972489
1 m 79 0.032164354667559736
1 n 72 0.022877995402436513
1 o 114 0.03316065987248196
1 p 11 0.025454303829229308
1 s 71 0.03268551064847702
1 t 78 0.00912957516221069
1 v 52 0.036834127182971854
1 w 55 0.04893667888601638
1 z 55 0.2558725856779769
2 a 71 0.057759306987027914
2 b 119 0.06360095845104718
2 c 12 0.03734177706691422
2 d 62 0.030110126668147275
2 e 29 0.016306747437283664
2 f 117 0.07357954222153285
2 g 98 0.02905831493663713
2 h 129 0.11256205045713608
2 i 119 0.08933352524644333
2 k 70 0.019144296919156867
2 l 57 0.005662955499249889
2 m 120 0.016355475820215792
2 n 64 0.013182379922445753
2 o 122 0.06007584670342314
2 p 124 0.010572800811697647
2 s 59 0.13228682902819155
2 v 105 0.16648221306064015
2 w 89 0.008315997316491797
2 x 85 0.004222851707046726
2 y 67 0.0015130076794089842
2 z 73 0.016341964136194487
3 a 111 0.0358004492704157
3 e 136 0.0849867662489644
3 g 18 0.08551304090975631
3 h 125 0.1521026434426851
3 i 17 0.03095234333598962
3 r 31 0.03777672861869852
3 t 97 0.08993506604811463
3 u 116 0.012464733106105408
3 v 41 0.461615901023119
4 f 76 0.015552734528825995
4 j 32 0.3907091500479922
4 t 108 0.08929438294819281
4 v 97 0.34449340633351844
4 x 101 0.00733362123333936
5 a 72 0.0001887617777580619
5 b 138 0.1287255506750904
5 c 39 0.01739418216307964
5 d 109 0.17028693476310408
5 e 144 0.01739390346742098
5 f 78 0.02025058425185844
5 g 69 0.014781708545614447
5 h 87 0.03494503655696357
5 i 14 0.0056090475943036955
5 j 103 0.014008930589337165
5 k 40 0.024014776210338207
5 l 143 0.02186895037174752
5 m 40 0.02873630654179571
5 n 43 0.0018722752621197492
5 o 23 0.009136705374694354
5 p 32 0.015055770938728008
5 q 61 0.01736323077137436
5 r 69 0.03372052387891966
5 s 47 0.01971711265974052
5 t 113 0.034259394796183895
5 w 131 0.0440811358834281
5 x 49 0.020952259455180755
5 y 92 0.10327408303334795
5 z 53 0.10609347307408767
6 a 83 0.08501102681362405
6 b 114 0.016312608933312434
6 c 139 0.06956478871086758
6 d 108 0.0035476566251113617
6 e 68 0.026771544023432514
6 f 87 0.0273302879033398
6 g 25 0.02933573533587719
6 h 141 0.026212672134092396
6 i 128 0.049261191878178456
6 j 137 0.00968780284107551
6 k 143 0.004955533598738016
6 l 144 0.15417082011549454
6 m 95 0.010247643746423618
6 n 2 0.05295218165489002
6 o 25 0.013148240556806523
6 q 23 0.06698725813565776
6 r 97 0.03752401399950156
6 s 101 0.015720682287288623
6 t 16 0.03231118520739973
6 u 98 0.08536466667211695
6 v 127 0.029316281741641692
6 w 4 0.01222246350222378
6 x 51 0.017300998283466984
6 y 113 0.07009910095596994
6 z 17 0.020288489200997017
7 a 145 0.0781727961937545
7 b 0 0.0919076266788974
7 d 79 0.12904898643411866
7 e 46 0.022511852143490052
7 f 76 0.16205464170219408
7 h 74 0.012745218256070334
7 j 54 0.02831026792652691
7 k 64 0.028386314494418752
7 l 94 0.06989240061387181
7 n 9 0.052037693117435224
7 o 17 0.006283247306827722
7 q 78 0.03201861959119834
7 r 25 0.059277455677082425
7 s 15 0.042312214413067095
7 u 107 0.11779007782302331
7 v 128 0.0004805956264203326
7 w 98 0.018883472405828994
7 y 22 0.02712960350260185
8 a 0 0.00036145629348183217
8 d 88 0.0008988069409237021
8 e 65 0.11705819491327596
8 f 22 0.05071728647746021
8 g 60 0.03599273530193092
8 i 72 0.03625112990660018
8 k 142 0.05463818186241154
8 l 43 0.014855563217823775
8 m 19 0.02524285224012912
8 n 45 0.005495354278087783
8 o 55 0.19812118851070548
8 p 34 0.012387571444102075
8 q 34 0.02444869987732501
8 r 82 0.004267735985586829
8 s 106 0.0720377176028475
8 t 53 0.00023907157088443043
8 u 60 0.010072839792548471
8 v 82 0.02619191182837166
8 x 99 0.2035656612114891
8 y 34 0.007095664820223613
8 z 144 0.051322434567672715
9 c 103 0.0892228152276211
9 i 26 0.33097528015969957
9 j 1 0.1052552138823849
9 p 84 0.13311086228665925
9 u 60 0.24156900523534452
10 c 118 0.14131107277473087
10 e 34 0.06768791789957562
10 i 123 0.03603930214799156
10 k 2 0.03862791798471488
10 n 35 0.29720029676946746
10 x 96 0.2813972115455393
11 b 54 0.06684615228052249
11 c 27 0.13606507280665514
11 d 98 0.08213105699414869
11 f 130 0.20534861632594248
11 h 122 0.05475528229063387
11 i 10 0.04771403237426142
11 k 40 0.13558062726903752
11 o 131 0.05966212159839046
11 t 93 0.0012160091368434989
11 v 135 0.021153610443991444
11 w 69 0.0397162956950291
11 x 143 0.076858376735362
11 y 43 0.006201589886848824
12 c 108 0.02233433210307989
12 d 79 0.07447320964187265
12 e 54 0.22756314426108115
12 f 89 0.05491486898203002
12 j 128 0.07217830608536158
12 l 139 0.012881952327722823
12 m 116 0.008052972135800363
12 o 100 0.03895833916583147
12 p 50 0.07917535774131046
12 q 43 0.1453742897751471
12 r 104 0.09133777093936035
12 s 144 0.07112232563644483
12 u 63 0.0047165342714250436
12 v 19 0.029277686807411607
12 w 54 0.04599188569487034
12 x 3 0.008666964292269985
12 z 129 0.007297107728630459
14 a 24 0.15974324701326603
14 d 99 0.04863982670795963
14 e 63 0.015445094184264319
14 f 37 0.0771436767993936
14 g 135 0.06001651628834337
14 h 77 0.034520261149896925
14 k 15 0.028638436997150074
14 l 88 0.09824430886572
14 n 34 0.01919894524643062
14 q 27 0.05331568862374325
14 t 127 0.00737871990909289
14 u 109 0.033620954982226614
14 v 37 0.07876049165236898
14 y 88 0.05082127883222598
15 b 34 0.09456534699538699
15 d 10 0.02035760950138077
15 f 107 0.09365880912965918
15 h 100 0.026005434749184486
15 i 77 0.0025753953183232925
15 m 76 0.2828773848852454
15 o 119 0.08834933000487444
15 p 106 0.005841622924218859
15 q 18 0.010533748020285727
15 r 114 0.02807501515878863
15 s 5 0.11311159608811805
15 v 105 0.08692245471134785
15 w 121 0.05437014270500051
15 y 88 0.02015027864017538
15 z 76 0.045642475503369195
16 a 113 0.009683187401062998
16 b 120 0.09825689963444173
16 c 49 0.031569985658482236
16 e 6 0.18169628264832627
16 g 1 0.10301854873457239
16 i 79 0.08206305700652028
16 k 17 0.1580057240940812
16 r 115 0.04292546089455662
16 s 4 0.11901157600027001
16 t 138 0.0170999173734685
16 w 16 0.048011722560884484
16 x 17 0.02772545216866651
16 y 27 0.006337973477116177
16 z 139 0.009178737630911038
17 a 35 0.03497585537866721
17 b 23 0.02947268404302872
17 c 124 0.03067945602384936
17 d 12 0.0038406665839223475
17 g 140 0.09419302381644223
17 h 30 0.07058614962673515
17 i 61 0.008681172759554379
17 j 139 0.03003316595545169
17 k 57 0.004029181621755806
17 l 26 0.09486438683646936
17 n 103 0.06908414360004522
17 o 109 0.1011591166288004
17 q 21 0.05762541589823622
17 s 15 0.17131931515007348
17 t 128 0.0013852056331795648
17 v 127 0.020606264027606347
17 x 11 0.09457924226103998
17 y 64 0.028171590879834563
17 z 105 0.04934678889825894
18 k 38 0.2684316225701109
18 u 109 0.2825886019804371
19 a 135 0.0025965364844069416
19 b 13 0.02857557291113
19 c 146 0.012592287009686842
19 e 82 0.040583350894877634
19 f 56 0.0558001282557955
19 g 103 0.02064791222627771
19 h 32 0.21198645190334509
19 i 11 0.013792169253787345
19 j 67 0.14576091086087284
19 k 107 0.15379432051126252
19 l 84 0.016373182336141268
19 m 56 0.0029391795369260176
19 n 107 0.010630083504515553
19 o 143 0.07701763677808915
19 p 93 0.02871967529061037
19 q 105 0.03521449550341316
19 r 54 0.007369449082154533
19 t 26 0.018019821932244384
19 u 79 0.008993338470586476
19 v 129 0.075280465374028
19 w 55 0.016358363207248483
19 z 20 0.006888940157764978
20 a 125 0.04862126688380075
20 b 34 0.05935444638321352
20 c 144 0.027957059467530687
20 d 35 0.00785070307543334
20 e 109 0.0113234191924253
20 g 78 0.00828867849258963
20 h 107 0.013720240187317323
20 j 59 0.016236808422939508
20 k 70 0.0009585812702388452
20 m 20 0.0011629212320987126
20 n 112 0.16554903828111067
20 o 104 0.06844620349431874
20 p 34 0.06714108594790469
20 q 130 0.06432715444223291
20 r 89 0.0706486966333646
20 s 0 0.009260521439174219
20 t 7 0.006050308286794981
20 u 54 0.08221841104354877
20 v 23 0.09625501254070856
20 w 81 0.037587038548809404
20 x 31 0.051194758433408594
20 y 138 0.010239397350475965
20 z 74 0.009417384557239727
22 a 118 0.002286776754954478
22 b 130 0.018041136577931716
22 c 81 0.07785126642595885
22 d 26 0.013631786958562375
22 e 122 0.05129964434670875
22 f 33 0.05306396576676553
22 g 2 0.07047542177353738
22 k 70 0.010222091288550894
22 l 82 0.06953636220332193
22 m 113 0.06440485562441112
22 n 53 0.10831097363461173
22 p 124 0.006041103480883936
22 r 131 0.054807643509882764
22 s 65 0.05241723965021339
22 u 4 0.06334021359311592
22 v 137 0.0591957453388251
22 w 131 0.009643114580339285
22 x 54 0.2105540496240912
23 b 78 0.008217165743031996
23 c 124 0.3046315270324589
23 e 70 0.019836205285938546
23 g 108 0.059669528532050986
23 i 67 0.021777528279116942
23 j 137 0.0001764337563614493
23 k 5 0.02138113652150886
23 m 108 0.11209601181551154
23 n 42 0.0215918692969872
23 o 48 0.0008014498366267775
23 r 58 0.010479799960730007
23 s 122 0.016579881230722404
23 u 53 0.06170114446990593
23 w 5 0.11068979704093007
23 y 56 0.16996783351594424
23 z 15 0.03573513629805547
24 b 106 0.1862450480467941
24 c 145 0.007061137514824289
24 d 70 0.0261909867105381
24 f 84 0.010108184220828043
24 g 107 0.11134686484616474
24 j 49 0.06215660185474714
24 k 58 0.04996853004878832
24 n 63 0.0886141740903208
24 o 58 0.2218196967102668
24 p 34 0.02224687131733205
24 r 108 0.009983048845749853
24 s 78 0.005951147912808152
24 t 33 0.04949338518868396
24 v 35 0.01327463408462326
24 x 119 0.056505729685308426
24 y 97 0.055422339903664075
25 c 143 0.03151080493929126
25 f 114 0.09533667331229945
25 g 21 0.041377240723009745
25 j 66 0.08842992235552627
25 k 70 0.07067264899096859
25 l 10 0.004204114470956144
25 m 6 0.01742428682567032
25 n 74 0.11273349694046109
25 o 5 0.07066624244082043
25 r 54 0.10220913131269904
25 t 88 0.06588509395451636
25 v 146 0.030860733995479173
25 w 6 0.04351545098234033
25 x 46 0.03447672742178687
25 y 113 0.051868465544680276
25 z 108 0.13793660041053235
26 c 126 0.6066709340381942
26 n 7 0.12767134969646343
26 w 129 0.2331109356977873
27 b 31 0.14872173674184086
27 v 122 0.4939823086168671
28 a 103 0.07244102035513234
28 d 119 0.0681484612640868
28 e 97 0.021224975784158828
28 f 132 0.036845342389693725
28 i 80 0.0153962264593841
28 j 30 0.01854412092500024
28 k 106 0.023569231930472667
28 l 145 0.05085226527884612
28 m 36 0.023747280539332616
28 n 84 0.005776348625165739
28 o 12 0.13241907516301676
28 q 136 0.013117958276279817
28 r 108 0.1189849655203502
28 s 125 0.035507673079524515
28 t 94 0.15765645594362565
28 u 10 0.04430390694531583
28 w 88 0.004355188069611993
28 x 43 0.044430755478895745
28 y 97 0.0033135870605341955
29 a 32 0.011862916142913238
29 b 12 0.0701867511905907
29 c 98 0.06501227457471126
29 d 63 0.014154332569963124
29 e 58 0.026352027410087797
29 g 144 0.0033156179134347097
29 h 97 0.05598113670250948
29 j 52 0.05299567282216244
29 k 41 0.0499708440398422
29 n 17 0.048030002327954846
29 o 89 0.06147198942550758
29 q 66 0.11394604863275659
29 s 98 0.02656038369004976
29 t 123 0.1953268169089838
29 x 37 0.06995528740238299
29 y 115 0.07874775229660091
29 z 101 0.030806555183631956
30 d 131 0.30848807958192404
30 f 11 0.24348632956043148
30 l 126 0.012462307232059544
30 p 104 0.14409613107890862
30 q 25 0.27456981184063467
31 l 44 0.40929271118782173
32 a 80 0.019999472488523518
32 b 2 0.010843340912382593
32 c 132 0.049491680997534315
32 g 107 0.05900587942951652
32 i 83 0.03743491130417853
32 k 81 0.04434052106515751
32 l 70 0.07702462586749304
32 n 34 0.13878698832712844
32 o 132 0.008430032908457896
32 p 13 0.0334401278279417
32 r 92 0.09609374794871861
32 s 108 0.06449394801841624
32 t 136 0.06385663242926243
32 u 134 0.09675086398367994
32 v 21 0.02584846439016708
32 w 36 0.03324047326445512
32 x 131 0.0050210784655644325
32 y 146 0.08282058884516841
32 z 95 0.03907306090346996
33 c 42 0.03877662054154862
33 d 110 0.06757419986416091
33 e 90 0.03026479087251477
33 f 27 0.05340099717494484
33 h 67 0.009324840540052781
33 j 12 0.32722529645652687
33 k 95 0.07325047293565101
33 l 113 0.11774926087184368
33 n 48 0.10845017150204561
33 q 113 0.03819097326366383
33 r 41 0.015487515647771066
33 v 32 0.04409868789330307
33 x 61 0.0022823044803214065
33 y 37 0.04690740247284342
34 a 117 0.028924610331904632
34 b 128 0.04215433758052678
34 c 7 0.02782730030355951
34 d 19 0.11856057098486783
34 e 101 0.08417337063471797
34 g 81 0.0935068492149137
34 i 31 0.024881783186805118
34 j 76 0.06499669721496126
34 l 1 0.02872016492831775
34 o 119 0.030025532104075103
34 t 70 0.03588916254595376
34 u 123 0.1990146479811683
34 v 72 0.08186640383352617
34 z 145 0.03271553215467282
35 a 62 0.010249902707278769
35 c 76 0.003115532021551237
35 d 60 0.021391603860723363
35 i 94 0.1153443845118729
35 k 14 0.4625890012359707
35 p 112 0.241064938561532
35 s 7 0.007306348644921634
35 w 33 0.0967663254219131
36 f 102 0.029153379324132533
36 i 18 0.05006991588983778
36 j 53 0.18022029014041085
36 m 87 0.40453075105170855
36 n 9 0.15058981559206674
36 o 18 0.09301974331176865
36 v 41 0.02045055583963129
37 c 118 0.07421303756367181
37 d 5 0.004739537894893897
37 h 143 0.00842014259425361
37 i 74 0.007885762487666592
37 j 144 0.009303318202581567
37 k 85 0.031201923259128073
37 l 61 0.22333805452774447
37 m 38 0.13154366202602807
37 n 110 0.0609382122565566
37 q 114 0.024694049495190384
37 r 73 0.07211968065770169
37 s 119 0.021326206072301068
37 t 10 0.03373061357435758
37 u 88 0.11398507378874767
37 v 111 0.025099253940779276
37 y 126 0.14861767641246793
38 a 103 0.019056689934079052
38 b 133 0.11240666133798438
38 c 107 0.11027426745918201
38 d 27 0.0010363354769745703
38 e 60 0.006707730992134953
38 f 41 0.05918620538125863
38 g 122 0.05843023138765435
38 h 105 0.006853672795373633
38 i 67 0.0012647338234169636
38 j 88 0.046520452942079626
38 k 79 0.025977851207394376
38 l 14 0.0062633781811373135
38 m 57 0.0634996675382794
38 n 30 0.042897341585413806
38 o 53 0.023963291163771716
38 p 117 0.031798438921002536
38 q 6 0.06783536340065899
38 r 128 0.0710456437144581
38 s 20 0.0025073203832035595
38 t 61 0.06863214604866552
38 u 57 0.04428310776242694
38 v 51 0.03527795975755399
38 w 115 0.01499787019269927
38 x 114 0.010676002333342649
38 y 44 0.022259519562674024
39 a 85 0.12124383357525259
39 i 146 0.20717481436747265
39 k 0 0.08476080651088558
39 l 78 0.01286076578106754
39 n 77 0.12212552510346031
39 s 137 0.0012639854464228106
39 u 57 0.1741844872757804
39 v 94 0.013025099280597696
39 w 44 0.058785687032745226
39 y 35 0.053784009022306956
39 z 141 0.13850474106554134
40 a 88 0.001647475449313096
40 b 76 0.03823220048726517
40 c 125 0.05689868370411044
40 d 74 0.05128951948516647
40 g 40 0.021784808826981306
40 h 9 0.033109556574939414
40 i 70 0.011628355833300241
40 j 62 0.030208454510988303
40 k 107 0.07122936257546786
40 l 111 0.06535837334572236
40 m 74 0.009470322456411995
40 n 91 0.0764038833638917
40 p 132 0.032183713258189695
40 r 8 0.004902922030366796
40 s 64 0.07530630692217155
40 t 33 0.04623756224167119
40 u 94 0.026642294610263018
40 w 25 0.07141032903527833
40 x 121 0.05069827339840238
40 y 11 0.10584296688925443
40 z 45 0.05641176643050294
41 a 43 0.09877484519525481
41 b 19 0.025224378481339738
41 c 47 0.07397765902619302
41 d 31 0.011070195992055054
41 e 38 0.04924409615440195
41 g 94 0.026460771708064268
41 l 138 0.06264375124636012
41 m 71 0.003973101630016296
41 o 130 0.06102545039716467
41 p 9 0.14977373197577493
41 q 94 0.023904049175541342
41 r 58 0.04533080520191124
41 s 86 0.0641692109103208
41 t 62 0.0748459044902382
41 v 81 0.1420184717558891
41 w 0 0.013305348695670571
41 x 48 0.012706635643969011
42 c 21 0.13848540805959353
42 e 71 0.1461139754575873
42 f 93 0.2603706158489021
42 g 29 0.08594606031400687
42 i 71 0.06681324899262031
42 o 106 0.18490422798902562
43 a 61 0.1815961041955212
43 c 66 0.0028240504080557782
43 e 2 0.005437094732321568
43 h 58 0.1514781905145871
43 q 109 0.23625850279362248
43 t 144 0.011151532031815958
43 x 138 0.07954840803850616
43 y 97 0.28193672689786464
44 c 7 0.06730462218225874
44 d 58 0.011866795974067479
44 e 79 0.2728077058643349
44 g 124 0.059311238877354566
44 t 130 0.05065392745715447
44 v 34 0.1266879599940134
44 w 6 0.007687521689731858
44 y 9 0.14629367643930535
45 e 99 0.5942299954823818
45 h 34 0.08666335797631342
45 v 97 0.0004579653242526849
46 h 71 0.25872996750823796
46 n 25 0.5011764858963303
46 s 35 0.22728677127305497
47 a 129 0.05027934760264885
47 b 109 0.2571237837288587
47 c 3 0.03828946452336135
47 d 80 0.03374042493768015
47 i 18 0.18568827396089937
47 o 85 0.03472267345836888
47 q 34 0.07150879060785043
47 r 130 0.041417990042754815
47 u 4 0.07470095597895532
47 v 45 0.12475247309555915
47 y 8 0.0436103113353431
48 b 44 0.07371809061140877
48 g 80 0.12352062886082116
48 n 61 0.09084700019956449
48 q 145 0.21717371358859583
48 t 11 0.15894421999759412
48 u 6 0.16494313843701203
48 x 11 0.10480817748510474
49 a 75 0.032037558739250405
49 c 109 0.013217203910143582
49 d 7 0.041686464576624616
49 e 50 0.005097086407873874
49 g 36 0.066424345919735
49 i 25 0.010158840764000754
49 j 55 0.06551276678061335
49 k 129 0.04354011587541562
49 l 44 0.050719960352044846
49 m 142 0.07137785856426604
49 q 94 0.03775013386063297
49 r 12 0.1305632325588052
49 s 39 0.08519885545495709
49 t 146 0.10951028911876237
49 u 116 0.02515552725220327
49 v 69 0.0225591926939962
49 w 63 0.0861449883231985
49 z 13 0.042580292641704265
50 a 76 0.9540367312878518
51 a 84 0.04177610225478978
51 b 74 0.0736919124089398
51 c 26 0.05591916862899393
51 d 76 0.022738450066252303
51 f 14 0.07856188525699204
51 g 76 0.01157055137268892
51 h 135 0.03441441208738116
51 i 117 0.04490663269610229
51 j 13 0.059163027081895914
51 k 11 0.008931626941803272
51 l 107 0.04102719899058649
51 m 69 0.004884020130254019
51 n 92 0.007472608377069201
51 o 92 0.03442156009694297
51 p 108 0.0036303214033095443
51 q 6 0.03720357670331187
51 r 52 0.1921923124850552
51 t 106 0.040401402240372364
51 u 38 8.363114258480575e-05
51 v 146 0.004553433224675718
51 w 145 0.05423870571246525
51 x 88 0.004064673214002612
51 y 137 0.04050246862641271
51 z 88 0.059681599539471275
52 d 17 0.06426869020096648
52 i 138 0.21381520902436635
52 j 117 0.02578195205617284
52 l 49 0.0746645633657913
52 m 36 0.05623877484907891
52 p 84 0.034196039405719136
52 q 80 0.040798422629210296
52 v 44 0.005651428565546346
52 w 0 0.08882049104989787
52 x 146 0.051737756994455486
52 y 67 0.13461162557437534
53 c 95 0.1444977590844122
53 d 139 0.010289230958742124
53 e 122 0.0928435767315241
53 g 90 0.0212069661559271
53 h 82 0.03528987405552231
53 j 10 0.11355288750066583
53 k 64 0.002155545582323226
53 n 65 0.023855671398066436
53 o 26 0.036338296141715576
53 p 55 0.0282371442312519
53 q 13 0.16887684312878293
53 r 94 0.011087073475491538
53 u 30 0.09220091997548696
53 v 93 0.14130033375838014
53 x 5 0.05298482591298603
53 z 1 0.008602608360984587
54 d 52 0.020950522914263137
54 e 37 0.047634759772703816
54 g 104 0.01389018722645985
54 i 69 0.0012710593964504469
54 o 119 0.21258614606690796
54 p 77 0.12757992935739226
54 s 123 0.18438155774053666
54 t 15 0.11465164541420092
54 v 63 0.07065059675553231
54 x 41 0.034597963088137784
54 y 74 0.01270121772288324
54 z 120 0.048074961889087
55 a 61 0.018878811963772835
55 c 43 0.0242014747407443
55 d 107 0.1243718239996936
55 e 136 0.04356878322281188
55 g 111 0.028270460149162457
55 h 74 0.11504171311114175
55 i 16 0.0024065518402380803
55 j 108 0.027522869363326374
55 l 140 0.055171753549355884
55 m 88 0.043619933457787585
55 n 20 0.12787336449012543
55 o 90 0.04964744881627625
55 p 119 0.021590923307633236
55 q 113 0.0009073041476701516
55 s 42 0.04062771622723349
55 u 140 0.018569549031644095
55 v 59 0.12875683099580315
55 w 57 0.02879020360272988
55 x 141 0.001608487533971692
55 z 126 0.07533566088010601
56 a 128 0.11544340779363993
56 b 66 0.03695659926067951
56 c 62 0.016877606102630338
56 d 142 0.09613834050799108
56 e 130 0.025809272659016003
56 f 25 0.00399935429883902
56 g 146 0.05695652146592012
56 h 127 0.02781270769942945
56 i 123 0.03798029290868554
56 j 7 0.15937472238793415
56 k 124 0.015396396633578613
56 l 50 0.00962589463161756
56 m 31 0.004090106337062083
56 n 92 0.01902558542239119
56 o 26 0.006449774633061178
56 p 51 0.001746518121631624
56 q 67 0.052624552299590066
56 r 56 0.020571093402570906
56 s 32 0.00438262075960405
56 u 39 0.03359281171440209
56 v 116 0.031212623010715146
56 w 123 0.026064123151389396
56 x 98 0.0019109469404533508
56 y 1 0.14176681372083466
56 z 70 0.014147728554584682
57 a 129 0.06599317919168535
57 b 74 0.023536369109562805
57 e 38 0.06856001358579289
57 f 12 0.17397474803614288
57 g 113 0.02124725158294838
57 j 114 0.006633576891895365
57 k 102 0.16350033744658266
57 l 84 0.09865900551787343
57 s 80 0.09656293999276244
57 t 105 0.14858531887568982
57 u 108 0.05996212607892937
57 x 101 0.05119761353433894
58 b 85 0.08448967760905468
58 c 46 0.05405038655674088
58 d 47 0.010977370195298652
58 f 135 0.025555479691471872
58 g 143 0.02466313519469654
58 h 89 0.030947850663026633
58 i 6 0.18750253684930018
58 j 69 0.005747288649932125
58 k 56 0.21309279510570067
58 l 131 0.014277087499306562
58 n 50 0.026954875868205663
58 o 104 0.028838270148460077
58 p 0 0.07315141310126483
58 q 7 0.0027846184666573404
58 s 62 0.03621883865033959
58 u 14 0.008222680363750734
58 v 113 0.017399090935888428
58 w 81 0.015436584904777395
58 z 28 0.12304955363739534
59 b 73 0.024150382842815343
59 h 116 0.05790791759049663
59 j 22 0.10905781428105388
59 l 142 0.011858377751454041
59 m 131 0.14818243262952224
59 z 50 0.324083596284369
60 a 8 0.05522231852153625
60 b 95 0.02221561890461443
60 c 140 0.004019111097321781
60 f 137 0.036199816800086326
60 g 50 7.704840161115722e-05
60 k 13 0.1900625643567081
60 m 71 0.009302270445735838
60 n 141 0.013739347948077407
60 o 64 0.16296757831272268
60 q 116 0.0027276611272147866
60 t 33 0.02157738624547645
60 u 31 0.04795970103500191
60 v 80 0.014882150510485914
60 w 123 0.08187698431363122
60 x 24 0.005338193001192759
60 y 86 0.20943508120543874
61 c 47 0.011062796558943266
61 e 112 0.013629187147006339
61 g 144 0.18146896565015547
61 i 34 0.028922294083320144
61 o 66 0.07776783040887936
61 p 12 0.20029085973669047
61 r 119 0.11747139626308756
61 u 114 0.02289063175771111
61 w 17 0.027713993345080956
61 z 61 0.09528502839917086
62 a 13 0.005524999609806569
62 b 19 0.04457107188728404
62 c 94 0.042708690285758966
62 d 50 0.00706994547827966
62 e 12 0.03890065032251888
62 f 27 0.006387434726365604
62 g 134 0.04816567490673951
62 h 106 0.09404159448516314
62 i 50 0.10665195065217581
62 j 133 0.0816733870363614
62 k 85 0.020835062435766383
62 l 105 0.04272246472884211
62 m 107 0.09543497387497302
62 n 107 0.023673473610054452
62 o 61 0.07208981404633097
62 p 61 0.02738471694467204
62 q 135 0.0007999060827748039
62 r 26 0.02062770976785988
62 s 48 0.004714207964144013
62 t 71 0.01532069446127049
62 u 82 0.010633913134698969
62 v 46 0.07543057527231034
62 w 3 0.017731847894834063
62 x 48 0.0762866507290183
62 y 105 0.0045490708503151955
62 z 57 0.0018513275905679416
63 a 76 0.03108949666544525
63 b 9 0.1226344018091513
63 f 78 0.037904268790303286
63 g 140 0.010160665987512196
63 l 133 0.08074315155788903
63 m 79 0.059667300042465565
63 p 126 0.03196867671222958
63 q 138 0.013391276012298392
63 r 43 0.11362426818058557
63 s 18 0.15804361036050563
63 u 44 0.07873442149690146
63 w 80 0.028318705747132245
63 y 19 0.14368048809898537
63 z 75 0.08754744470478026
64 e 33 0.14503851572492732
64 h 15 0.20002789079594185
64 n 24 0.17678948357630653
64 q 67 0.22571245258262607
64 t 12 0.09324149928710734
64 x 93 0.006892192085308224
64 z 14 0.10515125356173338
65 a 36 0.002559701928530833
65 b 127 0.011584619744271274
65 c 41 0.07358206655132205
65 d 28 0.019775177294712898
65 e 105 0.05138744596522471
65 g 143 0.044823676384951106
65 h 100 0.20260143562129296
65 j 1 0.03393805727650223
65 k 20 0.07073079187844478
65 m 112 0.026641845501288564
65 n 9 0.010378267896214544
65 p 99 0.09502415566824696
65 r 111 0.02030326965105289
65 s 25 0.16033634605041014
65 v 36 0.0032662012221327252
65 w 140 0.08454299038980562
65 y 132 0.04309700834425023
66 b 29 0.10908558878772323
66 c 34 0.07107757048201757
66 d 8 0.06633649917660733
66 f 22 0.11245818358124893
66 j 55 0.0469910125835894
66 k 27 0.17475904131490172
66 l 106 0.001094640317983231
66 o 71 0.027056684733471892
66 q 49 0.10685045326100284
66 s 43 0.02247529341532717
66 t 3 0.0010144878225081255
66 u 145 0.07989536832843425
66 v 97 0.010673452719080712
66 w 91 0.08313062267216509
66 x 23 0.020747180125988085
67 b 130 0.08283589873579744
67 e 132 0.02341636166635097
67 h 107 0.14194287134139771
67 j 6 0.05004653889344923
67 n 19 0.004199572382880046
67 o 36 0.11315024230194759
67 r 63 0.06692576753804114
67 s 130 0.14010230699580117
67 v 28 0.00483042759968666
67 x 60 0.16006841162145025
68 a 143 0.07756351557863006
68 e 112 0.6190829006360881
69 f 50 0.05836678039811094
69 g 27 0.22884437948836
69 l 64 0.02051498327574164
69 o 38 0.6368383016129436
69 s 69 0.0012819199867274422
70 a 42 0.06280314713787116
70 b 71 0.011060927994996472
70 c 104 0.02665672232548555
70 d 50 0.038109562489204385
70 f 55 0.04330549549592877
70 g 58 0.0523897513923165
70 h 8 0.12211367027620179
70 k 98 0.0321165341855153
70 l 47 0.17683166636645897
70 p 132 0.008798255538751576
70 r 18 0.03884485744328858
70 s 86 0.12525333490803392
70 w 2 0.02128735209316268
70 x 99 0.08190135348530891
70 z 40 0.11325550483442348
71 c 115 0.014001086300953758
71 d 132 0.0482874509903789
71 e 141 0.018148447717332594
71 s 28 0.26074584226095143
71 u 52 0.13617368434865817
71 x 34 0.3302253155059023
72 b 14 0.019754359262486476
72 f 89 0.03846348509457631
72 g 16 0.049591059803967164
72 h 14 0.0006796900574312925
72 i 122 0.0526104207331064
72 n 16 0.1583621844040547
72 p 61 0.01567567046785945
72 s 62 0.11391151476497785
72 w 114 0.04314068414924577
72 x 102 0.006417308473238292
72 z 146 0.481677632059734
73 e 2 0.2960192542790522
73 r 79 0.40425873568885295
73 s 3 0.006182067528460844
73 y 138 0.1028048772362612
73 z 119 0.10270454392825434
74 a 32 0.055577500888670084
74 b 100 0.04060231327442254
74 c 41 0.09801631693122037
74 d 0 0.013935328416053161
74 g 145 0.11924148596146189
74 h 118 0.03995881494620246
74 j 138 0.189881563523286
74 m 53 0.03979109227939592
74 n 75 0.05691568323014151
74 o 103 0.02353064654171022
74 p 94 0.019369260721555204
74 q 41 0.03785736711316512
74 r 3 0.02998837501015794
74 s 120 0.06733598391291096
74 t 146 0.054433480930311084
74 v 77 0.015611879365286185
74 w 23 0.04657038256464441
74 x 45 0.03090147477200189
74 y 136 0.013391020792731356
75 b 123 0.05463257838186619
75 h 108 0.02163301758010938
75 j 140 0.017009142642907427
75 l 79 0.08545442000338754
75 n 19 0.027393264727315958
75 q 6 0.25593833031124147
75 s 26 0.08261339526555267
75 t 103 0.1641448158006239
75 v 35 0.06883484723388589
75 x 119 0.0665767693815843
75 z 56 0.12617198265721796
76 a 71 0.08659303601899315
76 b 16 0.06571006319081762
76 c 0 0.03746805586960944
76 d 119 0.012275667274248003
76 e 27 0.011325650072612214
76 g 21 0.07362268066615651
76 h 22 0.0037777704993118277
76 i 62 0.02112779553325217
76 j 48 0.048221812717124224
76 k 27 0.0018511254630000362
76 l 84 0.06137959169259155
76 m 111 0.02131895281592655
76 n 109 0.0006719551779109656
76 o 127 0.03980763855383973
76 p 50 0.01220646093619937
76 q 134 0.051087849051516754
76 r 67 0.07400113443273237
76 s 36 0.052343782670961736
76 t 45 0.02567155684058431
76 u 129 0.02554644015975427
76 v 144 0.0767571754175258
76 w 125 0.00022956195519530098
76 x 128 0.041360385720271786
76 y 48 0.08225620130697675
76 z 98 0.003366583676528645
77 a 120 0.04961977617562241
77 b 133 0.017516842642404384
77 c 82 0.14242033116648933
77 d 95 0.07600776769603768
77 e 112 0.04830857346121986
77 f 47 0.048566962417822546
77 g 61 0.0008262189778447393
77 h 126 0.03400977468088606
77 i 142 0.05679349577169801
77 j 79 0.02543048705238249
77 k 4 0.04945000201779115
77 l 24 0.019097911575418958
77 m 17 0.029768851612501535
77 n 15 0.0031548318217913263
77 o 37 0.062353279208828605
77 p 6 0.04920550347129282
77 q 25 0.00636076539693442
77 r 90 0.037168194864331094
77 s 127 0.011891631914575207
77 t 83 0.08760167526537854
77 u 22 0.0020739430059752983
77 v 73 0.05079653637065784
77 w 62 0.0010433544017581786
77 x 40 0.014381553831445015
77 y 111 0.006117047843272605
77 z 143 0.06932188898795855
78 b 77 0.08888770365997489
78 d 87 0.004758135068185565
78 e 15 0.0781491827789631
78 h 23 0.03324315876513828
78 j 65 0.1991637417223927
78 o 80 0.122766870894085
78 p 110 0.0037261447679619586
78 q 101 0.0009587000257005318
78 r 73 0.03762462924203569
78 t 33 0.025253540437238264
78 v 105 0.17663236986769593
78 y 141 0.1105314051760452
79 a 1 0.09912772331784958
79 d 33 0.15066423835211695
79 e 46 0.002157831821121059
79 g 113 0.02847268385893109
79 h 21 0.09441416816664061
79 i 78 0.06733993773653191
79 j 98 0.010135885144115897
79 k 137 0.006449031876191724
79 n 33 0.04438919678820208
79 r 114 0.06204833299131296
79 t 60 0.06438278585937607
79 u 52 0.03678605329374185
79 v 79 0.05121875913250762
79 w 125 0.17127428518221632
79 x 92 0.021335613443877355
79 y 15 0.004288881634748054
79 z 28 0.06964593382554618
80 a 3 0.006019272277808407
80 b 17 0.041092135685887765
80 c 5 0.03869383944193372
80 d 125 0.053518597189775696
80 e 20 0.034380643775280495
80 f 84 0.02288011032868198
80 h 23 0.058398335867668516
80 i 88 0.23624048814062515
80 j 119 0.05789115594612537
80 k 137 0.08282332027450101
80 l 24 0.00403463387267311
80 n 127 0.007766266147885337
80 o 12 0.07143096417817973
80 q 79 0.031864912903357245
80 r 145 0.060070996931009146
80 t 120 0.10376183657734817
80 u 20 0.05110064443471929
80 v 82 0.005787554430635167
80 x 128 0.013725642673552252
80 z 145 0.00872601035262277
82 b 19 0.17016611441521168
82 e 141 0.07778469501252461
82 n 59 0.08008841064188565
82 q 48 0.3271816550725446
82 r 122 0.0534992234882824
82 s 72 0.05259993606191027
82 x 27 0.11892707122319379
82 y 136 0.03349686244624517
82 z 142 0.02715920184683729
83 d 32 0.2250915425530965
83 h 123 0.25591190900460703
83 m 68 0.013556840028339567
83 p 56 0.03903078296591689
83 r 102 0.05467393382870722
84 a 135 0.11682922235954096
84 e 119 0.21742057776585733
84 f 139 0.005463874901172283
84 g 25 0.006190805245538944
84 h 27 0.036110977294356084
84 j 6 0.0008376529760267815
84 k 99 0.026447486675754805
84 m 42 0.12685093854084262
84 o 6 0.05449432788553754
84 q 99 0.017854361897418847
84 t 137 0.13249554692253807
84 v 60 0.08648441175883004
84 w 126 0.11183988587343596
84 x 121 0.012751239645720669
84 y 12 0.0024154935277286294
85 r 101 0.07114488464690016
85 s 68 0.42814702740300115
86 b 78 0.20690933474621087
86 c 87 0.03430177292713976
86 e 17 0.021227461601739384
86 f 143 0.022928567832951496
86 g 131 0.0005817134065881913
86 i 141 0.15352405266437186
86 l 96 0.05386715526075114
86 n 15 0.033088326108621335
86 p 63 0.02480507269914467
86 q 133 0.03436866512048642
86 r 108 0.02160262267869928
86 s 31 0.06885396034582247
86 t 105 0.015639740892238074
86 v 104 0.031319338338980485
86 w 126 0.0037420262117944247
86 x 34 0.005651853273765273
86 y 28 0.027967827777869658
86 z 83 0.12561815686019195
87 d 2 0.04779622979145437
87 e 84 0.04389818245609145
87 g 34 0.04829309820355998
87 h 91 0.15870747622586878
87 i 115 0.029483614839263206
87 k 78 0.1600838627773551
87 l 41 0.048317290090019394
87 n 56 0.10910400637683804
87 r 14 0.0385839542866554
87 s 134 0.07550851166770112
87 t 48 0.0009020793321393716
87 v 143 0.09205430708229412
87 x 110 0.11489660682217895
88 a 78 0.19102209741041687
88 b 63 0.0031796599648400425
88 d 34 0.011664167205259979
88 e 59 0.027029476769722227
88 f 11 0.07481920593282432
88 h 50 0.04715383992543054
88 j 111 0.03186174362805527
88 k 18 0.02170497186925968
88 l 41 0.1745007390781853
88 m 108 0.14123569247184076
88 n 5 0.04583823026501421
88 o 76 0.01638755544846726
88 p 31 0.009873190503510765
88 q 69 0.013812334560698969
88 r 144 0.050782785506281125
88 s 41 0.015298617459833741
88 t 102 0.005247071879368681
88 v 123 0.00502747674856352
88 w 30 0.004173550879013055
88 x 85 0.053376466020987
88 z 74 0.05419579832249943
89 a 140 0.02246312358153546
89 b 33 0.13489089511919305
89 c 76 0.015984356169050473
89 d 16 0.025414884687611217
89 e 122 0.03722800829850448
89 f 109 0.0533912966796144
89 g 15 0.040551947482249995
89 h 49 0.04223132241063632
89 i 19 0.02996894651080062
89 j 116 0.12958081991248838
89 k 110 0.07822559868392998
89 l 55 0.015744980176980117
89 m 84 0.032056327672036145
89 n 71 0.015127659688844886
89 o 40 0.012590766303301693
89 p 82 0.0003231896666566758
89 r 18 0.08849529810650603
89 s 68 0.013772707672908946
89 t 123 0.0275202641366199
89 u 139 0.04750268941827518
89 v 63 0.014657709164997978
89 w 56 0.006119148736871249
89 x 47 0.02183240608406334
89 y 61 0.037462168499173276
89 z 25 0.032566064697715835
90 a 16 0.0006278791581288967
90 b 66 0.004506741466622444
90 c 27 0.13654503979424126
90 d 22 0.013518172688522512
90 e 102 0.13948827606202907
90 f 32 0.0321193299015895
90 g 12 0.007657325362072975
90 h 42 0.018573156112153377
90 i 53 0.0070799623890270835
90 j 84 0.059997023816269035
90 k 6 0.016437277118371174
90 l 112 0.0005580044021913366
90 n 82 0.07943242036316733
90 o 60 0.0025917175166685347
90 p 121 0.04488658705488768
90 q 115 0.05315836775903282
90 r 118 0.04545697499651791
90 s 134 0.0017704382508072491
90 t 84 0.1227012363935166
90 u 146 0.06049016580779221
90 x 142 0.029893795711719018
90 y 129 0.046268017264733285
90 z 11 0.009243043774246562
91 e 28 0.34356259032188896
91 h 142 0.2647220412721413
91 o 97 0.05327793387457913
92 a 29 0.08540231665094133
92 e 66 0.0402746519014342
92 j 23 0.05021209699998053
92 l 7 0.03069571924300174
92 m 88 0.13345007322049152
92 o 28 0.08230680835767312
92 u 96 0.3414689711321356
92 y 140 0.11400785123518153
92 z 89 0.12044856703534834
93 a 85 0.03426411503283189
93 b 145 0.007795552587213761
93 c 24 0.006946818586441861
93 d 116 0.14154902921632362
93 f 141 0.07106194079940742
93 g 132 0.0070899929931343975
93 h 130 0.09515698041878784
93 i 6 0.01374695077660737
93 j 137 0.011453557910390821
93 k 43 0.004731917165502364
93 l 60 0.07805591142419832
93 m 76 0.09101040908754388
93 n 55 0.016710001844847833
93 o 58 0.003527585007614187
93 p 92 0.02638653541091851
93 q 21 0.08404292814202197
93 r 113 0.03625454217780488
93 s 128 0.014940219964077128
93 t 144 0.03006629564643548
93 u 123 0.005686136671604114
93 v 123 0.05706395497454542
93 w 107 0.07207986026356195
93 x 17 0.010467115299998109
93 y 55 0.021693262303495886
93 z 139 0.010784241349803048
94 b 22 0.04309684351466847
94 c 140 0.1480377763063555
94 g 25 0.006228537452931837
94 h 107 0.0753183972678908
94 j 37 0.018223037179286306
94 m 138 0.007514178305928598
94 n 116 0.1913129872492385
94 o 44 0.05439156667632583
94 p 62 0.057911626921271386
94 q 68 0.147875425924604
94 x 56 0.1462515654430253
95 a 77 0.008044889250194864
95 b 122 0.0513267576671832
95 c 12 0.048301985496689626
95 e 15 0.14263135298026852
95 f 93 0.009974766691028591
95 g 61 0.06101459131235032
95 h 111 0.0257387597926233
95 j 112 0.014385344993591898
95 k 112 0.06955111818739301
95 l 9 0.0020797015033849897
95 m 140 0.018200352361428473
95 o 94 0.07896013815229153
95 r 69 0.02046025584516864
95 s 32 0.05369984745294931
95 t 38 0.028133651553547523
95 u 18 0.07283657477763028
95 v 69 0.02507064646567725
95 w 116 0.014695908671218727
95 x 140 0.002627817266392718
95 y 128 0.07922936940281966
96 a 45 0.20870545109838212
96 g 53 0.1357351495257345
96 i 115 0.1759800018839427
96 l 119 0.2504048627875257
96 o 71 0.1562351648689292
96 s 96 0.019166103976204996
97 a 142 0.006581449219416502
97 d 70 0.05768009137303631
97 e 120 0.026326975926955876
97 g 7 0.04408745502876088
97 i 29 0.02724731287356552
97 j 112 0.09138245931420697
97 l 25 0.04776275618670367
97 m 16 0.00016204395659269455
97 o 78 0.08424684962283568
97 p 25 0.22040017861720496
97 r 30 0.09800672445100567
97 s 66 0.01211977922134766
97 x 51 0.08559016852306256
97 y 120 0.04790626059812131
97 z 98 0.12736027448907528
98 a 19 0.09122480316478299
98 d 81 0.0006876467040403123
98 e 66 0.0077650073653007246
98 f 34 0.04678473841002617
98 g 13 0.056247216283572654
98 h 58 0.18458382033212495
98 i 88 0.029221072585279617
98 k 138 0.17801713022528465
98 l 39 0.011431194481579587
98 n 129 0.10715195536468025
98 o 19 0.10659928869208324
98 q 100 0.043271583675838166
98 r 74 0.013541997701694952
98 u 42 0.025821125921397403
98 y 12 0.05388966348146684
99 a 80 0.021829933523580425
99 b 60 0.014711813568909826
99 c 146 0.0014478396964022755
99 d 100 0.06145065395936422
99 e 120 0.012714273201533177
99 f 111 0.0325002350740623
99 g 51 0.0516431529824547
99 h 121 0.022653728190875855
99 i 111 0.019775911398236534
99 j 69 0.20341959536202514
99 k 80 0.06433624609505928
99 l 71 0.053054832885535363
99 m 90 0.06343324917762028
99 n 132 0.013990562653467098
99 o 52 0.01995513473158883
99 p 116 0.002682789519833584
99 q 125 0.021545848186707572
99 r 59 0.00847007160566915
99 s 91 0.010604842090126687
99 t 48 0.044369087510256255
99 u 88 0.06887015947207065
99 v 60 0.041923375315892075
99 w 30 0.06700372169509838
99 x 97 0.013884734591299908
99 y 19 0.021767677257869544
99 z 124 0.017827333786284094
100 a 81 0.005115872219113582
100 b 89 0.03206552398994045
100 c 99 0.004735024624339057
100 f 6 0.0303659252220706
100 g 77 0.008650893683548988
100 h 92 0.006698694390205651
100 i 42 0.1440263568622261
100 j 59 0.006459989955748369
100 k 10 0.009991211850558401
100 l 22 0.01053784405532121
100 m 115 0.031038536423971586
100 n 96 0.03943357460319019
100 o 77 0.09010134673116432
100 p 86 0.008001099043869031
100 q 66 0.02233712549921063
100 s 36 0.07981978359708919
100 t 136 0.00039425445045671026
100 u 86 0.02152137493106654
100 v 55 0.10164767126393459
100 w 37 0.14101559543372977
100 x 142 0.04060564146371859
100 y 141 0.05729728267231127
100 z 16 0.003935398029838666
101 g 126 0.05954263763093848
101 i 77 0.027349701711509522
101 j 97 0.2572162209065967
101 n 63 0.05528525106444826
101 o 88 0.006430817040936065
101 p 98 0.1359176311545789
101 q 106 0.15378400477419696
101 r 36 0.2268193248003889
101 v 97 0.06576101553411962
102 a 102 0.013925096810129878
102 c 64 0.061725257763648345
102 f 32 0.01305943266424292
102 g 126 0.0004733392662307212
102 i 6 0.002197219102264336
102 k 88 0.0029389117912566043
102 l 13 0.052478918619170534
102 n 134 0.033768618131618355
102 o 98 0.16394695248189017
102 p 137 0.06685796542255784
102 q 64 0.01423065039960647
102 r 137 0.14382970118990146
102 s 99 0.06335349205907892
102 t 120 0.02298871643143552
102 u 136 0.03951133260479345
102 v 4 0.12406591293527358
102 w 110 0.05305874198056515
102 y 99 0.0769224145036902
102 z 48 0.0023804250304055863
103 b 66 0.01901008478774857
103 e 57 0.289723870286718
103 g 134 0.12886754073362816
103 j 120 0.0529658304612165
103 k 62 0.04891606544333538
103 l 103 0.049811277543992394
103 n 98 0.06424326722954643
103 y 50 0.22251108171794654
104 a 41 0.038604089278312714
104 b 33 0.2440009391995298
104 j 8 0.31853180678417337
104 x 30 0.20916148726068529
105 d 33 0.4709143819034227
105 x 58 0.46030876416934896
106 d 66 0.25896113637046214
106 g 134 0.07100256069861621
106 k 40 0.025567576273599624
106 l 124 0.047517447300648996
106 m 52 0.3650079985419168
106 q 6 0.1332874070206974
107 a 144 0.005853885845469975
107 b 37 0.06721894636570802
107 c 15 0.014945870874820799
107 d 44 0.003058713811317726
107 e 66 0.010115674194361879
107 f 3 0.003939958384082121
107 g 30 0.06073601038406706
107 h 89 0.0006556042426262287
107 i 73 0.0090153905553374
107 j 4 0.00592932491634901
107 k 116 0.050066319259583825
107 l 129 0.003935468434394962
107 m 85 0.03123474911285007
107 n 47 0.016468088787447765
107 o 62 0.05644304707435255
107 p 72 0.08541733705147148
107 q 78 0.044566853657352135
107 r 56 0.06230980082717663
107 s 107 0.006127286830396983
107 t 65 0.003586756613462194
107 u 45 0.07107569523833779
107 v 34 0.11971617382082089
107 w 67 0.012983538093859104
107 x 42 0.01824040871691035
107 y 33 0.003381697428788466
107 z 79 0.06689502779417322
108 a 61 0.08622326672254321
108 b 107 0.007740381028149668
108 e 54 0.19985300016958552
108 f 89 0.0012970149353854765
108 h 71 0.035417880199104634
108 j 66 0.051955219978816025
108 k 127 0.12313500502423447
108 l 71 0.005713950278095736
108 m 51 0.012881957881139883
108 o 73 0.015314298218291444
108 p 82 0.0506564953155757
108 r 30 0.003714443152931568
108 s 111 0.02586834869957666
108 v 77 0.12220582138380198
108 w 110 0.017057102022124848
108 x 10 0.09341718623603845
108 y 13 0.001942447401280245
109 a 2 0.009685251144547768
109 b 73 0.1268395477492239
109 c 37 0.059473621836558355
109 d 30 0.06525483537014065
109 g 129 0.04464090635623652
109 i 120 0.020300559755654923
109 k 13 0.01681760596891524
109 m 79 0.035245776065784606
109 o 30 0.09213930351723698
109 q 114 0.1989622413209423
109 r 80 0.008620932115472324
109 t 40 0.09101866607322406
109 u 115 0.11562722983947271
109 y 33 0.06447860247421644
109 z 126 0.008785219125706178
110 b 71 0.20002667582676725
110 t 43 0.16808336871740437
110 u 53 0.20241580200567233
111 a 86 0.07325096500619743
111 d 82 0.00021710756742754356
111 g 136 0.06522022175017983
111 h 133 0.10320326220194964
111 i 136 0.04039143224890518
111 j 48 0.0009619306822568063
111 k 58 0.029045337474679522
111 m 48 0.0009703874643350874
111 o 24 0.015421861571410012
111 p 65 0.007817414659288202
111 r 12 0.0295603497113327
111 s 19 0.03358937058047107
111 t 126 0.008065955415096027
111 u 67 0.161508355017848
111 v 100 0.07789300585317382
111 w 49 0.07076805365303296
111 y 31 0.04606244487340605
111 z 17 0.1392134789541256
112 a 9 0.021391039891737407
112 b 90 0.011940325842282218
112 c 0 0.0077490993217743664
112 d 39 0.032364144472904144
112 f 70 0.031293482223796576
112 g 59 0.010890213485807876
112 h 90 0.01183706851920463
112 i 96 0.09111659996393784
112 j 98 0.025091699845328996
112 k 12 0.1300449584533987
112 l 7 0.0010260831053786612
112 m 146 0.021655051419835702
112 n 57 0.0472173036671949
112 o 74 0.05358546098238559
112 p 38 0.03331845445485759
112 q 111 0.08458470924076622
112 r 72 0.051012797597285275
112 s 108 0.06837410787061204
112 t 88 0.032839510352626
112 u 56 0.014067170194389744
112 v 80 0.004959959618504151
112 x 71 0.005711086287379263
112 y 127 0.009692940467052047
112 z 4 0.05381023132494267
113 e 135 0.04992743566886637
113 f 129 0.11120126110200457
113 h 83 0.04505744731146155
113 k 104 0.061620602377339684
113 t 31 0.48134503751937463
113 v 11 0.10348924053225417
113 y 75 0.11993813025871025
114 f 47 0.18148298350414405
114 q 80 0.5240526388226522
115 b 49 0.11349551584894868
115 e 11 0.010085098873905629
115 j 58 0.11040633136898137
115 m 48 0.12257015163699136
115 o 18 0.015673265592550778
115 r 100 0.039538692506092876
115 u 138 0.11910474222634226
115 v 1 0.11337004966268582
115 w 83 0.12268050908580608
115 z 75 0.09621394952344664
116 a 22 0.24613005749581784
116 b 6 0.01405640692113408
116 d 6 0.07916542826852824
116 e 88 0.19311063435326736
116 q 32 0.18137752171699906
116 x 42 0.03640599630676056
117 j 85 0.10091938624276975
117 m 29 0.19782559147214873
117 s 123 0.03215802918271582
117 t 138 0.21906673762702444
117 v 105 0.11745879203271659
118 b 126 0.05348201163875066
118 c 43 0.021358310547078263
118 d 128 0.08594379392980889
118 g 5 0.14699570662117478
118 i 142 0.03008384067279979
118 l 112 0.19403548453187203
118 m 17 0.0023933339733441805
118 o 29 0.14969867205555554
118 p 107 0.07712089577136161
118 t 21 0.19119624587236017
118 v 104 0.005347507275445751
118 w 70 0.020659725617178437
119 a 40 0.015193402730218408
119 b 31 0.04345173162704641
119 c 101 0.011985889030221353
119 f 14 0.03301013515118578
119 h 144 0.0650629534772108
119 j 131 0.007940161347543828
119 q 138 0.004018037647638639
119 u 77 0.11267391265251325
119 v 3 0.3248342562362637
119 w 100 0.01767103340199616
119 z 34 0.2624655384822133
120 b 2 0.023992232531193092
120 c 112 0.007173209368847244
120 d 135 0.07624628939013023
120 e 97 0.034434393063398794
120 f 112 0.010399979731138598
120 g 19 0.09980403644057056
120 h 95 0.009623289359023679
120 i 32 0.029328409040668357
120 j 120 0.019287969663249416
120 k 26 0.10982903263430954
120 m 15 0.012067209900763931
120 n 8 0.004414049959693522
120 o 115 0.2133785879389467
120 p 53 0.03889576515276594
120 r 45 0.02391362441449263
120 s 69 0.0003379022419254252
120 t 135 0.01449563602287951
120 u 34 0.017429019475212915
120 v 89 0.14675547500802932
120 w 40 0.012124577975446083
120 x 108 0.0035621066055655515
120 y 110 0.0399739527298788
120 z 134 0.02985396571026866
121 a 128 0.0072541451975524085
121 b 6 0.0832896779685206
121 c 104 0.00799918344620898
121 d 76 0.027638449196029535
121 e 6 0.014750287820488706
121 f 43 0.022916633189375868
121 g 31 0.045787612488380924
121 h 65 0.02375055029445905
121 i 32 0.012352353569312524
121 j 1 0.01833273602347074
121 k 0 0.05893889045470102
121 l 94 0.0007420045877535308
121 m 28 0.11366664608339738
121 n 47 0.029314112129831593
121 o 39 0.027697797317845718
121 p 135 0.0030150631812188022
121 q 119 0.020839972747708102
121 r 120 0.1332271996483716
121 s 12 0.10468205558128163
121 t 73 0.006477226831144489
121 u 7 0.03478081457730686
121 v 12 0.08235581743942877
121 w 34 0.07100514305198335
121 x 39 0.012418686390381017
121 y 16 0.010314844212121144
121 z 146 0.022786650597765856
122 b 23 0.02934810591526571
122 c 82 0.033626961390916144
122 d 127 0.013694772823620416
122 e 58 0.08895437825354369
122 g 116 0.0400427943014503
122 h 10 0.06321666748851096
122 i 91 0.053347741050588815
122 j 132 0.10415669942911909
122 k 63 0.063687402756056
122 l 102 0.04045459977924659
122 m 28 0.05901443710668308
122 n 133 0.016938756047866432
122 o 87 0.014173511087968715
122 p 28 0.03648198458825236
122 q 16 0.033672320427523994
122 s 11 0.033026938828216945
122 t 105 0.010682274718996743
122 u 25 0.06787636149023646
122 v 17 0.01647050837698527
122 w 88 0.0463967050241646
122 x 45 0.0010920180965002801
122 y 123 0.07214259712301774
122 z 27 0.03141859486640863
123 a 93 0.003300729752850673
123 b 130 0.13519318471292663
123 c 120 0.04199156740729115
123 d 131 0.040179708846056594
123 e 71 0.01318893829620349
123 f 22 0.05529219384169437
123 h 106 0.05636118396375922
123 i 109 0.0060409299039744235
123 j 57 0.07151461210907228
123 k 60 0.02521617422379352
123 l 88 0.031944158618856466
123 m 138 0.002753375212444009
123 n 65 0.015784636286249598
123 o 108 0.0026784921348412816
123 p 146 0.12390877811017331
123 q 77 0.06834363511957886
123 r 100 0.0717342883912635
123 s 124 0.0023289396896729597
123 t 136 0.01688187606332825
123 u 115 0.017069570532916356
123 v 5 0.035874382758130596
123 w 76 0.002805304840193368
123 x 45 0.03808011153299118
123 y 79 0.017030172175082958
123 z 143 0.040844847482300994
124 a 13 0.003003155565109883
124 b 13 0.043756752504614416
124 c 109 0.008391272340520728
124 d 38 0.15594884967010425
124 e 16 0.006955220965964681
124 g 2 0.1636626145184552
124 h 42 0.054543785631417374
124 k 40 0.008898586722723256
124 l 77 0.02245408056994236
124 m 109 0.004430003603753785
124 n 127 0.03344694998899611
124 o 114 0.003718053312045222
124 q 95 0.17824236125727788
124 r 5 0.04609968468074843
124 s 85 0.03176058238996782
124 t 122 0.029455269283125696
124 v 69 0.09397696604320793
124 w 9 0.024040987471916964
124 x 136 0.04821098989699213
125 b 86 0.11575973644742421
125 d 76 0.013000994926124942
125 e 126 0.10744201011726373
125 f 141 0.019280541358157155
125 k 63 0.1101646971850152
125 l 52 0.033081675387185316
125 r 5 0.08475859981587175
125 u 83 0.04140972347406269
125 v 11 0.1524382211427171
125 w 64 0.18476557646792346
125 y 101 0.002638259899800821
125 z 106 0.06978888077557333
126 a 6 0.056411619439104554
126 b 134 0.008137350234452834
126 c 37 0.03952394314179719
126 d 4 0.13438801179347404
126 e 134 0.01783086587580973
126 f 117 0.032790218719470854
126 g 132 0.010984129748714433
126 h 109 0.027505623019177805
126 i 4 0.006097421405174774
126 j 58 0.0027680796259365037
126 k 15 0.024250955918527217
126 l 106 0.013927641692922932
126 m 104 0.0805446672048502
126 n 52 0.05721396007307833
126 o 91 0.11203352187471316
126 p 70 0.017179125055231226
126 q 88 0.027505509964387387
126 r 129 0.005760407660992617
126 t 31 0.006975108677138686
126 u 133 0.0008234676394186513
126 v 112 0.060864123517058055
126 w 10 0.04697966270199516
126 x 122 0.028854841945415544
126 y 59 0.10724406495528804
126 z 129 0.05346261517483386
127 b 83 0.04877197905451436
127 c 143 0.009552686800621268
127 e 26 0.008757356154481477
127 h 4 0.020257338081393295
127 i 141 0.10297048839854328
127 k 73 0.007999765537543113
127 l 135 0.018222024157426797
127 m 115 0.07106221336925178
127 n 88 0.18001393652527375
127 o 94 0.0016132141173903491
127 q 24 0.08156635902044684
127 r 82 0.016568073864613453
127 s 95 0.03129591001583998
127 t 38 0.058631035257913244
127 u 1 0.0737322975466953
127 v 58 0.10105805430072934
127 w 8 0.013628577491039073
127 x 23 0.07891241335226984
128 f 46 0.7605659695094796
128 z 114 0.09870588341780151
129 a 67 0.04168756634408266
129 b 37 0.1366695323079209
129 c 2 0.0763151569606143
129 d 98 0.011681196415966655
129 e 49 0.03764796131634274
129 f 143 0.043448110982822086
129 g 22 0.03822936054262949
129 h 87 0.01529465393000562
129 i 107 0.011580820299763261
129 j 82 0.10561730959496585
129 k 32 0.011192377850920865
129 l 118 0.056434326799679524
129 m 106 0.021491949121249743
129 p 79 0.004053886815775232
129 r 81 0.0454649691124529
129 s 99 0.020416755720897073
129 t 72 0.0499554836771231
129 u 121 0.03099116373654165
129 v 100 0.006999265353299422
129 w 75 0.0013337397025283693
129 x 72 0.1037794953041361
129 y 40 0.03075148682030837
129 z 129 0.037460157312983466
130 b 25 0.08987659879463561
130 e 36 0.03909070877984344
130 f 30 0.001781840709082605
130 g 130 0.05384141369867523
130 h 109 0.04322338397010683
130 j 76 0.006769649020347934
130 k 70 0.04400196508689069
130 n 52 0.014173250693814032
130 o 52 0.13760301183078882
130 p 126 0.012944764261637154
130 q 138 0.0025233966006975583
130 r 55 0.1503137452139509
130 t 6 0.12342327981343237
130 x 56 0.007062770634281512
130 y 18 0.16419936343196873
130 z 55 0.0480042734099283
131 b 34 0.053100793467667495
131 c 18 0.0024349030796976256
131 d 26 0.016757637612645038
131 e 68 0.03802094725151728
131 f 67 0.03286529200581645
131 g 74 0.009012379850921848
131 h 76 0.04659449928344783
131 i 8 0.014446367843151786
131 j 101 0.04541497657956095
131 k 70 0.09779820138528827
131 l 38 0.024231844684518444
131 m 64 0.07449448667224379
131 n 36 0.020286922250685957
131 o 57 0.034652538173850944
131 q 137 0.036633280011943214
131 r 22 0.03743263668665553
131 s 1 0.09556020347652161
131 t 11 0.007748552924451757
131 u 19 0.15634165868820382
131 v 139 0.0315321860629747
131 w 137 0.01678793288870617
131 x 6 0.07527242585645777
131 y 48 0.0024204171773517524
131 z 3 0.02580443711842173
133 a 12 0.008820221184511534
133 e 3 0.015093760725799599
133 f 4 0.2065349150270983
133 g 51 0.0012253036529817907
133 i 35 0.23009374378055147
133 k 52 0.014345096034732885
133 m 121 0.027262652220812478
133 n 78 0.11676305688498623
133 p 31 0.024875123506451935
133 q 3 0.033253245874102944
133 r 67 0.0051968943057006944
133 v 29 0.1021497147191478
133 x 101 0.19467866817710322
133 y 52 0.0003883473031959239
134 a 82 0.044557534208842786
134 c 42 0.015931827540064614
134 d 27 0.02228512387801984
134 g 58 0.28571598505107854
134 j 109 0.1954460877631108
134 t 100 0.16445603099089567
134 v 126 0.07335751843914695
134 x 99 0.0776543450270959
135 a 6 0.0018395700108376767
135 b 132 0.03132572940870826
135 c 85 0.0021641115461420446
135 d 141 0.013699046327652842
135 e 78 0.1677661473831159
135 g 47 0.03824308997895587
135 h 85 0.00408735129609239
135 i 89 0.034235022173679464
135 j 51 0.03292104934554718
135 k 84 0.010553563952869105
135 l 69 0.08928136865178549
135 m 30 0.03426923176272967
135 o 32 0.08119059175029009
135 p 20 0.06654651335886475
135 q 104 0.058669706665186006
135 s 44 0.14268929125855723
135 t 9 0.003445973762606025
135 u 90 0.02848170783322579
135 v 143 0.03867394191805151
135 x 2 0.020773695509621937
135 z 91 0.008399058848610363
136 m 79 0.8135084720386871
137 a 78 0.07402957696752988
137 f 25 0.03900707397269987
137 h 7 0.05089578848623966
137 l 40 0.09392466446830172
137 n 123 0.05492347848066925
137 o 100 0.05754634381529378
137 p 27 0.1968475090955969
137 s 22 0.023864336317823698
137 t 106 0.16380708108437114
137 u 22 0.10095082882175088
137 v 6 0.0064906602999214025
137 w 0 0.04041202605238914
137 y 106 0.038270686827575506
138 a 136 0.14158586891009795
138 b 56 0.0648056092373881
138 g 2 0.05046751341760136
138 h 11 0.1091594430139482
138 j 48 0.025174901426469498
138 l 96 0.010536569189965372
138 u 59 0.31569205432165337
138 w 20 0.13305247972231082
138 x 112 0.01772894598853847
138 z 8 0.010011791962920458
139 h 110 0.20957588605293742
140 b 135 0.10173449095819487
140 c 82 0.09649645002175067
140 e 59 0.01839450194652792
140 g 43 0.12009049578633024
140 h 59 0.029261938211736283
140 j 134 0.05387703712503489
140 k 101 0.1791926327021791
140 l 59 0.040904064210919966
140 m 70 0.00861545469495828
140 o 142 0.041895676393828074
140 p 37 0.06888415304779671
140 q 9 0.017294919810089238
140 r 34 0.013940751156574005
140 s 62 0.04570843012796322
140 t 88 0.0423738996644365
140 v 104 0.010010049826168932
140 w 119 0.05563773371441383
141 c 113 0.18049396902988935
141 d 86 0.003363213601156323
141 e 39 0.13332259913866307
141 f 56 0.06503247422028469
141 g 58 0.0705667244341498
141 h 104 0.0823246807109711
141 k 83 0.212487028636535
141 l 50 0.008720224554086164
141 p 69 0.06048276637982697
141 q 93 0.03728239085961016
141 r 19 0.006314552537561302
141 u 19 0.05195888268808424
141 v 76 0.0007931601954743739
141 y 110 0.08251380736049274
142 b 3 0.06735082062792608
142 c 102 0.002060218845848394
142 d 20 0.06305713585097106
142 e 96 0.001439422245573252
142 f 102 0.004249072403655796
142 g 22 0.1055914615560597
142 h 91 0.016349371833104365
142 i 27 0.039399960521036226
142 j 46 0.00391848231271541
142 k 50 0.05998898498592187
142 l 69 0.033475311529082785
142 m 90 0.005511087658317204
142 n 30 0.009824401820486606
142 o 93 0.09186147306137227
142 p 26 0.01137806652158524
142 q 60 0.06624719232952814
142 r 7 0.00018044705069453215
142 s 134 0.06613926625091149
142 t 80 0.07909615502339018
142 u 134 0.05937287613115361
142 v 8 0.022793090108505498
142 w 26 0.051344206058730024
142 x 8 0.029444777743688255
142 y 77 0.07993099927830938
142 z 0 0.0038721646801588294
143 q 60 0.5838375912028396
144 b 115 0.09391821493476371
144 c 117 0.031407495657644446
144 d 53 0.0016982508567233712
144 f 4 0.10095590510068686
144 g 131 0.00326737963461865
144 i 131 0.018202911549892842
144 j 76 0.08027728637872344
144 k 9 0.0024506577698512055
144 l 31 0.01945535744278193
144 m 72 0.017928731652692598
144 n 20 0.01415699278496474
144 o 145 0.06865032936047566
144 q 128 0.14134358417145476
144 r 82 0.01914181309182683
144 s 17 0.09655532745402196
144 u 67 0.10235555192670942
144 v 68 0.002197608391555028
144 w 75 0.014514167635189201
144 x 11 0.044357271836121814
144 z 101 0.10919597529693237
145 c 72 0.03640489302273697
145 d 30 0.011739405821621585
145 e 115 0.008541599086326124
145 j 138 0.0488717892981545
145 k 76 0.036180538448423616
145 l 100 0.08902327725694537
145 m 58 0.03721468280985274
145 o 118 0.13732179928304022
145 p 143 0.05780124744847248
145 t 86 0.0076227998747321335
145 u 141 0.004864052142419251
145 v 105 0.06388786800504453
145 w 63 0.027888550356264252
145 x 121 0.05067656125126119
145 y 71 0.33985241792861387
146 f 116 0.2469638493488715
146 g 93 0.004828589810833672
146 i 74 0.2534283662438509
146 j 131 0.11236706451097955
146 l 76 0.2105501018585162
146 m 36 0.02380559139944316
146 s 75 0.01661081848173107
146 z 45 0.024072972353349265
