73 26 921
0 0.03773534917960475
0 0.026515442654039934
0 0.010218549639183117
0 0.0873899753407199
0 0.11753841527151498
0 0.008232284205688
0 0.03265616022771611
0 0.06851527248803779
0 0.03711889406259761
0 0.008300713621387401
0 0.20571001046830684
0 0.10606328116844976
0 0.04953854813710645
0 0.17495579252301352
0 0.06539821160121484
0 0.1553344384695795
0 0.4900286497477041
0 0.12562104842655009
0 0.01774724007822792
0 0.12589682732783136
0 0.1077064481879888
0 0.03293092927499641
0 0.4573696640255851
0 0.018015073426869033
0 0.0488832382510781
0 0.13418262609241394
0 0.3289641570307633
0 0.06473418094227834
0 0.06277592544605415
0 0.07913124688591033
0 0.0823675867347825
0 0.029200450416464352
1 0.013955169162484182
0 0.6920450029311216
0 0.008521226687068895
0 0.0435718877293404
0 0.06535803322007239
0 0.12692452362797724
0 0.14124753012922975
0 0.4332334723804825
0 0.09949409080389182
0 0.04037203580093407
0 0.05491258417114053
0 0.02248861282362491
0 0.016432463744452397
0 0.024383019398915073
0 0.023956302429798737
0 0.01678083981151146
0 0.011730889181649662
0 0.029086573342343103
0 0.0541561370393191
0 1.0
0 0.00632209639126835
0 0.0007307420742315163
0 0.015060592304315223
0 0.016870082893115312
0 0.0025531253291313227
0 0.5021309619820499
0 0.48654171091739284
0 0.0011700318987269975
0 0.024278532214585424
0 0.01047196576059517
0 0.6907753107738891
0 0.035764981876381996
0 0.022724390631263858
0 0.005118005187295993
0 0.13525665667390396
0 0.025916119782189995
0 0.03574720791648334
0 0.008982665416491509
0 0.030298885367147088
0 0.264397839101835
0 0.042151901735015596
0 c 17 0.08888264328018813
0 d 59 0.19543815970572376
0 f 58 0.19297164211161077
0 g 7 0.058732515877458535
0 h 36 0.020151658517244653
0 j 23 0.020759757591187866
0 k 64 0.07575163308356736
0 n 11 0.003615959633354593
0 o 26 0.09969013886055844
0 p 42 0.05095909122316733
0 u 22 0.023717648198371077
0 w 15 0.13159380273796273
1 a 37 0.022624112444329714
1 b 17 0.05574552363397045
1 c 41 0.02987118313587156
1 d 8 0.01972391620507541
1 e 48 0.007497423425184002
1 f 25 0.00022279032931260545
1 g 3 7.268613099309373e-05
1 i 2 0.06032106962484485
1 j 43 0.079895266693499
1 k 44 0.010439270434961179
1 l 29 0.0016714914933368963
1 m 25 0.04813952425752033
1 n 10 0.021747967049384642
1 o 8 0.0005948853779129681
1 p 30 0.07337948689018559
1 q 15 0.09771626359848029
1 r 2 0.0007078651589917939
1 s 66 0.003946023063680415
1 t 66 0.04850928517597741
1 u 16 0.1408477161497914
1 v 35 0.04493478822077557
1 w 39 0.007446396314039649
1 x 55 0.025001926970356636
1 y 1 0.07849443914100729
1 z 39 0.09393325642647732
2 a 17 0.019472201315207105
2 b 12 0.02812053356099331
2 c 38 0.014572536093854782
2 d 27 0.022337084280470765
2 f 9 0.14691599352569407
2 g 9 0.17976214696488702
2 h 69 0.017769846362547637
2 i 58 0.0625862563330043
2 j 28 0.01897578303291858
2 l 51 0.0438859672418328
2 m 54 0.001951287537807378
2 n 38 0.007806931863309496
2 q 17 0.11280580216833047
2 r 60 0.14646591249218366
2 s 53 0.0331752916078919
2 u 48 0.03190876512905272
2 v 1 0.037253216603040706
2 x 59 0.001230294710209745
2 y 2 0.040627569494528726
2 z 22 0.022158030043051724
3 a 18 0.0033832036907646135
3 b 14 0.17861135521348792
3 c 22 0.03362479429097798
3 d 46 0.014089861185408337
3 g 66 0.0583813458914495
3 h 57 0.06863348951479487
3 i 33 0.005407113884777104
3 j 48 0.009111441172255264
3 k 0 0.1166043188819954
3 l 52 0.018142179028229233
3 m 63 0.1197049528872981
3 n 47 0.00929327811531
3 o 46 0.12529854222252113
3 r 65 0.020884801595213442
3 s 48 0.00709494336968608
3 t 52 0.09073588174851566
3 w 10 0.03205178463382807
3 x 7 0.0007577278357628892
3 z 59 0.0007990094970045103
4 a 15 0.03755179694252031
4 b 19 0.011656504040411741
4 e 71 0.02544329328973327
4 f 6 0.07648145843404008
4 g 5 0.007311160400358063
4 h 18 0.06564959715765617
4 i 62 0.05193000790912905
4 j 51 0.046456853703723655
4 k 60 0.0555575053716878
4 l 27 0.0023172271108048426
4 m 54 0.019773239135402076
4 n 24 0.020228145404128095
4 p 2 0.016945530512769702
4 q 28 0.0525090168243294
4 r 25 0.06187292071440009
4 s 32 0.030386602594763445
4 t 72 0.04482568145127164
4 u 54 0.029159556792484942
4 v 60 0.04030769331400064
4 x 36 0.011268662015067044
4 y 57 0.01651599740646803
4 z 20 0.15831313420333493
5 b 40 0.05774027339687693
5 c 61 0.14492911048053103
5 d 44 0.04733482931714328
5 f 33 0.020611531847796516
5 g 56 0.037210791336624305
5 h 59 0.1238329795431301
5 i 13 0.00022760187809711674
5 j 36 0.022175745237229205
5 k 1 0.11363569005043284
5 l 58 0.031069191277731778
5 m 53 0.0038483559384181465
5 n 35 0.03105207920721087
5 p 58 0.03501603994163449
5 q 23 0.044964059425185554
5 r 13 0.04315374210795653
5 s 52 0.006951141952408868
5 t 11 0.0014538533700256817
5 u 61 0.002762656243197048
5 v 6 0.057124963787022365
5 w 62 0.006639959776394533
5 x 36 0.1056800802782959
5 y 45 0.05435303940096892
6 a 22 0.018847957063379273
6 b 32 0.03221868429872232
6 e 6 0.0049704336664344595
6 f 69 0.10193519130204343
6 i 42 0.0045771039164635985
6 j 48 0.05380139264832118
6 k 34 0.0005185387496775551
6 m 30 0.004290375564526161
6 n 60 0.06654023137688647
6 o 67 0.0217418124318427
6 p 29 0.15284380656766616
6 q 27 0.05491547535058172
6 r 23 0.03632784240954989
6 t 29 0.14227045986471243
6 v 51 0.004965136226670053
6 x 71 0.10278033720774693
6 y 45 0.15325581704716706
6 z 65 0.010543244079892489
7 a 42 0.057587277837289674
7 b 15 0.007175548174025548
7 d 1 0.005821169248150682
7 f 35 0.16976628725497656
7 g 71 0.024392886351258358
7 h 21 0.03292557472744417
7 i 0 0.01241739489130822
7 k 46 0.021155073476033293
7 l 41 0.04133034957195281
7 m 58 0.010650227724900319
7 n 50 0.18176179914477386
7 o 40 0.012509446814814917
7 q 57 0.11176280555302542
7 r 50 0.08889831584741359
7 s 22 0.03394065223952314
7 t 51 0.0009865294871808095
7 v 62 0.0322871677854617
7 y 24 0.08611622138242914
8 b 30 0.007576577633570558
8 e 56 0.00796565774291147
8 i 2 0.026393355651658457
8 n 9 0.01686964366187882
8 p 28 0.2548757330911038
8 q 26 0.44358059817708995
8 r 71 0.07949089659525577
8 v 72 0.07024383675721269
8 y 64 0.055884806626720906
9 a 55 0.08640777866214666
9 b 58 0.09031142006815174
9 c 68 0.15781638140078724
9 d 19 0.0073008078223514294
9 e 47 0.05239271413414015
9 f 71 0.019202044173205812
9 g 65 0.0033305242988380668
9 h 48 0.014865260400661606
9 i 3 0.05785754919327424
9 j 71 0.0008921948480418163
9 k 24 0.022523310567180488
9 l 2 0.06162513152769045
9 m 68 0.009132154864372466
9 n 8 0.016514452189824058
9 o 14 0.020692959021843538
9 p 51 0.04269921203023863
9 q 26 0.02919126364595548
9 s 13 0.023920309050019295
9 t 64 0.16099929273361924
9 u 10 0.007914948309706515
9 w 6 0.011171685155766387
9 x 9 0.011631471941713545
9 y 10 0.04034915483507706
9 z 37 0.04295726550400669
10 a 18 0.11560402892394184
10 c 64 0.023213033242258097
10 d 33 0.22988972279845865
10 g 36 0.04522787180281973
10 h 64 0.05602966182615998
10 k 62 0.021455682493549677
10 l 30 0.12223042858984423
10 o 26 0.04600398865179178
10 q 54 0.062146269499389395
10 v 43 0.023694487497582628
10 y 58 0.04879481420589715
11 a 55 0.07702279426608105
11 b 12 0.03258394845043089
11 d 64 0.027325234956612543
11 e 15 0.12718010549036263
11 f 47 0.03722653993303182
11 g 12 0.1125419918715036
11 i 16 0.008574851590304577
11 j 6 0.008939531062777673
11 k 0 0.058272453891912934
11 l 28 0.035029791151153344
11 m 6 0.06296534073083893
11 s 12 0.08280524482376561
11 v 20 0.2035421543742415
11 z 58 0.019926736238533138
12 b 33 0.08609733714344903
12 h 47 0.04960904246010844
12 m 12 0.08722734847476887
12 o 11 0.16576695067531544
12 u 50 0.3445507097805621
12 y 33 0.21721006332868964
13 a 48 0.053962219041167714
13 b 32 0.08197492036956988
13 c 29 0.028557301891232623
13 d 8 0.00031456474569568904
13 e 13 0.06842997365391568
13 f 10 0.05382910930703588
13 g 56 0.0024221170136030645
13 h 54 0.028395824005151726
13 j 64 0.05972547777973769
13 l 6 0.026847762303170652
13 m 31 0.001939643755189513
13 o 64 0.0393213482415693
13 p 12 0.08657650777331061
13 q 54 0.007994770221975922
13 r 14 0.047364379649019406
13 s 12 0.08155807581044572
13 t 59 0.03226012420877622
13 u 17 0.049138798771841796
13 x 28 0.04325878696268326
13 y 6 0.03117250197189414
14 a 4 0.01088947168012111
14 q 61 0.1444787329601801
14 s 22 0.46471832960585047
14 u 57 0.19336730231996602
14 w 9 0.12114795183266747
15 f 44 0.13066634144992306
15 p 20 0.2431686252979074
15 t 27 0.27738649863381915
15 v 12 0.1934440961487709
16 f 23 0.3290434565167186
16 s 4 0.18092789373557727
17 a 59 0.14536418061637602
17 c 43 0.13056773594134596
17 d 39 0.3659563349868211
17 e 26 0.06558271474098964
17 h 71 0.046769250526299544
17 l 45 0.03047117978868663
17 n 61 0.022252627992480734
17 o 15 0.06166561724325059
17 q 49 0.00574930973719967
18 a 38 0.0462734640488327
18 b 48 0.03426182381912435
18 c 14 0.004422735009354195
18 d 69 0.035856706814154315
18 e 69 0.013012713181157265
18 f 62 0.08453489113688928
18 g 26 0.0004401102163901216
18 h 6 0.17729847093958262
18 i 44 0.06494534398557661
18 k 16 0.0003541967306072147
18 l 22 0.16650051279445877
18 m 56 0.0901476571501364
18 n 17 0.0002596787052122629
18 o 71 0.03347311508254236
18 p 15 0.011426775184370852
18 q 63 0.020802026000475538
18 r 49 0.06402991494179533
18 t 33 0.04745024576124335
18 u 4 0.02439125821812882
18 w 22 0.000718068090587054
18 x 29 0.0456091642942581
18 z 63 0.016043887816894586
19 a 61 0.11735972952563856
19 b 2 0.04822285002263971
19 e 23 0.0651117309134962
19 f 34 0.16959468802846323
19 i 31 0.054358203979242625
19 j 32 0.05594671135653051
19 l 35 0.010419026780018492
19 o 55 0.01674186678982459
19 q 58 0.017512288013987964
19 s 22 0.1564646056823369
19 t 62 0.024700436369387235
19 u 40 0.01902502719599486
19 w 65 0.010697468943297705
19 x 49 0.0295555955611011
19 y 2 0.05351149477580697
19 z 67 0.024881448734402012
20 d 46 0.8197135285526461
20 i 54 0.07258002325936508
21 a 31 0.012388434628404221
21 b 66 0.035565420128723546
21 c 49 0.039981014112843494
21 d 55 0.03367051987296754
21 e 58 0.05908976300767177
21 f 15 0.010925295584711558
21 g 65 0.03887512452715769
21 h 54 0.03578050631480656
21 i 69 0.005571433785089952
21 j 14 0.09212816253341838
21 k 31 0.0035709197614353094
21 l 0 0.027778723406409522
21 m 67 0.02145407033779101
21 n 51 0.011870797685747614
21 p 56 0.07724755324315191
21 q 54 0.022727205892499325
21 r 42 0.06133337998666255
21 s 11 0.007347539852199048
21 u 11 0.04612414446122304
21 v 48 0.0720632755633932
21 w 31 0.0323455867919441
21 x 61 0.18477655114642333
21 y 9 0.0070135203065829765
21 z 12 0.02744012779374594
22 r 64 0.5426303359744149
23 a 61 0.1329088674743223
23 d 37 0.05413815265890687
23 e 55 0.11697562840139009
23 f 40 0.029123980379308412
23 g 15 0.044874671424913415
23 i 43 0.0031171680729402684
23 j 44 0.06397526175782309
23 k 6 0.038255180897822316
23 l 17 6.0601549203620486e-05
23 o 70 0.004570443474970376
23 p 11 0.02612342791777955
23 q 72 0.010812343968766402
23 r 56 0.034798485192927386
23 s 11 0.046916414889304314
23 u 30 0.10003453931948458
23 v 21 0.12938195478843617
23 w 11 0.003182274847557842
23 x 33 0.007785624735624608
23 y 22 0.03322688342764013
23 z 27 0.10172302139400924
24 b 38 0.001717493037074469
24 c 48 0.17649948961669915
24 e 17 0.09196788462715533
24 g 55 0.138148245607295
24 h 52 0.11023370927342235
24 i 12 0.03101728836750217
24 k 52 0.10132092877513599
24 o 26 0.00829463577069045
24 p 14 0.06975321710669913
24 q 62 0.06109426507536708
24 t 14 0.03380201594449139
24 u 62 0.038751759282008136
24 v 18 0.08155509826711949
24 w 3 0.006960730998261777
25 a 48 0.08601138541777564
25 c 14 0.03283439776103303
25 e 65 0.09057963639524147
25 h 34 0.01828162661430255
25 i 3 0.12333476817031408
25 l 33 0.014242941843600865
25 m 9 0.08525889933394981
25 n 40 0.0432827588570448
25 q 27 0.06814588943590472
25 w 15 0.051701152374792225
25 y 36 0.2211524485580606
25 z 33 0.030991469145566275
26 t 11 0.1030542323277478
26 u 9 0.5679816106414889
27 b 51 0.1529512232710032
27 e 44 0.06200238629343924
27 f 6 0.031728184703928686
27 g 15 0.06493204847570466
27 l 43 0.06088175368020099
27 r 11 0.06664470284452795
27 s 22 0.15880124824121122
27 u 16 0.024713136415230763
27 w 4 0.12353619339742816
27 x 66 0.16340026949803899
27 y 16 0.025674672237007812
28 b 50 0.03429327071921395
28 c 21 0.03596136663114835
28 d 63 0.04077823861444707
28 e 62 0.06903126630403267
28 h 32 0.08652497012838245
28 l 28 0.11607318420147517
28 o 52 0.03560164255226661
28 t 57 0.1662518310535367
28 v 43 0.028230966121340018
28 w 48 0.020017047867411097
28 x 23 0.2876520800217569
28 z 13 0.01680821033893487
29 a 48 0.1356716103666702
29 e 58 0.11801211789359511
29 f 22 0.03891806237723461
29 i 47 0.05947043714252542
29 l 62 0.006951105189794138
29 q 56 0.023552310555659983
29 s 69 0.43328234367230134
29 u 31 0.04086809876922337
29 x 34 0.05134571532676002
29 z 68 0.012796951820325475
30 k 71 0.26668861114745224
30 o 35 0.1943936279167927
30 p 40 0.1740479352975688
30 t 52 0.28250223890340376
31 a 33 0.052943246140422895
31 e 26 0.14183931271130468
31 g 38 0.03260661423127009
31 h 23 0.02994927631772515
31 j 14 0.00046182274087080977
31 l 10 0.0360794056681385
31 n 29 0.15825408381384998
31 o 28 0.05423775477492121
31 p 23 0.2659229522299422
31 r 67 0.02785312041971244
31 u 33 0.0047694876297343924
31 w 53 0.0019783427342736637
31 x 45 0.057203859342126684
31 y 67 0.10182738012343684
31 z 42 0.004872890705806099
32 a 69 0.03652898816907868
32 b 40 0.02524258896151843
32 c 37 0.13017579518012956
32 d 30 0.03877679373393905
32 e 54 0.030896852311418366
32 f 66 0.020234522002279154
32 g 12 0.07564149511039886
32 h 54 0.013166793994651482
32 i 22 0.02921454553086722
32 j 43 0.0085805780415531
32 l 52 0.019597947284347494
32 m 50 0.015150305105772532
32 n 67 0.034676988554965815
32 o 6 0.07971352405555976
32 p 5 0.006523094490881953
32 q 31 0.0021879705246521386
32 r 6 0.0764154239283873
32 t 71 0.027813553919225686
32 u 40 0.07085688374470445
32 x 37 0.09069432345376649
32 y 9 0.0010405564215237861
32 z 12 0.15291530631789452
33 q 65 0.3079549970688784
34 a 11 0.17968816733241189
34 b 16 0.09238692249990488
34 c 38 0.08954351384393422
34 f 3 0.1126610629867556
34 i 48 0.12501565327579345
34 k 40 0.1298751880769482
34 r 45 0.10348176641444873
34 u 25 0.14497266232886363
34 w 54 0.0035625656258905236
34 x 49 0.01029127092797999
35 a 45 0.041890519686921146
35 b 63 0.12575052348494975
35 c 8 0.04796778157367754
35 d 10 0.04603667887529295
35 e 36 0.07899479969782741
35 f 60 0.01912153839773434
35 g 50 0.08214226417266945
35 h 29 0.007525321488088155
35 i 70 0.011472132149764613
35 j 32 0.03692563189079756
35 l 43 0.028740826670558994
35 m 57 0.10397703537380443
35 n 44 0.023527109684978176
35 p 72 0.02090644143354048
35 q 0 0.002362886515755447
35 r 26 0.01514751066222797
35 s 38 0.023280337546207508
35 t 33 0.09143871563565631
35 u 13 0.03011203610238311
35 v 35 0.010400228346865825
35 w 45 0.06529244281115243
35 x 34 0.016531627050224817
35 y 30 0.010821183885785124
35 z 2 0.016062539133796072
36 a 15 0.055595755542289904
36 b 16 0.02592324455303663
36 c 18 0.0462624589194599
36 f 31 0.0017728393099398776
36 g 35 0.3171310225894033
36 i 29 0.04610539045213424
36 j 3 0.02657636666540275
36 k 67 0.24572375478945174
36 l 7 0.029044923568564696
36 m 10 0.051707808812127
36 o 45 0.012001424253871629
36 q 63 0.007248928722868309
36 s 33 0.06802924908983643
36 t 19 0.0015187995115412134
37 b 30 0.0023545368372610564
37 c 45 0.01614149287011435
37 e 47 0.049256740923541376
37 f 48 0.020175741826677362
37 i 64 0.03774836251587821
37 j 61 0.009649327384887663
37 k 49 0.01535935399198618
37 l 21 0.05487692929031396
37 m 53 0.01373410975036271
37 p 66 0.0741752423478198
37 r 46 0.1218695736520663
37 s 47 0.05868380542748364
37 t 35 0.04592501680262939
37 u 51 0.004593154915290887
37 v 3 0.23371707516954876
37 w 66 0.033174546098452606
37 x 20 0.0038911924651294783
37 y 13 0.06023666994643129
37 z 69 0.01751260415614775
38 c 15 0.06144353326219698
38 j 39 0.15316767966321632
38 l 38 0.14155779976980254
38 m 36 0.1185813594286762
38 v 61 0.031837199056758525
38 x 72 0.3521648986901197
39 e 32 0.322246404519118
39 l 46 0.005622661195624712
39 q 0 0.08442754766880656
39 s 56 0.15446991423596823
40 c 71 0.029736569710856475
40 g 27 0.047730750594622395
40 h 39 0.06702155353828476
40 i 38 0.027430522368364296
40 j 62 0.16289171754007814
40 k 38 0.06145155354395304
40 q 51 0.013874749724854363
40 s 16 0.1703702891101545
40 u 3 0.14239825958885477
40 w 68 0.17759994347608543
41 b 10 0.26481457913639384
41 l 51 0.22533398407474592
41 p 69 0.2711362744401553
41 u 3 0.19834312654777086
42 a 35 0.07264971737089287
42 b 12 0.03872204414132152
42 c 70 0.051048526872888966
42 g 13 0.1482311107072688
42 k 18 0.015157942392676316
42 l 4 0.04101049857328998
42 n 52 0.17262501750232306
42 o 25 0.078772054565032
42 t 0 0.16768661828115639
42 u 34 0.15918388542200956
43 a 1 0.031154083386304432
43 d 39 0.08943850509943518
43 e 66 0.12076363577426674
43 f 56 0.021012210318378632
43 g 5 0.020153978418284035
43 h 20 0.043553049754940565
43 i 46 0.07285178915441048
43 j 49 0.05782293682424333
43 l 56 0.0010458743770905832
43 m 29 0.04353117613958146
43 p 35 0.016312655036582302
43 q 36 0.023154864595767655
43 r 59 0.0025613389795278163
43 s 69 0.054282911615803675
43 t 69 0.08239457606374778
43 u 72 0.007739733012925298
43 x 37 0.09682305183238327
43 y 25 0.02232188202804264
43 z 28 0.1705931347646592
44 a 20 0.057013025911079596
44 b 1 0.07610084363013359
44 c 56 0.010395442826446333
44 d 56 0.0261483642597945
44 e 36 0.04712705624320779
44 f 22 0.054193871048162645
44 g 58 0.056362752983695086
44 h 33 0.012915681684166347
44 i 35 0.0198038617047801
44 k 4 0.01141922465061318
44 m 3 0.013092876056820968
44 n 21 0.006751973943334266
44 o 44 0.03729498054431235
44 p 46 0.07455589521241102
44 q 31 0.0059700714394470555
44 r 15 0.008507506468620973
44 s 70 0.07399715104930893
44 t 49 0.05141491228203199
44 u 48 0.0028399189854501072
44 v 52 0.007801773794392397
44 w 47 0.11221176893739515
44 x 50 0.07592625576259171
44 y 3 0.04352475814655321
44 z 67 0.09819756869079832
45 a 55 0.057683828264207704
45 b 54 0.10147355970009442
45 f 51 0.07227033507062197
45 i 15 0.011459947154035866
45 j 68 0.021654915327005697
45 k 8 0.017441608491023053
45 l 23 0.0651535598635784
45 n 4 0.031226918099991785
45 o 24 0.17188467377727723
45 p 45 0.11037566511549113
45 q 48 0.06559123049143512
45 t 5 0.010288481632069746
45 u 56 0.0013770862464810296
45 v 41 0.011442622667300673
45 w 56 0.11651367904798027
45 y 72 0.04798690781186976
45 z 13 0.06179196184062108
46 d 66 0.001896307639687178
46 h 11 0.18961762211596478
46 i 57 0.0010346479930697372
46 o 11 0.03365854224439713
46 q 49 0.029963937362460724
46 r 29 0.09422917270524356
46 s 22 0.028534554180537408
46 t 24 0.21394847909648718
46 u 57 0.036341450936900555
46 v 31 0.09791775277947512
46 x 62 0.2489012305159779
47 b 57 0.007579622109347928
47 c 64 0.046708681926103335
47 d 30 0.2330122406650641
47 f 42 0.2298629070785313
47 l 58 0.19100432715339188
47 q 48 0.053647721616184474
47 v 11 0.05154115987528629
47 x 27 0.033253439386884076
47 y 56 0.13660906037769516
48 a 17 0.081032249797242
48 b 28 0.03218229508244319
48 c 26 0.008566018770241657
48 e 22 0.08345135226890632
48 i 7 0.25412815047386395
48 j 60 0.011820791680716591
48 k 47 0.03808504865949014
48 o 38 0.10124871397072144
48 p 60 0.0728190393586684
48 q 15 0.056797572919528916
48 r 35 0.09358141985427315
48 v 56 0.09576059848799645
48 x 25 0.0503869999460812
48 y 20 0.008408859548176939
49 a 25 0.015237222165352393
49 b 12 0.01622956597360814
49 c 68 0.016876203096612863
49 d 62 0.030869661922913072
49 e 25 0.007772970341209051
49 f 27 0.009304264293086062
49 h 13 0.03059540336437283
49 j 34 0.011098755509744596
49 k 11 0.40268255736012837
49 l 27 0.005413526570047011
49 n 45 0.008634780469199854
49 p 31 0.12240114137267111
49 q 31 0.13089098668597332
49 r 53 0.05894158142053574
49 t 6 0.007104589617289547
49 v 58 0.047773820074718754
49 x 20 0.012679334334685266
49 y 24 0.03487394726167059
49 z 20 0.001533114823838333
50 a 62 0.0435435860550103
50 e 72 0.0037056900144899485
50 f 23 0.10395609443989229
50 g 34 0.05972647620567195
50 h 61 0.0681847185150759
50 j 2 0.02551651142899347
50 k 63 0.037600711880807824
50 l 36 0.039300049139734616
50 n 55 0.13017306955277874
50 o 29 0.02303703187706352
50 r 47 0.044257718019226844
50 s 38 0.024041180140207397
50 t 0 0.023948390935269792
50 u 52 0.16310048578396585
50 v 26 0.027958073137909545
50 w 57 0.1261333674040086
50 z 50 0.0016607084305743092
52 a 65 0.004362689634691219
52 e 0 0.38220050716766385
52 g 67 0.1396632387010881
52 j 30 0.14304886878329848
52 q 63 0.08790351017286657
52 s 11 0.010828314823760454
52 w 47 0.2157525485426952
52 z 40 0.009918225782667767
53 b 60 0.025669893888140782
53 f 48 0.009001939385289592
53 i 18 0.04102537380419713
53 j 52 0.03569848676458964
53 k 3 0.0006097611176938411
53 l 22 0.24412086788838405
53 m 8 0.32717328677910007
53 p 32 0.16544495743643683
53 q 20 0.04159527056750456
53 w 47 0.04815827018378238
53 x 66 0.050949095593263105
53 z 2 0.009822054517386491
54 a 38 0.018039407955630526
54 b 11 0.04591644439978926
54 c 0 0.09266402771359017
54 e 1 0.061122399057987664
54 f 65 0.009487729564590763
54 g 69 0.00019907393304641197
54 h 17 0.06285738895761128
54 i 59 0.014882056131224952
54 j 65 0.05153486076990177
54 k 40 0.02991988180143601
54 l 31 0.03592175172766754
54 m 0 0.056634474131743495
54 n 0 0.03148711880587418
54 o 67 0.06403517150473248
54 p 19 0.017618334417606074
54 q 72 0.06231203014880393
54 r 25 0.017241400244098037
54 s 18 0.0031248386772034786
54 t 51 0.08898211932852362
54 v 22 0.052933131966059754
54 w 45 0.05349327127241277
54 x 65 0.03653389186816203
54 y 67 0.06356195865341041
54 z 55 0.014436644664578169
55 a 69 0.05056583802283421
55 b 3 0.017445377444512356
55 c 29 0.012493655362716516
55 d 18 0.10721761396161467
55 e 37 0.06000349469545174
55 f 62 0.006269914373807528
55 g 56 0.015885247693427695
55 h 38 0.003203566830093263
55 i 59 0.051843597947466735
55 k 58 0.07232204508545004
55 l 25 0.03250575754318119
55 m 43 0.011434146135925083
55 n 12 0.05108480721327269
55 o 13 0.06810192594477715
55 p 32 0.05202849434143031
55 q 38 0.009628199144995353
55 r 37 0.0004212632625881785
55 s 24 0.01054059336648061
55 t 8 0.057137100962748044
55 u 51 0.003650613321343088
55 v 19 0.008004979057048
55 w 42 0.12846475718973682
55 x 51 0.08335994083059584
55 y 17 0.0014081130197822755
55 z 65 0.06810887435560531
56 a 8 0.04324348739586248
56 b 27 0.06432392295683675
56 c 32 0.06753394284508274
56 d 38 0.18918682746985815
56 f 9 0.05292571626950582
56 g 28 0.02457904813051981
56 h 66 0.06463198216132071
56 j 12 0.013667686947748003
56 l 50 0.06848403985568396
56 p 68 0.03086497176092995
56 q 69 0.023283605421296816
56 s 12 0.13718705740567272
56 u 38 0.02197641439479414
56 v 58 0.09753867702654917
56 x 13 0.09187767805812797
56 z 53 0.006141816571079484
57 e 17 0.4978690380179501
58 f 43 0.05546383214745487
58 q 14 0.4090796163301087
58 y 71 0.048914840605043586
59 a 22 0.06821548356567353
59 b 15 0.12465400000078097
59 e 36 0.03853407314484314
59 f 13 0.003619075796144955
59 h 19 0.004362127354234802
59 i 6 0.12287801927736008
59 j 16 0.015095153537904582
59 m 54 0.005637732443735777
59 n 30 0.17380474991026928
59 p 44 0.047021750009606955
59 q 58 0.004457728141294415
59 r 43 0.013427486105560327
59 s 62 0.07260385659720614
59 t 47 0.10025642864592843
59 u 33 0.00020764979466125766
59 w 60 0.16203497173963888
59 x 68 0.028467402497055927
59 z 45 0.013552279539373546
60 c 55 0.016936570008932894
60 e 17 0.14343937305147958
60 g 19 0.0021223621238833923
60 h 39 0.01636145284828372
60 j 7 0.014280059345386231
60 k 54 0.12444526024820524
60 m 0 0.23607588731362605
60 n 29 0.1016815101185039
60 q 20 0.03579651088178948
60 r 6 0.05448932552714103
60 t 9 0.03474344807201846
60 u 52 0.009512913556776303
60 v 67 0.11947759476520481
60 z 10 0.06635919992418349
61 a 46 0.03225475425782287
61 c 68 0.03632394834109476
61 d 2 0.064267816530718
61 e 4 0.029953264644778432
61 f 8 0.04109485762021492
61 g 37 0.07461912829005068
61 h 18 0.027965352560017198
61 i 4 0.008966058903752683
61 j 14 0.004692559447654121
61 k 64 0.019564990043915542
61 m 53 0.051590332237754555
61 n 0 0.10883241377030439
61 o 47 0.04707714004781505
61 p 51 0.039475669067540964
61 q 22 0.015525746518356254
61 r 69 0.09856853894016682
61 s 53 0.009589705537603854
61 t 36 0.09170526978182592
61 u 46 0.007451101838699126
61 v 13 0.0069274853109727585
61 w 18 0.029943553665965017
61 x 18 0.006878676058386435
61 y 67 0.1059207291088291
61 z 19 0.03033894171516538
62 f 29 0.3092246892261109
63 a 12 0.013416552507357737
63 b 58 0.01654945797822982
63 d 59 0.008859159680022488
63 e 59 0.11326293296148282
63 f 62 0.010527676962874488
63 h 17 0.010082417792182774
63 i 53 0.03858201066794631
63 j 56 0.035472012197917624
63 k 20 0.04439431161953877
63 l 10 0.03386065977230257
63 m 19 0.012146919428911218
63 n 61 0.0702027165540261
63 o 9 0.04292489295071089
63 p 17 0.009698093225908422
63 q 4 0.12676857872424407
63 r 35 0.02183386417632771
63 s 6 0.020690664208559473
63 t 14 0.003439092893902651
63 u 16 0.0757400601402397
63 v 33 0.07548318133486409
63 x 72 0.020703294474041845
63 y 8 0.10523909061079906
63 z 56 0.05435737726122736
64 a 41 0.07469978665375143
64 b 8 0.025147826653383665
64 c 45 0.026214339086021332
64 d 55 0.03488754762558155
64 e 29 0.1572787068013437
64 f 2 0.03254779471588376
64 i 5 0.12964180143999626
64 j 64 0.05714702786110604
64 m 7 0.043146607922523894
64 n 20 0.008148315112998739
64 o 27 0.015471388625783455
64 q 70 0.03104854168954474
64 s 54 0.1464594280736501
64 t 49 0.028185470706454385
64 v 6 0.02493650413824733
64 w 39 0.026781283275956858
64 x 45 0.004041860153928267
64 y 70 0.06989679503133106
64 z 1 0.041594583801249585
65 d 71 0.23201397611531405
65 e 57 0.2721095150271906
65 g 22 0.05891432813706188
65 r 26 0.07638517890960239
65 w 28 0.005058251044116946
65 y 35 0.2792521023286788
65 z 64 0.07114864325073933
66 e 14 0.11323505857499527
66 h 6 0.2221576512776895
66 k 62 0.17161584409975594
66 r 50 0.21519830106178772
66 v 10 0.1425364883118676
67 b 19 0.05049003545843311
67 c 41 0.023234294394602784
67 f 29 0.044173782233121295
67 i 22 0.04925976797506537
67 o 40 0.015464162472392018
67 q 6 0.05755491614486863
67 r 29 0.11213149267878597
67 t 6 0.21214405518360302
67 u 28 0.11494488588935037
67 v 51 0.12035666159855785
67 y 13 0.1441747517956643
67 z 30 0.03015507439336529
68 a 34 0.11984285222420954
68 r 42 0.540641493192567
68 w 33 0.3037684466667401
69 c 54 0.09614250169768634
69 e 42 0.004895337224666507
69 h 25 0.03044101421796741
69 j 27 0.03361215460441924
69 k 55 0.09385643120006659
69 m 21 0.05088712786139482
69 q 33 0.05605950939979065
69 s 20 0.17985418756106064
69 t 44 0.05938332892357745
69 u 59 0.06493521559085313
69 w 18 0.12067798205298819
69 x 69 0.10190672777588339
69 y 5 0.011173127862596277
69 z 15 0.08719268861055784
70 b 14 0.025864224608603936
70 d 1 0.037391102713287494
70 g 26 0.35023299137121644
70 h 9 0.01610201409774059
70 j 29 0.06163898047516381
70 t 11 0.035759290880507
70 x 69 0.13800258099560403
70 y 53 0.3047099294907296
71 w 69 0.1227920588594219
71 z 36 0.6128101020387431
72 e 20 0.5592917611038278
72 o 49 0.22326002768402675
72 y 17 0.17529630947712982
