140 26 1947
0 0.0007463282500455026
0 0.11026712268263517
0 1.0
0 0.06509962135400171
0 0.010094239342927303
0 0.2628189253066475
0 0.29274754593556307
0 0.03609627960694939
0 0.04011330732645357
0 0.13884596306155117
0 0.06589358566538595
0 0.11688592904616324
0 0.036376792013844694
0 0.022750988936497407
0 0.021255898282342423
0 0.01874747320165726
0 0.7593295153817218
0 0.01325702497802228
0 0.21529722954779518
0 0.045365361309641083
0 0.014471363314226826
0 0.05470997583204307
0 0.09529524036416992
0 0.8973101854795085
0 0.0036910317346523502
0 0.42271296880834974
0 0.06943249761099224
0 0.028561006831541724
0 0.39286823292668926
0 0.006198964980386079
0 0.010242104849898848
0 0.028647235774841184
0 0.015217572590524475
0 0.005267949838045571
0 0.18062217495261146
0 0.05876518901930672
0 0.041800689795059354
0 0.00029406581376856256
0 0.2801886815532797
0 0.19444352451149516
0 0.035101784852560214
0 0.036633142004288466
0 0.04722919717445473
0 0.03584000600030479
0 1.0
0 0.022181894051277573
0 0.31583651331467977
0 0.11548795598612038
0 0.4187506175794965
0 0.30213931577695263
0 0.004314282253143675
0 0.1345905492509324
0 0.02063011370935719
0 0.014395344512691532
0 0.6607677019300517
0 1.0
0 0.003295883791840426
0 0.04868883974562843
0 0.23592487851451927
0 0.03965263883421266
0 0.05684910050434233
0 0.08324268214812414
0 0.07810989307354932
0 0.07076765781684458
0 0.00037854805555559423
1 0.04805291532150391
0 0.025318436362403718
0 0.030922225626093702
0 0.034770155937932534
0 0.03887025245021536
0 0.04234041862146787
0 0.006561544685337539
0 0.00528975986833613
0 0.020750080063834497
0 0.4669714254767563
0 0.04955257233009325
0 0.14897430428493286
0 0.10062139382279267
0 0.20881062837337616
0 0.064151372853676
0 0.007433205004702015
0 0.15106124442374413
0 0.33549580581525984
0 0.039262184867420724
0 0.04848954606659839
0 0.04382571396602419
0 0.011679081272708891
0 0.044666378618432256
0 0.01662461034554752
0 0.01950100184445258
0 0.09628572374857791
0 0.1389057656660826
0 0.08908006567583271
0 0.007583235087167628
0 0.10594492844243841
0 0.02537344311210088
0 0.07827406040266593
0 0.07206209104518702
0 0.013586106760952954
0 0.09411323512925962
0 0.30730593896946723
0 0.018587720885276493
0 0.024115879678274776
0 1.0
0 0.012160752216440973
0 0.05016834822294958
0 0.13895955323541043
0 0.1556300633201405
0 0.24212766902042504
0 1.0
0 0.03250941636502558
0 0.0011894352888921489
0 0.10744079124500139
0 0.17635072237617366
0 0.05561676623631362
0 0.0022795408491744773
0 0.017709419449514097
0 0.00034737125516437484
0 0.044192328146576254
0 0.020332557088528547
0 0.02420994805905563
0 0.05371937619079992
0 0.04364965365817741
0 0.050397089114052496
0 0.02072456098912523
0 0.09405694246027085
0 0.03785657334050285
0 0.06803994525934731
0 0.008390962406277569
0 0.06589310797036962
0 0.10275676884463192
0 0.09566653692113347
0 0.008035783180333489
0 0.028569205723418367
0 0.16371210673568626
0 0.025339490672258047
0 0.03679997436299276
0 0.006949334252965622
0 0.009909067915290226
0 0.011076468318319432
0 a 108 0.05624533447173674
0 b 87 0.02956017046886772
0 c 100 0.0032791427019499553
0 f 2 0.10823174679438952
0 h 81 0.015625631504181836
0 i 34 0.13805501893763672
0 j 57 0.047175268982723506
0 k 101 0.024454902008363644
0 o 28 0.015462029323054072
0 p 107 0.00818987446736097
0 q 96 0.07493344158956494
0 r 41 0.09986302130855396
0 s 20 0.007553356635719655
0 t 37 0.1342916103958237
0 w 99 0.09647223654011727
0 y 119 0.10390842009281032
0 z 104 0.035952465527099964
1 a 86 0.09268266835229189
1 b 23 0.03827393436772797
1 c 130 0.0016449209407232157
1 d 31 0.0800654299701462
1 e 5 0.033630234227251976
1 f 58 0.02833682679268079
1 g 125 0.1741398584839502
1 h 5 0.03670632343997715
1 j 87 0.007287769651225684
1 k 71 0.04509137855440071
1 l 13 0.007615713036515648
1 m 125 0.012806310603025395
1 n 78 0.009785107037891372
1 o 73 0.03149505350574777
1 q 105 0.09380714010661939
1 r 82 0.08257469668248707
1 s 62 0.0011809536509072016
1 t 64 0.03551126121808634
1 u 117 0.010732241972453926
1 v 2 0.022996560698109514
1 x 138 0.008409427949575887
1 y 29 0.034959066075569534
3 a 129 0.07179236608308115
3 c 28 0.18914645559056942
3 e 60 0.004294927847223962
3 g 132 0.0007957949427026545
3 h 134 0.021002960634024737
3 i 77 0.2706491600685784
3 j 116 0.05049563409864566
3 k 69 0.07325304184604775
3 m 62 0.008806952386973155
3 q 70 0.013451425971118036
3 s 84 0.1254673194584377
3 t 46 0.012388215886730447
3 w 58 0.03212523403202594
3 z 78 0.06123088979983926
4 b 15 0.007633140344413203
4 c 134 0.05353154605809518
4 d 95 0.016135280979957978
4 e 28 0.04323820677350165
4 h 89 0.035976457980127385
4 i 97 0.043263684712339434
4 k 65 0.10436545779047723
4 l 65 0.09866156345611143
4 m 129 0.06312896300619686
4 o 98 0.10571905149626992
4 p 113 0.05128226797077895
4 q 70 0.12000008273663654
4 r 40 0.02477819319146024
4 s 58 0.0543626826197352
4 u 24 0.03412587611487261
4 w 108 0.016339358477627797
4 x 128 0.10273773884361692
4 z 50 0.014626208104854155
5 a 22 0.007808558627365181
5 b 49 0.04482499386159855
5 d 8 0.0005800979481355162
5 e 124 0.10626827557515561
5 f 122 0.16340556090688518
5 g 109 0.0045248726028987996
5 i 135 0.006324124092821459
5 j 77 0.054283377576231584
5 l 47 0.0008796809436161235
5 n 96 0.06515554735294116
5 q 138 0.03773938209396799
5 r 107 0.014574761300974348
5 s 82 0.025295313107336126
5 t 94 0.021429078566264748
5 u 68 0.045929637158934944
5 y 15 0.10075944517471003
5 z 59 0.03739836780351513
6 h 5 0.7072524540644369
7 a 76 0.02637272421495096
7 b 96 0.103384170845354
7 c 92 0.056644440028514875
7 d 94 0.001651500766477465
7 e 131 0.008045544536469773
7 f 134 0.06822034102961827
7 g 72 0.038483051596347795
7 h 55 0.038045295467912355
7 i 139 0.008740097926151824
7 k 14 0.052306255933592505
7 l 2 0.013542029289939528
7 m 103 0.049380514381590745
7 n 31 0.08462917434153028
7 o 93 0.015236035865124453
7 p 138 0.04849095627789868
7 q 44 0.08684308764938464
7 s 91 0.06331711837737186
7 t 107 0.056940248534558924
7 u 14 0.006091654962019133
7 v 128 0.08082262803150175
7 w 82 0.0017703904396855208
7 x 68 0.009372659177661391
7 y 111 0.04285660225252774
7 z 33 0.002717198466866133
8 a 31 0.03691011712569803
8 b 116 0.047742966691939226
8 c 118 0.04818350301990326
8 d 25 0.14211795016898
8 e 115 0.05625612768450827
8 h 69 0.3274092506544095
8 m 48 0.015360304583423301
8 n 39 0.07301139488880215
8 o 80 0.06196370461014156
8 p 96 0.07526799882718893
8 q 73 0.005558732664274535
8 r 29 0.004980193843496794
8 s 70 0.0026317588591732166
8 u 88 0.01689656566902631
8 z 67 0.045596123382581344
9 a 61 0.04940518647830827
9 b 110 0.004855321034877069
9 c 67 0.1211431353726069
9 d 96 0.046042602681678146
9 e 96 0.041249515603506204
9 f 99 0.03634713085249586
9 g 139 0.057306267982115355
9 h 116 0.10917428675352081
9 i 134 0.014334560077096437
9 j 114 0.02682875296597187
9 l 6 0.0337199230469204
9 m 1 0.04982989709438823
9 n 16 0.04058363141612875
9 o 53 0.0021477887183503075
9 p 35 0.039795624352184866
9 r 72 0.04561179676314009
9 t 47 0.014693113689686621
9 v 60 0.0293906645062475
9 x 16 0.048009728945673014
9 y 86 0.023010618952949313
9 z 5 0.027674489650602818
10 b 14 0.002724306529252485
10 c 22 0.0872075818773802
10 d 138 0.002705919768848708
10 e 1 0.11324281470528785
10 f 127 0.08665086508891251
10 g 35 0.043175512629523016
10 i 15 0.005925198064147041
10 j 103 0.11979464356905667
10 k 9 0.022176047845478664
10 l 76 0.11111274370127755
10 m 57 0.016513102648223144
10 n 75 0.015162411028794232
10 o 66 0.05494701032789662
10 p 77 0.012083146399495148
10 q 124 0.07685365302696845
10 r 87 0.0063821137183245336
10 s 119 0.03264895924867384
10 t 89 0.00052916556792304
10 v 67 0.049112242975447806
10 w 133 0.000993291498797122
10 y 104 0.009549995600368288
10 z 40 0.06461568851453714
11 a 63 0.005495478113978103
11 f 14 0.0957753772532709
11 h 74 0.2481304689167948
11 i 24 0.12658524385180503
11 j 46 0.05253145958396488
11 m 75 0.009439401626675448
11 o 3 0.0360019136766655
11 u 133 0.007985369861016833
11 w 46 0.0850656906533429
11 y 2 0.11432029279640943
11 z 2 0.10178337461991294
12 a 23 0.010431474022323584
12 b 34 0.11657275603404649
12 c 131 0.01402157214515809
12 d 36 0.07188177886686475
12 p 26 0.07910340617773004
12 q 93 0.05444327886725875
12 u 89 0.12549271661123096
12 x 7 0.12321903397417555
12 y 36 0.1692138647747372
12 z 0 0.19924332651262988
13 a 46 0.006130641987602825
13 b 69 0.037580359157593946
13 c 59 0.04071397729084836
13 f 68 0.06670153378823807
13 g 92 0.06807690594769988
13 i 18 0.039005818900029854
13 k 67 0.02774520543433545
13 m 126 0.0856448196844447
13 n 56 0.2934219607788552
13 p 84 0.07710610942727258
13 q 105 0.006203377467035698
13 s 36 0.034810607708470664
13 u 8 0.05692652808564014
13 v 20 0.015529387585711762
13 w 107 0.07003011547503557
13 x 47 0.009055306898945736
13 z 3 0.042566355445742166
14 a 15 0.13724049479910883
14 b 24 0.12652543204641875
14 d 51 0.24350702973122973
14 n 120 0.24744377112390925
14 p 90 0.08041690600968188
14 z 74 0.14361046800730914
15 a 133 0.06705636497236045
15 c 49 0.02860230752748938
15 d 22 0.009369055163564455
15 f 112 0.0008226916641126403
15 g 96 0.03639889628611437
15 h 77 0.33855090867863713
15 k 95 0.010651535108706867
15 l 134 0.0014448237193004365
15 o 114 0.08653720142705934
15 r 64 0.09629997173918281
15 v 29 0.25441606860030885
15 x 133 0.05110270191150601
16 b 54 0.24067048461827822
17 b 54 0.08532789038958388
17 c 71 0.07098869424632037
17 d 37 0.05775492633117729
17 e 113 0.08455635489953495
17 f 135 0.0717757995979893
17 h 85 0.037688247956250476
17 i 32 0.004925523251535058
17 k 52 0.05542462914728541
17 m 80 0.016592671846725082
17 n 102 0.09573383773853616
17 q 60 0.04221512233958469
17 r 59 0.022769523195844132
17 s 27 0.018748443951628335
17 t 71 0.053616937144314036
17 u 9 0.018726734028819858
17 v 82 0.08867235967963094
17 w 39 0.0018332390230471063
17 y 33 0.0854057495685212
17 z 16 0.07398629068564944
18 b 115 0.06611721072546684
18 c 121 0.09962187426671754
18 d 32 0.015016310639836217
18 g 15 0.02956516802434561
18 h 5 0.12546533568333074
18 i 122 0.037159213976570626
18 j 135 0.1165316359838402
18 m 90 0.014305058487000588
18 o 18 0.006990144130450626
18 q 137 0.07597231427728202
18 r 129 0.05635790390459816
18 t 78 0.016269035593058367
18 w 61 0.03091426677094622
18 x 99 0.09441729798876108
19 a 126 0.008136223687024935
19 b 34 0.11970062126175074
19 c 74 0.05046646651641529
19 d 33 0.08121597805834668
19 e 35 0.029456827796264906
19 f 95 0.03183671807114907
19 g 70 0.04425071621293897
19 h 129 0.03831785271285415
19 i 64 0.003305246956544994
19 j 13 0.030658422436851573
19 k 96 0.01597578702415714
19 l 25 0.10874801961058866
19 m 100 0.09514310354086042
19 n 12 0.03921735501042978
19 o 130 0.0014237362051989777
19 p 97 0.0007025309194096385
19 q 101 0.002970028565024263
19 s 61 0.019420137806201998
19 t 85 0.008528665070749564
19 u 5 0.06254441537536604
19 v 135 0.04960141165700993
19 w 86 0.004764642777536299
19 x 137 0.02905950501359733
19 y 70 0.0460004359842886
19 z 116 0.03318979041979897
20 a 124 0.03299288922975452
20 b 77 6.990260401296133e-06
20 c 112 0.0940756045598069
20 f 22 0.13274475102318806
20 g 113 0.037303885537965376
20 k 87 0.13644989634099558
20 m 106 0.32739316857617873
20 p 113 0.13348482402045425
20 q 102 0.03230256588248959
20 s 8 0.03351629583843141
20 v 27 0.02525776541610747
21 e 70 0.049626197196492194
21 g 14 0.17420492962609235
21 h 77 0.0715529357733915
21 j 35 0.06847112983345449
21 m 65 0.16171924713538377
21 r 18 0.0609393783877169
21 s 19 0.1318260538995597
21 t 82 0.05687910408989849
21 v 93 0.043852654842774785
21 x 91 0.04942037811288014
21 y 107 0.0767980152703126
22 d 129 0.0023446444091040908
22 f 115 0.0006832945051615802
22 g 97 0.13829396510524206
22 k 17 0.059857072174757775
22 l 90 0.003989147807496818
22 m 34 0.02274218632302394
22 n 3 0.3095043290949372
22 r 85 0.13220342957878284
22 x 93 0.2350866906373238
23 c 7 0.02068940079645243
23 t 103 0.0820004137240391
24 a 39 0.07421578266546724
24 b 36 0.028625957363705323
24 c 12 0.020373493299377432
24 d 3 0.013802060623721024
24 f 18 0.1831036160577263
24 g 12 0.10982188179678465
24 h 13 0.02073528699378724
24 i 107 0.010809990260449154
24 j 135 0.049130895196121904
24 k 69 0.044652777151997336
24 l 9 0.06393035301086258
24 n 125 0.006533114038871579
24 o 61 0.0045842671850468975
24 p 30 0.016939136602277194
24 q 131 0.03810248188586396
24 r 74 0.03112965111013699
24 s 17 0.06335518376735139
24 t 40 0.014854601576308135
24 u 76 0.010156086327758551
24 v 130 0.005406851347089403
24 y 134 0.00867183103366842
24 z 15 0.17737366897097495
25 a 58 0.029528204512263345
25 g 135 0.3586957961291152
25 q 11 0.18906303055027174
26 a 100 0.0604673681027309
26 b 0 0.012315688547853254
26 c 57 0.10913183463889864
26 d 20 0.054536535406766395
26 e 49 0.13463306945115183
26 f 21 0.02205257727632992
26 g 54 0.012072479423527405
26 h 20 0.011951845321016785
26 i 126 0.015923047022008086
26 j 88 0.05752890209899553
26 m 14 0.022806056546279985
26 p 29 0.023450172804747038
26 s 100 0.021880185084332426
26 t 125 0.010454145317204011
26 v 53 0.0748573078237369
26 w 121 0.24197852100598127
26 y 23 0.04452776651744739
27 c 13 0.03727128788168699
27 f 128 0.3361729641587855
27 i 24 0.10328398334308597
27 n 74 0.11028964200012747
27 o 31 0.06210106227255152
27 p 107 0.02670633274982903
27 q 55 0.21001923897083075
27 s 46 0.024407531451026143
27 y 23 0.061186950340534896
28 h 72 0.3366786256790517
28 n 36 0.270453141394259
29 a 109 0.017099533441246373
29 b 5 0.01593064942523348
29 c 122 0.12446773808592704
29 d 25 0.005069535936549463
29 e 36 0.01749517154472391
29 f 40 0.06323321390907455
29 g 43 0.03443651272821158
29 h 4 0.011705689567745092
29 i 100 0.03380507137712119
29 k 30 0.007622721023374579
29 l 83 0.047752581927877236
29 m 55 0.04570696728158252
29 n 13 0.01494967455489049
29 o 25 0.010719454241832516
29 p 135 0.005508217494212597
29 q 134 0.017865861250222492
29 r 71 0.06629571233111353
29 s 69 0.09605125612334953
29 t 31 0.08358305363824381
29 u 104 0.05126375407939976
29 v 27 0.03004339394430733
29 w 112 0.0010047336031384635
29 x 39 0.06061020091735725
29 y 34 0.041363800280415086
29 z 10 0.09021653631246407
30 d 12 0.011682963760096032
30 e 8 0.12804968534190841
30 f 14 0.04673992093499002
30 i 62 0.04303526260583723
30 l 104 0.07658150822632259
30 m 71 0.008730923906459576
30 n 69 0.10320286396628475
30 o 62 0.14303358391034648
30 r 2 0.12948739961532385
30 s 35 0.08381923081534592
30 t 85 0.008199811111058719
30 v 8 0.04008471832576965
30 x 65 0.004583269195922335
30 y 98 0.16252675343443557
31 b 4 0.048579132956390936
31 d 49 0.12531493053792608
31 e 107 0.1346303379486059
31 f 135 0.08535091062845823
31 h 61 0.020659269279350356
31 i 57 0.011304360207375574
31 k 65 0.0007318326936101016
31 l 36 0.07496523802757504
31 m 137 0.03259828986754154
31 n 25 0.027379274357713146
31 o 65 0.02229834284788612
31 r 137 0.11528632669224581
31 s 7 0.012694522744387648
31 u 89 0.05964351042985805
31 v 47 0.04985353239157608
31 x 12 0.010419683221904452
31 z 109 0.13964326939275373
32 a 63 0.20632138388439192
32 b 115 0.0028828528798747755
32 c 48 0.0601617625986508
32 g 8 0.0474042527436318
32 h 1 0.12634395074749205
32 k 65 0.15919017028952542
32 n 70 0.1719017360464713
32 o 132 0.024776424754987203
32 p 81 0.10353438431522821
32 u 49 0.08047552291566806
32 z 88 0.0017899862335539751
33 a 106 0.288156631539498
33 b 33 0.028730699326001585
33 c 19 0.0022918072383811827
33 d 8 0.03433864564541156
33 f 39 0.06692638404902507
33 h 86 0.10799491101574532
33 i 90 0.12687922112193672
33 j 121 0.027971520350121404
33 k 128 0.004212489096920291
33 n 95 0.11472719089108274
33 p 127 0.014154881256165264
33 q 4 0.01817231580578993
33 r 12 0.10799487240826089
33 s 77 0.0040956280646209375
33 t 34 0.0029626727562372945
33 x 107 0.042292222376855815
33 z 84 0.0028299572199004253
34 c 29 0.24485575553988614
34 i 51 0.015346548915368241
34 o 96 0.24910319200993314
34 p 11 0.011762169031271474
34 w 117 0.29831015955092954
35 a 9 0.06774153011698814
35 b 91 0.041563029667332274
35 c 123 0.012402310344096557
35 d 43 0.038070019109230024
35 e 136 0.028697464475323398
35 f 15 0.05855061352614943
35 h 13 0.0321804120356185
35 i 123 0.04309201331191925
35 j 78 0.003128664396936154
35 k 49 0.04770581940014562
35 n 129 0.12174008976284445
35 p 125 0.11593178576884511
35 q 24 0.12578606344880705
35 r 120 0.06581484594378229
35 s 95 0.032514203358027904
35 t 131 0.007913753703086446
35 u 120 0.004206437061671564
35 v 46 0.039757233665869474
35 w 12 0.004467007446525728
35 x 20 0.037618728233008714
35 y 34 0.012352786204485211
36 a 41 0.14452599935713195
36 c 2 0.026052029356197326
36 d 48 0.036174073210791136
36 e 32 0.03168593096673766
36 f 67 0.0015968533923745865
36 g 39 0.14525387121931466
36 j 86 0.014506164813346212
36 k 103 0.006574665791680645
36 l 115 0.012736268602479228
36 n 135 0.023311481377362386
36 o 35 0.016022619439943098
36 q 71 0.008282856067694966
36 r 82 0.01993331099942064
36 s 89 0.04069120138588356
36 t 16 0.009159368382063438
36 u 112 0.010281413928332706
36 v 65 0.13233092329349072
36 w 109 0.1597096017146794
36 x 40 0.0008317972693157039
36 y 64 0.02766454537851193
36 z 7 0.0908743342581887
37 c 54 0.08241150267646913
37 d 103 0.01504181353988221
37 e 134 0.09575583382521347
37 l 93 0.022666045737212093
37 m 37 0.26380464958244687
37 n 61 0.026286118816842285
37 o 55 0.03483504788326186
37 r 118 0.007644112680952109
37 t 29 0.07970751509818452
37 y 17 0.1804324427715457
37 z 8 0.1911208515742212
38 q 118 0.4811083032737168
38 t 47 0.23870301517300352
39 a 75 0.07124902432921676
39 b 33 0.0004498498233725945
39 c 71 0.11659222439544836
39 f 107 0.14431852191213912
39 g 11 0.009357827425391707
39 l 100 0.011209661158846917
39 p 40 0.09316394144864881
39 q 136 0.007352125882919225
39 r 138 0.06508851322060183
39 s 138 0.007964268521859053
39 u 125 0.0463506437537059
39 w 6 0.11187008675394639
39 x 5 0.004221055363922033
39 y 14 0.11636873149848614
40 a 79 0.027946144489562896
40 b 49 0.036249395233524107
40 c 33 0.06477003993378161
40 d 108 0.05213570336706219
40 e 47 0.015275357009210788
40 f 121 0.02431183211264032
40 g 110 0.07688566049062684
40 h 131 0.027191818201473095
40 i 100 0.13441056811021157
40 j 40 0.06328432922262917
40 k 131 0.024659650288801904
40 l 137 0.0005900676098394841
40 m 15 0.013281300801258555
40 n 3 0.015283799469340331
40 o 32 0.04146726432108627
40 p 105 0.08735619362031866
40 r 95 0.020960456337054012
40 s 4 0.05392258247902271
40 t 5 0.038126961978552365
40 u 68 0.061741902468092524
40 v 19 0.03961069649451976
40 w 49 0.0010063389485751584
40 x 85 0.008743865914934035
40 y 6 0.009041366742367773
40 z 13 0.026644919502953668
41 a 137 0.060343390297224686
41 b 85 0.017653362816911544
41 c 13 0.07280069300414438
41 d 30 0.00197284645950091
41 f 136 0.04773533959490961
41 g 0 0.09390046982523648
41 h 48 0.0646678684730837
41 i 45 0.011883037021841125
41 j 80 0.009119109386309221
41 k 7 0.0056563075002766805
41 l 104 0.019085602708159843
41 m 107 0.04658726297396698
41 n 68 0.13557305857977353
41 o 14 0.029786613885167235
41 p 120 0.03540890219797499
41 q 43 0.019872800772101296
41 r 135 0.00030940569269233276
41 s 81 0.08687838260883185
41 t 0 0.019767761647641047
41 u 133 0.038197648330141054
41 v 106 0.03480799280669222
41 w 115 0.01380403284069498
41 x 51 0.012424284706926136
41 y 127 0.009911451866296273
41 z 27 0.07521923199921343
42 a 138 0.03387408768591482
42 c 115 0.015606195429606395
42 d 130 0.0026533314378146544
42 e 51 0.005317386074607078
42 f 111 0.012271483395812965
42 h 4 0.010930616155272688
42 i 90 0.015440688754111642
42 k 53 0.03265971246160515
42 l 35 0.1505512949989165
42 n 31 0.09522815307625399
42 o 46 0.03382284878802644
42 q 99 0.11546564404043547
42 r 99 0.016143138621801056
42 s 5 0.051627930679963296
42 t 116 0.04104176425693562
42 u 76 0.00963226352969948
42 v 78 0.019504247180085366
42 w 39 0.21825068107975054
42 y 22 0.05393839014477464
42 z 65 0.018810945034157478
43 a 38 0.022077933354591295
43 b 60 0.021946192466943515
43 c 13 0.020090628919220532
43 d 42 0.007403518544396692
43 e 130 0.18342684525635433
43 f 37 0.012554613020124616
43 g 13 0.0016159424846790005
43 h 62 0.0019756672459292357
43 i 3 0.04321306018019366
43 j 74 0.037101229581375184
43 k 19 0.0035244825093816434
43 l 71 0.023113557492179027
43 m 18 0.04615377934141551
43 n 70 0.03644669824641067
43 o 98 0.09490485326985199
43 p 134 0.042469061741036374
43 q 93 0.023860721081793823
43 r 47 0.0651362754769711
43 t 102 0.01868550471513708
43 u 109 0.02909533352910798
43 v 48 0.09245680836754633
43 w 134 0.030618284799960427
43 x 49 0.03733685488031857
43 y 31 0.053877467229846876
43 z 39 0.015074680264929752
45 a 9 0.1034220344440242
45 b 56 0.00399147474499395
45 d 79 0.0810443225079337
45 e 32 0.03692083973158855
45 g 4 0.022822169801691827
45 h 15 0.018146366080306953
45 i 127 0.03828882950525914
45 l 37 0.031511728919774384
45 m 125 0.08604875471913953
45 n 56 0.1080334490406194
45 r 83 0.07749452611264318
45 s 1 0.053522950324293994
45 t 103 0.019442199865241427
45 v 75 0.043735694128311464
45 w 35 0.017658717758208486
45 x 130 0.12347075028221588
45 y 77 0.07610437184543395
45 z 35 0.03615892613704241
46 o 102 0.3458972158245116
46 r 63 0.3382662708608086
47 c 115 0.5856837785970428
47 f 16 0.2988282654168368
48 o 2 0.10140007727736489
48 w 137 0.4798493051431386
49 c 58 0.02013789208623873
49 e 133 0.032536100670044754
49 f 129 0.0002924576488969599
49 i 83 0.0008127519828343699
49 n 41 0.02401280385092508
49 p 53 0.09130086631991408
49 q 101 0.06743248258477219
49 r 0 0.09240947781059738
49 s 70 0.15893131821534157
49 w 51 0.0054470191856259564
49 x 38 0.2045475138678563
50 a 29 0.015082514655523238
50 b 121 0.0259974346200198
50 c 19 0.03871905637144191
50 d 52 0.15575816152871325
50 e 101 0.0024100744440781474
50 f 135 0.0005303568807204506
50 g 39 0.019785548039266243
50 h 125 0.08682098353062195
50 i 33 0.018406037096998062
50 j 139 0.050630179122787444
50 k 11 0.028310916804551556
50 l 108 0.007554522670427666
50 m 139 0.024198501244264148
50 n 27 0.06855552838774348
50 o 61 0.016325254446160398
50 p 75 0.05037288390307515
50 q 56 0.0042181023196474765
50 r 112 0.02031610322149424
50 s 129 0.0036537891725192395
50 t 116 0.043560874898753266
50 u 43 0.17167478467322617
50 v 95 0.024641447097051628
50 w 50 0.022457200025413404
50 y 74 0.07072240120325668
50 z 40 0.024983061389101335
51 c 98 0.09550154207683625
51 f 30 0.13478590353483477
51 i 102 0.00330741715894034
51 j 25 0.05677485197892562
51 l 25 0.13599382751047162
51 o 4 0.07176837245053336
51 p 121 0.029938721981805583
51 s 9 0.10870532426688007
51 x 18 0.22863348978984
52 a 49 0.004554985015072344
52 b 106 0.04115713550589106
52 c 36 0.04854803724534407
52 d 84 0.013633171426117197
52 e 77 0.02332633050983235
52 f 35 0.04786727088790288
52 g 38 0.06851178078670628
52 h 129 0.007029376351251115
52 j 133 0.09007885935833226
52 k 94 0.03460655767890042
52 l 98 0.007127429032799282
52 m 10 0.02452290621580866
52 o 131 0.018679297829915287
52 r 75 0.18130149753097613
52 t 99 0.09987289907897123
52 u 136 0.07375319839605488
52 v 67 0.08019276327031344
52 y 12 0.01503735824025787
52 z 44 0.09956903193019606
53 a 8 0.3312231801510378
53 i 101 0.018757929626820546
53 n 133 0.02140152221669822
53 s 31 0.30407515539036956
53 t 80 0.21101767246173564
53 v 138 0.0012198171518882361
53 w 23 0.09790937848875847
54 n 133 0.23009101239557683
54 s 93 0.10914128567437142
56 a 89 0.06313383919274296
56 b 95 0.06153118075448383
56 c 111 0.23785485108575433
56 d 28 0.011413078925166964
56 e 29 0.042471821233085016
56 f 65 0.14006084375912775
56 k 65 0.06899193172535667
56 m 61 0.09864068011248806
56 o 127 0.0672012176476755
56 p 119 0.06799818973697302
56 r 126 0.05124088640204083
56 s 86 0.008289135392807512
56 v 8 0.02279977482743467
56 w 23 0.055076685413022464
57 a 46 0.00997111895250169
57 b 27 0.048527527654083746
57 c 91 0.1519240672637181
57 d 2 0.10296115011145746
57 e 58 0.015784205131456397
57 h 0 0.009128104599861242
57 j 129 0.12634288905139723
57 k 56 0.1225828625067843
57 l 0 0.025488246353550292
57 n 139 0.025792073983537667
57 o 24 0.09809313868736413
57 p 95 0.06051974115767278
57 s 9 0.03679606281457304
57 t 54 0.00323471505878703
57 u 52 0.01316891481291027
57 x 61 0.03317275649920948
57 z 132 0.06782358561550672
58 a 61 0.1480196610425063
58 j 94 0.0029724464344375034
58 u 20 0.4759305909319498
58 v 89 0.05688308807334497
58 x 3 0.02191008667903882
58 z 70 0.05835924832420336
59 a 67 0.018722460606351632
59 b 100 0.008547094011970291
59 c 139 0.04838600679659821
59 d 108 0.012111809299382936
59 e 97 0.013347233667281189
59 f 53 0.011710589793171744
59 g 104 0.14921138986279026
59 h 72 0.029914303846236723
59 i 41 0.009595068536460971
59 j 69 0.0007696986405979489
59 k 7 0.021469150619499833
59 l 136 0.0344477868358114
59 m 130 0.0790094247548373
59 n 52 0.039932832880023916
59 o 40 0.09088459748870548
59 p 133 0.0132745896593639
59 q 3 0.07039719516172638
59 t 45 0.2454153328839601
59 u 10 0.00971398940087198
59 v 49 0.002634091486297341
59 x 10 0.03725428855818569
59 y 117 0.012848013188524243
59 z 126 0.0007504131871378661
60 d 117 0.06817531062169124
60 f 40 0.0862973463377632
60 h 28 0.07191067354431835
60 j 38 0.040416676709874366
60 l 90 0.06524082582425406
60 m 42 0.11273068326272118
60 n 54 0.2577767807213859
60 o 139 0.1383106492127314
60 r 97 0.08225480310954758
60 t 11 0.017847369239080257
60 x 82 0.0021897809122901624
61 b 37 0.0006748573808262881
61 d 1 0.013903533680831082
61 g 35 0.1943389972330738
61 h 127 0.005065092378355396
61 l 63 0.024074661303421063
61 m 68 0.019199746521582184
61 n 39 0.01656441419543353
61 o 53 0.10308482360803406
61 p 67 0.035317899116514506
61 q 84 0.1634271268031453
61 r 69 0.11421407594015265
61 t 24 0.06379681263030901
61 v 94 0.118351652610594
61 w 101 0.02313222483426114
61 x 124 0.021611399615341864
62 c 83 0.06245818674155468
62 d 90 0.01714063981243852
62 e 137 0.0030385396249790197
62 g 16 0.01323121148590678
62 h 40 0.0071450117130658075
62 j 122 0.0629219111667868
62 k 91 0.052202782886699994
62 o 127 0.22455913302239872
62 p 59 0.05101146655821853
62 q 129 0.11804867316910128
62 t 8 0.08162535204411936
62 u 89 0.04211413208449566
62 w 102 0.070595405195365
62 y 25 0.10524189710137188
62 z 96 0.010555764319948646
63 b 113 0.08731070078497838
63 d 35 0.04878370788277908
63 e 30 0.0013208285892747362
63 f 105 0.10893092250373282
63 h 18 0.10665957725752928
63 k 117 0.02388778199705588
63 l 127 0.0929499179514951
63 n 107 0.1591017033371307
63 o 60 0.11141847747589917
63 r 61 0.030543438907809528
63 u 56 0.01562531887526697
63 w 42 0.000701418189149039
63 x 77 0.0783277659116266
63 y 123 0.06367078251942815
64 c 67 0.2964574811078615
64 h 107 0.010252425043332791
64 k 31 0.17560739464714714
64 o 116 0.1479896433386606
64 r 123 0.32404876346828304
64 u 56 0.039003032939804894
64 w 130 0.006262711399354415
65 a 49 0.05720792546191755
65 b 53 0.024496030876052455
65 c 136 0.0005747069709094443
65 f 99 0.0005509113877566474
65 g 24 0.06490803194385242
65 l 5 0.023033318327898122
65 n 71 0.16489390723925046
65 o 0 0.03485406379324629
65 q 133 0.009176898205135009
65 r 44 0.018181067216853974
65 s 66 0.005915366910776321
65 t 52 0.2153590850921765
65 u 126 0.15662736841969527
65 v 105 0.005332221054926145
65 w 133 0.036102898810404516
65 y 93 0.04875692294350087
65 z 46 0.0859763600241441
66 a 58 0.03996676948856348
66 d 23 0.05676006591465932
66 f 110 0.1162946261282165
66 h 79 0.04059335398501818
66 p 102 0.04249806070827156
66 q 61 0.11185825160968543
66 r 42 0.03158545220521358
66 s 29 0.17746142649415453
66 u 120 0.2137427615250479
66 v 6 0.07021016958030957
66 y 1 0.07371062599845624
67 a 14 0.060052498415614
67 b 37 0.0055182619032270175
67 c 47 0.006466885843602332
67 d 122 0.028206784119006456
67 e 126 0.024657343587373592
67 f 23 0.006647911474523149
67 g 83 0.0651008057549336
67 i 81 0.025336747721889097
67 j 138 0.04744327720824737
67 k 136 0.04721329318189926
67 l 104 0.009778567342110578
67 m 60 0.11670785451498089
67 n 26 0.06374455347581542
67 o 97 0.020207120229639663
67 p 130 0.026268130822034164
67 q 110 0.08584740173415817
67 s 127 0.0036315107752209475
67 t 90 0.08962205893498187
67 u 107 0.12433907814124301
67 v 64 0.017101772978241003
67 w 72 0.08302476800163994
67 y 111 0.008393282093982934
67 z 70 0.0037678661195418295
68 a 86 0.03260000222509485
68 b 36 0.014367352537953404
68 c 25 0.056022962207378235
68 e 74 0.07122198597283802
68 h 90 0.03615550610601692
68 j 47 0.06573439080781496
68 l 123 0.07031008436233344
68 r 107 0.1058693782219603
68 s 36 0.025134646557393947
68 t 48 0.09541201967118551
68 u 34 0.18695778986674005
68 v 53 0.02008369259419318
68 w 121 0.017453494170335815
68 x 120 0.029690393450341412
68 y 108 0.010328632107457048
68 z 80 0.12788751320303038
69 s 129 0.4710358026517758
69 z 31 0.49009394489800884
70 a 40 0.007220588904852332
70 c 67 0.05738291924152206
70 d 95 0.004368399541604173
70 e 118 0.1548752423229487
70 g 24 0.005030510748076367
70 h 110 0.001981289618132709
70 i 22 0.06260620900539648
70 l 7 0.07499591510098258
70 m 15 0.08192361650678492
70 n 3 0.0815288814765367
70 q 29 0.07982061781125205
70 r 4 0.050304254683361305
70 t 1 0.11013937388840067
70 u 41 0.028202446489799193
70 w 119 0.00025946673505017337
70 x 67 0.06419259220515294
70 y 115 0.09282725709867878
71 d 28 0.1766716101149114
71 e 87 0.03221648221914197
71 f 7 0.22360667288167935
71 h 103 0.015743123971937112
71 i 37 0.13351118897175973
71 j 114 0.11219273225823934
71 n 91 0.09107332274470781
71 r 59 0.008777991771394489
71 s 32 0.19414745656134202
71 y 27 0.005497873819549248
72 a 21 0.07720047060963742
72 b 94 0.00026553220656622134
72 d 80 0.02113364953663288
72 e 135 0.07687778484579089
72 f 60 0.027575947307956317
72 g 53 0.08346628266753753
72 h 17 0.006195873379737038
72 i 106 0.0409997309165564
72 j 105 0.0035306811847581887
72 l 28 0.000302263027210925
72 n 68 0.024668736226842514
72 o 85 0.005549518164237988
72 p 18 0.06720379866708925
72 q 133 0.017053696577642663
72 r 103 0.004548023124772427
72 s 139 0.28127636079601104
72 t 21 0.18327284131631727
72 u 23 0.010703021374606658
72 x 102 0.013561117402852041
72 z 21 0.04932491079890822
73 b 59 0.13537996934417618
73 c 31 0.17175343652957453
73 d 26 0.029552818917556123
73 e 70 0.04413150616695605
73 f 94 0.06600925379946121
73 h 37 0.03525437220807082
73 j 39 0.06264775465557004
73 k 63 0.028272481990634146
73 o 101 0.12475227363279084
73 p 69 0.05939880689470256
73 q 86 0.034683663389107666
73 u 115 0.057415830765841225
73 v 2 0.029046611061380512
73 w 70 0.07633245154772561
73 y 110 0.014043256764761036
73 z 9 0.010575432267856955
74 a 125 0.0022962927244952747
74 g 76 0.18173687447957643
74 n 79 0.3137309410794398
74 u 49 0.03526446623973223
75 a 93 0.014213891446845928
75 b 11 0.016423119729270574
75 d 47 0.06410910338522358
75 e 68 0.010723336210868295
75 f 95 0.00761455750741169
75 g 133 0.016894204115055045
75 h 13 0.08120897553136464
75 i 23 0.03698231821427611
75 j 92 0.08147438328267598
75 k 58 0.028009550313263465
75 l 101 0.08399240401684938
75 m 54 0.0174792244517874
75 n 89 0.010992313784519925
75 o 110 0.02345302423269091
75 p 122 0.029934391770702784
75 q 130 0.0016082611666571323
75 r 9 0.007313657045097899
75 s 101 0.03806770921175584
75 t 46 0.09301348191434988
75 u 37 0.07253460493654795
75 v 102 0.13736936201482353
75 w 68 0.010761236126948681
75 x 21 0.04004711006129302
75 y 48 0.00030146070767111954
75 z 126 0.025925746491956003
76 a 107 0.005362421873235879
76 b 1 0.12405668332024877
76 c 13 0.020540377561216516
76 d 5 0.10377285133436531
76 e 27 0.11939078840552197
76 g 42 0.0652114115290614
76 i 28 0.041426832471174735
76 n 34 0.018331108805037744
76 p 32 0.21258674746046324
76 s 34 0.0373287458536139
76 t 32 0.06473653397766255
76 x 59 0.012773388287193432
76 y 54 0.025507804836271686
77 a 21 0.0033877895864592444
77 b 100 0.031182697266465387
77 c 88 0.010004982739176271
77 d 38 0.016332725133613946
77 e 71 0.021659001535606404
77 f 137 0.0039956780864137675
77 g 66 0.016346919216712608
77 h 82 0.005595987493304699
77 j 118 0.009392744921755347
77 k 83 0.050368777168154466
77 l 98 0.0703963893258428
77 m 8 0.045235706846728174
77 n 23 0.04501055246414798
77 o 14 0.0027096261639316666
77 p 73 0.07144729930397875
77 q 108 0.13087582623146232
77 r 13 0.014476748897858327
77 s 78 0.003693106756674003
77 t 57 0.08812414186008544
77 u 35 0.005986164212298362
77 v 14 0.20862919463810936
77 w 70 0.025179300636765323
77 x 131 0.0015603207209945458
77 y 96 0.01778692497066814
78 d 44 0.4691066579833302
78 n 66 0.32208271364329366
79 a 124 0.006124727429292931
79 b 37 0.025193300989980516
79 c 86 0.02243307799017724
79 d 16 0.05832017191741701
79 e 10 0.04062670208797203
79 f 108 0.010388958852763919
79 g 55 0.0030130216766490747
79 h 16 0.06185789803009034
79 i 53 0.08773863565978979
79 j 53 0.016469256318283665
79 k 19 0.008955927224316595
79 l 1 0.019605487731836346
79 m 31 0.0772947756055723
79 n 90 0.024417461956964037
79 o 107 0.09101804630758514
79 p 77 0.06112123059489194
79 q 51 0.0029999322663334382
79 r 60 0.007438186839110683
79 s 98 0.033386854995691606
79 t 73 0.03865038695517997
79 u 108 0.0580472359124774
79 v 104 0.04805815775046518
79 w 13 0.10230470565695637
79 x 46 0.012762948603705415
79 y 72 0.006985742653526916
79 z 108 0.010635795139294135
80 a 73 0.043707569510624045
80 b 2 0.006996231721805413
80 c 97 0.012784823947054047
80 d 43 0.041278379649079544
80 e 31 0.04527293927569953
80 f 135 0.021190002542060715
80 g 131 0.020568948051462255
80 h 129 0.0035081212123949657
80 i 125 0.01482717949620238
80 j 45 0.0056560995898841115
80 k 108 0.11634695287901953
80 l 54 0.04753297712145432
80 m 9 0.04611655406677939
80 n 73 0.014565382782860792
80 o 131 0.035587316831324656
80 p 9 0.13265341640047756
80 q 122 0.018265126141372212
80 r 117 0.21438693567801526
80 s 74 0.06297305960775523
80 v 11 0.016985615910402152
80 w 0 0.01613189716460961
80 x 93 0.03157782201924564
80 y 29 0.001258961990160512
80 z 61 0.022394481405554112
81 d 31 0.12607922480386358
81 f 11 0.03090336036825425
81 g 128 0.1376589954996259
81 j 27 0.01719242394538656
81 k 16 0.06997295939651371
81 l 108 0.0365718414052445
81 m 124 0.07856854058898011
81 o 72 0.005092313372675572
81 p 74 0.04133740720344248
81 q 50 0.03136951515386799
81 r 63 0.0413230357070965
81 s 15 0.027038181978964904
81 t 26 0.031224227190725817
81 v 38 0.01075988041119913
81 w 118 0.09940942417210763
81 y 22 0.04905465904298911
81 z 114 0.015382765335318127
82 d 13 0.09048993293336582
82 g 107 0.10381444653646477
82 l 128 0.06119354345040573
82 o 51 0.02544107240406135
82 u 33 0.03443715014003812
82 v 27 0.15037585044742452
82 y 9 0.19875219827297985
83 a 6 0.011065990340862641
83 b 138 0.06407987349842381
83 c 9 0.01231017830187453
83 d 24 0.031422194960007976
83 e 54 0.08235886481977839
83 f 31 0.017288144141562878
83 g 93 0.001652495212113525
83 h 59 0.016716802710222356
83 i 27 0.010216966378758019
83 k 60 0.021838652038763673
83 l 67 0.14680581255831593
83 m 2 0.022015716284681908
83 n 134 0.0030685061784003764
83 o 40 0.002154982484471435
83 p 105 0.03683784633872911
83 q 50 0.08120818808338504
83 r 44 0.0053487250014607746
83 s 97 0.08268936206016253
83 t 8 0.026999741971074798
83 v 69 0.012148286293624078
83 w 113 0.009267157705319273
83 x 74 0.13973124481164234
83 y 98 0.06386319199658663
83 z 110 0.05964889096235726
84 b 52 0.17462131444951934
84 d 99 0.02119698839572104
84 j 70 0.009835287458770603
84 k 61 0.009110810832735683
84 l 85 0.004912162484393079
84 n 128 0.1029568709734906
84 p 20 0.07688662423422943
84 s 55 0.16741245273745353
84 w 45 0.05277270916716004
84 x 83 0.30487386438878494
84 y 95 0.01257676152747711
84 z 8 0.01435460728366622
85 b 126 0.011060765355783486
85 c 101 0.019593751964444683
85 d 80 0.04254381638826377
85 e 107 0.1734773182353463
85 f 18 0.007713878856323242
85 g 49 0.061392405039151554
85 h 54 0.06090935121339136
85 i 86 0.06197704037852947
85 j 93 0.005189423639250457
85 k 78 0.007428230211918074
85 l 74 0.04331858563953339
85 m 9 0.03836748471244933
85 n 26 0.007411069567070716
85 o 99 0.023820945357492018
85 p 41 0.026823342801570726
85 q 99 0.0053501357308386455
85 s 106 0.015618149947362214
85 t 22 0.11210022175306344
85 u 3 0.007824689431704779
85 v 123 0.005673106298561992
85 w 21 0.10160586738214639
85 x 61 0.05125899158338243
85 y 6 0.056378597720766366
85 z 101 0.009337116825630987
86 f 132 0.1172565772750167
86 g 73 0.09281153170348178
86 j 105 0.10053751762503171
86 s 44 0.16405411333820186
86 t 32 0.306903900616574
86 x 105 0.08962762944605696
86 y 47 0.11712964872292808
87 a 117 0.11092049584435948
87 b 98 0.080126072324324
87 c 94 0.021699533892161615
87 e 96 0.16457565770246796
87 i 108 0.28240686200934895
87 k 112 0.098834562948944
87 m 125 0.023349318634804384
87 n 34 0.07482903382630124
87 p 67 0.023556812267330196
87 s 116 0.006478827980321733
87 u 121 0.010674640730907847
87 x 63 0.05752169118181061
87 z 73 0.00036011203848573814
88 a 59 0.014538030025975646
88 c 5 0.03890946118632954
88 e 108 0.023772190436590068
88 f 0 0.09932420599064651
88 g 31 0.03576640236911843
88 h 135 0.015358403348162741
88 i 29 0.031425796029808106
88 j 112 0.031476605553186654
88 k 2 0.08226131486336385
88 m 111 0.1196920569171801
88 n 134 0.01071336338926765
88 o 109 0.08069814369600092
88 p 53 0.03275614165481122
88 q 88 0.053224226429373966
88 r 45 0.03511878772702193
88 s 79 0.013463664219599103
88 t 109 0.07676157176299536
88 u 138 0.003650395084581537
88 v 15 0.02027418870359743
88 x 112 0.06984390260199069
88 y 66 0.02303562777557422
88 z 122 0.0713109098892768
89 a 24 0.045041786945502094
89 b 57 0.07471717356318441
89 c 59 0.01892506501727853
89 d 80 0.002196648553708491
89 e 24 0.09107271218278845
89 f 58 0.03841552918535207
89 g 13 0.01620679767409894
89 h 85 0.047926247336010586
89 i 30 0.017180132975279316
89 j 4 0.1551485515727773
89 k 33 0.004134746238466547
89 l 75 0.00698958153938245
89 m 52 0.013961469181232866
89 n 58 0.07805302429668859
89 o 25 0.06250511386819213
89 p 54 0.025807336887450294
89 q 129 0.014157452549766414
89 r 61 0.06235751006109136
89 s 87 0.03187677270544442
89 t 108 0.055478554281278014
89 u 79 0.041165842635855654
89 v 93 0.006762098593620758
89 w 97 0.009020126938032447
89 x 118 0.008839512099610314
89 y 60 0.042766386311350324
89 z 92 0.009792824962104651
90 a 65 0.0063045934411627425
90 b 39 0.03240689649650197
90 c 114 0.026204143134492375
90 d 66 0.004312765580714473
90 e 46 0.0007906418037902929
90 f 72 0.0002898160184057197
90 g 20 0.10348703635813417
90 h 138 0.023638090872740936
90 i 138 0.012323932387444225
90 j 103 0.16610311431881752
90 k 92 0.03896813225753115
90 l 12 0.01684727349908588
90 m 57 0.024615120057986162
90 o 95 0.08035398704485341
90 p 42 0.029474384797023134
90 q 87 0.03768991820850376
90 r 71 0.06697690222664388
90 s 73 0.07274827115305205
90 t 122 0.02742905125278472
90 u 76 0.04548637156602331
90 v 65 0.03981205145259259
90 x 120 0.028997172807302296
90 z 49 0.01845460951583533
91 a 128 0.2215376227678275
91 j 46 0.38788341743703314
91 q 139 0.012814661250277415
91 s 92 0.08775093768337039
91 t 38 0.014640080440409209
91 u 110 0.13646751475499974
92 e 18 0.23333260250306764
92 o 82 0.28754799041579227
92 p 93 0.08447509334605885
92 v 74 0.30556424805924853
93 b 126 0.05173697121278553
93 d 120 0.5416284209309014
93 e 86 0.05201415868456605
93 g 24 0.26765240327215734
93 i 51 0.009377373095860286
93 o 49 0.03903131168424001
93 q 90 0.02226970601213729
93 w 101 0.0005019705829563126
93 x 5 0.006734362437320285
93 z 136 0.0014700869999079158
94 g 81 0.18083476179002522
94 h 103 0.006377713230508619
94 i 71 0.1932137264040814
94 k 39 0.17830738037243288
94 p 52 0.04014506917273708
94 q 42 0.18926431089195117
94 u 90 0.10591210969582521
95 a 37 0.10152830649815292
95 f 109 0.023193077982115673
95 h 2 0.023355377177756043
95 i 109 0.009169391353065603
95 j 97 0.0009001064639408973
95 l 11 0.0856457912347871
95 n 129 0.0522569361179952
95 o 138 0.11687533999330368
95 q 133 0.019239653198488416
95 r 75 0.025229510165708402
95 s 37 0.016546460407678154
95 t 51 0.11359150985532351
95 v 78 0.03764005418036598
95 w 106 0.011623934401748137
95 x 75 0.041668627422749904
95 y 133 0.19470019517874426
95 z 58 0.10146228525597523
96 g 129 0.13110333164894516
96 j 40 0.06027554315378292
96 q 78 0.6113870944840876
96 r 37 0.11895997031051841
97 a 77 0.0005841934747369271
97 b 136 0.06707495196242219
97 c 7 0.002933791242355155
97 d 86 0.04304192614082203
97 e 87 0.00017990411960588926
97 f 6 0.1324911996025645
97 g 35 0.024726509324141666
97 h 128 0.03146422238867508
97 i 32 0.015720720431469215
97 j 49 0.07404088540724718
97 k 84 0.08828682498765039
97 l 134 0.07303630207657452
97 m 112 0.013641992164750816
97 n 101 0.01702843775675633
97 o 44 0.02688020142561387
97 p 2 0.03399081611560173
97 q 84 0.08000938113511691
97 r 80 0.0069786672764449165
97 s 31 0.008047842403262173
97 t 132 0.003025154230488103
97 u 122 0.03451488752570708
97 v 102 0.006072422366483976
97 w 67 0.007772947419246168
97 x 126 0.0249240833704929
97 y 101 0.07024699661712641
97 z 124 0.04122264798945685
98 a 26 0.09144097939271312
98 b 21 0.004832583373451382
98 c 99 0.04933873797024302
98 d 120 0.01391402956637322
98 e 63 0.0051849141382126485
98 f 128 0.0006855187702652366
98 g 94 0.012698982748476695
98 h 78 0.0007472419618110848
98 i 44 0.021842340220251555
98 j 77 0.014211083242258282
98 k 31 0.018564674103340617
98 l 57 0.003841534393704382
98 m 113 0.18096512399877163
98 n 122 0.005804867172055639
98 o 76 0.05503271586128944
98 p 34 0.04483820697536778
98 q 26 0.013518286717990713
98 r 136 0.00218771531169748
98 s 98 0.06015300492405562
98 t 68 0.04385692635276883
98 u 66 0.03381059680014553
98 v 92 0.013269150433447119
98 w 99 0.017634705618552182
98 x 15 0.009513025148858878
98 y 74 0.10296194186166441
98 z 53 0.16556500618128056
99 a 115 0.008859963758411249
99 b 135 0.024179625740488042
99 c 80 0.004543681394809318
99 f 78 0.18544168289056784
99 g 65 0.00410908247377495
99 h 26 0.041619832258657286
99 j 56 0.0924493811236532
99 k 121 0.018107421147210645
99 m 71 0.02270405218371596
99 n 18 0.10678757473383049
99 p 82 0.028141352486954707
99 r 56 0.10316511521139782
99 t 49 0.07552410115000752
99 u 43 0.019718132294575197
99 v 15 0.08216404936545019
99 x 33 0.0028195056898997484
99 y 86 0.08331964959416682
99 z 69 0.002232561373169406
100 e 67 0.13928978703170047
100 j 11 0.3639346338709277
100 y 62 0.18946964012790457
101 a 83 0.19204601445262537
101 b 120 0.006999684756998303
101 c 5 0.010966886804311904
101 d 24 0.10600228988490479
101 g 51 0.27040215851779015
101 h 122 0.028328618974699293
101 i 109 0.225397778703201
101 k 23 0.009423158725595404
101 o 13 0.03167568228968509
101 q 49 0.02001227411646811
101 w 116 0.027809551504597407
101 z 77 0.0523481803838467
102 j 90 0.03306698521299822
102 p 109 0.30956266806319377
102 q 124 0.0362983436780302
102 r 53 0.06923562037545206
102 s 69 0.017980169350399144
102 z 35 0.5097403336416518
104 h 98 0.08331771447119951
104 n 6 0.17827372424121146
104 q 28 0.299660991634749
104 x 5 0.42094389400547716
104 z 71 0.005642923430921876
105 a 125 0.08162563311892546
105 b 114 0.01994920554412616
105 c 87 0.09606869599001933
105 d 19 0.026920075114148623
105 e 20 0.13983820989099005
105 f 65 0.13959295669995453
105 h 66 0.007522782952180562
105 j 87 0.03372707216066284
105 k 59 0.00801634775428861
105 l 122 0.035803004988702924
105 n 59 0.019110583507922496
105 o 5 0.0989688608346091
105 p 100 0.009576451792707164
105 r 138 0.06768057811689898
105 s 55 0.006123026478589977
105 t 47 0.015011753167163189
105 u 138 0.04619564396640796
105 w 11 0.059287464111636656
105 z 72 0.03881330558711582
106 a 27 0.05656633035119463
106 b 78 0.05328914130378326
106 c 47 0.015977021209927833
106 d 75 0.052870486354800295
106 e 130 0.14073495399751734
106 f 85 0.06801638988748215
106 g 28 0.02503413472347693
106 h 92 0.011709502816679374
106 j 89 0.008236182179653162
106 k 105 0.02200796998476262
106 l 82 0.015799348797090218
106 m 42 0.013604865308812886
106 n 44 0.015936627685105287
106 o 61 0.041189126786650876
106 q 9 0.017750967639134196
106 r 82 0.004048280689845196
106 t 115 0.03836339659029964
106 u 117 0.041994547691276085
106 v 85 0.0032737930490204237
106 w 93 0.14766185911205476
106 x 57 0.02429182502223226
106 y 70 0.04268369558379015
107 d 87 0.12103222898234633
107 f 80 0.0728617899370203
107 l 102 0.07900234463561584
107 s 138 0.02265419299808802
107 t 70 0.2417505181280678
107 u 101 0.22600665880494908
107 v 73 0.08106220319377211
108 e 127 0.41062905167352415
108 p 42 0.3472432793060508
110 a 87 0.007810308753589124
110 c 14 0.0008945528780546219
110 e 86 0.03633482244030395
110 f 94 0.112500493502381
110 g 56 0.054705874277668154
110 h 125 0.08719598375836168
110 i 72 0.041381864162165494
110 j 83 0.009681801683155022
110 l 32 0.016121673886882237
110 m 76 0.03755732667758571
110 n 19 0.14658514030819547
110 o 83 0.01591090140951379
110 p 10 0.031876174570787286
110 q 85 0.0029315543672167044
110 r 67 0.010342215575234293
110 t 117 0.18766519853673147
110 v 56 0.01837333044184608
110 w 34 0.05570919085872472
110 x 22 0.008594652284706239
110 y 5 0.011333107405202658
110 z 83 0.0739844158566687
111 a 62 0.014859427050544105
111 d 98 0.04598243927213608
111 e 18 0.15224397228377218
111 h 114 0.054302267515654146
111 i 44 0.038239006696037525
111 k 94 0.0994370839905303
111 l 86 0.038070061984798675
111 m 39 0.0011725084915850115
111 n 56 0.1378122384339695
111 p 9 0.015424175499644477
111 q 71 0.05958147346858145
111 s 122 0.009342340359916879
111 t 58 0.3128617373430682
111 u 41 0.006487694396624333
111 y 54 0.011710504511700193
111 z 52 0.0012836334125447824
112 b 62 0.027504500798380627
112 e 59 0.0011868092918015938
112 g 27 0.08045137778699851
112 i 101 0.08054413511759806
112 j 59 0.1155402818431781
112 n 6 0.25078040164152815
112 o 49 0.015669209562980013
112 q 95 0.08699580483307179
112 s 54 0.07021209690425934
112 v 139 0.030677388862977217
112 w 43 0.01880899271141445
112 x 36 0.11418820940081076
113 a 132 0.008361907213665587
113 d 62 0.06380525407652271
113 e 62 0.0015579152543074848
113 g 119 0.03324704483116703
113 h 114 0.0022482058299788665
113 i 71 0.08209807650456546
113 k 8 0.01621526926987904
113 m 0 0.0067647005119335635
113 r 139 0.22847735090797383
113 u 95 0.017400707078091715
113 w 123 0.27398577574869054
113 x 133 0.020497289333661572
113 y 117 0.034594526770318934
113 z 23 0.03439525429307
114 e 42 0.3525005370638704
114 k 0 0.08570083446778964
114 u 115 0.10995430217464353
114 w 14 0.1847934955012488
114 x 57 0.19664274895498124
114 y 17 0.014791315601152766
115 b 41 0.001944775167059376
115 c 50 0.0170189214518488
115 e 12 0.04672758885925066
115 f 99 0.03211598378384095
115 g 33 0.1405904032405767
115 h 94 0.033415710117284725
115 j 111 0.23015609117527247
115 k 2 0.04056353571527849
115 l 137 0.04774430124937057
115 m 139 0.0035310671265181837
115 o 139 0.0020549331703971774
115 q 127 0.09807975104870681
115 t 5 0.03662133875513107
115 u 10 0.011092774081130852
115 v 117 0.04274114578385535
115 w 38 0.021946335636166547
115 x 101 0.14480942992870294
115 y 2 0.04656637286043386
116 a 35 0.003411938038685003
116 c 136 0.060710377324607157
116 d 135 0.0541350582636243
116 e 17 0.0036518268857299585
116 f 80 0.01109455352064248
116 g 126 0.05530603391318767
116 h 19 0.01561990247306444
116 i 130 0.031085151273351763
116 j 41 0.06180307747481162
116 k 49 0.04052140444968855
116 m 120 0.09585666747088495
116 p 12 0.014501190992359358
116 q 117 0.00019991009724551478
116 r 138 0.005341696853404687
116 s 133 0.0005488939347453314
116 t 5 0.034613397739065355
116 u 134 0.016304402800998652
116 v 70 0.024187797063897842
116 w 92 0.01118742499752634
116 x 41 0.09290348374255963
116 y 20 0.21516430170738665
116 z 86 0.13414208953301865
117 a 119 0.018864038189477017
117 b 76 0.021758085242369107
117 c 13 0.05179984170292362
117 d 76 0.028110332493194168
117 e 37 0.1415150109611133
117 f 99 0.07589094245425354
117 i 114 0.02179635052713602
117 j 88 0.17861246512373752
117 l 67 0.004154460202093979
117 m 10 0.06619862705233126
117 n 139 0.037256224160149065
117 p 65 0.05421768678160266
117 r 43 0.0864007478898251
117 s 74 0.0013207741089961145
117 t 18 0.10385307099429464
117 u 59 0.035885621387675704
117 w 15 0.045989844762364784
117 x 139 0.013241624579841571
117 z 98 0.012786880131456457
118 f 62 0.016172328065621078
118 l 97 0.9396353437878027
119 a 51 0.0702701729357531
119 b 44 0.07100408372187594
119 c 36 0.012244877030788248
119 d 69 0.06388168601428112
119 e 136 0.042620614979462235
119 f 94 0.01912124796377923
119 g 83 0.01927561143493539
119 h 76 0.05015082749838984
119 j 79 0.0726576090988651
119 k 28 0.03665579083700665
119 l 76 0.04402086015795703
119 m 60 0.033939487424792913
119 n 62 0.06285556864177677
119 o 87 0.09393612351552882
119 p 38 0.057716141791526177
119 q 38 0.0014127766330261915
119 r 61 0.007548108350937555
119 s 136 0.028077353024520635
119 t 58 0.00400260542802644
119 u 122 0.008561915061831793
119 v 109 0.024612472649625294
119 w 104 0.04924324294133364
119 x 70 0.010876331969910558
119 y 50 0.009715280780920432
119 z 24 0.08526665302462033
120 a 92 0.003099500139296718
120 b 73 0.09632270515914465
120 c 74 0.05202298801040961
120 d 15 0.02189490388451021
120 e 78 0.020576894035662208
120 f 87 0.0001786957012240853
120 g 32 0.010482525180448232
120 i 48 0.042391279531380444
120 k 76 0.11566437532140894
120 l 26 0.10200204546268454
120 m 48 0.009854200764530363
120 p 94 0.062222919958009326
120 r 120 0.05116169509733792
120 t 82 0.04090007736764956
120 v 94 0.03010802630459153
120 w 30 0.13863840760623347
120 x 19 0.12126364360030173
120 y 89 0.026179556110029756
120 z 1 0.030825612706091077
121 b 100 0.0449704810639312
121 d 13 0.035569901016744065
121 e 138 0.04693689974113058
121 f 41 0.09283155171313662
121 j 69 0.14945215641295195
121 k 94 0.005042462395755232
121 l 31 0.04560303650599484
121 m 59 0.009318200775619623
121 n 109 0.0007518678155146175
121 o 75 0.02456533365963598
121 q 130 0.03190987274643142
121 r 0 0.0681663087061457
121 s 25 0.006320277745665792
121 t 127 0.11730453787775441
121 u 39 0.06395399846196226
121 v 102 0.18195598093451149
121 w 86 0.012314485550467769
121 y 85 0.00931327068584653
122 a 18 0.01961614028928582
122 b 116 0.11911356701823994
122 d 38 0.009465838375835811
122 f 101 0.04757606427440597
122 g 23 0.0024136712807218963
122 h 129 0.1253973933172683
122 j 71 0.039680403826348076
122 l 20 0.029840976599494362
122 m 43 0.08401801977223211
122 n 3 0.11269751635431768
122 o 86 0.035772580516301056
122 p 29 0.04761451370077929
122 q 82 0.06573688072963968
122 s 7 0.04839539919087443
122 t 54 0.0015788231046848233
122 v 19 0.041001181463243386
122 w 76 0.01878340224725794
122 x 92 0.10342156919645218
122 y 132 0.004226405084439833
123 f 63 0.8043411676251336
123 p 23 0.14526174326081387
124 a 14 0.21582838085928435
124 d 24 0.0008191278234861432
124 f 30 0.1309876111693633
124 g 106 0.0038131754425353437
124 h 105 0.12533708620459172
124 j 7 0.018573081511558565
124 k 101 0.1554453404728754
124 p 34 0.08995563938207685
124 q 95 0.06818357467514435
124 r 8 0.01612949296921684
124 s 15 0.037937399080388845
124 t 136 0.0004315160923357153
124 u 18 0.06966357586061211
124 y 16 0.046170437467405234
125 a 104 0.0026155357979933402
125 c 1 0.02721780169491217
125 e 27 0.16292205481795152
125 f 68 0.02568530241579503
125 h 67 0.032944200953636926
125 i 101 0.1683360612083623
125 k 111 0.0678771371427902
125 l 23 0.002391859238319971
125 m 115 0.0351618685143219
125 n 119 0.09184871124618343
125 o 93 0.01556229812770804
125 p 37 0.011697639185179076
125 r 60 0.021160843357237225
125 s 68 0.004652845635543246
125 t 62 0.014852165227091652
125 u 25 0.05613581039693483
125 v 135 0.0219500980470414
125 w 101 0.0419121863710481
125 x 101 0.07113283669798809
125 y 62 0.014419394872698388
125 z 21 0.015466406590992299
126 b 7 0.035725438113308416
126 e 139 0.08274046091093012
126 f 58 0.07760266206839472
126 g 12 0.03556668181062095
126 j 67 0.019567627174808644
126 k 12 0.03993363062954214
126 l 24 0.035417004921048045
126 m 113 0.02238986553168043
126 o 94 0.047303386990025786
126 p 104 0.020728068398172317
126 q 81 0.09804847104932635
126 r 35 0.011466737512465963
126 s 6 0.041439736934937965
126 t 22 0.007462943119251775
126 u 124 0.14076969084175772
126 v 63 0.031963651240003554
126 w 92 0.17352352830025708
126 x 29 0.008180400421212375
126 y 21 0.011404482372123104
126 z 54 0.02090895831962969
127 a 101 0.09395599752383044
127 b 124 0.033423616678340484
127 c 99 0.029178269912245813
127 d 65 0.0010890297664705173
127 e 130 0.061815267920817374
127 f 133 0.045188319534280486
127 g 32 0.004138941889862302
127 h 67 0.05369681299106632
127 i 139 0.09245768843951796
127 j 88 0.00646080760924328
127 k 96 0.01784715890426336
127 l 34 0.005763034610326345
127 m 126 0.03471021858062828
127 o 123 0.036986418320996584
127 p 127 0.019384084810122992
127 q 94 0.09649452513082624
127 r 78 0.08154587845079464
127 s 104 0.025560052319792748
127 t 52 0.005962898796377125
127 v 22 0.0017285058916237661
127 w 37 0.12537454572936035
127 x 135 0.02519992480418687
127 y 28 0.028674368219991697
127 z 64 0.005323687905686714
128 c 84 0.005747260004208887
128 e 116 0.12757595169774083
128 g 139 0.20120791694674256
128 h 16 0.15030597319275119
128 i 41 0.005972299592645336
128 j 54 0.032738775039875656
128 k 55 0.12545406030452766
128 m 9 0.0003361272054642761
128 n 47 0.053206111434473624
128 q 55 0.020815138069206984
128 r 135 0.026657027194103122
128 s 8 0.010987879041344017
128 u 131 0.038132472779558335
128 v 68 0.03901830658110361
128 w 63 0.05402644721566041
128 x 88 0.06831379699822882
128 y 33 0.014713823330281373
128 z 87 0.016399670965805746
129 b 50 0.036702252909823874
129 c 100 0.06645341473492927
129 d 113 0.048796726085783226
129 h 99 0.12273461742453118
129 j 5 0.0428092990759289
129 k 36 0.0017112613077633343
129 l 53 0.04948565150907769
129 p 90 0.1214380350050489
129 q 101 0.036596958289515036
129 s 97 0.05732151811663222
129 w 139 0.08628794412950558
129 x 133 0.11989117630854429
129 y 62 0.14387803713254688
130 a 4 0.07781515053626264
130 b 14 0.06037275319240498
130 c 125 0.039808010471411914
130 d 131 0.008193145888514164
130 e 4 0.05289857412682508
130 f 4 0.058622177593596
130 h 57 0.01645479896292623
130 j 43 0.2028460254195914
130 k 3 0.030889630694418524
130 m 56 0.018628943183803814
130 o 83 0.07640123018161638
130 p 76 0.056733395621258675
130 q 42 0.0038563075611618425
130 r 129 0.02458205908194
130 s 114 0.016386045286343354
130 t 41 0.023771994848588385
130 u 124 0.02477564114688957
130 v 98 0.005542233338833857
130 w 36 0.09371891206778371
130 z 34 0.004946201951197549
131 c 20 0.11023672658360384
131 d 18 0.1825969472161575
131 g 34 0.06683277111424346
131 j 31 0.06750040554188197
131 k 63 0.047292670375985724
131 l 45 0.11360092388004073
131 n 123 0.10356234785494245
131 v 70 0.08057389453115738
131 w 132 0.1321367759808535
132 a 114 0.014355707683467944
132 c 9 0.03622951024702159
132 d 14 0.02724167423827173
132 e 117 0.04627635038742095
132 f 54 0.08691396743540214
132 g 6 0.017060373217226754
132 h 55 0.0012857924811284782
132 i 75 0.008201500527571848
132 k 123 0.07888439813006842
132 l 117 0.04475910371207559
132 m 108 0.03700456356065884
132 n 25 0.013829801263946728
132 o 56 0.11658295306535782
132 q 76 0.06209550045115508
132 r 78 0.09840838559714249
132 s 101 0.014675616018481108
132 t 17 0.11301344484306297
132 u 119 0.010696283771844062
132 v 123 0.028246306990758585
132 w 105 0.027979884221630225
132 y 121 0.02653446031801654
132 z 72 0.08168863865795661
133 a 126 0.02785362883013709
133 c 88 0.006948785924978718
133 d 76 0.008648584078224775
133 e 18 0.05170761505087218
133 f 61 0.009087491617365995
133 g 79 0.008423337337554626
133 h 131 0.0008100285709675692
133 i 100 0.2080699303877973
133 j 22 0.10242369727936929
133 k 6 0.13467908824425412
133 l 63 0.05907025274922417
133 n 29 0.0586264448762045
133 o 7 0.054543347792959995
133 q 119 0.014267505618235976
133 r 40 0.16879752087616706
133 s 64 0.007935246926426331
133 v 120 0.04306339711555318
133 x 44 0.004112080151257191
133 z 2 0.0023628108490315602
134 a 133 0.009705696022234256
134 c 75 0.0542871335627606
134 d 138 0.020889561604719442
134 f 67 0.004595577889474622
134 g 54 0.017711321302513294
134 h 137 5.742541130948631e-06
134 i 63 0.06343927137024419
134 j 56 0.00046720219787732553
134 k 44 0.05811524600216478
134 n 0 0.0004984735120245887
134 p 65 0.05217863307919546
134 q 81 0.04761840329267297
134 r 52 0.10508450066799746
134 s 104 0.056151645408447304
134 t 90 0.0007316675983514154
134 x 72 0.06167766539359132
134 y 79 0.03680451754975744
134 z 97 0.24632563426915632
135 b 134 0.0725300816546598
135 c 136 0.058506255463082746
135 d 3 0.0026813438425411507
135 e 104 0.07602767020810464
135 f 43 0.12453762181616812
135 g 35 0.07100948022160458
135 h 118 0.02118494086047118
135 i 68 0.041692185188478836
135 j 41 0.006776302810070911
135 k 21 0.05374972321004856
135 l 2 0.015865981528223938
135 m 46 0.06913617056357357
135 p 34 0.16118553706192928
135 q 0 0.001969828323980183
135 r 118 0.023398809884778826
135 s 73 0.014644123488405048
135 t 102 0.02040717649089807
135 u 17 0.0069843862557208425
135 v 31 0.019304706599197585
135 w 127 0.057506775746646754
135 x 64 0.002721222970410886
135 y 98 0.01000248699252193
135 z 37 0.04283769814622451
136 a 36 0.0161954739611474
136 b 65 0.02914714000071006
136 d 103 0.04634507625435025
136 e 109 0.14284167930892855
136 h 112 0.08134883698912054
136 m 92 0.03609850975320916
136 p 52 0.03793177723527663
136 r 111 0.07520014683519294
136 s 64 0.17459351222039465
136 v 57 0.32349787307867706
137 a 20 0.0665675215481426
137 b 76 0.0896652441639485
137 c 93 0.06946705860897229
137 d 115 0.06579427108295932
137 e 73 0.006534953726418435
137 f 29 0.0029270962736516193
137 g 25 0.002398988011566794
137 h 18 0.1317179129113204
137 i 53 0.0024077725963654872
137 j 102 0.022119478823167893
137 k 45 0.0013845572045266819
137 m 102 0.014782944642173779
137 n 87 0.01526694595531386
137 o 130 0.09260016095832091
137 p 120 0.004278785359357551
137 r 25 0.0006062767129891844
137 s 21 0.038487202135079834
137 t 38 0.09479888459268038
137 u 24 0.0006911489960230721
137 v 47 0.04532216505125919
137 w 17 0.06610586985516642
137 x 138 0.09978176788624171
137 y 41 0.010320580389408751
137 z 106 0.04902307826197971
138 d 12 0.9900909320847098
139 a 135 0.08988961252023397
139 b 41 0.0609512024891129
139 c 14 0.0033411209169008638
139 d 22 0.11627111008621516
139 h 127 0.03265199088500481
139 i 33 0.004098318998493444
139 j 62 0.018864764521448252
139 l 119 0.020210070970712923
139 q 132 0.07097857022627863
139 r 6 0.03625793374979602
139 u 81 0.05819372414200119
139 v 34 0.23304805273377271
139 x 83 0.14255235540499245
139 y 90 0.05497749213645364
139 z 4 0.0466372119002636
