183 26 2373
0 0.032495980488596254
0 0.04205670127422023
0 0.0013335792462904061
0 0.0354344474749505
0 0.08978107325428608
0 0.08908541152438165
0 0.01445717146812342
0 0.09045569655577956
0 0.045137022051389586
0 0.000703214245814765
0 0.02092002090771361
0 0.35294160028613275
0 1.0
0 0.1357712538468293
0 0.0822186636947364
1 0.35215159137423
0 0.3352639286398543
0 0.022234131033259663
0 0.13697513529400007
0 0.022922392533544222
0 0.13514106973865692
0 0.3838755575315017
0 0.22597754917688984
0 0.1482614748281026
0 0.13470446261874092
0 0.07227613702417668
0 0.039726655454016324
0 0.0148811744172338
0 0.880107439506756
0 0.11858027624645717
0 0.013459478358815224
0 0.031279446865688065
0 0.14996029054997384
0 0.7862509283760262
0 0.12065070071132
0 0.05781437999965411
0 0.18556511820334365
0 0.008985888644319706
0 0.02735597221363384
0 0.0107774455731241
0 0.260889705028993
0 0.06146209176526274
0 0.07869861604844852
0 0.01920788604177992
0 0.010433946496446023
0 0.1002170008033395
0 0.016496907582135956
0 0.034422660949706474
0 0.1645853753544273
0 0.008265040013220593
0 0.11288854356411626
0 0.04873067532435782
0 0.7473751981165738
0 0.257636309214484
0 0.17919095618026692
0 1.0
0 0.005770524186443748
0 0.028605668497535208
0 0.03939039574704273
0 0.02623031442061574
0 0.15467484184331837
0 0.052937738644285415
0 0.004391386424205224
0 0.04494784738676072
0 0.11229337056299693
0 0.09898095305329879
0 0.3808392995035007
0 0.23866103970652297
0 0.029794935490801033
0 0.01421285363597502
0 0.3367779751835511
0 0.08149571560208624
0 0.1672991164358002
0 0.2979052486736845
0 0.29189674451234526
0 0.06365073695860224
0 0.09935430551875568
0 0.04045635802926517
0 0.21652548967337415
0 0.04079301915964917
0 0.15925597244839806
0 0.15312114920893027
0 0.2333590649408892
0 0.25521347114178106
0 0.024183859899988502
0 0.17993680853694838
0 0.056503141043215965
0 0.23297922601261734
0 0.005529830988193263
0 0.7004982788080428
0 0.09394463510197637
0 0.02109953085432137
0 0.04154565696991652
0 0.35505381809934733
0 0.03523893724677507
0 0.39674736413948763
0 0.0770616688639233
0 0.11573591662708071
0 0.10202965197097036
0 0.005750814468282406
0 0.7496244745025641
0 0.001554476895523682
0 0.01011072885818931
0 0.0021269834133548216
0 0.00996328954109027
0 0.03286614988707559
0 0.06465398812473033
0 0.32495221906896465
0 0.016556803745813586
0 0.014432437597590275
0 0.002089974642426884
0 0.02405934707215751
0 0.2664746230111573
0 0.009698114904790889
0 0.025092238402720346
0 0.011002532245937724
0 0.026878402751445818
0 0.06732373068165531
0 0.2828291705882212
0 0.16899595643736676
0 0.07649244170089631
0 0.029323814786905822
0 0.020874660106944165
0 0.12247856212010122
0 1.0
0 0.5575516145407521
0 0.17105144373656578
0 0.5004150830648778
0 0.05321809416990153
0 0.11984540704602686
0 0.2233989143784827
0 0.4398585058489356
0 0.09859580343475471
0 0.12575456786186712
0 0.018233261102066578
0 0.01171607063387703
0 0.014126127305584713
0 0.023415978318313324
0 0.10467080874037504
0 0.06053442766875983
0 0.030811198953593855
0 0.7038054716083221
0 0.14336625632370992
0 0.1637202854275006
0 1.0
0 0.03341410045505955
0 0.0271952072417192
0 0.04859775698246438
0 0.004644665825733751
0 0.2841035804420884
0 0.6370125903147373
0 0.18663292661349695
0 0.061062766490501796
0 1.0
0 0.01194945191048169
0 0.0429173295236408
0 0.044085059970404794
0 1.0
0 0.2555527715831618
0 0.019716332741345988
0 0.02390669580589555
0 0.001430718472131498
0 0.13533886803369044
0 0.08109334085171171
0 0.0008184794845128573
0 0.07662569542338127
0 0.0027404824339747336
0 0.009542977571817324
0 0.32716446904381835
0 0.025270763375823013
0 0.04609961746590574
0 1.0
0 0.31028806011623045
0 0.03191834706838337
0 0.6826636354583653
0 0.09644822789871199
0 0.0003556934757528163
0 0.04771522995043387
0 0.05857435137405731
0 0.05217623408090688
0 0.08068363046298022
0 0.013846355973151203
0 0.014058385157106446
0 a 115 0.011842512325654142
0 b 157 0.0895413337283083
0 d 103 0.027770864550646923
0 e 141 0.1380285437715726
0 f 41 0.007789012674589091
0 g 162 0.017242312198102017
0 h 125 0.040706659525454825
0 i 112 0.01965864038561238
0 j 75 0.006149850097180387
0 k 33 0.0690712327914006
0 l 68 0.033272950059103024
0 m 121 0.005104979789700037
0 n 127 0.03255748243704604
0 o 70 0.006061237578262602
0 q 44 0.022501871368175386
0 r 90 0.0461923736359775
0 s 77 0.04718337910871084
0 t 8 0.15320526245744504
0 v 146 0.03094484005281173
0 x 85 0.02058508065918374
0 y 149 0.14209360031646656
1 a 50 0.024084708441568736
1 b 121 0.024044094201947752
1 c 139 0.038285166830474227
1 d 133 0.09226654780198018
1 e 73 0.028697079536347037
1 f 27 0.11069600052589168
1 g 53 0.020269013599089836
1 h 14 0.003964451696758298
1 i 78 0.08723322673424272
1 j 25 0.013279788127814163
1 k 89 0.02688284229704785
1 l 63 0.03035571945953297
1 m 63 0.007497232181672642
1 o 175 0.11307572207216388
1 q 138 0.017953806926601645
1 r 11 0.012633918153412749
1 s 150 0.06765510443131229
1 t 107 0.029732531916095706
1 u 15 0.044989181387739
1 v 0 0.04361895663699056
1 x 111 0.014441545156690161
1 y 81 0.05014975202548744
1 z 78 0.056136908584918266
2 i 90 0.02423123437732433
2 p 18 0.3222215740895895
2 r 43 0.6522136122867958
3 a 87 0.017527310208817592
3 f 138 0.04369970896333808
3 g 34 0.04425563580847547
3 i 100 0.11102080517220325
3 j 74 0.013197320191372541
3 l 58 0.04568037807482184
3 m 2 0.1995051482936101
3 n 47 0.10311949683404908
3 o 52 0.099157451667923
3 p 97 0.00712399847312295
3 q 99 0.057007024960616604
3 s 121 0.04978624740900606
3 t 177 0.0952624977041352
3 v 167 0.018898656615424225
3 x 29 0.02333686445388572
3 y 100 0.035987007694247786
4 a 35 0.00313982788470879
4 b 166 0.020627108985143194
4 c 44 0.11626600163993206
4 d 164 0.002843272378067696
4 e 178 0.00788439575608102
4 f 95 0.02135858055354678
4 i 37 0.033438462437263894
4 k 25 0.028379969540359595
4 l 108 0.02129351531112389
4 m 154 0.06392266985725403
4 n 72 0.043868423156964265
4 o 11 0.01638600122308409
4 p 3 0.05814780591960511
4 q 91 0.002720102064815877
4 r 50 0.011279989107230715
4 s 144 0.09736798545371472
4 t 91 0.022020553974068657
4 v 10 0.026506546121117136
4 w 140 0.14672997531715615
4 x 2 0.05322628318427336
4 z 14 0.11281145688020289
5 a 108 0.06191122310729946
5 b 87 0.07221352158175609
5 d 160 0.006317973198650906
5 e 53 0.07474899297237869
5 f 118 0.055538206275507984
5 i 139 0.018516736355460917
5 m 106 0.01036497391762592
5 n 61 0.14625845443320817
5 p 138 0.028721206110419062
5 q 168 0.2483859985664203
5 s 12 0.031015658275602487
5 v 171 0.00797582943066355
5 w 17 0.08989481842626923
5 x 131 0.02342929099027835
5 z 118 0.03562170483407723
6 c 143 0.17119065330683947
6 g 178 0.05255251298313235
6 i 80 0.032830026954254854
6 j 136 0.04033678684992248
6 k 129 0.12458212344411979
6 l 126 0.28280886611834444
6 n 84 0.04511481586801447
6 o 99 0.03141793634558232
6 q 117 0.020759575593182866
6 r 141 0.045275226522554446
6 t 173 0.06713935628146006
6 x 15 0.0021409357958331876
6 y 145 0.03990406505926902
6 z 59 0.029489947409366835
7 a 158 0.03048479133262394
7 b 89 0.0004804002735738777
7 c 89 0.00223936671631364
7 d 154 0.0974422155796324
7 f 22 0.07906694433532147
7 g 136 0.0031219461478947386
7 i 81 0.01684876563626947
7 j 176 0.05009536517230351
7 l 155 0.0116778778086295
7 m 80 0.06429180516672794
7 n 73 0.10064209646421773
7 o 147 0.08046099140053808
7 r 65 0.10076562885520246
7 u 153 0.04093331011017065
7 v 22 0.0852887187082435
7 w 167 0.03405252236165257
7 x 118 0.04374203681082811
7 y 109 0.04891293817419007
7 z 82 0.018996582389886774
8 a 117 0.01910189984849875
8 b 63 0.012748152648545008
8 c 145 0.022329714562480674
8 d 63 0.012837718744350912
8 e 37 0.04124821813917834
8 f 109 0.017081245015698632
8 g 115 0.08381780302937825
8 i 108 0.02689792878350661
8 j 142 0.023453822154114845
8 k 100 0.09982299115648974
8 l 135 0.036562234075818933
8 m 104 0.07817385598917648
8 n 113 0.005365753052498201
8 o 130 0.06246383827140012
8 p 53 0.06277110799931607
8 q 1 0.02124097152090887
8 r 40 0.008285569026283635
8 s 53 0.020934048483520873
8 t 82 0.02068216484887042
8 u 107 0.08767053866124452
8 v 57 0.01494483695528337
8 w 40 0.012733561715633446
8 x 161 0.015027166440709783
8 y 176 0.03288734298801854
8 z 35 0.1157804938376854
9 a 174 0.06535450469462512
9 b 69 0.011457913243152706
9 c 127 0.17731942211924767
9 d 35 0.05806391926932819
9 e 104 0.01937934798154728
9 g 132 0.04351813075111399
9 i 114 0.05188002052848728
9 j 131 0.034257989276678
9 k 27 0.050570363414843555
9 l 3 0.023901050702604065
9 m 129 0.005588915543768835
9 n 48 0.03374405969284611
9 p 17 0.06648103221789703
9 q 0 0.012974609406681048
9 s 42 0.034209896586648636
9 t 134 0.003161609945935062
9 u 121 0.04983768067915184
9 w 177 0.05432927965883927
9 z 114 0.20326704004078955
10 a 36 0.25420497914747775
10 b 170 0.022559126310806366
10 c 83 0.009069516053919147
10 f 168 0.019243638940997565
10 h 108 0.041010740955700786
10 k 85 0.005612500248636132
10 l 116 0.00977772858275805
10 m 28 0.04366331996493078
10 n 147 0.05864942422699393
10 p 81 0.26578778923503077
10 q 7 0.05402179858360501
10 r 182 0.044146018530374476
10 u 101 0.10056870050179056
10 v 23 0.02699703974875134
10 w 28 0.009407172192805846
10 x 176 0.014360485867707884
11 a 173 0.014138216457399766
11 b 93 0.30033618735371703
11 x 39 0.16546547078300666
11 z 150 0.1671185251197438
13 c 125 0.2786064719920128
13 m 146 0.19639936258132418
13 q 168 0.16570191756143182
13 s 139 0.003841828505057543
13 t 60 0.11799245769414235
13 y 69 0.10168670781920197
14 e 115 0.024237661803548805
14 g 69 0.21781333542552073
14 h 30 0.017269497040854787
14 i 134 0.06626565526046435
14 m 122 0.06448575450943794
14 n 126 0.10134530106284545
14 v 155 0.271459666563718
14 w 146 0.06263855948522812
14 x 37 0.054387820420419564
14 y 39 0.03787808473322585
15 h 127 0.11681701867153915
15 o 112 0.13345754250827802
15 q 18 0.3975738474459528
16 x 167 0.6647360713601457
17 b 1 0.07211390255715877
17 c 45 0.08540401601594694
17 d 69 0.047095215852757666
17 e 181 0.022188514928003222
17 f 8 0.10061168980156199
17 g 110 0.19848078044325246
17 j 112 0.1415407508528438
17 k 60 0.029542000311969963
17 m 118 0.08843644314545052
17 n 152 0.026484632458679713
17 p 2 0.012976775807732932
17 q 172 0.0006531797975075637
17 r 107 0.013055238305475392
17 s 134 0.029447387479991982
17 t 45 0.03008438454007678
17 u 77 0.05550410788206783
17 v 170 0.0006031450208021649
17 w 90 0.0106844116977165
17 z 181 0.012859292067744166
18 a 156 0.056061229246496036
18 b 130 0.0012582332337306434
18 c 99 0.050348324946563494
18 d 95 0.00518302600397591
18 e 164 0.006307502017186661
18 f 172 0.01131887929983555
18 g 81 0.05212285912358228
18 h 134 0.022652054822419387
18 i 44 0.0034875131559893857
18 j 80 0.055591971825480035
18 k 35 0.030169391418551794
18 l 18 0.03317828669523415
18 m 143 0.044058324212808975
18 n 157 0.09781323064847003
18 o 81 0.061019241909349486
18 p 116 0.007203032148809574
18 q 138 0.07333434601874222
18 r 65 0.044705875168571496
18 s 71 0.07059043481751426
18 t 178 0.025269054687351855
18 u 37 0.01381534313944166
18 v 46 0.005667846410692734
18 w 58 0.00879596199920285
18 x 139 0.025231537888159683
18 y 63 0.019995310559711488
18 z 58 0.03784605330812829
19 a 137 0.01870770418810852
19 b 63 0.013308061311356423
19 c 81 0.049233993269793164
19 d 128 0.016080919289864326
19 e 151 0.028433843844415052
19 f 118 0.0486558129239415
19 g 15 0.011795866142943479
19 i 18 0.1364952430663291
19 j 149 0.05323991502318581
19 k 120 0.001216358154916941
19 l 135 0.03478890287956893
19 m 171 0.06173513185270396
19 o 160 0.013471488609735571
19 p 163 0.09881016619636451
19 q 63 0.0047746682574988375
19 r 172 0.05681768937078935
19 t 102 0.046747211062202365
19 u 167 0.1316218726553533
19 v 165 0.05511609370124804
19 x 168 0.03516113200669857
19 y 5 0.05680604152620394
19 z 105 0.004059492133234088
20 a 115 0.01790069673788397
20 b 34 0.04047224971562846
20 c 15 0.014648769296473518
20 d 161 0.0010978491630790899
20 e 151 0.16366710690235453
20 f 28 0.036548443499494265
20 g 140 0.015975562812535316
20 i 15 0.03181711979412749
20 j 3 0.01942784397904551
20 k 136 0.09017747680337285
20 m 117 0.04766366313607884
20 n 110 0.0360146304685669
20 o 94 0.015691855248210596
20 p 53 0.04864094410662756
20 q 81 0.025802521755706076
20 r 23 0.013969513986015203
20 s 83 0.02354814590385812
20 t 25 0.026793444334686334
20 u 12 0.013227575903266953
20 v 110 0.061603993238717014
20 w 69 0.026025313095168645
20 x 148 0.0032488818654574647
20 y 26 0.020593289125642733
20 z 3 0.07030203938934565
21 q 178 0.5881851499199784
21 z 73 0.0279392925485199
22 a 174 0.008590317888599763
22 c 53 0.0016685648980371282
22 e 144 0.10401892780955657
22 i 91 0.012666656354313854
22 n 107 0.028318749946245392
22 o 58 0.23263873366829813
22 p 112 0.020907857369944605
22 r 49 0.13294289642004264
22 u 115 0.036763466560748914
22 v 55 0.0949644418499388
22 z 47 0.10054183805738437
23 b 51 0.012270730906746019
23 c 146 0.17332033282154913
23 f 151 0.06426066200313807
23 g 20 0.016001385640778354
23 h 130 0.06613120198364297
23 j 160 0.12408501552478868
23 p 169 0.18302891140091126
23 s 26 0.06012302107893741
23 t 170 0.033679096046410506
23 w 75 0.10761648111190658
23 y 63 0.011221686653088425
24 b 65 0.07177308570305774
24 c 69 0.0009300682055886078
24 d 63 0.06963521937451633
24 e 65 0.019529720868647793
24 f 42 0.028762997906786825
24 g 82 0.14026946836299892
24 i 171 0.02135963855284595
24 k 147 0.14755361807049605
24 o 48 0.020417193701556258
24 r 149 0.057157232998422236
24 s 31 0.002999224478223317
24 t 61 0.05679380617998364
24 u 130 0.003601242874158639
24 v 119 0.2187214225349562
24 x 89 0.00579159756902059
25 a 157 0.03705350732618207
25 b 123 0.020481534988299077
25 e 34 0.022691077616065924
25 f 89 0.09752954685153425
25 h 129 0.08866310393858856
25 k 158 0.2115414544230071
25 l 28 0.14565669424838046
25 n 6 0.023723653934696443
25 v 9 0.08739910203529921
25 x 112 0.19298418761377023
26 a 92 0.04343650695903978
26 c 181 0.056639659310621204
26 d 178 0.027359472194038337
26 f 37 0.06308630823644723
26 g 12 0.08859566054205548
26 h 57 0.046601893486489576
26 i 76 0.02766818005140559
26 j 98 0.00758106502450695
26 k 127 0.0590991778598956
26 l 155 0.06512806050727127
26 m 54 0.002437821423099229
26 o 108 0.12757542609455175
26 p 128 0.025045909740363248
26 q 35 0.03039026179747273
26 r 63 0.11137600469641251
26 s 180 0.04673012624236117
26 u 100 0.005354103324447856
26 w 27 0.004243895231277772
26 x 71 0.09300665686996479
26 z 1 0.028917154954261615
27 a 95 0.006885141574414111
27 c 5 0.012013415149525697
27 d 8 0.06613592954863035
27 e 167 0.059383917235752315
27 f 15 0.02556211196737901
27 g 105 0.013713358381870933
27 h 160 0.010742940846093396
27 i 181 0.026871696990312888
27 j 1 0.0549013027482792
27 k 154 0.05965088154645848
27 l 135 0.07842415352011955
27 m 140 0.012467647805107118
27 n 36 0.011262916031101744
27 o 60 0.029271086790717105
27 q 31 0.0480294084115549
27 r 106 0.07905066559544893
27 s 167 0.09759328110230137
27 u 13 0.004905499465312824
27 v 136 0.041207356863430356
27 w 54 0.02839481353079265
27 x 173 0.025674235514237975
27 y 154 0.1296160526122634
27 z 70 0.06336101235166192
28 e 9 0.11989256049324404
29 a 37 0.4144385298458737
29 e 34 0.14006972321729294
29 q 8 0.31022368379431875
29 y 59 0.016687786896057433
30 a 50 0.03746053472076161
30 b 26 0.22289626751557645
30 g 147 0.033933263641041544
30 i 95 0.01149630612589636
30 j 161 0.02645589207258947
30 k 104 0.13824102579013975
30 l 156 0.02719892994531159
30 n 117 0.04407881781880685
30 r 56 0.032614104358313134
30 s 65 0.09075664513889115
30 u 51 0.1235217960831001
30 v 105 0.1750475666428004
30 x 15 0.022839371787956364
31 b 182 0.20665119425263512
31 c 28 0.11337267899519143
31 d 101 0.05064057724773241
31 e 96 0.0317470593671928
31 g 100 0.0254177708655976
31 h 68 0.028371282927175057
31 i 88 0.004593556484365213
31 j 105 0.02421569922164246
31 l 9 0.010308463927793166
31 m 160 0.024579666331552175
31 n 7 0.15864961107390352
31 o 77 0.05158465917835886
31 s 77 0.036637839745926604
31 t 75 0.022089381720521106
31 u 170 0.10772678651069434
31 w 177 0.02407024845476413
31 y 87 0.03606236421247422
31 z 147 0.012001712616791727
32 e 78 0.012502863196576453
32 h 102 0.05891283611287812
32 i 96 0.39874869935797086
32 n 155 0.08280159990535729
32 p 81 0.0045713518136577536
32 q 9 0.10740695979673642
32 z 66 0.18509539926684926
33 b 132 0.21374907162397383
34 f 63 0.08634606751561114
34 h 171 0.06701418385100333
34 i 166 0.12436756777021729
34 j 130 0.08870757578876676
34 l 121 0.06066184820425291
34 n 29 0.19461988755982107
34 r 75 0.01941578888552098
34 v 70 0.06145723297751282
34 w 129 0.10579333781274203
34 y 126 0.07096580892323168
35 e 115 0.00361158780481452
35 g 19 0.1790946843178869
35 p 98 0.11355751613936182
35 r 113 0.32689792759167813
35 u 157 0.22512733154777043
35 v 159 0.06961872702192184
35 z 32 0.02427784557691226
36 f 171 0.1114020072620513
36 g 144 0.17394173142008307
36 h 100 0.04298281893785594
36 m 39 0.04824793203203115
36 s 101 0.26456009581270834
36 u 128 0.11951285455681093
36 w 90 0.05378744177511563
37 a 143 0.04166500103145132
37 b 77 0.040768853763672785
37 e 68 0.04049846852344219
37 f 119 0.03924518989701653
37 i 39 0.08210039345256093
37 k 78 0.12003914081916678
37 l 138 0.012828296754789248
37 o 14 0.06983217468265923
37 p 104 0.01753058641017058
37 q 173 0.03637120563400886
37 t 62 0.08559243878652212
37 u 169 0.08334890463338407
37 w 44 0.20784688533436346
37 x 7 0.022219789056266426
37 y 179 0.09112678257620577
38 a 153 0.038301495129677066
38 b 171 0.06751339565436776
38 c 131 0.06004130672033614
38 d 177 0.00305220924672156
38 e 54 0.0107732485559211
38 f 124 0.05385020708566701
38 g 24 5.9128678953856983e-05
38 h 51 0.011699700564330118
38 i 91 0.088267244081363
38 j 99 0.03932683996256392
38 k 59 0.0565343239441497
38 l 0 0.10332414876119045
38 m 101 0.0037813649785102266
38 n 76 0.028235574060454627
38 o 2 0.02543646467086058
38 p 3 0.05284819876144653
38 r 120 0.025140785572018043
38 s 19 0.07230155720173315
38 u 171 0.006209475724510138
38 v 70 0.04240897119881226
38 w 93 0.03296626453221141
38 x 105 0.02513712849530858
38 y 175 0.019317871722625446
38 z 53 0.1061171224826335
39 b 112 0.22180941941864019
39 e 44 0.020644410208583208
39 p 18 0.5194383412525343
39 x 47 0.2273303835471182
40 b 116 0.10240484232622471
40 n 50 0.04674157445520433
40 q 128 0.056782627509227246
40 t 51 0.0847048275775707
40 u 153 0.05284342495750982
40 w 75 0.03524585409448233
40 x 99 0.36038714405078787
41 d 48 0.41894366330501465
41 j 155 0.099410806172477
41 k 35 0.3208787371911356
41 q 39 0.022325795374690593
41 y 106 0.07697890619141945
42 a 110 0.1363621003726012
42 d 21 0.04660719314662687
42 e 11 0.06129935332019765
42 g 19 0.025186960915801415
42 h 116 0.05569486450697758
42 j 164 0.042347794076097234
42 k 78 0.08768367797794463
42 l 120 0.03786378696386772
42 m 96 0.01232443777197667
42 n 53 0.0005620988734068577
42 o 25 0.037765491506642546
42 p 112 0.09510313131821646
42 q 117 0.07319018432605695
42 s 95 0.04357140718877972
42 t 134 0.0758231211277367
42 v 28 0.0237831405954384
42 w 138 0.00021627050749040144
42 y 99 0.06591636945569246
43 a 178 0.017369318914982612
43 b 21 0.00327497397684251
43 c 124 0.13465670099642668
43 d 102 0.030886234398208035
43 e 42 0.0004001819291198361
43 f 106 0.044301692895733824
43 g 170 0.02372593084612329
43 h 121 0.05305197458048172
43 i 91 0.033248126285919555
43 j 155 0.05904274215907801
43 k 134 0.10586287534175731
43 n 142 0.03823637914224298
43 o 137 0.07403344756887031
43 p 42 0.004994552798776475
43 q 43 0.05759289315311589
43 r 0 0.04186697357996183
43 s 144 0.012966162515172353
43 t 178 0.03586169624444935
43 u 177 0.008418848403032309
43 v 2 0.005331079639713021
43 w 180 0.016301741559705984
43 x 142 0.04912679504764139
43 y 96 0.02590782178220752
43 z 167 0.10433297019865728
44 b 53 0.1819596036895389
44 d 114 0.011033922318866574
44 e 0 0.021735076572173218
44 f 166 0.0510355166035652
44 h 166 0.03716431161883349
44 i 177 0.0692160632834764
44 k 143 0.018149834356069428
44 m 46 0.05067831291339342
44 o 110 0.015587254076542822
44 q 25 0.1387993277927525
44 r 17 0.032461892613128596
44 s 175 0.025910068802150077
44 t 77 0.044033059179921175
44 u 34 0.1939062749704794
44 v 120 0.09752121576918316
44 y 179 0.00037431894347961236
45 a 161 0.016239121036650817
45 c 154 0.09090507665962666
45 d 5 0.052891601469551186
45 e 150 0.046199507579712695
45 f 100 0.01983350079376356
45 g 158 0.0098117324614021
45 h 119 0.018069128042917715
45 i 36 0.16754739927074858
45 k 180 0.13328251674402802
45 l 17 0.050007598527643804
45 m 118 0.033721214620225703
45 n 92 0.05891855214456454
45 p 163 0.07480781868436126
45 q 55 0.015493500053751497
45 t 76 0.009792279738294218
45 u 45 0.006966308147652089
45 w 143 0.09249745736483517
45 y 88 0.0027986858569308826
46 b 108 0.021283102400226905
46 d 92 0.05494493951468382
46 e 115 0.19651944332074822
46 f 72 0.16644055732145924
46 i 54 0.012559654847445367
46 l 121 0.09090052749823663
46 o 122 0.03776854584270417
46 p 28 0.07376691261169532
46 r 70 0.022143798046946994
46 u 43 0.08102418434265224
46 v 126 0.02256241838423989
46 w 7 0.08743632537457369
46 x 168 0.02722986489504453
46 y 131 0.08451725046030245
46 z 72 0.004405567556904577
47 a 115 0.0026667360426602116
47 b 31 0.11158409695980087
47 c 179 0.11604733260333633
47 d 70 0.013041357206080684
47 e 3 0.029825246838726227
47 f 126 0.000262872296354133
47 g 52 0.09676841582973905
47 h 25 0.00960856912808028
47 i 61 0.01721439077030784
47 j 95 0.0035329512430454235
47 l 65 0.0020714163259444307
47 m 94 0.02861717701671873
47 n 20 0.014337635677430072
47 o 85 0.06383334118714623
47 p 109 0.03551780012893946
47 r 96 0.09665605452359016
47 s 137 0.04606397897455217
47 t 110 0.09936564537617854
47 u 82 0.013276728018721262
47 v 68 0.0537181103136668
47 w 78 0.0529011963033208
47 x 70 0.025958216159756464
47 y 89 0.032708070126197364
48 c 131 0.02633784574797049
48 e 28 0.021314669710214784
48 f 10 0.04016796170522274
48 g 135 0.035387011787555434
48 h 164 0.040184400763836114
48 i 3 0.15397226593764102
48 j 15 0.05846944058037473
48 k 116 0.0023929406643065088
48 l 33 0.02056137941555236
48 n 154 0.005706206947463821
48 o 56 0.058156381666570556
48 p 1 0.03577968078475269
48 q 124 0.03674919642730734
48 r 45 0.018075955744787486
48 s 94 0.0436152763471942
48 t 50 0.1369504024870245
48 u 35 0.019113710703910103
48 v 72 0.04896133981451101
48 x 172 0.010601342909963507
48 y 153 0.010568778548607938
48 z 166 0.01234843595080537
49 a 139 0.037367291502744315
49 c 81 0.0347390024080898
49 d 31 0.11634442467991135
49 g 159 0.04913637119202763
49 h 21 0.028254959883283526
49 n 42 0.08661519165496079
49 o 141 0.00933059047110718
49 p 169 0.20612717650415546
49 r 130 0.015737109625166057
49 s 165 0.10703314247749596
49 t 45 0.028980916774063226
49 u 136 0.05597622877583808
49 v 37 0.1352160448913663
49 w 170 0.0032580167785581926
49 x 96 0.02540737075435806
49 y 71 0.04198646340971557
49 z 85 0.01022465820393792
50 e 13 0.07973811200448733
50 g 133 0.02922891634553726
50 h 35 0.10575299581696451
50 j 38 0.03836595424132183
50 l 75 0.01827697430099018
50 m 131 0.09262136146529276
50 p 130 0.07379684475962756
50 q 140 0.10738574904545661
50 r 182 0.042651429272355434
50 t 118 0.026705402433886638
50 u 1 0.10005512823985485
50 w 72 0.07380302096302449
50 y 16 0.06995833715300825
50 z 23 0.02877123039407603
51 a 171 0.0655621894495646
51 b 38 0.08191893256541627
51 c 28 0.025486181270655495
51 d 90 0.1510395646999081
51 f 119 0.027564369976377345
51 h 6 0.03956292900132119
51 i 79 0.049107606014017424
51 j 86 0.04405221695771233
51 k 130 0.07860281828109994
51 n 44 0.08789602828821352
51 o 3 0.01768476522313911
51 p 17 0.10743258988658666
51 q 95 0.013592908414855609
51 r 33 0.029371055263415657
51 u 34 0.010822086275743659
51 v 40 0.03112561448212292
51 w 145 0.04304890886597912
51 x 33 0.022759448355988532
51 y 72 0.024639111403524705
52 c 123 0.005897458716666915
52 n 85 0.010803784506428271
52 x 76 0.00973128569258086
52 z 12 0.22619227296775013
53 g 45 0.009613389447416187
53 n 11 0.1524084950044129
53 p 97 0.1613302273573347
53 r 123 0.10603492888992028
53 t 96 0.21007124217809447
53 y 174 0.10290540790833747
54 d 98 0.04641100214262517
54 i 18 0.0073369443266984025
54 k 25 0.007061138462633787
54 m 46 0.03964544119020563
54 n 7 0.12182105542824972
54 o 150 0.09685826547724763
54 u 160 0.038304275241750174
54 v 106 0.049976151778869826
54 w 83 0.3685217057955026
54 x 27 0.044873063975950145
56 f 132 0.13551042674923108
56 g 142 0.058533671244830665
56 i 39 0.2354282843540828
56 l 98 0.007800728416159752
56 o 176 0.12343470560947012
56 p 60 0.4325787787302948
56 r 15 0.000942880709487004
57 c 163 0.17422500078219394
57 i 63 0.00721421782202436
57 l 158 0.08915405621536454
57 p 64 0.14467722798016458
57 r 177 0.25200360069429073
57 s 49 0.05982743884219899
57 u 73 0.23182202995665024
57 z 10 0.012470759209577409
58 w 24 0.18422944154965504
58 y 35 0.7241861021979944
58 z 18 0.05219406050530784
59 c 164 0.05454938311300217
59 g 132 0.028365128033713494
59 h 89 0.08105429739481462
59 i 57 0.00668592875803764
59 j 30 0.051382561030389406
59 l 74 0.13610342223391625
59 n 22 0.026982094204521356
59 p 37 0.04220008062530112
59 q 121 0.03191655639226876
59 s 119 0.029327415899268905
59 v 2 0.05621294480923711
59 w 20 0.11004605954070235
59 x 79 0.002641379559830459
59 y 161 0.3163024339843806
60 p 24 0.5479726077111254
60 w 157 0.016787023907644527
60 z 48 0.28056552653791167
61 a 41 0.09387037737650783
61 b 178 0.00414904354909762
61 c 75 0.010017318681576626
61 d 80 0.012647180917084277
61 f 44 0.19230204443531507
61 g 148 0.09499600987189338
61 i 62 0.042824514640026456
61 j 170 0.002403036441789075
61 k 89 0.013189387766158744
61 l 150 0.0673956680310962
61 m 88 0.03191412619721545
61 n 167 0.14708920159949745
61 o 30 0.025902134702390667
61 p 171 0.03338574145862516
61 q 47 0.11340186673224684
61 r 79 0.01355996202575216
61 s 176 0.0007980961149165466
61 u 14 0.020486990406873296
61 w 134 0.008873443671456704
61 x 150 0.017856116736195027
62 a 2 0.04571282888865824
62 b 180 0.006812592425856634
62 c 158 0.008838152383437103
62 d 101 0.15044260199019865
62 e 150 0.0694835668672461
62 f 41 0.014131666686237332
62 g 50 0.09779625182776985
62 h 118 0.0197466681444034
62 i 140 0.038110965001900254
62 j 7 0.002348302878669273
62 k 35 0.008110782533534255
62 l 173 0.0017725632602235697
62 m 20 0.05918663980352523
62 n 58 0.10972642336305038
62 o 166 0.01082900131286535
62 p 122 0.038839301773718526
62 q 162 0.015296059658821304
62 r 3 0.009478429017157786
62 s 27 0.002376709625564355
62 t 74 0.001428653901543231
62 u 167 0.008293664080879615
62 v 89 0.11864553827058566
62 w 145 0.054732415035478765
62 x 5 0.03476795499561014
62 y 48 0.06458672591888681
62 z 31 0.004114153929972941
63 c 73 0.4716117523798373
63 s 123 0.17382380579720547
63 x 142 0.15942518016420015
63 z 75 0.15019141427199634
64 c 70 0.07175499498166649
64 e 104 0.11318806380277513
64 g 53 0.09683338660212681
64 h 18 0.14075493454088583
64 p 34 0.08789616182587023
64 t 6 0.37727908768367857
65 a 43 0.0037425897845024814
65 b 154 0.018590190785942484
65 e 112 0.0021621627523185083
65 f 98 0.04393899746816443
65 g 1 0.000940399972539474
65 h 20 0.00180598692453382
65 i 158 0.05592620112285729
65 j 137 0.17333210558762313
65 k 45 0.012649454955566575
65 l 14 0.02722161426045322
65 n 46 0.03837497404865886
65 o 117 0.01851802891357701
65 p 84 0.09001298887340803
65 q 161 0.02536207530858159
65 r 84 0.13327672455435968
65 s 104 0.09896972810029137
65 t 80 0.02048483297489334
65 u 19 0.017963907260297507
65 v 86 0.016574176163444587
65 w 102 0.06255757115647687
65 y 90 0.01170789793613547
65 z 46 0.026906438042075487
66 c 15 0.09101289730075102
66 g 119 0.04200792660371222
66 h 82 0.4050594527179573
66 t 83 0.08108042387407877
67 j 45 0.4599242220104701
67 t 135 0.22240738387734027
67 u 26 0.0054228048790490035
67 z 22 0.07358454952661764
68 b 96 0.008640417720417348
68 c 19 0.09416268500384184
68 d 80 0.0437806582555359
68 e 36 0.07841448081049196
68 h 105 0.03312112904818432
68 k 136 0.02906897834683475
68 m 139 0.010507289402401199
68 n 134 0.12850180861391314
68 o 172 0.07845991387646323
68 q 77 0.2290612646124771
68 u 135 0.06562056277344708
68 x 63 0.02921361054988092
68 y 15 0.14165226549531018
69 a 56 0.03159378850134664
69 b 19 0.058990397913483816
69 s 113 0.11910105667089388
69 t 171 0.04977159356860894
69 v 116 0.09374598462387396
69 w 115 0.3164859011465765
69 y 150 0.10463014121708081
69 z 24 0.21146828272216045
70 v 13 0.6632220248164489
71 a 127 0.33652906126563664
71 v 51 0.15118341523847845
71 x 30 0.055790299073270266
71 z 55 0.3750015088205284
72 c 144 0.16475227897000022
72 i 117 0.5093286502919763
72 l 70 0.07037530449780038
72 m 71 0.08824464980442293
73 a 60 0.13254848431518296
73 b 101 0.20046471815391276
73 i 20 0.22595838547719171
73 o 66 0.14312316338002806
74 a 66 0.2385670543503947
74 b 147 0.09864383309049918
74 f 13 0.13174715777690493
74 g 55 0.11804568944273419
74 s 134 0.06291150932525946
74 x 140 0.04854938410172016
74 y 43 0.009638627400142097
75 a 15 0.41992616052585763
75 f 80 0.13339072289128284
75 g 27 0.05103154445301927
75 i 123 0.04210826541231727
75 k 148 0.1304248761028286
75 l 11 0.01904691561201377
75 t 22 0.09541296157273427
75 v 168 0.019968326123899982
75 z 61 0.025039490347444127
76 b 168 0.02972701643665654
76 c 48 0.03933225626515713
76 e 19 0.018648574535449214
76 f 10 0.06788484207575163
76 g 176 0.044337416916354844
76 i 110 0.027450476710503935
76 j 176 0.21807651469905398
76 k 57 0.011866654497703744
76 o 161 0.09449219775180229
76 p 159 0.07756424915633586
76 u 135 0.07545681097688928
76 w 5 0.015403330873470567
76 x 62 0.171982304139503
76 y 81 0.008423049446612318
77 a 31 0.02953537841101994
77 b 131 0.00212789219615106
77 e 143 0.008818738590298913
77 f 80 0.003269743285330917
77 h 85 0.009298041639102417
77 i 114 0.10428449261543749
77 j 162 0.03743365038209345
77 k 74 0.11347235941141087
77 o 7 0.0655588935753576
77 q 36 0.03058996605223785
77 s 145 0.01740503385393688
77 u 92 0.15470307033365327
77 v 104 0.009705219759223005
77 w 40 0.13780347180921504
77 x 79 0.1480459877672099
77 y 165 0.016805535520481696
77 z 139 0.07068616676857453
78 a 128 0.04531314799440367
78 b 1 0.1307890079250359
78 d 145 0.2916175441952813
78 i 76 0.002744976835820978
78 l 74 0.058218308007977226
78 t 104 0.17174280094470706
78 w 41 0.041188308999860146
78 z 154 0.041860415423539576
79 c 158 0.0031409402446840318
79 d 82 0.03113345871999873
79 f 47 0.031415594505159516
79 g 142 0.012071850132857054
79 h 99 0.20201956296430246
79 i 178 0.01606124879731019
79 l 0 0.023951233788167103
79 o 179 0.05761234178154717
79 q 159 0.02962573764969545
79 r 2 0.030073411017249918
79 s 123 0.08572574348658901
79 t 15 0.07793277222457329
79 u 146 0.00019593203690704275
79 x 127 0.05924183168900221
79 y 28 0.1873359464186296
79 z 154 0.11166937538367805
80 n 155 0.04020720245595055
80 p 63 0.17525949645292993
80 s 171 0.3314835395183653
80 x 13 0.29379378912435616
81 c 167 0.3251872104349208
81 d 96 0.009692509011733241
81 n 7 0.18219037063343846
81 o 155 0.09570342985560787
81 r 164 0.030224892226904054
81 t 136 0.18643459334691426
81 z 59 0.01744584528155102
82 c 68 0.19240039705180623
82 e 9 0.0457226205524599
82 f 121 0.032247329564299654
82 g 109 0.002867294702446177
82 i 0 0.027851190969128914
82 k 90 0.020826942307532237
82 l 127 0.015834782478196474
82 m 128 0.18785850368460244
82 n 56 0.04932432157057143
82 o 140 0.040894374780287346
82 p 31 0.03333102124093035
82 q 59 0.0279292080330914
82 u 151 0.006981558959263112
82 v 172 0.007246061788372393
82 w 78 0.0648521256878789
82 y 62 0.010473201688243838
83 a 51 0.07411575651738844
83 f 65 0.11205130457680712
83 i 91 0.05672765219390852
83 k 50 0.055922348016630874
83 l 80 0.11789066715812924
83 p 147 0.10123799455686389
83 q 29 0.055128320098844386
83 r 180 0.13880374237391313
83 s 51 0.021267225784044386
83 x 61 0.004244076646300443
83 z 18 0.007397440935388522
84 b 119 0.02161039976464696
84 c 151 0.02807738353726652
84 h 156 0.12301393213921352
84 k 5 0.06159278332071605
84 n 50 0.2113676459833257
84 o 3 0.05286464141917102
84 p 39 0.00923168676342856
84 r 107 0.0161568271726813
84 t 143 0.09566676348605108
84 v 44 0.08217504384766983
84 y 148 0.22442707533683204
84 z 118 0.049631957329008936
85 a 99 0.1238141902391049
85 c 74 0.04635940185834608
85 e 77 0.023202217306209194
85 f 58 0.012676717318159558
85 g 87 0.05959107728979007
85 h 93 0.052560890437133745
85 l 34 0.026917596788622822
85 n 49 0.07870724272608454
85 o 2 0.010334731203745506
85 r 16 0.052705998017302025
85 v 175 0.00178175533139735
85 x 55 0.07518496855231105
85 y 127 0.0649462920387397
85 z 179 0.1912801123561051
86 b 21 0.05180319415326373
86 d 166 0.2224090450520001
86 e 33 0.09061354262070731
86 g 55 0.13966558042028798
86 j 175 0.22254272124422947
86 l 116 0.0423795836614097
86 m 106 0.019645035607974926
86 q 68 0.005285256046369979
86 u 89 0.026251136773159156
86 x 177 0.05641638737475885
86 y 91 0.06648537600262283
87 c 136 0.0026179063624622856
87 f 114 0.061086810496581934
87 g 4 0.07972978479207704
87 m 97 0.10228470015083269
87 o 73 0.050764571677416215
87 p 127 0.21181670065394698
87 q 9 0.01613198688749562
87 s 20 0.027429987469427486
87 t 13 0.07915910611434918
87 u 70 0.13599921938279325
88 b 147 0.024727938329513144
88 c 177 0.013527555452754525
88 f 56 0.30589810955793706
88 g 44 0.06020810642620056
88 i 132 0.11854775744947166
88 j 63 0.0390120193433523
88 k 129 0.014641363913776795
88 q 80 0.03242662258162321
88 r 94 0.10603766914739665
88 s 161 0.1814206073082586
88 u 49 0.024212173286699223
88 v 116 0.05877949670284621
88 w 42 0.015030749511976804
89 i 30 0.22035364266830637
89 m 110 0.0791480785236508
90 b 44 0.055020969840523515
90 e 34 0.052761857459475925
90 f 149 0.01887753049140639
90 g 172 0.07487183804549546
90 i 103 0.07018747636215561
90 j 125 0.2038056044267227
90 k 157 0.07571215200301362
90 n 40 0.04198836538922024
90 p 66 0.02146561018934745
90 r 85 0.05587159970378186
90 s 130 0.02985335518054233
90 t 94 0.014368367936286819
90 u 172 0.059534435424887455
90 w 46 0.04753422161509313
90 x 1 0.0003192480743970938
90 y 33 0.06262016650504121
90 z 134 0.02126256625063283
91 a 121 0.23749520489553877
91 i 11 0.1891814421008241
91 k 7 0.003974606024067073
91 p 12 0.012414508490307341
91 s 37 0.17876865851571644
91 t 38 0.2425464324214215
91 v 150 0.11451961669780342
92 a 19 0.03625228071178177
92 b 75 0.010495416814167213
92 c 76 0.030779502977138162
92 d 170 0.036349326388311454
92 e 40 0.03839999518820103
92 f 93 0.05524591305980597
92 g 110 0.013593846996971082
92 h 63 0.03747577326076046
92 i 80 0.004847236338362926
92 j 164 0.14785896447285818
92 k 129 0.005825890243617016
92 l 41 0.027607794581767986
92 m 62 0.07721758182939131
92 n 46 0.00438466873043819
92 o 129 0.0038054971412638805
92 p 84 0.039383629706188916
92 q 55 0.0047433610599333376
92 r 135 0.03872948496668527
92 s 131 0.01889233500891041
92 t 77 0.10255606792203176
92 u 10 0.0005575661976040536
92 v 137 0.0007423065637368609
92 w 96 0.002231549661737331
92 x 82 0.03554609283211696
92 y 175 0.1393351117808732
92 z 52 0.04559714859542874
93 f 141 0.02612502651119475
93 i 151 0.14603525876148515
93 j 55 0.1621598443022878
93 l 31 0.11129587570550459
93 m 77 0.17469456502426672
93 r 126 0.009290587609129597
93 u 87 0.015345023986784057
94 a 150 0.05228291171238986
94 c 106 0.005112221371194492
94 d 95 0.08167962651413807
94 e 68 0.10476971470635543
94 f 26 0.06957570429834958
94 g 162 0.005355927414751438
94 i 55 0.01625624511357404
94 j 146 0.09913397257765755
94 l 17 0.010838092478574257
94 n 115 0.004157292590439399
94 o 143 0.010077134194482085
94 p 1 0.09495164579128146
94 r 142 0.033515960555282054
94 s 173 0.011886609306342222
94 t 47 0.031248188701736956
94 u 69 0.1894072503831632
94 v 131 0.0933436970705962
94 w 87 0.022056357198678933
94 z 110 0.02911251077423771
95 a 167 0.14922389018423032
95 j 74 0.06087508965146338
95 k 95 0.12471879714191203
95 o 54 0.059275573860276154
95 r 174 0.049963014577527276
95 w 158 0.036381650049341574
95 x 20 0.12281462039576163
96 a 11 0.03980929405408817
96 b 149 0.019074460595238873
96 d 0 0.08986587872896867
96 f 56 0.02838219414311427
96 g 42 0.1320408708825087
96 h 138 0.024006315460146643
96 l 84 0.0847697909143289
96 m 41 0.026008564940354528
96 n 57 0.07111173931668502
96 p 106 0.0040090585258301115
96 r 8 0.05400995044889856
96 s 68 0.0598492518885938
96 t 38 0.002507912703844095
96 u 170 0.03900526382576952
96 v 26 0.012545940051503002
96 w 57 0.030200151469102265
96 x 132 0.03174379032960539
96 y 141 0.12276374702669668
96 z 41 0.05123415583079949
97 a 121 0.040387946416028386
97 b 84 0.04227982160624555
97 c 152 0.02235544499592046
97 d 62 0.03403205039680346
97 e 112 0.040788803800929196
97 f 26 0.0015676217891849031
97 g 64 0.037989264788943045
97 h 9 0.0007277816996185127
97 i 132 0.0453475606426772
97 j 158 0.008703989821763236
97 k 37 0.01986899228657346
97 l 150 0.011924019840344524
97 m 158 0.01537769124410271
97 n 110 0.04527106069707598
97 o 49 0.0677713168005748
97 q 52 0.013133726626842535
97 r 120 0.046928438321328425
97 s 107 0.03820892691040023
97 t 38 0.004532531534157447
97 u 158 0.11431670391026005
97 v 146 0.13890973330161915
97 w 1 0.011869961314194266
97 x 52 0.02057677701461147
97 y 166 0.017412567671477475
97 z 5 0.04398134994124281
98 b 0 0.04920436628440661
98 c 181 0.003493463736523039
98 d 90 0.011445840245309369
98 f 27 0.03235266696973327
98 g 14 0.07844309128394755
98 h 87 0.027690739930382624
98 i 5 0.0324785235697721
98 j 100 0.0545171912176412
98 k 94 0.040636240781095845
98 l 91 0.08151605482148538
98 m 125 0.03192237501276729
98 n 166 0.0789534596931264
98 o 182 0.05692864965284328
98 p 22 0.017176594272685808
98 q 167 0.024215344426416374
98 r 20 0.08467906771069034
98 s 169 0.011433452169064662
98 t 114 0.023837490227366698
98 u 72 0.05954061401352939
98 v 42 0.024917749885686735
98 y 138 0.0582435558309462
98 z 110 0.01434381629360948
99 a 86 0.04747810796816865
99 b 131 0.07613223546826875
99 c 27 0.0305737078608751
99 e 139 0.027617307550994563
99 f 167 0.028747606223549993
99 h 17 0.11330108208701928
99 j 93 0.10031958489379655
99 m 148 0.004806546827706981
99 n 22 0.1616911277703319
99 p 29 0.006151792455388105
99 q 174 0.08575873612180929
99 t 125 0.053939799065426675
99 u 6 0.030648369944814235
99 v 162 0.015388493477876963
99 x 35 0.1982056942840288
99 y 105 0.013488993531661775
100 c 170 0.146884252627827
100 q 42 0.05171292679186912
100 v 91 0.05177834607773979
101 c 34 0.041146286767177576
101 d 35 0.06115472158460766
101 e 101 0.014467373051368915
101 f 32 0.031044571103482355
101 h 169 0.020506705312417384
101 i 53 0.03210095773162669
101 j 74 0.008721571419004093
101 k 46 0.038929572351972364
101 l 109 0.13397115267965032
101 n 149 0.00301839507481938
101 p 102 0.08663572825897903
101 q 37 0.12593124111496834
101 r 154 0.012250859704940442
101 s 166 0.18873627308247842
101 t 80 0.06076204543683639
101 u 133 0.08568693995004406
101 v 90 0.011259392007537672
101 w 25 0.0013750682667770242
101 y 114 0.040746668205788206
102 a 137 0.0031942986366426673
102 b 56 0.027986677295822826
102 c 166 0.016612323480245328
102 d 148 0.038046222184456635
102 e 73 0.05997426466207889
102 f 120 0.07136455088320093
102 g 15 0.008445515283597382
102 h 67 0.0502979876707933
102 i 171 0.004977837787667361
102 j 41 0.03149097808376233
102 k 126 0.01854831159929171
102 l 123 0.266713606880552
102 m 4 0.000503450785010906
102 n 0 0.024260418089672053
102 p 164 0.021112015338688783
102 q 8 0.01811333194740017
102 r 138 0.005678521050488272
102 s 162 0.09832529962881642
102 t 160 0.005854349563562233
102 u 39 0.04971621188857411
102 w 62 0.03991395399594122
102 x 75 0.11817029415236091
102 y 43 0.0019667217414401916
102 z 141 0.008622128511744043
103 c 159 0.07576854188620807
103 d 60 0.09465293973872813
103 g 53 0.04267595999069773
103 i 145 0.02218842579632685
103 j 158 0.06150552622720695
103 m 60 0.0844566643485074
103 q 114 0.09138891978363362
103 r 143 0.011139132984907207
103 x 96 0.48531658686529244
103 y 54 0.0057036036705577775
103 z 25 0.023076715294578998
104 a 158 0.018334697649639575
104 b 25 0.014720355342237923
104 c 0 0.006838482189725492
104 d 79 0.10872452365536844
104 e 24 0.07589988961618499
104 g 111 0.012284938313659843
104 h 149 0.149722039516203
104 i 170 0.033441927146437456
104 j 50 0.03679103440961595
104 k 48 0.06528752807531168
104 l 103 0.0308398226841895
104 m 27 0.037155127656843145
104 n 144 0.09907263108878739
104 o 113 0.0035280847059560028
104 p 92 0.08709689398450082
104 q 160 0.043250500599013364
104 r 80 0.036547888928698424
104 s 57 0.03528034892193743
104 t 120 0.01691856444548645
104 v 173 0.007430071209904576
104 x 47 0.03681047742395849
104 z 90 0.03406088289524978
105 f 88 0.1547213959559206
105 o 93 0.5150329731508057
105 p 169 0.23800992680639999
105 r 108 0.05936955419979817
106 a 164 0.023451805260574443
106 b 177 0.03802524027546883
106 c 42 0.03244131128614802
106 d 107 0.11415343046168502
106 e 158 0.04510911228822989
106 g 9 0.02255299909805364
106 h 108 0.05476741604886348
106 i 119 0.051817232254472545
106 j 154 0.03230259382244138
106 k 78 0.009107107877663556
106 l 63 0.03288096419081177
106 n 56 0.012148593020319232
106 o 88 0.0734657492367412
106 p 9 0.01936998221799968
106 q 18 0.04388634517300827
106 r 77 0.0036285191776317394
106 s 32 0.002845842705790025
106 t 35 0.08130030220628792
106 u 166 0.11861571800047932
106 v 132 0.05501019814014951
106 y 22 0.06846554913245018
107 a 172 0.021155424071437667
107 h 16 0.21978039146833128
107 s 118 0.2908317128636948
107 y 51 0.1432802525275716
108 a 23 0.06434365779817719
108 c 51 0.008878842366052409
108 e 6 0.04507795188970076
108 f 61 0.12461594809017329
108 g 35 0.20064003584434642
108 h 45 0.0061306077254549285
108 j 15 0.009946488603786219
108 k 161 0.08123689164081127
108 m 56 0.03840669792107676
108 n 17 0.06256148572119191
108 o 100 0.03393582028204567
108 p 43 0.0012027637444306238
108 q 96 0.06134463109539878
108 r 18 0.04163756820333442
108 s 177 0.07977240785531114
108 t 51 0.05396286701722586
108 w 85 0.05005141152246384
108 x 2 0.009480182966085438
108 y 171 0.0012580967949060717
108 z 45 0.008958839172213406
109 a 159 0.061618885805354684
109 b 122 0.04313714188860818
109 c 91 3.3140314380064595e-05
109 d 9 0.005856190230115077
109 e 174 0.02331983872341592
109 f 113 0.020619296379974617
109 g 36 0.029003662970967903
109 h 34 0.004537632961597593
109 i 62 0.01580698682656534
109 j 95 0.07298752720005952
109 k 159 0.1282610652549605
109 l 57 0.0015485021448905512
109 m 151 0.03163979945391715
109 n 110 0.002212888073462871
109 o 83 0.03049500519313253
109 p 88 0.06373991536193546
109 q 157 0.016814562511672126
109 r 60 0.037434118191136734
109 s 162 0.07967078921664161
109 t 11 0.08183964525530707
109 u 136 0.03626194316471232
109 v 136 0.046679122851024824
109 w 94 0.04811673369145375
109 x 2 0.038601123431794004
109 y 155 0.06533204530532932
110 a 36 0.07912208709653579
110 b 19 0.2363120480299049
110 d 81 0.12816412249661358
110 e 78 0.021164466951991368
110 f 169 0.01658251218975071
110 i 19 0.07017902529166908
110 j 122 0.048414978016321
110 k 21 0.04745183210672277
110 l 3 0.012257172864129529
110 m 170 0.02151955170796649
110 n 39 0.0008261443694488335
110 o 6 0.014876813643033393
110 q 8 0.05217606231062488
110 r 105 0.03414061915420741
110 s 50 0.01514984148968157
110 t 35 0.016344345558982232
110 v 14 0.038401607817227235
110 w 70 0.012937824865710712
110 x 98 0.0013744742855809067
110 y 76 0.10340745208913149
110 z 47 0.02710704302233924
111 b 114 0.02107328013452714
111 c 88 0.01419887257160135
111 e 158 0.10125370532640954
111 g 175 0.0953224564556352
111 j 18 0.08976556563905491
111 k 76 0.1254248993982956
111 l 51 0.03043550675511597
111 m 129 0.026713865662099434
111 n 92 0.05812033744266487
111 q 14 0.048687538475857384
111 t 62 0.006627778260091977
111 w 154 0.03145394932677226
111 x 80 0.2963115429146804
111 y 180 0.014483658384022213
111 z 4 0.016067696181014224
112 a 124 0.09280474061987443
112 c 172 0.026753742379349355
112 h 113 0.003937608923033853
112 j 111 0.06160728927430237
112 m 67 0.015734695006206945
112 o 175 0.23222227276136742
112 p 125 0.16554358454305285
112 s 166 0.07719668932352652
112 u 48 0.03654620528504271
112 y 65 0.021178548873086234
113 a 103 0.033926373153805534
113 b 51 0.012398197854257442
113 c 63 0.04815455767960475
113 d 48 0.0004607062989174793
113 e 150 0.030074250218897314
113 f 74 0.014418791473695736
113 g 34 0.02113562500675592
113 h 146 0.013218919619802927
113 i 57 0.0038006244062336325
113 j 148 0.024802497181174
113 k 13 0.10681277253155042
113 l 7 0.012796958450789875
113 m 27 0.02499402360153269
113 n 153 0.06891561296162219
113 o 98 0.07682805260857262
113 p 170 0.012428855615785661
113 q 13 0.003383932705672721
113 r 95 0.03871238081108208
113 s 180 0.02586915635799314
113 t 108 0.12733761743566474
113 u 122 0.004431373897916702
113 v 109 0.024272955306543387
113 w 64 0.06304774999946716
113 x 140 0.06812028587573371
113 y 13 0.06903675916206087
113 z 43 0.06092285488007643
114 a 48 0.012378682784242812
114 b 7 0.022825081425021154
114 c 59 0.09006112298977142
114 d 105 0.09521160756038982
114 e 16 0.056068886186953604
114 i 107 0.02594707578699018
114 j 28 0.19056236844881025
114 k 80 0.02722093121812441
114 l 6 0.02482806305406593
114 m 128 0.027555323591816006
114 n 21 0.02017492005647059
114 p 3 0.030292174675937478
114 q 77 0.07093183138531689
114 r 27 0.05070662511116031
114 s 21 0.03390804472185249
114 t 90 0.01571711474359283
114 u 114 0.02478433849899575
114 x 37 0.049927837397839236
114 y 101 0.0905898793825517
114 z 168 0.015215852577376787
115 a 159 0.04905462156270968
115 b 2 0.005661866871978338
115 c 171 0.011330867453116289
115 d 104 0.00232914866424927
115 e 39 0.001588414760272494
115 f 56 0.04322326821846911
115 g 9 0.0022275174777817153
115 h 61 0.04913091833734318
115 i 59 0.058292698002689325
115 j 107 0.027690727984441943
115 k 160 0.09682784795759536
115 l 103 0.036472738087444556
115 m 9 0.06850030959303222
115 n 14 0.21152806577079875
115 p 116 0.06931867484231946
115 q 180 0.10085638041512568
115 s 27 0.047783489135938995
115 t 70 0.004957483490694692
115 w 31 0.049512202598082866
115 x 71 0.03900684781271946
115 y 14 0.013703378717258907
116 a 182 0.055953045836756976
116 d 170 0.04389787907661957
116 e 121 0.0801430561830101
116 f 31 0.0016038169845620232
116 g 172 0.052855781523847734
116 i 178 0.06307192148004992
116 j 44 0.002088146930873447
116 l 57 0.012563133298727713
116 m 50 0.05389613701661877
116 n 87 0.06408051721280505
116 q 101 0.05848692955083212
116 r 28 0.00589661098781713
116 s 3 0.08936432655114579
116 t 169 0.10339095494277417
116 u 101 0.04534604671514497
116 v 72 0.01128039265794778
116 w 124 0.022534029229308028
116 x 115 0.05580978071623177
116 y 39 0.11205707199994042
116 z 43 0.03880201835354069
117 i 15 0.17247554740016047
117 j 88 0.08607687917779594
117 m 100 0.07083943648699342
117 o 115 0.08015819407183578
117 p 103 0.19608528952880888
117 q 51 0.0034436914864595103
117 r 158 0.013293707522963993
117 u 180 0.04946431092325687
117 w 81 0.10781247629831792
117 x 68 0.09053260400659902
117 y 159 0.06249413241515289
118 g 61 0.24041874837330324
118 q 78 0.4558821981982909
118 u 149 0.02086988284018465
119 b 99 0.12612515802797575
119 h 126 0.045621444824373025
119 i 68 0.1082506763403226
119 k 15 0.07229325070695214
119 p 79 0.08147015364067978
119 r 109 0.11295304835305431
119 v 142 0.19382168555484736
119 x 127 0.015051422417610039
119 y 105 0.050769328630140054
119 z 35 0.024647875066678204
120 c 156 0.003329469921155792
120 e 162 0.015744622313606627
120 h 61 0.053619152391250036
120 l 156 0.02984474134371795
120 n 114 0.012077648460525614
120 o 152 0.10359031181272704
120 q 96 0.05315544489437285
120 s 43 0.10157757317705063
120 u 3 0.16568556993822425
120 y 86 0.2915658721644653
120 z 42 0.09331715188200762
121 a 165 0.04899068176892041
121 c 113 0.009897075599113792
121 d 76 0.03993544743230781
121 e 37 0.12185902890219891
121 f 99 0.06423806850571667
121 g 147 0.028051437964654813
121 h 19 0.07745485365088034
121 j 156 0.02411377997702724
121 k 56 0.0680256871211099
121 l 164 0.0023696587960905235
121 m 6 0.007358343892973185
121 n 152 0.0744553731400287
121 o 111 0.05108100657078207
121 p 8 0.04646589424778136
121 q 18 0.08061347342859626
121 r 91 0.061225773266792016
121 s 170 0.016863858470634985
121 t 135 0.004817856406027721
121 u 59 0.0028307342040392314
121 w 110 0.01941077555682935
121 x 24 0.05039626527026386
121 y 21 0.0062174807795648546
121 z 50 0.06400363026076017
122 b 88 0.0042742903430395
122 d 148 0.01086214258714413
122 e 40 0.00026195152904717744
122 f 110 0.22369023596726267
122 g 4 0.002774104838397351
122 h 32 0.04384089128889357
122 i 177 0.004686724462756198
122 k 49 0.014454073418720292
122 l 90 0.0360406267270047
122 m 84 0.05093691073187767
122 n 109 0.0397414816157835
122 o 101 0.07524350587740558
122 p 92 0.042116049434781755
122 q 21 0.009826339738363554
122 r 175 0.048488614624787485
122 u 16 0.14328705337730274
122 v 161 0.04563671307722039
122 w 136 0.07223281123181635
122 x 46 0.03220059053611557
122 z 23 0.07853022848533564
123 a 117 0.03703293482426673
123 b 157 0.011554173807599266
123 c 9 0.09616207622077999
123 d 11 0.008266684176255423
123 e 119 0.06285919764326864
123 g 87 0.02716097136356488
123 h 180 0.0018859249044501647
123 j 28 0.030253443210383812
123 l 127 0.030546792735681283
123 m 21 0.008565037139487641
123 n 35 0.004727549859361746
123 p 2 0.012071205678519936
123 q 151 0.058708199324542965
123 r 133 0.0459155606937508
123 s 10 0.004578413729974695
123 t 160 0.05963985225842672
123 u 102 0.03089618798618643
123 v 24 0.03237101692353306
123 w 64 0.03178983098601251
123 x 36 0.2692615663088863
123 y 117 0.01327481810496578
125 a 68 0.25631112714740056
125 h 116 0.18613725831184735
126 a 131 0.05455655505829371
126 c 59 0.028857755399260054
126 d 41 0.007214925327072574
126 f 83 0.005118718521326726
126 g 91 0.09455011375576672
126 h 132 0.035108143349891985
126 j 127 0.03798632467615404
126 k 92 0.03545171114614598
126 l 40 0.028087720584605735
126 m 33 0.0014358694278644446
126 n 135 0.0582778010218884
126 o 165 0.17227751391102653
126 p 159 0.01531401040845104
126 r 142 0.0029262731398014274
126 u 78 0.08193052127004263
126 v 168 0.002181345829369463
126 w 154 0.018563824278815533
126 x 104 0.13786147009941696
126 y 132 0.011247959058240276
127 m 0 0.06715354132625151
127 n 62 0.19275957054506032
127 u 150 0.10547624926953914
127 w 77 0.13419555579427123
128 a 142 0.006874230890662414
128 b 115 0.1167534851019526
128 c 143 0.0546507227886307
128 d 56 0.0799118785845192
128 g 33 0.028706239083210905
128 h 54 0.14691327967351664
128 i 156 0.056197316297414535
128 j 131 0.004578380264050219
128 m 113 0.031575741124832635
128 n 127 0.027194425537364286
128 o 165 0.001740537569743572
128 p 70 0.018828640929122176
128 q 126 0.0017496073347195162
128 r 133 0.01893543743054138
128 s 102 0.09909817930260523
128 u 156 0.026084004686757756
128 v 165 0.04796298630044071
128 w 74 0.1451505952057489
128 x 98 0.02511290157647872
128 z 170 0.00876331614778636
129 a 82 0.00012804697716573
129 b 82 0.09553873860912099
129 d 77 0.06276053439350604
129 f 115 0.029417979376645254
129 i 60 0.03421379260619095
129 j 83 0.06892396438390203
129 k 79 0.047194063333325986
129 l 30 0.024802566376242452
129 m 21 0.001579820478201266
129 o 71 0.015868012649020713
129 p 38 0.029328015322966916
129 q 163 0.3303566048325942
129 s 63 0.03651524455037136
129 y 82 0.055665323608143025
129 z 7 0.047861885456576214
130 e 129 0.38255866234518
130 i 135 0.11089998084703512
130 t 22 0.033953109376886004
130 v 110 0.10481880044057579
130 x 65 0.1443705326118404
131 b 47 0.014287460191143353
131 d 157 0.006719661374864239
131 e 181 0.0853612021034762
131 f 44 0.09386078331508163
131 n 137 0.022204499468132632
131 r 87 0.0650301003456829
131 s 6 0.27267778735268344
132 g 62 0.13941725615869016
132 o 91 0.27982383408421485
132 t 17 0.26275503953799495
132 y 96 0.21940806678434532
133 a 59 0.031072768186026
133 b 175 0.021013225414561076
133 c 119 0.03578927948654309
133 d 30 0.01929839413733314
133 e 170 0.025457472704618178
133 f 114 0.01367687544617957
133 g 138 0.02434407537616534
133 h 126 0.03376854535433127
133 i 123 0.008244886624846237
133 j 155 0.09024521632462079
133 k 31 0.01724194459702144
133 l 70 0.0010472570409446602
133 m 36 0.009151061973365127
133 n 166 0.007078305092068193
133 o 79 0.02833325788237029
133 p 96 0.029888824166590666
133 q 61 0.003935599700201298
133 r 109 0.1677355448928839
133 s 140 0.013650939634160086
133 t 46 0.039990322095850295
133 u 38 0.004082607291911455
133 v 21 0.18227685445401154
133 w 147 0.018558477736319134
133 x 114 0.02247602405495519
133 y 79 0.023195753443834177
133 z 52 0.0026919190264207415
134 g 69 0.1472524805752592
134 l 34 0.11695779497213332
134 m 72 0.10862458985006695
134 o 66 0.007737604887623206
134 v 92 0.10211215725346057
134 y 114 0.4990821113593902
135 a 94 0.07578391851401067
135 b 159 0.08151449779721254
135 f 77 0.017959669459472694
135 g 34 0.02798000490611985
135 i 95 0.1403713569994458
135 j 111 0.0001935528024590294
135 n 70 0.13737427191539942
135 o 88 0.019041725412277
135 p 55 0.0489401300190595
135 q 85 0.07880337497654666
135 r 170 0.11409079319894033
135 s 135 0.05980321542527045
135 t 150 0.038147475071437786
135 u 125 0.013042511950510316
135 v 10 0.02277928533371676
135 w 131 0.01315382048239222
135 y 160 0.09930432510185194
136 a 83 0.07969446442964545
136 b 65 0.10979319306226354
136 c 49 0.005242572643722299
136 d 131 0.012786519521648887
136 e 50 0.0641344266507603
136 f 43 0.025203757286185957
136 g 132 0.01654129323227005
136 h 108 0.015937284342479874
136 i 33 0.014870647032206752
136 j 152 0.04096410948385243
136 k 19 0.06191229735256154
136 l 6 0.08043288400923465
136 m 54 0.003076093014292347
136 n 1 0.009160112715325575
136 o 2 0.0014864838137376157
136 q 24 0.002176747697384074
136 r 158 0.046195920728280715
136 s 169 0.0030896289603099536
136 t 134 0.11594738357698131
136 u 94 0.035437344626660816
136 v 143 0.040954588993145746
136 w 60 0.17224691875143006
136 x 115 0.01108623961037225
136 y 104 0.011928007848251876
136 z 102 0.005574953311411224
137 c 94 0.02639159066045693
137 e 9 0.0010436568353107134
137 h 135 0.09942768364733678
137 k 181 0.07279446678560997
137 n 165 0.09678035817270447
137 p 24 0.06543075686443134
137 s 175 0.05967881998577851
137 t 165 0.2731314421069926
137 u 161 0.10911027199827517
137 v 171 0.02272216330407928
137 y 35 0.06693646134953624
137 z 69 0.0831363499711747
138 a 166 0.07509782749599092
138 b 1 0.05659213589969814
138 c 122 0.02804868340542055
138 d 19 0.10670741732567246
138 e 30 0.03860157202159742
138 f 44 0.1511241239679082
138 g 146 0.07861175407087051
138 h 3 0.0010705373398368634
138 i 130 0.027572480848901737
138 j 38 0.016668757760296637
138 k 133 0.004610153852258381
138 l 66 0.01660992558176222
138 m 131 0.041372311367606884
138 n 56 0.03871644962177245
138 o 27 0.0024874830332173303
138 p 169 0.023137076355496444
138 q 46 0.002740568568685209
138 r 64 0.02187810721665928
138 s 152 0.002760337707365612
138 t 177 0.017460753310959642
138 u 121 0.016151941992837426
138 v 162 0.0797599084719619
138 w 17 0.025832683570157777
138 x 163 0.0005067727144575374
138 y 94 0.0010705662705281505
138 z 107 0.020138861487705273
139 b 43 0.03361539166574912
139 d 73 0.10122897698289623
139 g 172 0.08924419663866745
139 i 113 0.1058387737786578
139 k 110 0.00947016189853056
139 n 128 0.01370966737713164
139 o 52 0.01135854420974658
139 p 152 0.13122525491807313
139 r 67 0.13584938627405896
139 w 169 0.07163728104427969
139 x 138 0.054889202119482894
139 y 147 0.044042990027044815
139 z 150 0.1373557453969213
140 c 88 0.5662656441658311
140 d 0 0.402923156880575
141 j 139 0.2961945283916779
142 a 27 0.014952825772785894
142 c 0 0.009992317370347226
142 d 157 0.07892653738759015
142 f 83 0.0559714893717409
142 h 149 0.08783152293290086
142 i 126 0.0793463798778693
142 j 67 0.03448179594337897
142 l 157 0.010763571179533082
142 m 181 0.06321997657289324
142 p 14 0.033963059768179704
142 q 23 0.1019694449570564
142 r 112 0.02887620272872027
142 s 87 0.10549058663221966
142 u 154 0.03298250024777982
142 v 57 0.08304472060986079
142 x 75 0.034820812323433814
143 b 168 0.009125359919054055
143 c 123 0.1586030609004162
143 e 15 0.15810036705915365
143 f 15 0.015340892709479026
143 j 131 0.004436560162425329
143 k 104 0.045990498917673484
143 l 69 0.02491924900602671
143 m 156 0.18445542827175132
143 n 23 0.005330910318141702
143 o 37 0.04096494089699121
143 p 176 0.034070714242606104
143 s 170 0.05927246515994122
143 t 4 0.005409845326720508
143 v 22 0.08870467159161832
143 x 134 0.0015547500905005451
145 a 180 0.09905286124225277
145 c 69 0.03111959753399607
145 e 86 0.015300333746516293
145 f 37 0.030652266429704977
145 g 14 0.012294821551149027
145 i 33 0.02204587906551647
145 j 178 0.060508931771808605
145 l 80 0.11963959950989467
145 m 8 0.045467863439437095
145 p 175 0.0002633787901081819
145 q 28 0.06935827477626444
145 r 95 0.00044726789005866685
145 t 83 0.11046751140886113
145 u 111 0.02414652314435828
145 v 98 0.06285475113173034
145 w 50 0.07732349786348036
145 x 180 0.010492318059415306
145 z 182 0.17515022219038778
146 a 111 0.01895977880866384
146 b 1 0.01924176554637136
146 d 29 0.02851126614707855
146 e 17 0.031248235042797057
146 f 158 0.06554653368873187
146 g 114 0.00015589999081688788
146 h 56 0.03905903361107632
146 i 73 0.030290423824992252
146 k 154 0.03837716376806788
146 m 62 0.008637360507930736
146 n 96 0.17771721322185918
146 o 75 0.10109769265412516
146 p 4 0.09390534498212233
146 q 55 0.005775461799408577
146 r 161 0.11203949304041405
146 s 78 0.0037551330429671514
146 t 79 0.04729286547113454
146 u 43 0.012260006227759468
146 v 119 0.004534862510538251
146 x 146 0.07932072460357176
146 y 81 0.031933859401008347
146 z 175 0.02314467486684524
147 a 64 0.0015723268190690476
147 b 104 0.07488820675260599
147 c 104 0.009785837314854273
147 d 59 0.008748006990135115
147 e 144 0.003110089671174987
147 f 43 0.09258920799332049
147 g 10 0.0023933693024391633
147 h 57 0.009948152886112838
147 i 84 0.05886711990159432
147 j 162 0.011338953310490951
147 k 87 0.004954028696573576
147 l 36 0.014524611831291834
147 m 118 0.033899900701452435
147 n 77 0.0522260889166688
147 o 144 0.03358389752085689
147 p 152 0.017348346002610038
147 q 107 0.04922128269608406
147 r 6 0.005546336460220624
147 s 75 0.011256705021335356
147 t 163 0.0025019448799752375
147 u 113 0.25853675629036255
147 v 35 0.023868762394867904
147 w 91 0.06573566046031865
147 x 49 0.013944027809506765
147 z 60 0.09101262239361374
148 a 172 0.05980913935956422
148 b 155 0.049307146590207296
148 c 150 0.0183707529204451
148 e 7 0.025006460292693378
148 f 175 0.07135772721711053
148 g 179 0.06337982077142357
148 h 61 0.1615306761704296
148 i 100 0.022984344921128774
148 k 109 0.025805381366623248
148 l 98 0.03911471809517808
148 m 64 0.06405509081237948
148 n 163 0.017760773134774865
148 o 153 0.02961253824936072
148 q 105 0.0013835967636863788
148 r 156 0.22141761304840546
148 t 69 0.03461436311363619
148 u 65 0.012454824017220645
148 v 22 0.01187225733299857
148 w 21 0.0498003061378951
148 z 50 0.01571780385910504
149 b 182 0.4348761126298397
149 f 45 0.06790172761964497
149 n 1 0.11966061145387707
149 v 16 0.09345796785454985
150 m 32 0.36298740968526266
151 a 180 0.07130423946525921
151 b 93 0.5759272678979531
151 d 127 0.08807459933479478
151 h 3 0.017275459645425206
151 s 106 0.06078550704307073
152 a 80 0.014727203316003523
152 b 5 0.037494983317644004
152 c 4 0.09992006598077108
152 e 140 0.01870315745045248
152 f 99 0.05965420096317786
152 h 134 0.04292976089713252
152 i 18 0.03441096758178264
152 j 20 0.0015518143103108173
152 k 118 0.05885002030846809
152 l 70 0.05342791470063102
152 m 129 0.0038548125013703194
152 n 75 0.028485544777189564
152 o 9 0.09679894220079976
152 p 167 0.08983355399493143
152 r 130 0.08738230010218095
152 s 137 0.04282507027992288
152 t 10 0.010156115730931892
152 u 125 0.1200743598620787
152 v 45 0.005984156831579268
152 x 172 0.016534153599455426
152 z 48 0.015338134802683978
154 c 137 0.020655090612322957
154 d 135 0.11508816528020183
154 e 57 0.02892859283509186
154 n 138 0.027433201354641557
154 p 95 0.01815376124075785
154 q 72 0.268237892698705
154 r 60 0.10310757582996155
154 u 164 0.08450731599589256
154 v 163 0.1339811643980966
154 x 162 0.06645617639691026
154 z 145 0.12150161144693628
155 b 144 0.02988664036553934
155 c 17 0.05903989011630495
155 d 180 0.04472825357848853
155 e 172 0.010795734336317975
155 f 165 0.04407055662804671
155 g 142 0.05923942679231442
155 h 164 0.04980398731888058
155 i 119 0.021667852691648726
155 k 166 0.023927172858125956
155 m 133 0.0006118440030010719
155 n 111 0.10943240268727261
155 o 18 0.014657965091496972
155 p 55 0.08539974925200566
155 q 4 0.0013453510430854188
155 r 17 0.0470178816804544
155 s 53 0.1769633685158808
155 t 160 0.0012203371634936788
155 u 70 0.03374041741551492
155 x 145 0.06654206528996331
155 y 81 0.07699177364852317
156 c 85 0.02760052694713
156 d 130 0.020402537755008998
156 g 50 0.00815660085469283
156 h 157 0.029964380534082236
156 i 130 0.04910517842235074
156 k 128 0.05999423924827885
156 l 42 0.08793540677875822
156 n 45 0.22848008239382045
156 o 89 0.11103449088246553
156 p 180 0.08680256785492535
156 r 121 0.015726405394446585
156 s 123 0.051891625447544554
156 u 42 0.05747307379936062
156 v 18 0.013969138768807898
156 w 27 0.012544579447261284
156 x 76 0.09483410550066107
158 e 42 0.020698768902294273
158 f 9 0.1295688004467388
158 g 131 0.02496104429960211
158 h 16 0.021392509738706322
158 i 119 0.047530694500772075
158 n 100 0.010548810613805748
158 o 64 0.05148315771205536
158 q 46 0.07371252536023354
158 r 40 0.10451019104987458
158 s 143 0.14637997928389812
158 t 43 0.030732374747214908
158 v 47 0.06952870808201539
158 z 80 0.013399663679626972
159 a 86 0.01493155842762417
159 b 91 0.015666369673745684
159 c 88 0.15475116971173486
159 d 62 0.01856405537030703
159 e 111 0.10727955037134662
159 f 52 0.0191425831534211
159 g 144 0.01953763620100113
159 h 61 0.11042052212832076
159 i 173 0.02193135559709869
159 j 60 0.015246209101078434
159 k 105 0.03559232658623612
159 l 179 0.056001221069923335
159 m 53 0.05890040291737386
159 n 167 0.008522529728603567
159 o 34 0.027720370039875042
159 p 48 0.07018983242186627
159 q 53 0.004775044375177284
159 r 20 0.026393413347503225
159 s 94 0.003684270871742168
159 t 104 0.011085095800949185
159 u 135 0.06363136705741235
159 v 50 0.017824504439624134
159 w 23 0.012954485172014252
159 x 105 0.053578528271702064
159 y 50 0.011667066742405141
159 z 45 0.02029219868056753
160 c 158 0.018225223369472854
160 e 133 0.0012771414140716475
160 h 70 0.0419151713867838
160 i 122 0.16852544883683485
160 j 48 0.12497921969146897
160 k 131 0.0008962341724639833
160 m 95 0.10786462991448909
160 p 60 0.13127285836726876
160 q 150 0.028143677217686958
160 s 52 0.12301906387500783
160 t 167 0.01247362856090617
160 v 166 0.174017713699969
160 y 128 0.037070312485424695
160 z 94 0.006412981202255863
161 c 41 0.23346766843585176
161 g 60 0.13407401944803177
161 q 60 0.30641027711641833
161 v 178 0.32461731652756665
162 c 21 0.02052712809615731
162 f 115 0.013148054899526751
162 g 104 0.3207559467724732
162 i 116 0.044421900768565226
162 j 44 0.1812367875498041
162 k 94 0.04535663945326707
162 n 57 0.07309814159596484
162 r 140 0.005305627426730908
162 s 12 0.028325921102055118
162 t 168 0.0010419050008076969
162 u 56 0.04746850816198345
162 w 112 0.05217100916284756
162 y 0 0.025852750489618104
162 z 138 0.005950811486508223
163 a 51 0.009458252370135534
163 b 48 0.014227723079839993
163 c 180 0.05061603996112751
163 d 140 0.0437284138098708
163 e 30 0.07827745272309661
163 f 28 0.004971106322283481
163 g 14 0.04845934529593032
163 h 69 0.019320224137877928
163 i 107 0.0942843238276565
163 j 43 0.06833887177729048
163 k 62 0.0010936989851041412
163 l 86 0.025931719535815856
163 m 117 0.017189438963984283
163 n 167 0.028264671844438927
163 o 147 0.045897251993079036
163 p 130 0.005434846778661462
163 q 110 0.011675688928571404
163 r 179 0.027037804566663604
163 s 147 0.057217888953695395
163 t 170 0.03313736349294294
163 u 44 0.01753715487038232
163 v 40 0.12433966534824714
163 x 120 0.018029447526344722
163 y 95 0.012983252821696767
163 z 173 0.06145501123355113
164 a 57 0.047601035692538596
164 b 16 0.015333715176827578
164 c 2 7.123424695776315e-05
164 d 165 0.031806235902288926
164 e 137 0.07440309342417706
164 f 98 0.03496037713327482
164 g 181 0.10933929510917917
164 h 150 0.022206450527705757
164 i 90 0.010491833399493222
164 j 24 0.039692797790687684
164 m 157 0.10635921432673379
164 n 80 0.0415515836996555
164 p 6 0.2935032672440747
164 q 26 0.00268827914505243
164 t 176 0.07071930446199803
164 v 8 0.0022796157895035307
164 y 114 0.052102104030122054
164 z 78 0.04407208341521651
165 a 33 0.012290224746039136
165 b 63 0.08956494629537215
165 c 57 0.07052271056945436
165 d 14 0.005564653384192653
165 e 132 0.035081746908756095
165 f 158 0.0011602889976757291
165 g 108 0.22983634851215606
165 i 164 0.010431368585478995
165 j 142 0.08907595530302848
165 l 145 0.00523210658628015
165 m 38 0.030233770912979963
165 n 37 0.08319776362853104
165 o 20 0.024848956577276038
165 p 120 0.042265204818272895
165 q 62 0.007922839734674891
165 r 6 0.046730161839511286
165 s 134 0.029791910876091676
165 u 94 0.031126571809120707
165 w 26 0.06422317744327533
165 x 46 0.0008716685012937209
165 y 117 0.00386297695135418
165 z 38 0.009538951595803202
166 a 6 0.03950622048760444
166 b 40 0.04384495319737891
166 c 150 0.008270201871045546
166 d 64 0.012089439414148972
166 e 93 0.008527759053029271
166 f 104 0.008608448186629425
166 g 147 0.004916143237953308
166 h 65 0.002985671784721422
166 i 125 0.06562079038832136
166 j 13 0.02443556140847236
166 k 36 0.006193141481814712
166 m 165 0.13580103504009866
166 o 143 0.07080626628959363
166 p 85 0.16161588418049966
166 q 74 0.016861724970801295
166 r 75 0.021758255229047285
166 s 75 0.05207152369272994
166 t 88 0.032567605920132414
166 u 52 0.08099117198998151
166 v 76 0.020619246961690596
166 w 22 0.09945648006543417
166 x 103 0.04558431820057862
166 y 142 0.023719403977035203
166 z 121 0.010408270537282549
167 c 86 0.22407308028666817
167 d 112 0.17281340471706763
167 g 44 0.10266476330387564
167 j 38 0.16545952310698875
167 n 130 0.3254462510135825
168 e 30 0.044551639137856536
168 m 48 0.2614753026262604
168 s 18 0.01854228484020759
168 u 137 0.16940481889064662
168 v 142 0.09083429510478114
168 x 124 0.08802719035642936
169 b 15 0.23432178505506773
169 h 15 0.3560390619158378
169 p 11 0.07074530907029886
169 s 128 0.3136230805829726
170 k 163 0.11081514301059459
170 u 153 0.40288176827573496
170 y 27 0.4402034712477647
172 d 69 0.07895448903844571
172 h 60 0.2778078563368259
172 i 57 0.015159063504324055
172 k 173 0.07675248142546176
172 p 74 0.11239076884904187
172 q 168 0.09254103034994088
172 x 29 0.036106250379729365
173 a 164 0.05768616114232261
173 b 182 0.02900491156498408
173 c 5 0.013505124863287588
173 d 22 0.009218598934988664
173 e 167 0.018294022664682608
173 f 170 0.013128163803188708
173 h 182 0.011144683536180922
173 i 29 0.09505144457007231
173 j 81 0.08353188461836314
173 k 11 0.040616270326611414
173 l 18 0.0884694245807377
173 m 121 0.043123806904852846
173 n 137 0.016971059826185853
173 o 128 0.06474788898151118
173 p 121 0.09757661989133692
173 q 130 0.06582643447955216
173 r 128 0.011183085666543024
173 s 133 0.00938472939590429
173 t 149 0.07844573737435401
173 v 181 0.006030492219184946
173 w 175 0.020303120115267914
173 y 106 0.01474095855509061
173 z 99 0.08009702891641313
174 b 110 0.3173363645416347
175 a 58 0.010847660734908726
175 b 154 0.052082489286535694
175 d 63 0.01148260204551288
175 f 106 0.04427401204309822
175 g 46 0.03290676692312877
175 h 99 0.07408053602923992
175 i 149 0.043259922979544285
175 k 49 0.09976471291770861
175 l 109 0.01763812186667091
175 m 166 0.04625685474215624
175 n 179 0.05503965138764633
175 o 144 0.021735561070738707
175 p 49 0.052064525091671254
175 q 53 0.017118631372389448
175 r 162 0.00939508404075795
175 t 125 0.07393577342266833
175 u 104 0.07790703999137438
175 v 180 0.1294565097336816
175 w 109 0.0019269291208608985
175 x 132 0.03237838730099485
176 a 98 0.01473784202441597
176 b 141 0.015502970564445384
176 c 148 0.0635874086886642
176 d 104 0.08608948033412245
176 e 37 0.00561070850541967
176 g 16 0.04475634574550014
176 i 108 0.10113380953794582
176 j 128 0.03253762322336062
176 k 47 0.012435409394480401
176 l 51 0.11430695551065218
176 n 49 0.0450600674491205
176 o 21 0.038876589005933826
176 p 156 0.15897697460224958
176 q 110 0.08229283839083446
176 r 108 0.035711410955075906
176 t 135 0.002212997771955272
176 u 2 0.00032998046122312275
176 v 44 0.041829306838105706
176 w 101 0.0015749456031280973
176 x 96 0.00013361615794127424
176 y 160 0.10037157461331558
176 z 73 0.001575451146357043
177 b 177 0.040909852226789334
177 d 132 0.01394857237373659
177 e 30 0.049886575243981324
177 h 106 0.05660379685252903
177 i 36 0.03838634230211779
177 j 39 0.00645280201731846
177 k 125 0.05467642385140026
177 m 77 0.12189900728211489
177 n 124 0.04169761895892776
177 q 163 0.021032159821873897
177 s 68 0.03030799808266016
177 t 8 0.2743868781560548
177 u 91 0.0688857727567751
177 v 113 0.024725914166149
177 w 79 0.0903129345870467
177 x 10 0.018172121370091054
178 a 47 0.0007927664809316282
178 c 164 0.006863601150295162
178 e 22 0.07152312411720363
178 f 120 0.0131547256564718
178 g 84 0.08974506229785428
178 j 92 0.07309283378865561
178 k 131 0.058715205111701585
178 l 41 0.2201489579507735
178 m 59 0.06150651742974855
178 o 175 0.05244655831640843
178 p 37 0.11729907614534074
178 q 10 0.019010857742558174
178 r 162 0.004320213632400094
178 t 102 0.026743268740908488
178 w 59 0.04256182186536761
178 x 151 0.019880424641454675
178 y 168 0.024917598516724593
178 z 119 0.03870303504114414
179 a 163 0.03740226667066682
179 b 152 0.009027740649165672
179 c 121 0.08379069616489221
179 d 172 0.01158643210234922
179 e 113 0.07459771061596676
179 f 45 0.03695442383580494
179 g 63 0.09829455471111492
179 h 127 0.001523250544202548
179 i 134 0.016466037048599613
179 j 182 0.03364443101855996
179 k 113 0.012853719346290648
179 l 121 0.1391596805579055
179 m 96 0.04131174214404054
179 n 113 0.07270815965234223
179 o 33 0.0037304670493251146
179 q 165 0.00532102275224966
179 s 181 0.01628966098453344
179 t 14 0.033449047432379087
179 v 22 0.03393946819398397
179 w 27 0.038209908838736206
179 x 18 0.13039167272819507
179 y 19 0.008783132424632023
179 z 122 0.008388540453156956
180 a 46 0.006125305009040849
180 b 43 0.19185319276052737
180 g 161 0.12896671023016637
180 k 88 0.009842098383759712
180 l 43 0.10108529956214207
180 m 72 0.00030208520527386096
180 n 68 0.062447618895903445
180 o 168 0.14386292280105517
180 p 125 0.12720442806946508
180 q 72 0.012719127372615602
180 r 85 0.016432595302517394
180 s 69 0.021936932166250922
180 v 103 0.017595843017988555
180 x 14 0.07894221076031338
181 a 112 0.007508335995378812
181 b 117 0.0015532643113786992
181 c 14 0.029249944434714847
181 d 146 0.11416640793720867
181 e 73 0.0006098153379723303
181 f 9 0.0007252779625386285
181 h 149 0.05453245742741242
181 j 105 0.05205783974434508
181 k 37 0.0017179991192168842
181 l 158 0.0037857240677413584
181 m 12 0.013822466858576243
181 n 120 0.024331873409012328
181 o 92 0.017559823693200638
181 p 112 0.0978388871811986
181 q 63 0.04737503645337737
181 r 28 0.04682436866087469
181 s 3 0.06787334251051269
181 t 180 0.11233216226584397
181 u 175 0.06610494622109442
181 v 127 0.06991517635207689
181 w 51 0.02005188455967777
181 x 108 0.0827242541257468
181 y 157 0.04793830305582858
181 z 159 0.005554052341920079
182 a 25 0.015012836034480226
182 b 34 0.04019873516267114
182 c 52 0.015915676618666108
182 d 74 0.00546769081759213
182 e 72 0.19644671512919787
182 f 87 0.029809285041516254
182 g 118 0.02053889597241121
182 h 53 0.011732680385080907
182 i 156 0.0005727403859464575
182 j 70 0.009835675543254263
182 k 10 0.048593997209172235
182 l 109 0.025090036746770017
182 m 65 0.03427363422470697
182 n 51 0.02185736673855576
182 o 136 0.16686999877807462
182 p 151 0.04045491777802934
182 q 105 2.111287279682461e-05
182 r 99 0.0729895421830783
182 s 132 0.011079695795203293
182 t 176 0.058144634089499325
182 u 3 0.06799364518792905
182 v 48 0.007458752003822622
182 w 158 0.004467458053825979
182 x 9 0.0022789462076604483
182 y 29 0.05736581151601439
182 z 11 0.021471134366937816
