167 26 2410
0 0.04775848923087522
0 0.027450243069234825
0 0.011066965709134347
0 0.11062466118931868
0 0.07770498170944473
0 0.008715813340725465
0 0.005259943285313096
0 0.011769477184668364
0 1.0
0 0.2852553986989129
0 0.018438048644348393
0 0.012249343444174166
0 0.04580919136259731
0 0.010454316010962805
0 0.04558736646765793
0 0.002477712246587327
0 0.23328944194534607
0 0.0033827854870907004
0 0.002701355377198622
0 0.1673367049649772
0 0.019646322424274665
0 0.08341476800308467
0 0.13420221353110773
0 0.014473271976373159
0 0.018867768322656575
0 0.017321671861853627
0 0.11453370454526168
0 0.08095875415221476
0 0.011081154624132283
0 0.049449930292180144
0 0.07826369913505549
0 0.015617850554431434
0 0.3269124464288098
0 0.010765567540817478
0 0.0184335569045182
0 0.12118700917511482
0 0.020022801632715304
0 0.04390163974351391
0 0.016305730840381782
0 0.0039583933794254955
0 0.04925152268094923
0 0.08248216667550545
0 0.1946945593767062
0 0.21072465578122312
0 0.003069128391744891
0 0.10849386852677334
0 0.02743067049971093
0 0.017159221697572113
0 0.1566414459195642
0 0.865476987451969
0 0.1807020975843875
0 0.027464172488328886
0 0.07020008456515858
0 0.05574163636070251
0 0.16024456258167952
0 0.16649976470390904
0 0.1369883404314708
0 0.03669477017535083
0 0.006846120350101126
0 0.06077414493851818
0 0.12077441567248126
0 0.014504937015352937
0 0.2233323461850909
0 0.02469970090033946
0 0.019162791709341653
0 0.19352253140759734
0 0.026826738661725247
0 0.020631493901713482
0 0.042016046581064836
0 0.04299636013723829
0 0.09599006851383907
0 0.07362320965033153
0 0.5772301103154294
0 0.026955679871723426
0 0.06458060679549005
0 0.030758944534378663
0 0.018826968926459742
0 0.28851858724522206
0 0.0025915368876449074
0 0.04734354473715874
0 0.3236110216613295
0 0.07738877987046355
0 0.27045414948867597
0 1.0
0 0.04918744770533323
0 1.0
0 0.05207173518341068
0 0.49625762164369946
0 0.03725532993857128
0 0.008628334198711451
0 0.5663763518550619
0 0.20916670353274514
0 0.06173978732511343
0 0.023865899644584743
0 0.8704511500395938
0 0.059211004398175615
0 0.05652715709737022
0 0.1548798676110824
0 0.011299781987349822
0 0.22778236131758278
0 0.14261577632813727
0 0.050476179835798995
0 0.005574245725858407
0 0.03701661579451099
0 0.016283454629693828
0 0.02812918317780433
0 0.11402040342847897
1 0.05707740957583607
0 0.06459411431157891
0 0.014952020105826858
0 0.05349470016358637
0 0.004627975314831612
0 0.02546654930576342
0 0.1627063911868747
0 0.05248009974107459
0 0.11603304059699349
0 0.042347992851716865
0 0.0028556826220055287
0 0.35536071174379447
0 0.004791767178379036
0 0.014040713845236197
0 0.05341801904895349
0 0.0320994826197285
0 0.20295339686062752
0 0.1398461132120089
0 0.06526068362199489
0 0.1755309871661671
0 0.5313018325588579
0 0.04665494328413733
0 0.19212277525792876
0 0.02088968525244117
0 0.022366873467792536
0 0.025744815351020245
0 0.05324882835408851
0 0.046490442656568653
0 0.0547044572778953
0 0.06349355170971482
0 0.06295862456770829
0 0.004097561999588106
0 0.02454746050292711
0 0.23207027400269542
0 0.07418872294393453
0 0.05386503182636171
0 0.03765590188917889
0 0.06919065030673266
0 0.093604982837168
0 0.018866067494271888
0 0.01172559481276858
0 0.0370389601854183
0 0.23509594487266272
0 1.0
0 0.050234410929800966
0 0.02431624324703452
0 0.03442770125941608
0 0.01785335717283354
0 0.023727947834570662
0 0.10175143327480118
0 0.027587210150244013
0 0.11504978061863103
0 0.2799585007578608
0 1.0
0 0.24092419416272337
0 0.040181273349135904
0 0.06669952792996547
0 0.07539520381025033
0 0.05635786957267308
0 0.0007077769798838895
0 c 126 0.12094101171981986
0 i 66 0.026309188413254914
0 j 144 0.2720174305805969
0 k 130 0.139571862045626
0 p 158 0.030381533085331647
0 r 166 0.36302048492449546
1 a 26 0.021277558337667535
1 c 11 0.16484665283707434
1 h 113 0.01699831653647399
1 i 121 0.21521047453092412
1 j 17 0.03907981816577055
1 k 154 0.026787371276908112
1 l 148 0.12070784761689612
1 m 113 0.10632320487766367
1 p 15 0.005683708715371827
1 q 129 0.01931648858189572
1 s 62 0.006746167056122188
1 t 158 0.01742783989762453
1 u 16 0.029158306041359494
1 w 18 0.08963483556240193
1 z 164 0.09335116689661105
2 a 66 0.019132340671407788
2 b 9 0.12066001051728248
2 d 142 0.07970526278917223
2 e 140 0.021586525161018777
2 f 91 0.05451705932883988
2 g 126 0.13767162812351097
2 i 34 0.01576771666245158
2 j 56 0.03270454564863545
2 k 31 0.09027717740594743
2 l 118 0.05824747740485181
2 m 166 0.05334010499727382
2 n 139 0.01868211633964101
2 o 118 0.039428537449796464
2 p 68 0.035901782769851676
2 q 28 0.00961144206427944
2 r 107 0.061503850103895585
2 s 69 0.06576662211340212
2 t 163 6.879429406259074e-05
2 u 32 0.029720466348481356
2 v 1 0.02661756866095244
2 w 166 0.00575689094588272
2 y 77 0.012265114490228046
3 b 90 0.10103559996225087
3 f 159 0.039771870963485
3 g 63 0.007144058074717519
3 k 68 0.07281908565237649
3 l 77 0.09777296156085247
3 n 88 0.11898444727976842
3 q 139 0.05849554235729748
3 u 61 0.21788309914064052
3 w 129 0.04585255414541711
3 x 63 0.11783721788502088
3 z 26 0.011778901788854546
4 a 111 0.016340093006285916
4 b 103 0.09626090924991193
4 c 165 0.03983926299385532
4 f 81 0.025957562570513626
4 g 106 0.006315227336006868
4 h 52 0.029931290580098024
4 i 115 0.06670153922292099
4 j 160 0.019035981743649066
4 k 110 0.07521978605954371
4 l 121 0.009815759491444198
4 m 37 0.0025569738401003406
4 n 80 0.04165228526125653
4 p 48 0.0686593079986666
4 q 135 0.08312543859956822
4 r 79 0.017706660745609004
4 s 0 0.12322125969139919
4 t 60 0.00837558600624344
4 u 101 0.03614611988350991
4 v 114 0.09099014372747771
4 x 83 0.04390591199067295
4 y 94 0.009364444666043248
4 z 66 0.011173473625778474
5 a 27 0.03341582051209924
5 d 86 0.08387683262559542
5 f 57 0.11717789459728667
5 g 56 0.10524580455165355
5 m 77 0.002691992180892555
5 n 131 0.35683203018528864
5 o 34 0.025305783183766084
5 r 80 0.07399146967628822
5 s 1 0.00798130250854534
5 u 98 0.0013603952346743498
5 w 15 0.14654530564081747
5 x 54 0.006102482754734795
5 y 71 0.030757073007632196
6 a 82 0.12058873445844409
6 e 122 0.04904536920380431
6 h 121 0.00784721649573139
6 j 124 0.2273216252832877
6 k 43 0.054001787679708424
6 l 118 0.008926300737676418
6 n 145 0.1916857681997607
6 o 83 0.009792157920106681
6 q 47 0.13495561919696397
6 v 80 0.030670825528762324
6 w 52 0.12650886350902169
6 y 104 0.03339578850141922
7 b 40 0.10810321381784249
7 n 82 0.05799009784695719
7 q 80 0.006445705384970246
7 v 65 0.3843957230975873
7 x 58 0.37049377341251544
7 y 156 0.06080200925545898
9 j 100 0.0142945685872784
9 r 95 0.4581218487543556
9 z 60 0.2423281839594531
10 a 81 0.04417669801378454
10 d 54 0.09812337885893196
10 e 53 0.03737950032389403
10 f 4 0.05958363452449844
10 g 78 0.05302973431057334
10 h 71 0.05763240461806729
10 j 123 0.020752700702747595
10 k 73 0.11846329255829446
10 l 83 0.04643738604042846
10 m 88 0.011826743381048721
10 n 88 0.013454374542889003
10 o 35 0.00923356044234136
10 q 73 0.07527701223480399
10 r 12 0.028556270384887505
10 t 159 0.017272452526380766
10 u 139 0.041114738113008364
10 v 126 0.0316501850407892
10 w 93 0.07413702271889644
10 x 72 0.1319576859886603
10 z 99 0.011503176030725815
11 a 66 0.012092013680184421
11 b 54 0.0004941290074824689
11 d 81 0.2512669732666105
11 i 141 0.06380659789424559
11 j 164 0.025748634712521645
11 l 25 0.06800540810157862
11 r 22 0.03689925392165572
11 s 78 0.01796427801146172
11 t 137 0.1388039825143801
11 u 133 0.14424086858041052
11 v 66 0.011049299773755239
11 x 138 0.07178929304132986
11 z 18 0.14558992405020943
12 a 160 0.0016504498590745875
12 b 7 0.02508707406129762
12 c 25 0.02269951211183474
12 d 76 0.016237786811474697
12 e 154 0.03952987530102414
12 f 2 0.026713777981825393
12 g 30 0.07200760322852351
12 h 10 0.005371064081994725
12 i 45 0.010656364535239216
12 j 26 0.006444431625662772
12 k 3 0.05232365452552579
12 l 70 0.020868680198770972
12 m 81 0.005863376736630066
12 n 87 0.004715590485883103
12 o 164 0.016514872727710017
12 p 81 0.023465929926765106
12 q 111 0.06710735153377245
12 r 122 0.11678515673904355
12 s 91 0.049729713855582225
12 v 16 0.0690012688634466
12 w 128 0.011559083373447243
12 x 63 0.000653806138722679
12 y 120 0.20273107585242411
12 z 122 0.08647330808172737
13 a 68 0.16178264686073163
13 c 105 0.05561237642345107
13 d 33 0.02437128387403764
13 e 24 0.015205966630534196
13 g 35 0.04342958936649477
13 i 88 0.08695502059000282
13 j 31 0.034242443640521425
13 l 72 0.01352250028200419
13 m 30 0.06821429097899079
13 n 106 0.006641211534988978
13 p 149 0.09045202797935092
13 q 17 0.010312538520942827
13 r 161 0.030622718738905097
13 s 77 0.09532838145616884
13 t 9 0.01263696136588921
13 u 33 0.13129460423874428
13 v 106 0.022702870028444844
13 w 69 0.05419044782989246
13 x 153 0.0320278036489412
14 a 56 0.008927797920948999
14 b 80 0.014164485444455477
14 c 94 0.05347541928114741
14 d 22 0.0013402668828589315
14 e 10 0.018888407521690076
14 f 101 0.010818276095618695
14 g 51 0.025054893993930683
14 h 122 0.0015688401631036575
14 i 148 0.032380508857853485
14 j 27 0.02266740623784147
14 k 52 0.01924193356019943
14 l 123 0.3038556756779007
14 m 40 0.020554507097185204
14 n 37 0.005482771109209694
14 o 78 0.00112660412137644
14 p 108 0.007547357626391249
14 q 4 0.09785599940003153
14 r 32 0.004255681361152175
14 s 131 0.16578544955760854
14 t 126 0.017153671476938026
14 u 23 0.02817913504963654
14 v 19 0.01762758737300152
14 w 19 0.052757115817724576
14 x 100 0.0072677406987730064
14 y 115 0.016435101205764524
15 a 117 0.03638059656060921
15 b 65 0.006497960288605831
15 c 19 0.011619568320390461
15 d 30 0.054802939869641354
15 e 160 0.06002452836948824
15 f 103 0.07400826206279831
15 g 11 0.07897274565155887
15 h 162 0.05018428616680093
15 i 64 0.05247557026632188
15 j 75 0.0212165600332056
15 k 120 0.1904383202164437
15 l 162 0.024067241873571454
15 m 70 0.04585838426102695
15 n 166 0.05512447671700349
15 o 51 0.004579925575041277
15 p 68 0.04861067190188473
15 q 143 0.03486158546585605
15 r 127 0.0013240402352346914
15 s 112 0.029947965063123028
15 t 0 0.002651222204415493
15 u 144 0.023479757136762314
15 v 20 0.004092296433735765
15 w 130 0.037749310592907315
15 x 73 0.029761169957853273
15 y 26 0.0037663718726884676
15 z 77 0.015026530656443993
16 b 53 0.17603151602824574
16 j 70 0.39525225813146936
16 x 115 0.19542678389493884
17 a 26 0.007805916742970265
17 b 136 0.04603123694176181
17 c 166 0.08670400944040302
17 d 165 0.012204799339903705
17 e 42 0.014695824600674867
17 f 109 0.05969320049304083
17 g 87 0.01068987084369244
17 h 107 0.0677980373181476
17 i 158 0.009545705890685707
17 k 15 0.11113925880512798
17 l 146 0.030972198555133446
17 m 60 0.004846645244420245
17 n 59 0.04423099191912927
17 o 151 0.01110227328420188
17 p 42 0.05163813006693796
17 q 108 0.013519177889060985
17 r 105 0.18552654537198232
17 s 160 0.026183633255277283
17 t 7 0.01548263123797533
17 u 113 0.07104887059963294
17 v 18 0.02307248103464321
17 w 140 0.015595389041222707
17 x 97 0.013539716770866517
17 y 135 0.04414400238511129
17 z 157 0.01940666744090569
18 b 44 0.016288935198280008
18 d 51 0.010087381866079381
18 e 150 0.2731002258287275
18 f 28 0.004499460206659256
18 h 74 0.054874911832533235
18 j 101 0.09940529893117878
18 k 121 0.08066265831635333
18 n 162 0.0865121345398604
18 o 61 0.01145838643131536
18 p 105 0.017558827694532098
18 q 1 0.05220720922459554
18 r 91 0.027417722317560567
18 s 141 0.007886653265965604
18 t 29 0.15422416991847854
18 v 1 0.061736104143281456
18 z 44 0.039378564907400326
19 b 159 0.24208794791207833
19 d 45 0.1255287774581283
19 f 44 0.008003995928176466
19 g 40 0.020883476253838684
19 m 132 0.06486857165657156
19 p 73 0.027683254196538165
19 q 47 0.18141250029864742
19 s 112 0.01912279052909438
19 u 52 0.13671493955430536
19 z 124 0.006357041247644135
20 d 46 0.0008106588107060775
20 g 124 0.030027129132107477
20 i 165 0.03887543203602484
20 l 160 0.1385962104290296
20 n 45 0.033188228128358976
20 o 65 0.09890057701718957
20 p 40 0.09960207810802302
20 s 150 0.2740306126291405
20 u 58 0.03758140313540481
20 w 125 0.05548539371584105
20 x 60 0.05771674311906183
20 y 158 0.11553921131483758
21 a 1 0.02326559552995544
21 e 12 0.2725225130793396
21 f 39 0.09711958203827564
21 h 160 0.0035151791719969516
21 i 56 0.34059528421368745
21 l 95 0.04074424881289185
21 m 24 0.04231847310432213
21 s 98 0.007365041591118615
21 u 145 0.0004068735130701162
21 w 32 0.04921965831268793
21 y 112 0.03951278262956959
22 b 73 0.16613405732336262
22 f 103 0.09077637967126806
22 g 114 0.15489097839110588
22 h 75 0.05138409748661643
22 i 131 0.06270761066440733
22 j 31 0.01040743620437845
22 m 94 0.0887892680333997
22 v 60 0.1912225485062613
22 y 93 0.049485410188092493
23 a 93 0.08397876285680184
23 b 68 0.02854429707783579
23 c 101 0.005488612324323738
23 d 20 0.1758233270203987
23 h 119 0.02718505209750699
23 i 67 0.03755641494480755
23 j 100 0.052940618570713305
23 k 22 0.01885754787442362
23 l 125 0.02468708610504622
23 m 67 0.015597019696605763
23 p 35 0.046026696891199315
23 q 140 0.05574739433637499
23 s 157 0.040281714633248034
23 t 39 0.002704847489157558
23 u 92 0.10253430568238264
23 v 165 0.0029027201864220142
23 w 123 0.021175779707275244
23 x 71 0.10405956487762724
23 y 0 0.03301021518069358
23 z 92 0.1064247504707827
24 a 106 0.07599822698921099
24 b 89 0.053152143475463376
24 c 117 0.07365345004428037
24 d 12 0.02326092219204967
24 e 12 0.006677152425047295
24 g 119 0.11289528834577256
24 h 61 0.07244739114837362
24 i 150 0.024984189349217423
24 j 15 0.04313253651328597
24 k 106 0.012160534754206975
24 l 27 0.03486146576743321
24 m 145 0.0030743003871779306
24 o 157 0.01988809661672908
24 q 43 0.05029719088079343
24 r 79 0.1886852345293797
24 s 160 0.04480358635338877
24 t 54 0.008113141509653254
24 u 95 0.0160631123594267
24 v 165 0.0019657121455513016
24 w 52 0.07105270925384632
24 y 95 0.043965846637055495
25 b 28 0.018168540088142837
25 e 37 0.1061111466502821
25 f 135 0.0034887508756465957
25 h 34 0.057550735317389634
25 j 41 0.06370231869521048
25 k 57 0.047720104170889566
25 l 145 0.014464211680822348
25 s 147 0.16208241607457907
25 t 29 0.008211848988042059
25 v 93 0.055606102868942964
25 w 47 0.2058532920415035
25 x 27 0.23971886068669523
26 b 44 0.05558993123529399
26 d 41 0.43262544791772417
26 k 37 0.39725091630172016
27 a 120 0.08996377516285359
27 c 108 0.008791581457058273
27 d 121 0.019346479185289978
27 h 102 0.004498135469716447
27 j 10 0.0092204448431501
27 k 70 0.013300368032261645
27 l 137 0.10547333648790946
27 m 154 0.06446395802035598
27 o 80 0.12956338380068477
27 q 62 0.03188111364705848
27 r 166 0.019085406136017946
27 s 30 0.0953157867964296
27 t 31 0.09099017662228748
27 v 140 0.06505752999039305
27 w 90 0.027486629588715616
27 x 140 0.01958544941675988
27 z 99 0.12501769119084294
28 a 51 0.12628259081751336
28 b 125 0.008161460012691912
28 d 84 0.03677693080255884
28 f 8 0.022486948349480063
28 g 18 0.04671166719808362
28 h 114 0.033446579829423784
28 i 38 0.16221667106164805
28 j 118 0.014366547042106936
28 k 160 0.047804170136551916
28 p 166 0.018473955094682304
28 q 38 0.2543865757956455
28 r 136 0.0015391042858159398
28 s 81 0.09264815039659247
28 t 26 0.09709056139502847
28 x 99 0.012121339917337881
28 y 80 0.004100666019367205
28 z 123 0.010304927221339466
29 d 55 0.004616484948151256
29 e 114 0.1861002409611615
29 f 127 0.07228927691415832
29 h 24 0.11587951839015753
29 i 20 0.012299768962507174
29 j 127 0.027711044966469256
29 m 103 0.012738027940459307
29 n 132 0.02960030911040379
29 p 109 0.02816685592884094
29 r 64 0.028231639293119337
29 t 126 0.06747947192365611
29 v 80 0.029527445448996215
29 w 78 0.05569353804314914
29 x 60 0.04396894525797468
29 z 116 0.2362475016186153
30 b 14 0.18691535627054556
30 d 31 0.20809204198653575
30 l 83 0.006952357454637403
30 m 41 0.0373294207621675
30 t 55 0.10439296891346816
30 u 88 0.17533242506604285
30 v 118 0.1346532896916971
30 x 70 0.06806844071985019
31 a 6 0.04530510946580901
31 b 60 0.20396761240480465
31 c 143 0.17701169948530693
31 d 11 0.32763760197744374
31 k 116 0.07372691360627714
31 l 30 0.038885028765739404
31 s 108 0.00556557352886633
31 w 113 0.11228261021132135
32 g 80 0.06045092676067132
32 h 152 0.009722748199842646
32 i 91 0.02419639539452967
32 j 156 0.029157343269794467
32 l 88 0.10145351270198899
32 m 14 0.018420527748663762
32 n 100 0.06670875804835485
32 p 150 0.04353851828355615
32 q 85 0.1949875895825297
32 w 72 0.027805292043810215
32 y 93 0.09664594153744843
33 a 65 0.13848666829044443
33 b 121 0.2373388550137352
33 e 154 0.0705620827532839
33 f 1 0.01670264800199439
33 g 75 0.04336845954386248
33 h 1 0.0893392855999311
33 i 32 0.04417921600267671
33 j 39 0.02039412452424061
33 n 54 0.0037952678353837532
33 t 119 0.012954558330105947
33 u 93 0.03813170622287598
33 w 96 0.15746862015134466
33 z 7 0.11651294018930336
34 a 41 0.024380667654219534
34 d 123 0.0451934105270787
34 f 126 0.22282794321646837
34 g 22 0.08689909493030201
34 h 122 0.016354909874275236
34 j 92 0.051734610338247444
34 k 132 0.005866270011653629
34 l 134 0.0038469041211114385
34 n 64 0.08522390851818085
34 o 43 0.0018893272764611835
34 p 57 0.1488763506539036
34 q 1 0.06663322675665484
34 s 14 0.021779188127832638
34 t 110 0.01348426175965367
34 w 162 0.05073308648548802
34 x 166 0.0226805541193279
34 y 136 0.11316272872462274
35 d 128 0.2124434719286309
35 g 161 0.15918232384538566
35 m 88 0.039508574622364456
35 o 86 0.2620380249945694
35 s 36 0.025564042178758628
35 y 110 0.05255012154974603
35 z 151 0.1275264317054301
36 d 110 0.07385677786689437
36 e 68 0.05305150924127888
36 f 43 0.14744815804746536
36 g 34 0.12341424056169803
36 h 160 0.22196001507676522
36 i 40 0.05586311867058957
36 j 129 0.02613469941690183
36 k 110 0.07578050581699314
36 t 83 0.08634805736962836
36 u 67 0.11612011629906993
37 a 0 0.013391536396098247
37 b 33 0.017038508595962232
37 c 51 0.06459552394273382
37 d 68 0.03746111279399167
37 f 150 0.23453973181171506
37 h 22 0.041646982299843316
37 i 10 0.05901209571149668
37 j 135 0.0038868027977381203
37 l 9 0.1538915630763672
37 m 92 0.0033334358819545606
37 n 116 0.04310142516575499
37 o 153 0.03486147813819196
37 p 12 0.04806574241596362
37 q 157 0.03561427736868017
37 r 100 0.025282636768174882
37 t 131 0.020971826227930368
37 v 129 0.08935635096634675
37 w 125 0.002459018905144439
37 x 137 0.005199694064563221
37 y 129 0.02238861692783478
38 a 155 0.02493323452560514
38 e 48 0.009217947759927902
38 g 97 0.10907533649278289
38 h 119 0.008512804275717323
38 i 57 0.06740108689150348
38 j 62 0.05457260331096392
38 k 91 0.32717633693274717
38 n 134 0.14893101743806492
38 o 134 0.09005703198728332
38 p 143 0.0061631289478333295
38 r 38 0.021093930189950094
38 t 103 0.001864981360195861
38 v 52 0.007444635051599535
38 w 81 0.10725019399544333
39 b 4 0.017034869146151044
39 c 101 0.0001267469686343503
39 d 23 0.012643154668001033
39 e 13 0.025431722365963694
39 f 65 0.07678524969178069
39 g 127 0.00121525160070024
39 h 6 0.006651885668121471
39 i 122 0.045915006143951276
39 k 117 0.00858386430504876
39 l 140 0.043810973025714794
39 m 19 0.15883962809314178
39 n 156 0.007102004885893409
39 o 33 0.04033875652471708
39 p 53 0.07764841572881565
39 q 141 0.026335113467852778
39 r 29 0.004769235293396679
39 s 91 0.12473916331590273
39 t 166 0.05855445990418573
39 u 10 0.05378299547798504
39 v 125 0.029336342416539374
39 w 115 0.07387617043792005
39 x 14 0.007463980458561892
39 y 117 0.07100134110719003
39 z 99 0.02405527592440493
40 a 99 0.03797478961324885
40 b 81 0.03243854914823052
40 d 32 0.18925218817544875
40 g 100 0.0019809673138232453
40 i 60 0.10800014325105922
40 j 109 0.014231813541985106
40 k 3 0.11077561731406116
40 l 31 0.003997561104761238
40 m 134 0.037967736215529735
40 n 124 0.06638836603015486
40 p 166 0.0020655326738266977
40 s 76 0.026251933459559895
40 t 19 0.02993029781799783
40 v 31 0.0852976999750823
40 w 133 0.011618230004751262
40 x 88 0.0491232453997289
40 y 89 0.09700648902735354
40 z 47 0.04644731725244766
41 a 121 0.005522327936436144
41 b 82 0.05693116271777776
41 c 124 0.35153622945239105
41 e 6 0.00027995785532652917
41 f 118 0.1082177574529557
41 g 29 0.04787953973794701
41 h 108 0.009041169338748434
41 i 142 0.00451027161594153
41 k 63 0.07372554468462367
41 l 45 0.006847102054266863
41 m 21 0.05120092092105988
41 n 127 0.012033572301101358
41 q 94 0.0006671540956753041
41 r 159 0.06013576930701847
41 v 0 0.034951499240387984
41 w 82 0.0244082258888888
41 x 166 0.06055048048737355
41 y 95 0.009079148236574519
42 a 49 0.027883310429796193
42 e 66 0.14788567051972745
42 f 94 0.09724096112562197
42 j 29 0.05942063133694486
42 k 104 0.052433328906191456
42 l 55 0.230765951903955
42 s 128 0.02836616126104874
42 u 66 0.15336617426779375
42 w 33 0.0074048058824487395
42 x 114 0.0005384449897656296
43 a 77 0.12854601198940863
43 e 42 0.23232027679723344
43 h 79 0.4284090554321348
44 a 113 0.023114976976589152
44 b 14 0.10913124507074112
44 d 120 0.04363630864799817
44 e 73 0.1182304095510629
44 f 145 0.11336491852222486
44 g 27 0.009928795741816265
44 h 99 0.027019437994364126
44 i 113 0.02618981883463456
44 j 164 0.05595704227424836
44 k 19 0.00252395345728329
44 l 51 0.11851926812308078
44 n 104 0.00417687275623102
44 o 146 0.02189862033914247
44 p 97 0.024572219568112397
44 q 70 0.015142252619044227
44 r 15 0.005897737588942298
44 s 154 0.011926230375934987
44 t 20 0.03947601401149026
44 u 73 0.08138591349438284
44 v 131 0.07655728111656246
44 w 91 0.06774153749946366
44 z 16 0.0005400170449049169
45 b 19 0.4354535644076827
45 c 69 0.09312176337676603
45 f 101 0.014689714436034618
45 h 91 0.013630766195862676
45 i 139 0.06971918217658912
45 j 147 0.002058014196366975
45 l 93 0.11819928709181082
45 o 138 0.02187038802275909
45 p 44 0.0028184689976640254
45 t 162 0.0299425320423512
45 u 70 0.05247346577915468
45 x 66 0.01285040401530202
45 z 147 0.024678580734882716
46 c 46 0.11043855150872983
46 k 92 0.1367522282438991
46 n 69 0.4104778394731623
46 o 150 0.10188367052264335
46 r 104 0.09107569907976043
46 s 91 0.07301348130734342
46 t 40 0.010803119360985658
46 w 124 0.03812474000376498
47 b 70 0.015246084210854494
47 d 20 0.09688595461856175
47 i 118 0.03876575969736784
47 j 3 0.17281068968278057
47 k 55 0.07345927628000881
47 l 125 0.005812754207627058
47 n 88 0.09695578814449646
47 o 92 0.15652700862429403
47 r 105 0.013542128779477025
47 s 63 0.14305861194156488
47 t 131 0.11995151908009494
47 v 86 0.049825203035300025
48 a 103 0.21828434482457637
48 c 138 0.17894435004202403
48 e 110 0.1278583850513222
48 k 92 0.0850424464634173
48 n 162 0.08023150592763872
48 o 60 0.12046347588043893
48 w 53 0.0013920273710033015
48 y 166 0.03114201852001497
49 u 72 0.134523012548031
50 b 85 0.06560226432315797
50 d 85 0.036553668399723516
50 f 152 0.0014941012492093453
50 g 39 0.049929636950753475
50 h 40 0.10540340761637745
50 k 60 0.14313953524897371
50 l 67 0.022830534673251357
50 m 68 0.033517910301970266
50 n 134 0.18093723922550864
50 q 148 0.04656761643964347
50 t 99 0.03692731895447121
50 u 109 0.06422894927548761
50 v 143 0.003753352291568257
50 z 99 0.02841236746551623
51 a 82 0.010328417922512156
51 b 76 0.11226788143440836
51 c 19 0.043572173674592096
51 e 23 0.07351838450063153
51 f 43 0.07387944325227758
51 g 150 0.009550034993878187
51 i 99 0.03957992558981871
51 j 78 0.09768528607257732
51 k 126 0.009089379639628636
51 l 46 0.1040945587022285
51 m 144 0.036226465914085404
51 n 17 0.03321327190865786
51 o 78 0.03592464868444367
51 p 130 0.05906096088501178
51 q 129 0.011400763173683659
51 r 59 0.030991614642405074
51 u 14 0.023872995096102523
51 v 65 0.02028742473285361
51 w 47 0.013371453400525812
51 x 68 0.030962359918326077
51 z 124 0.10365838337302258
52 a 102 0.05274080885699284
52 c 138 0.013107625090534647
52 e 10 0.04891053389740452
52 f 49 0.07347860355164337
52 g 0 0.018067411419448454
52 i 35 0.029492147129359103
52 k 7 0.010175365566558181
52 l 22 0.014615853983984461
52 n 20 0.026516183154254525
52 q 158 0.012936964690635211
52 s 107 0.06378765218068794
52 u 107 0.015022890879308748
52 w 73 0.01488226004010984
52 x 132 0.04893054575640954
52 y 136 0.10906253001302213
52 z 31 0.3780725392244879
53 b 158 0.04176021297288035
53 c 106 0.004018305653729959
53 d 123 0.15599976310741226
53 e 56 0.07762416989595688
53 f 134 0.13624593028704524
53 h 37 0.00201886949578034
53 i 19 0.032236697050969654
53 l 73 0.2094189798639694
53 m 146 0.027813180953244254
53 n 128 0.07787637673464409
53 q 41 0.0132295344619755
53 r 26 0.035217055104552863
53 u 41 0.03189999623040074
53 v 124 0.025282473902498714
53 y 30 0.04316500323246597
53 z 81 0.030451814691771273
54 i 21 0.19728733730454828
54 r 2 0.3565507573322252
54 w 88 0.285917342781547
55 j 45 0.13398243019889766
55 k 28 0.5741624228304718
55 y 49 0.1253553822667215
56 z 157 0.8630116595685292
57 a 36 0.005657890809419919
57 b 140 0.05323591415388351
57 c 18 0.012495770283200702
57 d 31 0.021485861744642065
57 e 71 0.01274896767535727
57 f 0 0.05127711201964236
57 h 64 0.0171713361584368
57 i 3 0.08104621515209998
57 j 80 0.10268142485827925
57 k 7 0.03577901730765054
57 l 67 0.047764302228785915
57 m 162 0.16663766219757326
57 n 149 0.0046560553755637946
57 o 121 0.15921095155948628
57 p 5 0.05747769836714178
57 q 71 0.012628380928941585
57 s 150 0.0033793819912096845
57 t 111 0.007717426199552624
57 u 13 0.020018676055268525
57 v 5 0.04886955608082988
57 x 8 0.023110280421712925
57 z 60 0.018255348255970527
58 a 160 0.11806879939175186
58 b 11 0.053360096485810526
58 f 32 0.00748028725558092
58 i 84 0.06136993650015621
58 j 105 0.18150933552431914
58 k 96 0.004432793639217336
58 m 106 0.017736633325999174
58 s 1 0.2019054718068255
58 u 163 0.0583741904516093
58 v 77 0.17102473287640874
58 w 117 0.02501867763111909
58 x 131 0.0928729247611011
59 a 19 0.0043071309080203735
59 b 98 0.01410280367265937
59 d 163 0.15480511932925878
59 e 127 0.00012414503075397487
59 g 101 0.025072388161792136
59 h 152 0.07866822511455673
59 k 75 0.05570935058489279
59 l 14 0.007507699531946632
59 m 102 0.03090292294737984
59 n 3 0.02289401482443587
59 o 44 0.03345493012569134
59 p 62 0.16143147965485816
59 r 75 0.039081116265908045
59 s 31 0.014329755102851949
59 t 71 0.011775869520951887
59 u 58 0.062046520469398514
59 v 59 0.004273843663483934
59 w 85 0.009978388438859453
59 x 53 0.16719739806099043
59 y 51 0.013202995089169334
59 z 24 0.028359758563622273
60 a 69 0.04054080417054151
60 b 3 0.01409834557113332
60 c 123 0.009169085422333745
60 d 25 0.08793732693252176
60 e 59 0.08702351148727383
60 h 151 0.08967243702167071
60 i 60 0.005880101066741084
60 j 11 0.09238476113040528
60 k 162 0.019410920596503622
60 l 97 0.10110580062783348
60 m 152 0.01129376427645723
60 p 81 0.0010728357864601135
60 q 125 0.0006401953941905791
60 s 39 0.005864756369647228
60 t 40 0.002180247188703466
60 u 75 0.030189842275667678
60 v 124 0.04647979033519489
60 w 124 0.032669431807844096
60 x 80 0.2016116268663951
61 a 139 0.020920959426886654
61 b 90 5.6751797922194314e-05
61 d 99 0.05518352489088929
61 e 110 0.00780318860042295
61 f 62 0.03999099530493022
61 g 107 0.03587366914718271
61 h 97 0.012363999250196489
61 i 64 0.1315004821082877
61 m 107 0.07381879609049236
61 n 156 0.13094346145104618
61 o 68 0.1030490368822804
61 p 154 0.024645793224183477
61 q 44 0.0223843203563181
61 r 99 0.09961714620040485
61 t 95 0.003732576151942335
61 v 34 0.03647639766584054
61 w 90 0.004203662492283655
61 x 134 0.025271529083852884
61 y 19 0.10331061425401367
61 z 138 0.054348158605270425
62 b 71 0.18523751638792685
62 c 84 0.003918173786836898
62 f 143 0.13491577150895995
62 n 65 0.1464392348219723
62 q 130 0.056137339352844484
62 s 92 0.06109892893656077
62 v 151 0.00109751105786704
62 x 30 0.1878231779619408
63 a 101 0.11750921760088351
63 b 95 0.011364697947157554
63 c 7 0.043080026886517575
63 d 140 0.008682888413569456
63 e 155 0.05481433242224221
63 f 65 0.008763712566447479
63 g 85 0.005813345655986901
63 h 86 0.04251797903957122
63 i 154 0.07161795007862704
63 j 82 0.0032795597590628
63 k 161 0.0022883586429615077
63 l 147 0.07082011735110516
63 m 129 0.10406885870293248
63 n 115 0.0406463879461082
63 o 162 0.01296960669192937
63 p 59 0.0615390951483511
63 q 0 0.058876062936366935
63 r 20 0.03142964213262722
63 s 41 0.04763029612461289
63 t 106 0.03626296224163972
63 u 111 0.003056529118837026
63 v 68 0.0880707225228401
63 w 149 0.0032738012723887433
63 x 163 0.008074131415048313
63 y 99 0.00038746577933423954
63 z 75 0.03846255070251181
64 a 133 0.07059191333942272
64 b 48 0.0014248813286433792
64 c 67 0.039648614530774284
64 d 62 0.04999738131016618
64 e 154 0.19181486150247273
64 f 77 0.015504761698011404
64 g 21 0.036493173447824656
64 h 142 0.06293241634125701
64 k 162 0.016419336659077022
64 l 81 0.04403446711114267
64 m 117 0.028740171809598758
64 n 62 0.007859909053425929
64 p 101 0.0578090069890731
64 q 111 0.011848712702551167
64 r 60 0.000963633632770744
64 s 34 0.12131218252279519
64 t 10 0.004330425501937629
64 u 157 0.021169977347945013
64 v 124 0.0575541783489224
64 w 31 0.0588560288126746
64 x 23 0.04692568066064817
64 y 156 0.014266347860691364
64 z 151 0.020339145778832224
65 a 153 0.049446987381942975
65 b 123 0.0071258103941620465
65 c 27 0.05211399980312492
65 d 13 0.17375628928147646
65 e 139 0.021279805607663516
65 f 53 0.01555513463781788
65 g 29 0.008169643892674272
65 h 65 0.0017337035548086188
65 i 32 0.0068179147168759835
65 j 9 0.004519028093338151
65 k 52 0.043479159472468054
65 l 166 0.0024378482282484404
65 m 8 0.030744777596904083
65 n 5 0.08796386212468277
65 o 11 0.036968366638454264
65 q 26 0.06277135939706935
65 r 48 6.575276354836568e-05
65 s 126 0.008258407007090574
65 t 26 0.01455472603795327
65 u 153 0.00016016690010089984
65 v 39 0.104265500676479
65 w 17 0.01565437046765039
65 x 161 0.046257923210703766
65 y 66 0.002146744331861461
65 z 150 0.010230186375303152
66 a 51 0.003292342555919592
66 b 9 0.11376373946627971
66 c 118 0.0327183369964823
66 d 163 0.026674831615762895
66 e 76 0.043961309123151104
66 g 129 0.00695197661948499
66 h 41 0.029221831807174414
66 i 13 0.06821381922845071
66 j 120 0.08613413776145329
66 k 68 0.008968588363104102
66 l 75 0.02290124467233634
66 m 130 0.04061118566711974
66 n 153 0.02366048683577615
66 o 51 0.004614299812062628
66 p 158 0.05810125457485993
66 q 64 0.04349165832269697
66 r 115 0.10636487960638175
66 s 137 0.00896754179006709
66 t 54 0.1262462663433075
66 u 57 0.0009812919597265157
66 v 13 0.008677793642387521
66 w 116 0.038850602159075986
66 x 70 0.03575677169695102
66 y 53 0.02776956108454931
66 z 155 0.0062775096337132075
67 a 53 0.006685354201456439
67 c 81 0.0032411383868246046
67 d 25 0.013872136864345852
67 e 152 0.04563757044341987
67 f 78 0.06423823007838914
67 g 24 0.042902711203563704
67 h 141 0.041905195960692865
67 j 96 0.12986889512459998
67 k 40 0.06059067923713968
67 l 157 0.011357794136463206
67 m 160 0.004657731296612511
67 n 79 0.007339586291462807
67 o 71 0.03358950088427237
67 p 108 0.026806406881886957
67 q 136 0.10383831634337182
67 r 88 0.08204028837289212
67 s 122 0.12672993727395143
67 u 41 0.007621156927974049
67 v 45 0.08424104117460496
67 w 44 0.025294850192250418
67 x 153 0.004808909406172401
67 y 53 0.007385225742032042
67 z 68 0.04471584967390729
68 a 36 0.05902742117894666
68 b 92 0.02397666920297392
68 c 99 0.03813922403622272
68 d 41 0.0074874361625355546
68 e 18 0.001578281570996265
68 f 1 0.03247385210257803
68 g 38 0.01223988017870803
68 h 54 0.0007423550910190535
68 i 52 0.06238272933733868
68 j 84 0.02122660788711095
68 k 150 0.007146017408226846
68 l 61 0.002484054325748053
68 m 150 0.019381419641637754
68 n 67 0.05677552157811694
68 o 26 0.07196565184526882
68 p 87 0.05970691866506583
68 q 89 0.03576416564457141
68 r 56 0.05624735588680618
68 s 56 0.022035534097818665
68 t 155 0.06476388229982244
68 u 127 0.026402656447996442
68 v 127 0.0036148209614523807
68 w 86 0.09359935143733289
68 x 68 0.12239455635722596
68 y 83 0.02761248681854145
68 z 32 0.028815103254873242
69 a 43 0.0002539085422736953
69 c 68 0.0005716525363939073
69 d 62 0.019694315722173172
69 e 148 0.04440923977915778
69 f 76 0.10348186312578345
69 g 79 0.05836693087935285
69 h 35 0.05881539068579744
69 i 60 0.025831630470349864
69 j 60 0.12334930244706632
69 k 81 0.03515283951578707
69 l 95 0.06695972949750062
69 m 34 0.0007843583203678284
69 o 91 0.007814547875252043
69 p 94 0.014742223835298995
69 q 53 0.08438694696591875
69 r 103 0.1167595907051312
69 u 45 0.011462259176076905
69 w 134 0.11935091670566877
69 x 75 0.00328789628365167
69 z 26 0.06152809679375937
70 a 40 0.01421098229998019
70 b 3 0.003989411104975749
70 c 135 0.07361250633253402
70 d 85 0.03203588486893527
70 e 27 0.034954478906137565
70 f 127 0.01559501326922974
70 g 149 0.028576587678278864
70 h 129 0.10046243736758131
70 i 53 0.03561007159702034
70 j 30 0.10423125152542867
70 k 150 0.03224492552714586
70 l 151 0.04787623393527962
70 m 36 0.010669863961415338
70 n 33 0.005934118019296886
70 o 130 0.0284634463265927
70 p 146 0.02886035988677016
70 q 107 0.07480549173292339
70 r 76 0.08767164616288836
70 s 118 0.05427305841917418
70 t 53 0.0019169705136274917
70 u 85 0.006267440057325713
70 v 59 0.019999566891828913
70 w 76 0.03674574240110051
70 x 93 0.0052480712380276184
70 y 125 0.006859938626659012
70 z 121 0.012894432836003444
71 e 40 0.11513342376517965
71 j 6 0.10549968352966521
71 l 62 0.5594923987244087
71 u 61 0.1462512843304149
72 m 164 0.09064037855931406
72 r 9 0.14760664908425092
72 s 161 0.04075915240102779
72 t 80 0.09074896477235395
72 x 68 0.05301474486762392
73 d 80 0.22674314499123227
73 g 74 0.06708816519895822
73 k 76 0.06862756285224358
73 l 94 0.08074382051504536
73 m 119 0.3432910703758232
73 n 9 0.03942338817863278
73 t 36 0.030589747908086218
73 x 138 0.11653742010825496
74 a 163 0.06276361952603426
74 b 119 0.014023906567762201
74 c 42 0.008468174851514076
74 d 66 0.058057208226114265
74 g 31 0.025933205824314354
74 h 147 0.07997623399731746
74 j 63 0.05202215158713486
74 k 162 0.016294170542162756
74 m 87 0.028554461857326685
74 n 144 0.07018100361426449
74 o 10 0.005099877518177531
74 p 34 0.08630403330359915
74 q 68 0.023775840047083996
74 r 15 0.06427019398603129
74 s 50 0.014068950249013334
74 t 136 0.0039000075212846097
74 u 121 0.028557598650994942
74 w 46 0.11057630654137929
74 x 74 0.08374195831060871
74 y 133 0.07096562694518638
74 z 27 0.027884863537205318
75 a 109 0.09937578447553097
75 c 68 0.012093886765572104
75 d 111 0.05972531572302142
75 e 44 0.006780949869905517
75 f 140 0.2196432721116658
75 j 115 0.12135778231951844
75 n 81 0.0794531860750608
75 o 12 0.03036377079214292
75 q 111 0.09702601018037083
75 r 165 0.0001919306136026755
75 s 14 0.05120089119976967
75 w 160 0.04982272037283142
75 x 84 0.047884776132772755
75 z 151 0.09432077883385603
76 b 122 0.06240841030354771
76 c 48 0.007462246226638158
76 d 151 0.023994763566611454
76 e 45 0.02478801130708952
76 g 83 0.036825416715921544
76 h 36 0.16098145229730443
76 i 157 0.0004023429002546486
76 j 26 0.10526914297768508
76 k 53 0.11632403885638554
76 p 96 0.057350733542061993
76 q 80 0.028283928880268094
76 r 1 0.17452625102454222
76 s 115 0.06389322061562497
76 t 139 0.032625489424765064
76 v 122 0.03288281915978497
76 w 48 0.023385901552353983
76 x 37 0.015250950354584125
76 z 118 0.014517911368116754
77 b 35 0.026061111506164303
77 c 91 0.1594002475834705
77 d 91 0.13516789812607222
77 f 149 0.028780807169470957
77 g 158 0.021902751234425533
77 n 123 0.02872212818645492
77 o 37 0.046653527107266446
77 q 100 0.05039669920372036
77 t 73 0.0336681929786522
77 w 149 0.03989193576763195
77 x 161 0.09599367159395256
77 y 85 0.03330582798251991
77 z 75 0.011536614314976101
78 c 154 0.10649494079102584
78 d 98 0.06416157266746159
78 e 16 0.016199053779500816
78 f 21 0.042433062318427583
78 g 79 0.08873881825543672
78 h 49 0.011805910567219136
78 i 94 0.08541978699707953
78 j 41 0.14637194916508822
78 l 98 0.007546189042410001
78 m 73 0.006078492110849876
78 o 155 0.06526298616965975
78 q 28 0.05534793240269775
78 r 15 0.05100079456080653
78 t 84 0.025087374865608858
78 u 63 0.04350114684988471
78 v 41 0.05947460747817335
78 w 80 0.07684757790890018
78 x 67 0.04563626718212466
79 a 18 0.038326169224672024
79 b 100 0.004900668731782631
79 c 149 0.10082494091906213
79 d 140 0.10846388741351198
79 e 89 0.014128444915456173
79 f 132 0.015257863761561352
79 g 3 0.009682613592918665
79 i 94 0.11218213680249767
79 l 35 0.15640557718231307
79 n 44 0.04468978571836291
79 o 157 0.05327860310810062
79 p 6 0.0005106328938383475
79 q 108 0.013633852942161684
79 r 24 0.007668816294402969
79 s 135 0.00486386651699211
79 u 101 0.07835851662437876
79 v 22 0.027720903009241904
79 w 43 0.0580181390529253
79 x 66 0.00933978361040555
79 y 66 0.05012267596261766
79 z 145 0.04427857698563775
80 a 101 0.18048546436726098
80 b 86 0.12712310536083937
80 o 32 0.09093595865731852
80 p 116 0.013955514875548247
80 u 45 0.18018993149889428
80 w 36 0.0441694597512442
80 y 16 0.039529543827564906
81 c 86 0.026287634050341402
81 e 127 0.2491747010709623
81 f 99 0.10584851840420151
81 j 139 0.09622434823485426
81 m 35 0.06110414886484272
81 p 23 0.020387757137623197
81 q 121 0.26906710842800174
81 s 142 0.01583872332797176
81 w 126 0.06644978304022398
81 y 99 0.012228497570513586
82 b 161 0.1489657984363263
82 i 44 0.0032055195532444403
82 q 157 0.09378847260381817
82 u 41 0.003071611718383549
82 y 144 0.3693481607093184
82 z 147 0.11116628749023316
84 a 103 0.16533695064542908
84 c 154 0.019962262815742093
84 e 161 0.15299300335943133
84 h 128 0.03295542736890733
84 j 19 0.016328684872295218
84 k 155 0.21621625232465125
84 p 40 0.0729156136918293
84 q 93 0.2622435895077323
84 r 124 0.011860767708648856
86 b 18 0.12535448911114322
86 d 97 0.02752646856852181
86 f 139 0.1864800377132554
86 p 141 0.26030259975413006
86 q 36 0.046054377539926694
86 t 55 0.2011247559356374
86 w 96 0.10108553619397476
87 d 90 0.17643794224417686
87 e 51 0.08259277682464006
87 f 62 0.21716352388736027
87 l 160 0.0248030250895247
87 t 34 0.002745110310598653
88 a 19 0.03473648580773092
88 b 52 0.114282266716629
88 c 116 0.07635622464098324
88 d 103 0.06171662108645226
88 f 70 0.11547816299031488
88 g 71 0.011427010913673152
88 h 58 0.11541545733645486
88 m 159 0.011576907426289917
88 n 151 0.098593929443058
88 o 67 0.0002055999114772833
88 q 114 0.08194792091636272
88 r 106 0.01245208066209591
88 t 151 0.010285695529070438
88 v 134 0.01749987671617248
88 y 89 0.023618745489060955
88 z 95 0.1771516844756027
89 a 137 0.08490675726773556
89 b 123 0.029283095257825242
89 c 131 0.00828872109292289
89 d 44 0.0020360565121951835
89 e 155 0.057315758136968764
89 f 93 0.01324620119195119
89 g 53 0.020941171976764705
89 h 34 0.057679652989473196
89 i 54 0.036876343250033305
89 j 23 0.03429689339725739
89 k 138 0.06944249069328623
89 l 51 0.047607963853129265
89 m 77 0.009108907334771432
89 n 70 0.06259969851266667
89 p 100 0.0018097740338149926
89 q 30 0.05703728080945958
89 r 1 0.0008323499630580322
89 s 87 0.07688934276907644
89 t 120 0.025946099718780258
89 v 52 0.09472521490603047
89 w 25 0.015469684312973686
89 x 132 0.08089396236112678
89 y 96 0.08145473444785445
89 z 119 0.02268351101213284
90 g 106 0.01844632614151087
90 z 163 0.4151773220034273
91 b 86 0.016096112692534192
91 f 152 0.1320515591105429
91 i 112 0.014041613953344467
91 n 96 0.08967709739004981
91 o 83 0.044498513890319114
91 p 104 0.053146412865715864
91 q 5 0.0664529350119677
91 s 105 0.15979119173329703
91 v 129 0.043720110871219964
91 w 131 0.0196645840030526
91 x 72 0.15169316494521123
92 b 43 0.005080369510957361
92 e 83 0.24349028414326912
92 i 72 0.04115947245167517
92 r 0 0.1677025730041911
92 s 68 0.003356579145428973
92 t 126 0.013417183256371867
92 u 103 0.12077319883439463
92 x 14 0.1939372319990521
92 z 33 0.14934332032954623
93 a 32 0.09731651216698256
93 b 141 0.04537528700500193
93 c 18 0.08075257207945719
93 d 55 0.036353656338361406
93 e 71 0.01103577957167412
93 f 120 0.010821426279206237
93 h 10 0.006581331426989467
93 i 83 0.11444531276785097
93 l 120 0.010137967841208129
93 o 38 0.04888704777630237
93 p 30 0.04374638934506436
93 q 108 0.009187495598195983
93 t 123 0.3014683265653225
93 u 35 0.005374277141164785
93 v 166 0.1047261911613977
93 w 85 0.009377803680478358
93 x 103 0.014108330302943561
93 y 158 0.017102921039133245
93 z 55 0.009335472268680367
94 c 57 0.12954884996040616
95 a 92 0.1072651261262546
95 b 103 0.09674150250754177
95 d 156 0.01166145153740128
95 f 71 0.039949294730804885
95 g 145 0.02370997543522524
95 i 69 0.0015569510879752668
95 k 160 0.08929915141361788
95 o 66 0.09481019641009647
95 p 41 0.04232973637377735
95 r 56 0.019436256428905452
95 v 12 0.24194876475380478
95 x 135 0.018457349866046635
95 y 125 0.13733591133176282
95 z 166 0.016287327598609957
96 a 78 0.015912337481664318
96 b 120 0.07258357575586771
96 c 9 0.017688570189418718
96 d 125 0.039867698192530554
96 e 76 0.11325497713244348
96 f 98 0.07353913790791156
96 g 118 0.010724314846315197
96 i 70 0.06383573585783553
96 j 0 0.009611175145187612
96 l 152 0.084707748617049
96 m 1 0.042496430702814836
96 n 115 0.09278431502689288
96 o 96 0.07133296678758061
96 p 98 0.03562577676591394
96 q 148 0.04701350995949849
96 r 100 0.007200085243391219
96 s 83 0.015607751498662004
96 u 69 0.030972988024964065
96 v 14 0.004392019515730317
96 w 41 0.02435878127962532
96 y 150 0.0436360040776268
96 z 109 0.02632694289370563
97 a 83 0.2017171623495173
97 b 99 0.22382457108791132
97 k 123 0.14099405188822478
97 o 92 0.06908603668261082
97 r 119 0.047835643706185316
97 v 62 0.16166266667446805
98 a 122 0.05533989383694715
98 c 156 0.18398372168940413
98 d 104 0.013498670413213065
98 f 12 0.018683538974046843
98 g 60 0.07292880259396461
98 j 93 0.00480030294270084
98 k 10 0.08701366617622608
98 l 72 0.04927918149728816
98 n 126 0.03282269106878222
98 o 37 0.15594010938916614
98 p 165 0.06494432748417756
98 r 146 0.018235044865402172
98 s 80 0.06193004856249007
98 t 144 0.008789367813294424
98 u 59 0.00903786686451269
98 v 84 0.025095614455495907
98 w 71 0.04857866928901389
98 x 15 0.017861944378358974
98 y 31 0.015690368566443902
98 z 53 0.044246387151721356
99 c 81 0.3176288731174808
99 p 78 0.45458876556493644
100 a 128 0.0222562057869109
100 b 42 0.0464380268882425
100 e 4 0.030337959437619855
100 i 25 0.22975997259986303
100 j 72 0.038462258886793776
100 l 18 0.07356526998892943
100 o 148 0.022702337875619927
100 p 132 0.35956189545351347
100 z 65 0.03430029675436985
101 a 63 0.12357757050918317
101 c 155 0.020010021954951163
101 d 123 0.008695700163225406
101 e 71 0.06589817112065133
101 f 117 0.009884348908013818
101 g 19 0.0301258372053842
101 h 152 0.06711596567236933
101 i 98 0.0250350149163866
101 j 149 0.06796681346065225
101 k 135 0.00456758714991734
101 l 107 0.029496065709041952
101 m 159 0.22758918772228032
101 n 28 0.01977770638766929
101 o 123 0.021079086592354135
101 p 10 0.04379449224821996
101 q 83 0.019148518927630476
101 r 33 0.009884893822561192
101 t 36 0.03308358746322315
101 u 48 0.024375912322541438
101 v 87 0.05945277544939376
101 w 10 0.013693345915382293
101 y 29 0.008614168666866595
101 z 156 0.016657047876301845
102 a 73 0.625467343071252
102 f 126 0.10187133698727746
102 g 107 0.10773600338958866
102 h 82 0.027644812581675726
102 j 148 0.009093842981316436
102 p 49 0.100824678369282
102 t 7 0.011669521941849337
102 v 37 0.010118214951900018
103 a 42 0.05483676484061839
103 b 73 0.07435467752292901
103 d 99 0.03299755420205197
103 e 112 0.004882584765907305
103 f 15 0.014822700800050992
103 g 71 0.10666329049795986
103 h 92 0.04677549538186632
103 i 148 0.0405833535480149
103 j 58 0.07169825512456562
103 k 88 0.014245249867780307
103 n 91 0.010526700168309588
103 o 120 0.02012029212950972
103 p 65 0.0312344164885473
103 q 48 0.0005892666004256863
103 r 155 0.006495128310071707
103 s 79 0.004369374258267333
103 t 29 0.04484850860517842
103 v 76 0.0074930810867420705
103 w 165 0.018732320680065917
103 y 48 0.008767924701943763
103 z 70 0.3479464446246828
104 a 125 0.025498383213747866
104 b 90 0.005380486550931707
104 c 88 0.3720249656939998
104 d 134 0.1255580949369881
104 e 40 0.18017085994516158
104 i 0 0.007010757175258231
104 j 131 0.023990703904349764
104 m 74 0.10175135557441206
104 t 82 0.020576209797119827
104 u 5 0.011423009335314704
104 v 4 0.012887618717599136
104 y 8 0.035435142139901954
104 z 79 0.06200895838552145
105 a 111 0.016105737120068686
105 c 54 0.05493382287361959
105 e 61 0.018182738391551823
105 f 7 0.06308202212446845
105 g 48 0.041157635955545
105 h 54 0.07349827146577859
105 i 49 0.03381508285241053
105 k 43 0.03545089207830854
105 l 151 0.016861436365367743
105 m 54 0.018151753676539317
105 o 116 0.00568477064131101
105 p 34 0.03727961169637739
105 q 45 0.11500480559127879
105 r 36 0.03913674935246503
105 s 166 0.09224536901874247
105 t 28 0.10510215154649094
105 u 17 0.00020927996380759595
105 v 65 0.04266379642476159
105 w 50 0.06922266634039442
105 y 0 0.0197303917309688
105 z 41 0.07435183161193937
106 b 110 0.014611314734774283
106 c 20 0.06281034788854678
106 f 40 0.007966511650933983
106 g 163 0.04231684080125464
106 h 121 0.15017049071370459
106 i 0 0.09142439723054119
106 j 72 0.12858804801697898
106 k 80 0.04976741492494874
106 l 79 0.06211538714808151
106 m 43 0.035089394996748347
106 n 121 0.01066600873288559
106 o 85 0.07049608602988633
106 r 46 0.009584219807167615
106 s 46 0.06809508641003836
106 u 49 0.0180145686093085
106 x 119 0.03396459887819436
106 y 1 0.03029887999752723
107 a 61 0.07221487126517057
107 b 78 0.005255491173617566
107 c 80 0.058474714997662214
107 f 32 0.03074502722221606
107 g 79 0.013507089112649973
107 h 10 0.01897629001551626
107 i 41 0.03601360335664905
107 j 35 0.013493153399087632
107 l 148 0.02153451811856033
107 m 85 0.02496174127228412
107 n 1 0.006587227253954109
107 o 144 0.1652841246652651
107 p 8 0.0014561622360036441
107 q 69 0.010811274790058167
107 r 160 0.10271177428156131
107 s 136 0.11400290974633975
107 t 124 0.15978440681551287
107 v 117 0.08098085088301321
107 y 109 0.006127359819042
108 a 138 0.007291079074946416
108 c 20 0.000524591292237031
108 d 18 0.07770330796538061
108 e 88 0.04154415866372918
108 f 109 0.007346197792251541
108 g 5 0.005002539014234864
108 j 92 0.058500585442295194
108 k 155 0.10194486112325385
108 l 34 0.08867500640018466
108 n 88 0.1627864879488511
108 o 56 0.0004095675337011384
108 q 153 0.02781990908504839
108 t 99 0.022564263642145366
108 u 123 0.14906632781390639
108 v 116 0.03690697476771465
108 w 107 0.0546735216045261
108 x 110 0.07416891605762455
108 z 103 0.01847759046639008
109 a 15 0.09641834500640645
109 b 7 0.09247569590167903
109 c 144 0.008258550899923778
109 d 87 0.015789985416382435
109 e 115 0.054284007658600975
109 f 25 0.05358114275715231
109 h 152 0.02384920194543627
109 i 140 0.020245889888654278
109 j 19 0.01306933623985751
109 k 112 0.009249545887695998
109 m 25 0.049730105619659404
109 n 151 0.04094244113538237
109 o 35 0.01910704045941114
109 p 17 0.004984084888042251
109 q 41 0.0092980336395464
109 r 104 0.02300935092058165
109 s 77 0.025180008913363583
109 t 113 0.1004220753294327
109 u 4 0.0018362109688530026
109 v 111 0.03354878931022287
109 w 142 0.07751284186631735
109 x 78 0.011575774252979842
109 y 109 0.08589661495319567
109 z 104 0.11478290603539587
110 c 51 0.057844780458389145
110 d 0 0.0842043832231043
110 f 146 0.17001269675641018
110 g 164 0.060115045200681116
110 h 29 0.07123922985098297
110 i 60 0.07788199052426603
110 j 43 0.0022571230357811833
110 k 23 0.009652732132233721
110 l 27 0.015233877524232886
110 m 73 0.08039260367071654
110 o 153 0.1397439461933183
110 p 78 0.07464205620056785
110 s 151 0.02168611428412004
110 u 123 0.01765060557933895
110 v 75 0.018663862497166783
110 w 83 0.020933301249384972
110 y 115 0.02110331190700221
110 z 124 0.00324763954871643
111 b 55 0.06802198078943533
111 d 77 0.010437646196265637
111 e 3 0.016491037363568162
111 g 82 0.03457294865037763
111 j 88 0.00867059941090631
111 k 90 0.036721584510565286
111 l 67 0.26399027114179485
111 m 90 0.15070258070487885
111 o 138 0.0898702032013523
111 p 128 0.06652226745101808
111 q 17 0.021369950251928893
111 r 80 0.054352703752482245
111 v 55 0.10057206376427308
111 w 143 0.049788568801064303
111 y 32 0.0041851649255628676
111 z 52 0.01910245376969455
112 a 75 0.02464366409359231
112 b 129 0.009932435274197071
112 c 65 0.08239407998424975
112 d 74 0.08134433506451433
112 e 58 0.005429130978878871
112 f 66 0.016475608673774067
112 g 157 0.06815643984004482
112 h 16 0.018188724608810047
112 i 27 0.004666108703958005
112 j 68 0.06509437192640533
112 l 12 0.07840752395448158
112 m 117 0.04703730957124941
112 n 109 0.03363208906988735
112 p 121 0.006209384618300118
112 q 71 0.009732512787178904
112 r 101 0.009905927365251976
112 s 104 0.09265484337090746
112 t 42 0.23831560215784653
112 u 113 0.036250929502305795
112 w 114 0.017687950965644683
112 y 63 0.028374478182758178
113 i 105 0.5974943201142541
113 k 146 0.23979928869887124
114 a 126 0.21022481888744537
114 c 113 0.1977677064450093
114 i 55 0.05844376119607897
114 j 61 0.07014445175504735
114 k 70 0.0746687904993184
114 l 50 0.022273598134544992
114 n 44 0.0962190323684422
114 q 46 0.17114465006260715
114 s 145 0.03738410811336923
114 u 4 0.009248982797062433
115 a 120 0.01572526517422934
115 f 160 0.07716408707794908
115 n 51 0.30513554347891303
115 o 58 0.12250067375273854
115 s 11 0.2074283634836207
115 z 157 0.1560130264355558
116 a 107 0.11596586534523712
116 b 153 0.05021577608126382
116 e 82 0.001693102189969431
116 f 103 0.11382499950085789
116 j 125 0.15988494736933745
116 l 70 0.054120628692320705
116 m 58 0.2159121857856644
116 p 64 0.009824502789568923
116 q 36 0.025484529815237078
116 u 60 0.20215310889243054
116 x 84 0.004126885461056551
116 y 66 0.004445475225339224
117 a 52 0.08377638288561062
117 b 5 0.016941763346095318
117 c 16 0.008792373889554006
117 d 49 0.000246980150173548
117 e 93 0.07733890533072929
117 f 11 0.002879916561084328
117 g 137 0.025189614161724938
117 h 119 0.03356287161222926
117 i 87 0.006976187773465203
117 j 84 0.009510893320695657
117 k 92 0.11327500254567069
117 l 111 0.005356992712343911
117 m 165 0.04665924682267797
117 o 96 0.06560551844560825
117 q 80 0.040539620261886955
117 s 165 0.05327091439658049
117 t 53 0.13056838783103453
117 v 112 0.060508472082533626
117 w 120 0.03969519579996872
117 x 28 0.032937664841045544
117 y 85 0.0795889336640978
117 z 137 0.06392247894318381
118 r 44 0.2579222988798493
118 t 94 0.28928193216992215
118 y 100 0.09743505720643408
119 a 13 0.0326248844368926
119 b 129 0.068074040568324
119 c 131 0.06966758392883621
119 d 149 0.030178373769007893
119 e 56 0.06994354852198348
119 f 76 0.007463803629604859
119 g 43 0.023069302094195887
119 h 58 0.12582380125089931
119 i 36 0.03647956406623043
119 j 57 0.0033152446655668744
119 k 151 0.0049014468426332725
119 l 38 0.034523098380368156
119 n 130 0.05099961552518806
119 o 66 0.01835301441387549
119 p 121 0.017525751450992777
119 q 18 0.009070564295139638
119 r 67 0.12524469569126095
119 s 23 0.04919527254571521
119 t 162 0.01137682704055476
119 u 72 0.05337097010940972
119 v 50 0.04562728980747055
119 w 148 0.07015939488722367
119 x 58 0.0007136365307718329
119 y 93 0.011587815969067439
119 z 13 0.025918692400407894
120 a 48 0.1173979903627097
120 d 11 0.03022911253826943
120 e 2 0.02085141705679039
120 f 134 0.008357207396565758
120 g 69 0.006527294871792155
120 h 51 0.034257361667095476
120 i 11 0.0005804985800244022
120 j 36 0.053048507853278415
120 k 117 0.014785803877807702
120 l 57 0.006471529983210211
120 m 155 0.014063439237627984
120 o 96 0.06109598262250082
120 p 40 0.08212351503222892
120 q 38 0.011569875687392317
120 r 95 0.07525141821516601
120 t 106 0.0947287892108779
120 u 161 0.0753653943671233
120 v 48 0.07316999822113335
120 x 67 0.008519781975363738
120 y 132 0.16012263044248765
120 z 165 0.03744173695531816
121 b 150 0.08761755579064623
121 c 118 0.14435077316526523
121 d 9 0.0007530742802862589
121 g 88 0.039752121241321436
121 h 119 0.17525956360727013
121 i 126 0.06055203692090416
121 l 116 0.0406670374908733
121 m 73 0.36465135088168377
121 r 0 0.03297846757279599
122 a 27 0.008404766101607453
122 b 132 0.009216994068887319
122 c 79 0.0010349980168087303
122 d 130 0.023837065246852362
122 e 102 0.012702570894631449
122 f 20 0.029378794022901444
122 g 79 0.002610808228540984
122 h 77 0.007532970752294421
122 i 103 0.014177340761094115
122 j 41 0.07930339110549911
122 k 129 0.006900833499718484
122 l 162 0.28578154736380545
122 m 124 0.007914117760202122
122 n 96 0.08057119746351515
122 o 44 0.005262058669653014
122 r 101 0.0021457934888088337
122 t 54 0.028232955494580714
122 u 112 0.1063176034168486
122 v 23 0.048925902324181814
122 w 80 0.03050032476998521
122 x 98 0.024123032580174786
122 y 132 0.019579611614785164
122 z 96 0.13344583973489477
123 a 55 0.08064845513452323
123 b 46 0.018481590310219786
123 d 29 0.053255183599215994
123 e 90 0.19723283814108228
123 f 5 0.0079664585120095
123 g 67 0.015272590988684387
123 h 45 0.06009607136428008
123 i 107 0.010051541282571907
123 j 123 0.04816983907209982
123 k 64 0.015410657157184926
123 l 29 0.00901828080246092
123 m 76 0.023272100119101302
123 n 69 0.010906388820088986
123 o 32 0.02385824576775053
123 q 52 0.0057784946423358186
123 r 137 0.016995423590264402
123 t 56 0.018029381974665415
123 w 46 0.028078869810318707
123 x 51 0.07642992480196653
123 y 6 0.05375878526669864
123 z 10 0.024335481981849316
124 c 109 0.06811545474005609
124 d 44 0.08224022226428462
124 i 115 0.020742919163259987
124 j 32 0.12440936923090351
124 k 70 0.0213295565523538
124 l 61 0.0006686128032826755
124 p 146 0.08237876237932029
124 s 92 0.2055489580346752
124 t 99 0.004330495767118303
124 w 1 0.036640396252050844
124 x 6 0.06561178507269272
124 y 66 0.01967308943581514
124 z 47 0.1284642650921779
125 a 4 0.1228290634792426
125 b 47 0.006438310500095912
125 d 3 0.04015900115391857
125 e 82 0.0052949235651647
125 i 135 0.0787259498860774
125 j 23 0.005251026988853491
125 k 43 0.04737731258538924
125 m 112 0.04213118870046961
125 n 76 0.0031128598432453858
125 p 57 0.004741355485346266
125 q 86 0.15940800244363684
125 r 16 0.028364137229749842
125 u 102 0.05436961145918717
125 v 91 0.12032696105180252
125 x 29 0.004825086235934362
125 y 37 0.0213015781402649
125 z 79 0.1900829476296263
126 a 7 0.08260497785611265
126 g 17 0.03116074026570237
126 k 17 0.007855946123005775
126 p 19 0.08737297391560483
126 v 136 0.498458811775506
126 w 145 0.004206920780546186
126 y 126 0.11280864211735508
127 a 152 0.10176203025435104
127 c 4 0.1613655418520329
127 d 58 0.11451947479805602
127 f 128 0.07932411761296931
127 n 62 0.011727002923732854
128 a 11 0.11955650488720826
128 b 40 0.017727359288225997
128 c 94 0.00630444952127629
128 d 123 0.05576099642123833
128 e 16 0.0233250185531666
128 f 72 0.027622322590395543
128 g 166 0.04836843347200537
128 h 67 0.04053511148125355
128 i 46 0.045149657477631666
128 j 64 0.011035098534588172
128 k 116 0.004007625115027058
128 l 122 0.05261821080368767
128 m 136 0.005884935883357811
128 n 34 0.003974714558984793
128 o 32 0.06539725178137379
128 p 44 0.15174205697424126
128 q 5 0.01753164243885008
128 r 9 0.015184165117785753
128 s 9 0.007290057607998945
128 t 44 0.027698685261946965
128 u 63 0.03502496337801153
128 v 162 0.026004146937004813
128 w 151 0.10239207409463691
128 x 17 0.006937421973961522
128 y 127 0.01695047036867592
128 z 72 0.019321682193328082
129 b 123 0.12677685039761477
129 c 55 0.17902931055616111
129 f 153 0.042826221288546296
129 o 40 0.22410046533309225
129 q 97 0.06479941046967252
129 r 158 0.06186970283443338
129 t 18 0.02607796371383142
129 w 69 0.011002995295359974
129 z 133 0.07139430485335951
130 a 82 0.02189125653025814
130 b 9 0.011585349866431227
130 c 40 0.005814264235997957
130 d 163 0.0775696818818753
130 e 9 0.05358387503434314
130 f 94 0.015847506392343114
130 g 157 0.11111974677773073
130 h 112 0.05672159343610084
130 i 90 0.005155741453155227
130 j 73 0.22203326202753426
130 k 80 0.017666976597591977
130 l 107 0.03563604781411367
130 m 56 0.010095744054210987
130 n 95 0.0007938355554214516
130 o 126 0.016111912499634062
130 p 79 0.02103413796249065
130 q 119 0.025158289218546348
130 r 144 0.006245316189400607
130 s 42 0.024406505943560197
130 t 101 0.09912843953414574
130 u 71 0.00206634006529427
130 v 64 0.006529381581496185
130 w 31 0.022678156762200752
130 x 51 0.013087747150851592
130 y 110 0.03950552985356004
130 z 56 0.057643676329270366
131 b 50 0.129464631232581
131 c 132 0.15848785004215138
131 d 41 0.007653516336979971
131 h 27 0.030527026483319508
131 i 132 0.006070329075278047
131 j 45 0.18706940428047847
131 k 100 0.01836047752238179
131 l 155 0.09804058631003587
131 m 126 0.0188541925025717
131 o 9 0.06490799228383437
131 p 113 0.08441065125707659
131 s 11 0.030660253777421542
131 u 76 0.004140924221571196
131 v 74 0.0857618426816269
131 w 45 0.046085867722434726
131 x 157 0.007137580802464405
132 a 119 0.010774152880519083
132 c 80 0.06942505857503678
132 d 113 0.002752871226599618
132 e 25 0.11413692054691715
132 f 18 0.0700793137157858
132 g 2 0.027684453321963898
132 h 18 0.15679868399737484
132 m 18 0.03306263740423787
132 o 41 0.08027278777908886
132 q 28 0.013146498823009556
132 t 87 0.018989112710715572
132 x 66 0.10311803885788173
132 y 127 0.036377742738367025
132 z 25 0.23763691207148196
133 a 69 0.08966927720482565
133 d 164 0.22200324549663264
133 e 84 0.007509109819124227
133 f 74 0.06536587505947544
133 g 27 0.16407826144644144
133 h 22 0.03334109633492943
133 j 4 0.002943198675039782
133 n 30 0.01940229558103812
133 p 40 0.0015897333052830032
133 q 141 0.06240620490665749
133 v 16 0.0887013054207001
133 x 72 0.17049136110833063
133 z 146 0.01925020728743354
134 a 119 0.017662038962326876
134 c 99 0.0056713407788414605
134 g 81 0.03785361736251702
134 k 30 0.12634044433425062
134 l 149 0.0027293405315189645
134 n 146 0.05436553908620756
134 o 122 0.06817748056534567
134 p 95 0.12055639247160443
134 q 140 0.05750125301399078
134 r 4 0.08256533068033578
134 s 68 0.028759149658369232
134 t 116 0.13355567972971116
134 u 109 0.032194067172085394
134 v 72 0.02918762986123291
134 w 111 0.11403167417255866
134 x 44 0.013845781968638171
134 y 136 0.02851279699389664
135 d 24 0.07919449724062855
135 e 111 0.06730859868833305
135 f 61 0.06847833404698511
135 g 114 0.03718807856630135
135 h 68 0.014441675283385913
135 i 17 0.0617705053553419
135 j 151 0.020561115068060243
135 n 48 0.013639537075536112
135 q 118 0.008555871903856538
135 r 127 0.1300112633908368
135 s 112 0.026974307221505955
135 t 54 0.05157626276356331
135 u 109 0.09322146918812912
135 v 48 0.042232250125563975
135 x 105 0.11013180671880873
135 y 51 0.12000997008526804
136 a 158 0.3229690536204576
136 b 164 0.14062570406449426
136 c 26 0.06186194069743678
136 e 125 0.1593258489405569
136 o 100 0.006355411297801261
136 p 5 0.051632436274364424
136 r 90 0.0020403915721982635
136 v 84 0.006947269317329141
136 z 149 0.18474839250564656
137 e 118 0.006111904428404924
137 i 156 0.0473699757452547
137 j 158 0.10752337072582896
137 n 141 0.19677662120830863
137 t 107 0.4646122702194019
137 v 87 0.07649161999983611
137 y 99 0.0381556131052565
138 b 111 0.04166482243452663
138 c 66 0.117430042172326
138 d 31 0.010575648509186353
138 e 110 0.055074165988946766
138 f 131 0.05339603986239638
138 h 12 0.05520287455277617
138 i 65 0.012934069394393344
138 j 57 0.02696197169582848
138 k 65 0.07212865373769584
138 l 149 0.1301845824180835
138 m 157 0.04477273989207298
138 n 27 0.006434684207677899
138 o 105 0.0006655943998449265
138 p 29 0.012128736638705173
138 q 6 0.058225787637192106
138 r 124 0.018327976946153846
138 s 162 0.0233600667699444
138 t 60 0.016843468493972336
138 u 111 0.09568429473764128
138 v 1 0.023012126240334108
138 w 145 0.002901780438354651
138 x 129 0.011521038410625795
138 y 22 0.045941144350506
138 z 54 0.06053012807122693
139 a 143 0.008744105724832196
139 b 128 0.06452151402591533
139 c 156 0.09169831184538546
139 g 126 0.0012439512058821656
139 h 117 0.10634798045654525
139 i 14 0.05270805398280054
139 k 132 0.004036622073806173
139 l 115 0.058294282963515465
139 m 166 0.08675901231715799
139 n 23 0.014863972794938896
139 p 135 0.05684225460948156
139 r 30 0.07804993025915807
139 s 122 0.00802915370282642
139 t 27 0.02211162554343915
139 u 142 0.026020440077973994
139 v 108 0.1080914543330983
139 w 164 0.013690106898817112
139 y 164 0.12708372230616205
139 z 10 0.04631604437533676
140 b 112 0.06111510962458133
140 c 71 0.022788913442395642
140 e 112 0.07017490777091062
140 f 26 0.09400649858536081
140 g 92 0.008453060986286953
140 j 84 0.003584326941148186
140 k 54 0.0670485962620776
140 m 134 0.030177935034901293
140 n 10 0.02487738393742256
140 o 166 0.1106767082744432
140 r 78 0.08548800131217138
140 u 69 0.012749648405095959
140 v 95 0.019276190261114268
140 y 20 0.14805689617382134
140 z 6 0.009455548985573436
141 b 149 0.13299285999828336
141 d 44 0.033428548638525846
141 e 48 0.050445132915254653
141 f 77 0.2037354623175891
141 g 43 0.12007752771660818
141 i 53 0.05582571312028195
141 j 113 0.04912862985662547
141 p 116 0.16632307801198631
141 q 105 0.04311643598799053
141 u 142 0.01649739542886608
141 w 20 0.04350080401899703
141 y 59 0.010739689045056955
142 c 158 0.020671720739621646
142 e 72 0.16566216017048307
142 j 19 0.3638939522822413
142 k 19 0.04076627986478465
142 r 146 0.07489986556553907
142 v 129 0.08767797621541307
142 x 63 0.05042133287468664
142 z 159 0.14214168046086884
143 a 64 0.0319891718018136
143 b 136 0.03958866108652159
143 c 139 0.067478020413413
143 e 160 0.032400164335234516
143 f 73 0.03719726378430421
143 g 122 0.049933562961644085
143 h 134 0.008369719421667976
143 i 84 0.04121017658617032
143 j 155 0.028732649316983383
143 k 57 0.030160330369684463
143 l 156 0.08013108000056168
143 m 69 0.001490467427187614
143 n 58 0.08542441233869136
143 o 41 0.01088488890623851
143 p 24 0.045073161182905275
143 q 123 0.0345153045878861
143 r 21 0.01636187020676616
143 s 29 0.050676985877131986
143 t 58 0.006066658265270086
143 u 31 0.05042492936506093
143 v 100 0.01692258600148777
143 w 125 0.0038437781078507482
143 x 37 0.05981067536465445
143 y 166 0.0218321271417663
143 z 146 0.11182545325992499
144 a 113 0.0027492471476143754
144 b 119 0.03643216875821287
144 c 166 0.005400392156854061
144 d 29 0.00796317902707755
144 e 76 0.08260169418063068
144 h 157 0.010144080895630125
144 i 14 0.12295398668316826
144 j 12 0.11567180572872005
144 k 148 0.010615667785778493
144 l 83 0.016210990816842408
144 n 103 0.03866543464744665
144 o 153 0.05359343202881128
144 p 13 0.1094178559336545
144 s 149 0.15835227433005394
144 u 93 0.009583561489174164
144 v 111 0.06393740016703398
144 w 118 0.028215938178556055
144 x 69 0.020243774235482848
144 y 43 0.014351148711845063
144 z 117 0.023705316790679998
145 a 33 0.029716005051083183
145 c 63 0.0782186149750067
145 d 147 0.04732993157978005
145 e 52 0.005588800957483708
145 f 156 0.04518674100921172
145 g 40 0.01706358718178591
145 i 15 0.0037320400156851674
145 k 48 0.03692285961878894
145 l 110 0.07859068331416585
145 m 12 0.0017353225602930733
145 n 108 0.009433626317091215
145 o 10 0.03653349164705144
145 q 42 0.004819494558897186
145 r 10 0.0018665871306261517
145 s 147 0.22316519638393328
145 t 143 0.1796400167299168
145 v 87 0.04553594495810087
145 w 109 0.03351866074308529
145 y 27 0.02214764414154513
145 z 82 0.005649768289300305
146 b 71 0.040099646084490126
146 c 6 0.02591209008750195
146 d 6 0.03234903910505138
146 e 66 0.09733844112016321
146 f 66 0.01776186639828936
146 g 95 0.008890716925548436
146 i 63 0.010528361220215166
146 j 11 0.07224117628050897
146 k 24 0.054066332840418396
146 l 29 0.007705407274938181
146 m 131 0.041750040615033734
146 n 82 0.06326461165643327
146 o 129 0.046124057484353886
146 p 165 0.004116754003265388
146 q 0 0.09106194613355256
146 s 14 0.02457533508494436
146 t 103 0.10090979385506538
146 u 139 0.03890015245607281
146 w 92 0.018338399044419584
146 x 119 0.06350238537513786
146 y 95 0.10332802696635757
146 z 64 0.01836935249396654
147 b 111 0.003908863953833164
147 c 155 0.1539964543966581
147 d 142 0.09741481327715928
147 g 66 0.06419531492826336
147 i 40 0.0023244299337900065
147 k 2 0.02881959698747627
147 m 0 0.23180745325201868
147 p 35 0.007926330911255941
147 r 154 0.08238242530188633
147 s 155 0.05361196576688687
147 w 91 0.1972822145137083
147 x 17 0.034747186305915334
147 y 5 0.02985735565837977
148 a 115 0.02283849918264269
148 c 26 0.06988238484188503
148 d 91 0.011767537042362997
148 f 73 0.0019118582368217174
148 g 135 0.10475551526636095
148 j 103 0.03488582820759234
148 l 114 0.0687102813132422
148 n 2 0.1920584687988116
148 p 11 0.05754409148871864
148 q 115 0.08367053601462493
148 t 134 0.06692941078304249
148 u 88 0.11060559183102447
148 v 59 0.009221204073489475
148 w 83 0.10252281603192026
148 x 93 0.0256570167020419
149 c 128 0.013893893696534154
149 e 31 0.13728705889062753
149 f 32 0.019407524304447588
149 l 142 0.029879365886817277
149 m 140 0.0808003538959895
149 n 126 0.029245928803168342
149 o 158 0.005340601819072255
149 p 119 0.01710405650775426
149 q 19 0.014140655190020501
149 r 85 0.1270486195729763
149 s 55 0.06880686203349917
149 t 29 0.011695543890455573
149 u 10 0.024053134656378816
149 w 19 0.029108917761232145
149 y 132 0.12768000529031875
149 z 90 0.029411532928045103
151 a 98 0.0033130967337190453
151 c 12 0.08456499874473089
151 d 80 0.01729510685717872
151 e 7 0.06955615880071975
151 f 106 0.01645118580803251
151 g 157 0.002813147103619129
151 h 31 0.0001917530168091819
151 j 85 0.0685043567831054
151 k 77 0.030980774180418225
151 l 100 0.025946057041443593
151 n 44 0.026948067906478634
151 o 137 0.12485501087630857
151 q 157 0.04579138005606609
151 r 5 0.013771770309293663
151 s 140 0.008689886604802743
151 t 151 0.017005065717269674
151 u 35 0.3402018123691889
151 v 106 0.05288596016101432
152 a 125 0.12112711852810154
152 b 122 0.0860287061963072
152 e 133 0.008349933528268183
152 g 46 0.16961107434642986
152 h 49 0.2659893778509379
152 j 58 0.08451322308142983
152 l 48 0.09180200141310513
152 o 11 0.01832898916768766
152 t 20 0.05857451295506855
152 v 141 0.018890798348396243
152 w 154 0.04188910710870519
152 y 19 0.010578914228528191
153 a 72 0.03001929945760251
153 b 64 0.039705527072049884
153 d 165 0.030898090356978325
153 e 23 0.009164243691198282
153 f 3 0.014901996966443454
153 g 146 0.028951746876691664
153 h 47 0.013360383158955158
153 i 63 0.14104921405936588
153 j 34 0.00697650136858885
153 k 138 0.03856865145698751
153 l 75 0.0009016058816371242
153 m 160 0.06432554303491966
153 n 26 0.027876609862713675
153 o 39 0.03656490922942046
153 p 48 0.006944726708769
153 q 126 0.02971867782871429
153 r 77 0.024098630251664588
153 s 26 0.0896490659822945
153 t 4 0.00794892628618138
153 u 144 0.026940298639305915
153 w 37 0.05855173628794996
153 x 97 0.13311173432227996
153 y 85 0.005161207470847251
153 z 113 0.10018297248902464
154 b 149 0.1521993984153469
154 c 16 0.007803432322949777
154 d 81 0.083812967674874
154 e 115 0.026832926359478093
154 f 30 0.03950944261972544
154 g 93 0.00159031370399354
154 h 9 0.006753948671520682
154 j 54 0.005126377293874662
154 k 165 0.06111182066159071
154 l 78 0.08461908874290147
154 o 74 0.05127037153974423
154 p 67 0.0709084007899985
154 r 122 0.05412837809777815
154 s 35 0.04596618803079289
154 t 99 0.035717159620237804
154 u 8 0.013345921715865572
154 v 153 0.04060516259501745
154 w 106 0.06471499858237129
154 x 31 0.005417570612743283
154 y 157 0.1206271381740951
154 z 21 0.010085636602266912
155 c 146 0.05362393145469346
155 d 5 0.03703941179240777
155 e 82 0.1610312334826971
155 f 121 0.04572898519274715
155 h 49 0.03913796828701088
155 i 34 0.13101077398336025
155 o 16 0.13922075211940177
155 t 124 0.35987057226728214
155 v 34 0.009608423585828807
156 a 12 0.06855594836455614
156 b 24 0.0016108375134346042
156 c 153 0.03564255346172085
156 d 69 0.056224568856916846
156 e 1 0.0033964366734650087
156 f 107 0.01644047827456907
156 g 2 0.05266824119289504
156 h 132 0.04090805655022223
156 i 111 0.006658459037936604
156 j 83 0.01790474904046413
156 k 111 0.05674415030749991
156 l 72 0.013834798695993245
156 m 157 0.01921003152713119
156 n 21 0.0005276961765930954
156 o 2 0.0005401208802983115
156 p 43 0.0659607519651021
156 q 131 0.10956081723204225
156 r 162 0.014206094281802195
156 s 23 0.012701424891925717
156 t 0 0.027398377112171413
156 u 8 0.04276840046812269
156 v 53 0.019504190364003193
156 w 41 0.03060434507395804
156 x 8 0.07775193982710549
156 y 77 0.0931650629815719
156 z 141 0.01376003597369757
157 b 139 0.0008012142317012083
157 f 82 0.030099569106355584
157 g 142 0.014624283209830002
157 h 24 0.04660159257177876
157 j 162 0.012347987544035988
157 k 64 0.048235241823661235
157 m 104 0.10898177497268902
157 n 104 0.07304665833924118
157 o 62 0.0941615147424838
157 p 120 0.024256004591005187
157 q 73 0.05929023412552792
157 r 26 0.052661488700280645
157 s 11 0.12542171836019167
157 t 47 0.1299739485242578
157 u 139 0.0006651858477846329
157 w 34 0.026823901268637207
157 y 98 0.0778045151878346
157 z 136 0.04661595670245955
158 b 117 0.02288109268886207
158 e 109 0.047648776818867256
158 g 73 0.11210683533779209
158 i 93 0.031666149281370015
158 j 101 5.9811952805133295e-05
158 k 43 0.0238188469866506
158 m 150 0.022108516687976865
158 n 44 0.024981171510797817
158 o 50 0.06839708358478513
158 p 19 0.2193124331001175
158 q 118 0.003363968250642224
158 s 133 0.00647194672228546
158 t 10 0.16060368602290853
158 w 122 0.010616918352493898
158 x 101 0.13091298208301438
159 b 70 0.044963454315828266
159 c 45 0.052990198802027044
159 e 139 0.006531748482136335
159 g 101 0.06745044580802273
159 h 30 0.043592250556703904
159 i 70 0.054549570238782374
159 j 150 0.0508672771279467
159 l 78 0.15452827209522335
159 n 83 0.09773177382109122
159 o 74 0.049951331328336956
159 s 36 0.03672052123502756
159 t 10 0.004762675805953798
159 x 57 0.055401979625058995
161 m 100 0.00038083528532695254
161 r 73 0.7586949705519497
162 a 30 0.0011827382605452685
162 b 44 0.024801594101334645
162 c 126 0.026599631242473887
162 d 2 0.0641185151475796
162 e 150 0.06274508657138944
162 f 35 0.008936486804842048
162 g 78 0.028754270267218773
162 h 105 0.09368860539809987
162 j 1 0.06854393251405011
162 k 50 0.013252352069135553
162 l 107 0.007292647791291684
162 m 12 0.012700989901896387
162 n 35 0.007049210012624152
162 q 146 0.048233742608622676
162 r 60 0.018442146518037994
162 s 136 0.18713757197631764
162 t 61 0.12819857352845976
162 u 102 0.044498995627669125
162 v 101 0.04919174259409809
162 x 140 0.002047602070430865
162 y 59 0.05708150339904605
162 z 142 0.005320788245700481
163 a 56 0.016759420269911618
163 b 27 0.026046287810816415
163 c 112 0.002631123799098023
163 e 7 0.0032152771145048664
163 f 150 0.011354843240690138
163 g 82 0.05661423052379333
163 h 7 0.0011622580099438506
163 j 42 0.08918074330078418
163 k 94 0.0694309145451435
163 l 126 0.02178866671916435
163 n 158 0.035748802499097065
163 o 163 0.14870489044160096
163 p 6 0.011235990591026646
163 q 129 0.008307148429854694
163 r 82 0.027159001429349683
163 s 105 0.05114646317037774
163 t 124 0.08712347115131347
163 u 80 0.026393577743442198
163 v 3 0.007496589694036548
163 w 27 0.06710508955746441
163 x 0 0.026458752592818158
163 y 16 0.02991035451975066
163 z 73 0.10832657491605202
164 a 146 0.023331940944116725
164 b 91 0.036389167205336026
164 c 139 0.037822940260045734
164 d 78 0.035338712858754895
164 e 91 0.00073338013488633
164 f 61 0.035093049743507465
164 g 130 0.07655908083297436
164 h 46 0.057048246754916376
164 i 41 0.0346879892364409
164 j 135 0.017473130202825704
164 k 103 0.028722520419118047
164 l 99 0.021602276495509942
164 m 97 0.12820899814422748
164 n 97 0.022913229727443918
164 o 157 0.013423893341666604
164 p 9 0.010942706805593727
164 q 113 0.10309148016683789
164 r 125 0.0023937024011401187
164 s 94 0.04153860279600041
164 t 113 0.023627416544029223
164 u 148 0.029632801073380066
164 v 37 0.003896823504114022
164 w 6 0.0031332517123738857
164 x 104 0.03779202013462779
164 y 155 0.09510034331038741
164 z 107 0.0041070914394946145
165 a 128 0.15182523351257815
165 b 49 0.04555675552932037
165 e 165 0.05350614188480196
165 g 19 0.008757532162114168
165 h 91 0.0653940862379534
165 i 93 0.018592525934320592
165 j 99 0.034418499644286005
165 k 154 0.014115261930757295
165 l 114 0.029509452703766703
165 m 33 0.056312877192205346
165 n 58 0.12934781026433195
165 p 124 0.021042749156747087
165 q 53 0.03328865263030034
165 r 97 0.014797265191652809
165 s 101 0.03490283844351183
165 u 93 0.054672481570192555
165 v 93 0.07133497445814929
165 w 131 0.0027279011207204107
165 x 30 0.07183352798203169
165 z 71 0.03170556287758497
166 c 3 0.11945274253750349
166 d 30 0.1849625712600248
166 e 27 0.02728074200670072
166 f 157 0.029388550435161642
166 g 89 0.027796002174374612
166 h 87 0.04234706357933127
166 i 1 0.006413953502111713
166 j 54 0.08191542089743264
166 k 49 0.004445735162809661
166 m 75 0.04441626472061044
166 n 79 0.05481713587340575
166 o 33 0.061539331690997456
166 p 25 0.0406146716537944
166 q 120 0.023430000426351016
166 r 60 0.08751189162723616
166 u 63 0.059877263496641464
166 v 112 0.03313752181784457
166 x 129 0.050683288640185675
166 y 46 0.010748267597799455
166 z 98 0.008513803919799168
