97 26 1349
0 0.04676088637427911
0 0.003230659460700225
0 0.007034196091215028
0 0.042205197548021656
0 0.06703415023088044
0 0.10155399658041275
0 0.2764293328094397
0 0.18646343134839916
0 0.006020097558906978
0 0.1837988673984421
0 0.013899729806646777
0 0.08884634237857725
0 0.07765649411555042
0 0.12692069524582772
0 0.05809965794822736
0 0.010717841296165709
0 0.03643497199172052
0 0.00451080304177931
0 0.45276905411507185
0 0.09195832638210011
0 0.019054260348229546
0 0.13751452924163343
0 0.004493205064475259
0 0.010297647255652742
0 0.03880232227797287
0 0.03494937768438877
0 0.013171023633735235
0 0.2198972086444161
0 0.019839338062084932
0 0.00016023858744884656
0 0.016746288439745793
0 0.3267640050209586
0 0.09676431568434807
0 0.11662266866428184
0 0.05178747635319314
0 0.010441735908952476
0 0.0018063888235509973
0 0.043851664033663806
0 0.015106118745310315
0 0.036904927451916425
0 0.02275564386853013
0 0.3835696411729983
0 0.12330616630670022
0 0.015633539347539194
0 0.057140987310487
0 0.2934105203254871
0 0.01216419842682237
0 0.11336554889907269
0 0.02138045159938895
0 0.07847132151030767
0 0.09133251570716616
0 0.10557501769767696
0 0.004831656005156337
0 0.028978964141098573
0 0.042901207052569834
0 0.07051598373555823
0 1.0
0 0.004994904901594488
0 0.02187412744606132
0 0.0008579306495078987
0 0.058827479479665046
0 1.0
0 0.006310010061880145
0 0.25783321533250125
0 0.17632626878187052
0 0.3265875442035091
0 0.03265756695705857
0 0.0027776291522532137
0 0.11720367632206552
0 0.24953577719869702
0 0.16100356805951976
0 0.07225891288477049
0 0.187766479804082
0 0.29188550698353644
0 0.45988551324222615
0 0.014164678451602963
0 0.25571131823588633
1 0.008183561255248883
0 0.019951548345068737
0 0.026872944302846813
0 0.23838671330464145
0 0.017130525350073644
0 0.5274104129762759
0 0.293013046493947
0 0.0508489660372039
0 0.0148125257626327
0 0.23828746752670726
0 0.0029996011877929663
0 0.14211606532152143
0 0.07263726558274108
0 0.05129281575280786
0 0.10531500942928262
0 0.006830407030839036
0 0.06241417479717448
0 0.005867443524037896
0 0.0029682801407454606
0 0.09461773719328648
0 a 62 0.10638487334887448
0 b 3 0.07498461229589437
0 c 36 0.0015932628386106096
0 d 17 0.007194854821894636
0 e 33 0.0019991377007546607
0 f 46 0.011100532626261317
0 g 87 0.15169764573367295
0 h 73 0.024240660647875445
0 i 44 0.018242925815623146
0 j 6 0.012005896963137586
0 k 84 0.013379458664339094
0 l 28 0.0580365557086463
0 m 52 0.040027005751389066
0 n 17 0.0005379039717225975
0 o 47 0.022347172640304724
0 p 66 0.018631173210097662
0 q 38 0.07290875515066453
0 r 61 0.049057940314600645
0 s 84 0.04653011525341344
0 t 12 0.027056231435937494
0 u 18 0.055325243967320525
0 v 43 0.021443159089921005
0 w 66 0.004099892402736227
0 x 30 0.058054681444818845
0 y 67 0.03200446560883308
0 z 64 0.024354956218376467
1 a 30 0.0035392393638520314
1 c 94 0.045440247667944966
1 d 7 0.019609455578239676
1 e 22 0.007649486753861234
1 f 36 0.018284318085553863
1 h 29 0.0407088852254176
1 i 45 0.004989160101166457
1 j 96 0.059055813609269814
1 k 61 0.02379372778214306
1 l 87 0.10005982242075295
1 m 27 0.0048107378673973855
1 n 54 0.05083192098088318
1 o 79 0.017368179269660944
1 p 88 0.04647595937936877
1 q 1 0.03882471574039548
1 r 84 0.14604514459949403
1 s 38 0.02924025272466335
1 t 87 0.03159574446012359
1 u 84 0.04974640589062729
1 v 26 0.009937400899600934
1 x 1 0.07169190663296732
1 y 52 0.0369027110707435
1 z 42 0.14016810443517236
2 d 52 0.048583631108825354
2 f 19 0.08376700735042308
2 h 40 0.1164113559517912
2 j 58 0.17003359119345995
2 l 48 0.012447102798359366
2 n 26 0.007313559661790814
2 q 29 0.0824488538892828
2 s 38 0.12286753573786491
2 u 71 0.03615863625753202
2 w 73 0.014449951364379432
2 x 49 0.22116232398051217
2 y 43 0.07732225461456388
3 d 61 0.11292011770447041
3 e 73 0.03370828210774057
3 g 50 0.12660467004906784
3 h 69 0.06896650089007439
3 l 4 0.01863705421065731
3 m 22 0.050274493440607304
3 n 35 0.008464377963333547
3 o 91 0.13490784375030362
3 p 49 0.016360776510260133
3 q 67 0.04735711253110586
3 s 90 0.007032591928979537
3 t 72 0.1817782374893233
3 v 27 0.065507876521534
3 x 80 0.05611620713101717
3 y 57 0.02915866022350333
4 c 39 0.010666941956823384
4 d 57 0.014825018375154264
4 e 28 0.020595988574920177
4 f 57 0.03698612619666264
4 g 48 0.21076478346329408
4 h 77 0.003986755052832969
4 j 3 0.02323880731148331
4 k 22 0.025634636484014428
4 l 27 4.744206980389354e-05
4 n 76 0.1962972224662204
4 p 8 0.058672227481228356
4 t 93 0.01529872886311745
4 u 38 0.014078098795996308
4 v 1 0.24745119233818136
4 y 72 0.0025899867368845975
4 z 8 0.051831893602501955
5 a 2 0.16256773684052905
5 b 52 0.028184302162324593
5 c 64 0.06871038067675983
5 d 21 0.02033760122701611
5 f 96 0.0068783627140522885
5 g 31 0.13164288190495388
5 h 83 0.00957871518594755
5 j 38 0.07845058075763134
5 l 33 0.058880575474434926
5 n 0 0.0803483291170013
5 o 7 0.008768206072206297
5 q 78 0.022843169014003628
5 s 38 0.03795443139346222
5 t 13 0.012753758175468644
5 u 47 0.04560632711364965
5 v 5 0.01624824448981954
5 w 77 0.031806296747697416
5 y 37 0.016145919530158426
5 z 73 0.060740184822470566
6 a 15 0.07953507723465603
6 b 22 0.006183421976194148
6 c 96 0.015848826384602055
6 g 53 0.08556509836260429
6 j 89 0.09439758427826817
6 k 93 0.004709852121433933
6 l 17 0.0445558935616619
6 p 87 0.15989964938673207
6 q 11 0.03380742389147917
6 s 49 0.0015732020741168196
6 v 14 0.036105013699996746
6 z 87 0.16138962421881498
7 a 42 0.013797852062914062
7 c 66 0.07603904405671824
7 d 50 0.042271172683189806
7 f 65 0.029228698632309924
7 g 5 0.021607897987336977
7 h 65 0.011457160074911932
7 j 74 0.06544398205207269
7 k 7 0.01963982246964291
7 l 20 0.03676466243638765
7 m 54 0.0015206431425428546
7 o 56 0.053794819467497645
7 p 66 0.06039653739039896
7 r 33 0.002922219450941732
7 t 43 0.0035022976109968518
7 u 83 0.10879992603668542
7 v 46 0.036106200897002116
7 x 46 0.14160987157181237
7 y 51 0.08863376062823869
8 e 74 0.44366830184284367
8 h 50 0.25030502205732286
8 j 70 0.08975789755254515
8 u 32 0.21024868098838134
9 e 17 0.07519908760319982
9 i 65 0.5338076857463435
9 s 23 0.20719435925201457
10 b 54 0.053534858494454274
10 c 18 0.04772807223582809
10 d 81 0.08907907048949315
10 e 61 0.006208246845691434
10 f 69 0.01405492877807002
10 g 33 1.8954586761266157e-05
10 h 17 0.023860542777751736
10 j 31 0.03902425198867476
10 k 64 0.008329996774342985
10 l 79 0.004800157151694573
10 m 11 0.041371622311153766
10 n 49 0.062006265761340607
10 o 50 0.0014990097607162634
10 p 33 0.024877582975739276
10 q 5 0.1444395232198682
10 s 72 0.020224278888998692
10 t 5 0.014124453625428912
10 v 50 0.039525975704939764
10 w 12 0.10261308069251573
10 x 36 0.003325685884644991
10 y 72 0.12781069716993188
10 z 2 0.11764301407531286
11 a 46 0.029962979131292755
11 c 42 0.13900815401374433
11 f 1 0.05844563819988913
11 g 64 0.03537789487336074
11 h 16 0.0739920914185156
11 k 11 0.01484582657236655
11 m 73 0.05798377313879011
11 n 22 0.018303151769779813
11 o 6 0.14910975142496574
11 q 51 0.01166589625396075
11 r 68 0.05404167642054947
11 s 5 0.09284400106498814
11 t 64 0.021759087323854343
11 v 4 0.06288654813298777
11 w 19 0.033728704682695176
11 y 36 0.05719848319968235
12 a 82 0.01476815188174907
12 b 2 0.07890342408706985
12 c 93 0.009056754176150927
12 d 32 0.07026982467081011
12 e 36 0.03782406308976882
12 f 26 0.001908633521618186
12 g 15 0.03728662762723367
12 h 23 0.05351892219135268
12 i 50 0.20897319642840062
12 j 81 0.02528054298385174
12 k 17 0.02059091645818445
12 m 87 0.012862328077298146
12 n 30 0.010273502838537008
12 o 87 0.007650016472648735
12 p 18 0.0024337640194542765
12 q 4 0.03578795221624964
12 r 43 0.0032264474223139272
12 s 88 0.0027589088795889616
12 t 78 0.08207072993714437
12 u 31 0.035003973084943185
12 v 25 0.054617910284891824
12 w 82 0.035594600848065205
12 x 6 0.019166286560099
12 y 70 0.02841911340848513
12 z 86 0.03409691471854004
13 a 33 0.1627735426358291
13 b 12 0.1036739485340995
13 e 54 0.013110506691766721
13 j 95 0.05380351133022343
13 k 66 0.022629071006746382
13 n 14 0.23463296515059962
13 q 8 0.1343264833371398
13 t 2 0.07705573244329611
13 u 88 0.03228150090048998
13 x 26 0.03879204272398162
14 a 12 0.006750191146983053
14 d 4 0.10417601777077179
14 e 67 0.024073904392354573
14 f 16 0.058459807987938595
14 g 18 0.07696575514384307
14 h 12 0.009451007119717247
14 i 33 0.06648335322985377
14 j 87 0.002547096937102755
14 k 59 0.007570737453687637
14 l 58 0.007078670997767489
14 m 71 0.115317143991847
14 n 8 0.049505894307656506
14 o 39 0.027007612435381967
14 r 16 0.03340307999650216
14 s 38 0.12408759909903089
14 t 36 0.0856150285215379
14 u 65 0.0011497375658012787
14 v 51 0.022541839214307413
14 w 25 0.04534277871906178
14 x 75 0.013464873063362193
14 y 16 0.06090821295726356
15 c 20 0.23881347174045142
15 d 89 0.03036691267840952
15 j 15 0.11061537700657054
15 m 49 0.046016803702235265
15 n 85 0.05856546025959597
15 r 70 0.2548845838713445
15 u 10 0.15098045637576107
15 y 77 0.020898169425585422
15 z 18 0.07814092364388059
16 a 77 0.03926192391048633
16 b 12 0.008257034113935413
16 d 30 0.012283389084350227
16 f 95 0.12962409659912089
16 h 26 0.020825762946701465
16 i 86 0.026115154448288935
16 k 49 0.0008901597261760097
16 m 51 0.007948583119416042
16 n 19 0.0776465881614622
16 o 35 0.013771012374829028
16 p 4 0.09321110909132724
16 q 31 0.10261856855604434
16 r 74 0.10087148087178022
16 t 9 0.11750276489584599
16 x 85 0.21273740010851516
17 c 6 0.028564317860037658
17 j 41 0.033519068966077925
17 k 65 0.006463373303639552
17 p 22 0.08621870196999704
17 v 89 0.3844175627481735
17 w 19 0.06811512414501686
17 x 79 0.018131275210893416
17 y 47 0.37005977275438473
18 o 93 0.5472309458849282
19 a 7 0.07937554833148186
19 b 75 0.013489131345678862
19 c 69 0.026532098395388393
19 d 50 0.03792788076124576
19 f 42 0.0493334442151554
19 g 32 0.07289543571431412
19 h 92 0.03542205218946304
19 j 86 0.11072927079973438
19 k 94 0.12207712310748753
19 l 30 0.013304026909808475
19 m 74 0.0018632183912872247
19 p 56 0.04743366722696707
19 s 47 0.0711075958404721
19 u 41 0.04930577373906808
19 v 41 0.06496504389106006
19 w 62 0.11228036275928754
20 a 66 0.10528767080831769
20 b 13 0.034165242881201596
20 c 87 0.03370412536047418
20 d 41 0.05274834472094503
20 f 13 0.010966349007259568
20 g 34 0.03093150471750805
20 i 66 0.004973568776690307
20 j 64 0.005633130280917387
20 k 13 0.12374288911744347
20 l 25 0.016109459700970663
20 m 54 0.008370748830794694
20 n 55 0.0464731828628705
20 o 48 0.08430551659352259
20 p 68 0.025087727083009104
20 q 14 0.07184010560081489
20 r 71 0.011129642621348301
20 s 29 0.05859355237121455
20 t 48 0.02671816142193295
20 u 21 0.05240017727605173
20 v 3 0.08207961261226582
20 w 53 0.04864772618409008
20 x 60 0.005730771085747599
20 y 15 0.00806234359977176
20 z 67 0.033244186136607956
21 c 28 0.00400876653004012
21 d 9 0.0931847065864525
21 e 0 0.12998721985802963
21 i 42 0.050302790190270175
21 k 23 0.09262288923221462
21 l 36 0.1661117669668164
21 m 27 0.008271310260242526
21 o 70 0.06125390511252271
21 q 16 0.0334831924999629
21 s 12 0.08579957709722685
21 u 22 0.0513168754949207
21 v 55 0.004101253502609259
21 z 55 0.08204121742705817
22 d 94 0.11347795131033345
22 e 52 0.02689863235837131
22 g 80 0.022634611776770397
22 h 5 0.015072509747976692
22 j 13 0.02684650237869246
22 l 9 0.009833269186098281
22 m 19 0.03212307024150529
22 o 71 0.018472226533439273
22 p 9 0.201302172716196
22 q 45 0.05270150361328274
22 r 37 0.08927905707704031
22 w 84 0.07281999599915023
22 x 37 0.08941927916022174
22 y 47 0.18436346592693587
22 z 88 0.0402625469095107
23 a 37 0.03808068321953151
23 b 85 0.004929622887706375
23 c 65 0.037285731810452805
23 d 89 0.10973384722288104
23 e 73 0.042189600976399344
23 f 68 0.0009518195848909894
23 g 34 0.04850898531381076
23 h 59 0.04338172807931884
23 i 51 0.04419340210714684
23 j 56 0.023978372033299666
23 k 24 0.00452493895279571
23 l 84 0.05299594487761283
23 m 24 0.1484966713045236
23 n 62 0.009732371384784999
23 o 85 0.019639050205044417
23 p 8 0.058580136760062795
23 q 48 0.0049386193974535475
23 r 16 0.03951068727117957
23 s 26 0.034012303294313484
23 t 35 0.02196094711072727
23 u 57 0.0331240368551865
23 v 52 0.08905025223791774
23 w 16 0.023176350148241376
23 x 28 0.012051198668339924
23 y 67 0.036784564145477816
23 z 34 0.007890486895247517
24 a 2 0.052826012908510966
24 b 50 0.021315859033419593
24 c 62 0.00642821880523059
24 d 22 0.05970146806328047
24 e 11 0.05491381658929395
24 f 6 0.11020587923637248
24 i 78 0.04360990749697702
24 j 91 0.005857268412110761
24 l 73 0.0015681907285437502
24 m 4 0.06398703312854415
24 p 45 0.017669668408347827
24 q 47 0.03728011314795976
24 r 22 0.061244790720738296
24 s 5 0.014729075987538809
24 u 26 0.027085325072886635
24 v 38 0.00980166289008022
24 x 53 0.24933997182996825
24 y 26 0.07227132705944528
24 z 20 0.05136208820277832
25 a 7 0.03780313329235663
25 b 75 0.07177401262385896
25 d 41 0.0034229877141227494
25 e 51 0.02970627614147281
25 f 71 0.07262829666916615
25 g 40 0.07809679247890411
25 h 11 0.031180412363501664
25 i 17 0.03837663862114182
25 j 83 0.022365935246145607
25 k 19 0.09714993052807364
25 l 78 0.014560531749886807
25 n 36 0.017283804644158685
25 p 10 0.031124370079257502
25 q 20 0.02688514623254057
25 r 8 0.0028599470205905586
25 s 37 0.00809410192491955
25 t 90 0.1514694194052607
25 u 79 0.19041148566889388
25 v 33 0.03985739991135884
26 q 80 0.07520455722674424
26 t 80 0.9116244191395205
27 f 26 0.09711874149981414
27 g 50 0.013027095239419806
27 j 48 0.04219306675443224
27 k 81 0.25357691188846254
27 l 50 0.0329584633807013
27 p 60 0.054163212324257026
27 q 84 0.022702604166898177
27 s 80 0.12878293506644156
27 w 36 0.11319416639181912
27 x 52 0.022385594643338003
28 e 54 0.11763736174257033
28 f 93 0.10052043418512935
28 g 89 0.09872603556564519
28 i 85 0.015861056374463445
28 j 90 0.2208722236947882
28 n 48 0.2378559863583909
28 o 34 0.18844906078053303
28 t 71 0.00023850323639462712
29 d 51 0.07228261377484813
29 e 48 0.020551429110802433
29 f 58 0.19309288332832442
29 g 27 0.033141700126515516
29 h 88 0.08002786574078535
29 j 49 0.0224156228642568
29 l 63 0.04169644295104358
29 o 32 0.2470565153924268
29 q 21 0.14285576441194758
29 r 14 0.014405747604572139
29 s 36 0.01513107633678945
29 x 67 0.04720988734458709
29 y 57 0.06997221242565188
30 a 70 0.037194815513863944
30 f 29 0.013092794364518268
30 i 76 0.3006932730781098
30 j 37 0.057359577977980636
30 n 7 0.05957374914351554
30 p 79 0.17621884825152467
30 r 93 0.0670232787440459
30 v 37 0.1302463425722653
30 w 93 0.05440209585063138
30 z 57 0.08744893606379878
31 c 49 0.07224019246574753
31 n 22 0.3324432871366171
31 o 15 0.2685525153766768
32 a 44 0.04395514989834637
32 c 93 0.002577407258792186
32 d 50 0.06867666175528231
32 e 86 0.0026322543580654667
32 f 60 0.10310969270197845
32 i 2 0.08648984409939331
32 l 58 0.1320839217337978
32 m 95 0.0837166295454419
32 n 34 0.0297993593244541
32 o 43 0.0816444825505922
32 p 23 0.002588911529608051
32 q 91 0.05830808079413197
32 r 88 0.08433796469834443
32 u 80 0.033435547194656245
32 w 82 0.03298328852556831
32 y 5 0.05689648834719885
33 a 48 0.01106147992780826
33 c 75 0.027363887642050555
33 i 66 0.08064419774096432
33 j 74 0.012047477932684791
33 l 25 0.17383494976463
33 n 31 0.03361711672964329
33 t 84 0.038759883327948
33 w 39 0.09479616371119548
33 x 70 0.2442735316619422
33 y 11 0.16697864289685127
34 a 74 0.004420020355376475
34 d 26 0.047037359723704486
34 e 10 0.0166412151654296
34 h 50 0.007122752388772802
34 i 14 0.018797656079245217
34 j 77 0.07515126627836166
34 k 92 0.061289503105252496
34 l 3 0.060686575397721265
34 m 73 0.005445691691338017
34 n 26 0.02270760402689176
34 o 72 0.06351550147554597
34 p 21 0.003564300941276022
34 q 4 0.08613057224948073
34 r 25 0.04531458470043437
34 t 37 0.06640881824569833
34 u 6 0.01127433150379098
34 v 22 0.05161236024528948
34 x 72 0.2367439928862234
34 y 24 0.04729993239653929
34 z 21 0.017048484790434526
35 b 71 0.002892635010622868
35 c 68 0.05933627731372315
35 d 63 0.01433481250931079
35 e 31 0.07066357065662376
35 i 73 0.0993602393888453
35 j 79 0.17079723245259415
35 p 59 0.08905803297205195
35 q 7 0.054978921216227494
35 r 2 0.04541290682956889
35 s 4 0.019098901625481446
35 t 80 0.07909699725405606
35 u 74 0.046825097785538006
35 v 56 0.010993057140594176
35 w 51 0.06442011728079389
35 x 80 0.02249431835527338
35 y 85 0.00035279441709523685
35 z 78 0.13944235188264698
36 a 56 0.060778510391434226
36 b 0 0.02860818785114294
36 c 14 0.11580639650094215
36 f 46 0.001961509313343046
36 g 55 0.10900010110252589
36 h 62 0.0005152366715079904
36 i 1 0.0868122091049559
36 j 71 0.022655685705490702
36 k 29 0.04080482135795638
36 l 62 0.04849842639369051
36 m 71 0.04319379603468598
36 o 80 0.02562511236834053
36 p 23 0.06309143308210752
36 q 15 0.03350831591436576
36 r 89 0.016594891531525713
36 s 35 0.04217917966686957
36 t 41 0.0011657280136697645
36 u 94 0.0733076809429335
36 v 48 0.006702239147083011
36 w 7 0.01538749000748374
36 x 10 0.09221658220948437
36 y 43 0.004233272065665816
36 z 52 0.06554680579924399
37 c 51 0.014183825455794108
37 d 4 0.1433223656824395
37 g 96 0.03647968290128911
37 l 39 0.030291597969882122
37 n 7 0.5433004366465366
37 p 61 0.08782304054207224
37 q 70 0.012254828146621155
37 v 83 0.08849255862170136
38 a 35 0.022293820328863845
38 b 25 0.03885352630481442
38 d 86 0.06529961300819687
38 e 38 0.03495794246762163
38 f 0 0.05268199920883887
38 g 48 0.0244771361821563
38 h 16 0.04669967236544248
38 i 95 0.08724703670473377
38 k 83 0.012762463236790977
38 m 40 0.041608538811092166
38 n 17 0.029850458389796275
38 o 58 0.06706589962967735
38 p 94 0.012852526864728375
38 q 12 0.007151324779630319
38 r 85 0.08180874619624923
38 t 5 0.026799932966698248
38 v 25 0.02483907332154789
38 w 34 0.06125701596895117
38 x 32 0.035053071049734874
38 y 82 0.09902738845016312
38 z 41 0.11230669501896151
39 c 68 0.053318324879857326
39 d 24 0.002970439270739811
39 f 54 0.1927372878524961
39 g 62 0.06560003956183602
39 i 50 0.0027744298669931666
39 j 2 0.207016678671051
39 m 28 0.011049025757747022
39 n 44 0.11763571577265541
39 p 36 0.15043655799559008
39 r 88 0.09317573362593301
39 x 4 0.06638083929318461
40 a 23 0.01717611071377889
40 b 8 0.007193626623608007
40 c 21 0.1099663018329724
40 d 41 0.03286271670677021
40 e 27 0.02747901011031828
40 f 39 0.005682970542434718
40 g 85 0.0022862158600526206
40 h 94 0.030720353859684968
40 i 83 0.020569994575938666
40 j 49 0.05122782606957732
40 k 89 0.01647291802891404
40 l 50 0.024393608794964772
40 m 28 0.011508836782509246
40 n 21 0.027230219209256057
40 o 66 0.04526716759713878
40 p 30 0.21374200107760144
40 q 92 0.057677259652422874
40 r 10 0.11398770766060895
40 s 57 0.023797963242500053
40 t 91 0.01642640486473801
40 u 88 0.017431730287102654
40 v 25 0.004238767957622902
40 w 91 0.08462445147020525
40 x 63 0.009575650787738699
40 y 45 0.005704541823010056
41 h 85 0.6164303588270017
42 a 21 0.09701373833494076
42 b 63 0.029320657843898257
42 d 91 0.0037679812409001645
42 g 20 0.1460397165411711
42 j 39 0.12822010778781157
42 k 52 0.06843740672020981
42 n 56 0.07238961986946191
42 o 65 0.01992974781041701
42 t 44 0.01924088504034216
42 v 60 0.0075566499642572005
42 w 94 0.09797456080877787
42 x 5 0.18066047320959522
42 y 7 0.00614228852151677
43 a 94 0.06776760706759832
43 b 75 0.06373931409588218
43 d 13 0.10228495223681189
43 e 35 0.02293676130849509
43 h 50 0.06002296875981239
43 i 50 0.031990176704700946
43 j 75 0.04891290408059723
43 k 33 0.0393119561742894
43 l 2 0.02788943503179342
43 n 81 0.12263990589269802
43 o 64 0.08848588153715753
43 p 0 0.007231617438236859
43 q 70 0.02045351774339743
43 r 13 0.1075736755694896
43 s 43 0.09154361244259257
43 u 84 0.020750495172383587
43 w 11 0.04971835402946434
43 z 47 0.01111332536706
44 a 34 0.3303369367113622
44 c 85 0.009399917205584862
44 d 40 0.037960028883274655
44 e 12 0.0010198424683713903
44 h 27 0.17902415774182368
44 i 0 0.10757783873955162
44 r 82 0.23894489594403756
44 x 96 0.020211673619156323
44 z 44 0.018383721376350692
45 f 48 0.01175920001787445
45 l 96 0.019847981545286997
45 r 48 0.6599103162578118
45 u 85 0.01507198185353964
46 a 25 0.030996044908670806
46 b 76 0.08513726764138652
46 c 38 0.11911631699355008
46 d 26 0.006295350178003312
46 f 27 0.06080060985530167
46 h 15 0.02774431310426073
46 i 82 0.11616488106769995
46 k 51 0.023941917441479443
46 l 25 0.04427758967196205
46 o 61 0.030071677714280876
46 p 72 0.02198581020299717
46 q 90 0.08716015210281347
46 s 87 0.0756955742811446
46 u 1 0.11104310520310157
46 w 48 0.06573020535135932
46 x 58 0.08167498585516608
47 a 18 0.06512893927805918
47 b 31 0.01405674648162969
47 c 47 0.04525478759656609
47 d 26 0.013677442806707463
47 e 82 0.00623998736013176
47 f 46 0.008867681746118183
47 g 10 0.01673695101775352
47 h 13 0.045400298768984215
47 i 43 0.011306629273094781
47 j 62 0.1173093469578872
47 k 73 0.010885280192532654
47 l 44 0.02220120203578968
47 m 90 0.01995638564592994
47 n 15 0.016177456996465223
47 o 35 0.06008709161844861
47 p 5 0.0800218959000546
47 q 69 0.06023806837315582
47 r 67 0.03416866214345393
47 s 86 0.05265766121102222
47 t 48 0.02200031490964449
47 u 22 0.014704300961806416
47 v 1 0.01284974245579995
47 w 28 0.018907898496046127
47 x 18 0.008283998073830179
47 y 63 0.09556464821838218
47 z 18 0.013951032581633216
48 b 2 0.07400101075385934
48 c 43 0.12060431975912778
48 d 88 0.052109892747107756
48 e 84 0.20570404720476787
48 f 86 0.024496113530196095
48 h 78 0.008855193355652102
48 j 2 0.05210434031214295
48 k 15 0.03057719749474752
48 m 0 0.21656004085480762
48 q 86 0.03572197450779524
48 t 38 0.020846296556123134
48 u 14 0.04958477163303543
48 v 39 0.0085685944463747
48 x 45 0.02209941744690358
48 z 44 0.05678633779796993
49 a 8 0.06397250231421181
49 b 82 0.018382616270942287
49 f 50 0.05892297240174682
49 h 68 0.4280215894881111
49 i 8 0.012477800011532758
49 j 26 0.17035015944661536
49 l 92 0.027129844632774236
49 m 4 0.02455709785223692
49 n 21 0.00904002585375463
49 q 35 0.03604899433130271
49 s 70 0.0181988282923784
49 w 71 0.05442624759408532
50 b 90 0.04961766714935578
50 e 71 0.12121263709850305
50 g 56 0.01317140348551682
50 i 40 0.019382352007801695
50 l 12 0.1302744940152757
50 m 79 0.15954064478784258
50 o 8 0.13588292689421155
50 q 70 0.13763188488454925
50 r 36 0.009446213956995964
50 z 51 0.13250726001278146
51 b 2 0.048519076080257406
51 f 28 0.041687115501269134
51 h 63 0.049388760070195326
51 s 20 0.2606258126750822
51 u 10 0.017947118359856296
51 v 23 0.1777792714320574
51 w 56 0.29847782818360524
52 a 72 0.027180193067555702
52 b 60 0.06095533329012093
52 c 59 0.0006746284258086765
52 d 85 0.060036637609722
52 e 13 0.0176644180179496
52 f 65 0.0247254157993414
52 g 54 0.07355215679615223
52 h 71 0.06588660793187673
52 i 27 0.030286386171006652
52 j 2 0.006596598501906525
52 k 21 0.027326378269691087
52 l 72 0.04229187124970435
52 m 8 0.015596925483347901
52 n 58 0.014464789528658373
52 o 47 0.10167893162491526
52 p 41 0.04464091630515954
52 q 69 0.07535896846960422
52 r 52 0.020383748356311848
52 s 87 0.033107858385121425
52 t 83 0.00378152294848233
52 u 26 0.05567760567047697
52 v 13 0.017587340519894967
52 w 24 0.04648215339873163
52 x 26 0.01416658678691518
52 y 52 0.06754880551058173
52 z 89 0.04751556587580641
53 a 0 0.08224687524617702
53 d 62 0.04418405300777495
53 j 7 0.11575313682877586
53 l 37 0.10018914450001237
53 m 70 0.09144854725649121
53 o 55 0.028425565757631666
53 p 25 0.008691412161413892
53 r 51 0.1403923988921335
53 s 86 0.14139691034644597
53 t 38 0.003294260047114528
53 u 56 0.020618219501107093
53 w 54 0.19438051231382336
54 d 36 0.16750706451359598
54 f 7 0.008761685598611124
54 g 18 0.02152501362477177
54 i 96 0.08255682022318167
54 j 35 0.10313394849475688
54 k 62 0.0698108546437961
54 l 72 0.058642919715999886
54 m 47 0.0360985970072234
54 o 35 0.04867058601862739
54 p 64 0.028000319056160627
54 q 40 0.06440153352391909
54 r 14 0.10145449650303173
54 s 6 0.065539514563703
54 t 76 0.0361230876618962
54 u 74 0.011571169356202504
54 w 4 0.00840255024390757
54 x 2 0.04489863219804524
55 a 90 0.0030416093457303894
55 b 0 0.018382162194964802
55 c 93 0.019387409909533804
55 f 16 0.029049486683521697
55 h 94 0.006385800626406479
55 i 74 0.028801635263070113
55 j 38 0.22608576521999713
55 l 63 0.13701059597867604
55 m 40 0.08530472305383296
55 n 54 0.021464130878074195
55 p 94 0.0030962690540368154
55 q 31 0.12867492302611983
55 r 82 0.01611788429170069
55 u 87 0.01893926031745019
55 x 37 0.048771077578998345
55 y 52 0.1389712828423283
57 g 55 0.09476637569502078
57 o 96 0.05760060288987934
57 q 34 0.05867910308992674
57 r 24 0.04742313010746968
57 t 82 0.49138480038293764
57 u 95 0.2249410661395116
57 z 15 0.020210016793659746
58 a 41 0.010360807127492766
58 b 4 0.03195454066749037
58 c 43 0.10133328932327801
58 d 78 0.028303840820793735
58 e 10 0.01304603417880934
58 f 88 0.010806995380098772
58 h 42 0.01215088315121915
58 i 32 0.028886054833053287
58 j 93 0.03822946256673554
58 k 19 0.04608967571964251
58 l 75 0.1484751984544771
58 m 92 0.025359157040586555
58 n 68 0.07861830951635929
58 p 89 0.012908431026944278
58 q 47 0.042327382875019026
58 r 94 0.15774288058224928
58 t 81 0.05901076992664589
58 u 49 0.050739831194210994
58 v 34 0.015736879656661595
58 y 70 0.058478418016012834
58 z 4 0.007567030496158367
59 a 36 0.14195072619721694
59 b 34 0.029506669473957636
59 c 27 0.11261179626141016
59 d 37 0.03688462015637217
59 f 26 0.09286575637257344
59 h 71 0.0073141004899097695
59 j 43 0.03260489700310021
59 k 31 0.007296632696175087
59 l 36 0.0015680581172068386
59 m 94 0.0217688042687334
59 n 1 0.03014895299671083
59 p 32 0.011344680579508104
59 q 76 0.08488477267866246
59 s 50 0.07723434733303625
59 t 27 0.021447429234812243
59 v 93 0.1049604319971974
59 w 46 0.06831878648709588
59 y 16 0.11643060700681329
60 c 90 0.5787744131105688
60 e 51 0.07650651871507441
60 h 84 0.011199138258230379
60 k 59 0.09531772076313483
60 t 17 0.17937472967332657
62 b 62 0.008449186917256601
62 c 49 0.0042982301747939156
62 d 12 0.11059401492259113
62 e 26 0.046231176140533736
62 f 34 0.09809025866068566
62 g 88 0.14824587261665678
62 i 75 0.013875200574081648
62 j 36 0.1099256377479898
62 l 23 0.024807727368719834
62 m 54 0.18963589811882398
62 o 79 0.060894947221730056
62 p 3 0.01736359959599021
62 q 22 0.019754044342585098
62 t 69 0.11512270445602846
62 u 70 0.0116205805951205
62 v 42 0.01478091048453245
63 d 15 0.019791358128333103
63 g 21 0.13558752869101953
63 j 43 0.08131964820605875
63 k 32 0.048858694753600385
63 o 44 0.456609554888487
64 e 41 0.2479481620404177
64 g 84 0.018546359563298753
64 k 34 0.1252906972666893
64 w 46 0.43188851234772374
65 j 12 0.10870363292259966
65 q 27 0.04790516198336481
65 t 53 0.5168036608905264
66 a 96 0.033520908616550216
66 b 12 0.005290990743132995
66 c 81 0.06878307539886175
66 d 3 0.07777679484294087
66 e 36 0.014192995059916669
66 f 56 0.011901969539490964
66 g 28 0.035853730519312066
66 h 2 0.011304826495796894
66 i 32 0.02151713691265722
66 j 79 0.06293644346062488
66 k 47 0.08323281564567075
66 l 48 0.0077064968354269014
66 m 22 0.01762545556195383
66 n 36 0.062164496589148355
66 p 15 0.019189736729798956
66 q 90 0.0035763418031744543
66 r 61 0.06646919126122619
66 s 35 0.040609491890054916
66 t 69 0.04310109675030138
66 u 23 0.008681559932279037
66 v 5 0.003489793728135293
66 w 78 0.04128804634986449
66 x 74 0.13999515790779804
66 y 92 0.016530972177777326
66 z 28 0.07060290829104698
67 a 40 0.048565212703771676
67 b 85 0.01850338836873011
67 c 63 0.07865418755343623
67 e 29 0.026764948111818065
67 f 0 0.028355059405796856
67 g 74 0.030956820837450327
67 h 40 0.030451719905208008
67 i 5 0.007221607612624359
67 k 81 0.006519037422289653
67 l 10 0.10017086242585926
67 m 70 0.1434664912614727
67 n 50 0.16766308776585126
67 o 7 0.11087890335768613
67 p 24 0.02992776985046952
67 q 15 0.06788808002790792
67 r 50 0.0015663755091399612
67 s 76 0.0076172316667192375
67 t 4 0.0018631519124676643
67 w 84 0.01359106408555788
67 x 86 0.02885143298267412
67 z 10 0.04774593808081584
68 b 53 0.09032706960653314
68 c 10 0.09121935679956905
68 d 55 0.007319599040189972
68 g 93 0.0006759629279724511
68 h 38 0.05950706160987418
68 i 28 0.01874682440387221
68 j 13 0.053112187911098174
68 k 81 0.19891048057048366
68 m 20 0.06332378024843077
68 q 57 0.0034167638750299822
68 r 51 0.07334341497267549
68 s 2 0.09182054985299559
68 t 13 0.01667532384566328
68 v 36 0.08415761746084682
68 y 48 0.0302403305526997
69 b 19 0.019507883878548182
69 f 4 0.0769605239219665
69 o 66 0.30181165405046595
69 s 30 0.010586167039313032
69 t 11 0.04080493560986875
69 u 52 0.22626261180503848
69 v 43 0.035771773247376126
69 x 77 0.03875867324872595
70 a 94 0.19069441302539725
70 c 59 0.027542256251385733
70 d 37 0.01905046589317627
70 f 63 0.017874995615147382
70 g 22 0.00883196780632356
70 h 88 0.026742925572424747
70 j 56 0.0707083004149569
70 k 79 0.03034457302609228
70 l 1 0.05661642753913698
70 n 34 0.011447750567386117
70 p 30 0.09109266694205775
70 r 46 0.11221254186927876
70 s 50 0.017443342222846492
70 u 18 0.00208597179316794
70 v 74 0.04260558789467894
70 w 27 0.06602052781312495
70 z 80 0.047681717693898173
71 d 77 0.02148183483427002
71 h 27 0.0020821513929316637
71 i 23 0.07544513956572851
71 o 54 0.050250957436668076
71 p 12 0.21127997088835093
71 q 12 0.07203384449712569
71 r 44 0.13796522755265062
71 s 18 0.357201960947504
72 l 68 0.5444167634992774
72 t 22 0.2678167566966406
73 c 36 0.057024890803046624
73 d 77 0.12307968430668448
73 f 57 0.12303652393087239
73 h 24 0.0655790406294876
73 i 67 0.01576895373174192
73 n 63 0.08422568892668636
73 o 56 0.085595564455333
73 r 57 0.07483045285238488
73 w 66 0.019437171334826586
73 z 70 0.05953652204539972
74 b 73 0.073113320199505
74 c 34 0.13292211141953747
74 r 28 0.027080687062018494
74 v 29 0.11907387658925106
74 x 0 0.15028870074762923
74 y 76 0.037635790739832586
75 b 58 0.13219109237778337
75 d 6 0.03934376676066609
75 e 4 0.09047059344327024
75 f 64 0.06059839298552028
75 j 55 0.03334487792323926
75 q 2 0.11300156273421713
75 r 41 0.00403870164437603
75 s 81 0.015187754471969517
75 t 35 0.07509343326211848
75 u 67 0.047553018166937466
75 v 67 0.015111688205662888
75 w 42 0.07555169338060075
75 x 23 0.058387471109368594
75 y 46 0.039800288934467964
75 z 50 0.18616098614819898
76 c 20 0.02008171838541628
76 f 35 0.15851468577229755
76 l 55 0.04702934530746272
76 m 31 0.0725688350990662
76 r 40 0.10940284192023009
76 s 53 0.10734823207310573
76 t 87 0.1743941249315334
76 y 6 0.05494889827500171
77 a 37 0.026674944763989683
77 b 17 0.006210747024817276
77 c 68 0.03451756678297602
77 d 78 0.028124202472214477
77 e 78 0.08281899505266421
77 f 56 0.04914884319964896
77 h 77 0.02359050816277075
77 i 87 0.01897503848335469
77 k 34 0.11886221282644549
77 l 55 0.022987421092849236
77 m 69 0.01146841400704568
77 n 44 0.0034087368385014027
77 p 13 0.028665322745862865
77 q 51 0.10345385822079023
77 r 84 0.16527713397787713
77 u 55 0.01392165228148834
77 v 50 0.09657921251017376
77 w 59 0.03226710112249487
77 x 48 0.06531476177273177
77 y 43 2.3402885289125486e-05
77 z 16 0.05952636252076515
78 c 24 0.045447739058368186
78 i 15 0.17683560431512424
78 l 95 0.33957332940699547
78 n 11 0.12551437490633321
78 o 35 0.040153305554427865
78 p 31 0.14107692323484877
78 t 90 0.06244137831365637
78 u 74 0.008562455565413907
78 w 57 0.040443341299763236
79 a 47 0.00936450022962021
79 b 58 0.0437470339161623
79 c 21 0.010733618946525136
79 d 18 0.03019354604092883
79 e 24 0.013432073544684231
79 f 81 0.017629638306575046
79 g 85 0.08378384232343539
79 i 86 0.04462235283970972
79 j 56 0.2034216459813355
79 k 83 0.022513327716224052
79 m 44 0.07630580537206566
79 n 11 0.005717737018968605
79 p 85 0.012433042380701642
79 q 21 0.06920505267703347
79 r 61 0.023560554547163992
79 t 78 0.01759895073068196
79 u 11 0.076250631834064
79 v 86 0.04109666742750595
79 w 25 0.06291148266646218
79 x 5 0.08227848217226297
79 z 2 0.026327069025042338
80 a 54 0.024996665818052377
80 b 71 0.00017462577758831088
80 e 93 0.12164168480322524
80 g 19 0.07668461764198142
80 h 69 0.13393798258286693
80 l 57 0.034150621986415164
80 n 79 0.08385402996647628
80 o 27 0.06144776231983129
80 q 93 0.06682414810659176
80 s 34 0.12830338564704447
80 x 50 0.029597762045285303
81 a 57 0.020176874583034632
81 c 3 0.16774714211703212
81 d 35 0.022856033897057926
81 e 57 0.06508558550428278
81 j 56 0.02393063084403202
81 k 88 0.020464792506150187
81 l 70 0.08512855690059495
81 o 82 0.010370012616678026
81 p 81 0.11576079862905264
81 q 3 0.027503468971402878
81 s 25 0.1269590504514152
81 t 54 0.12485596850338476
81 u 82 0.0025697524672118055
81 v 42 0.09107403664152747
81 w 80 0.006462844218603769
81 x 42 0.03365376577562029
81 z 35 0.03827016002284489
82 u 16 0.4725895870237241
83 d 14 0.31678659022718725
83 e 52 0.001733036470321636
83 j 11 0.24605071951949198
83 l 17 0.14241660728905214
84 a 10 0.11262252569914544
84 b 14 0.09228072368417084
84 d 20 0.05069051540436731
84 e 31 0.05953742859307165
84 f 79 0.047514352408144944
84 g 17 0.013439184138720583
84 h 27 0.012248849115899962
84 i 15 0.02207224463415569
84 j 73 0.03348346507856825
84 k 37 0.02124377036842029
84 m 6 0.14324769382201508
84 o 0 0.08589345672461379
84 p 46 0.013566227797402464
84 r 19 0.02113848414626318
84 w 90 0.10867383489673665
84 x 32 0.046768874446516784
84 y 93 0.03303122832158212
84 z 85 0.03169817468300107
85 a 34 0.04230321984480934
85 b 16 0.03386557912723409
85 c 80 0.05358239940093057
85 d 26 0.025547997344943396
85 e 8 0.06344695950615786
85 f 3 0.04469394753260281
85 g 61 0.09620203488738788
85 h 0 0.019381088006570568
85 i 72 0.001731024979544471
85 j 55 0.022797041220742997
85 k 76 0.03182771382645411
85 l 14 0.08737552728125897
85 m 10 0.03398495919388611
85 n 18 0.010012521663517404
85 o 11 0.048650397924984046
85 p 19 0.04164346777374783
85 q 20 0.0227705021222806
85 s 57 0.02613939523850628
85 t 26 0.03616712651243181
85 u 51 0.021875870371404926
85 v 56 0.14016112682356985
85 w 26 0.026354769945534873
85 x 68 0.010462761854775904
85 y 79 0.02314364700680549
85 z 27 0.02106639484728512
86 b 72 0.3792780634323921
86 h 92 0.16926795181747112
86 j 51 0.06188628984707112
86 q 20 0.029958294785396467
86 w 61 0.12132193259096191
87 a 65 0.10169105286040814
87 b 78 0.0483441438878105
87 c 7 0.014950205465497968
87 d 78 0.07615573697531697
87 e 83 0.025591405110299892
87 f 35 0.07078666248551924
87 g 86 0.054105856478225745
87 h 3 0.039503429161611536
87 i 30 0.01602663030311824
87 j 16 0.05996483207195746
87 k 38 0.0990554570300437
87 l 50 0.02189122858831405
87 m 20 0.047078431748822314
87 n 66 0.03126010043377758
87 o 19 0.08647553346687209
87 q 14 0.016903204940795336
87 r 20 0.020077545576973832
87 s 25 0.026023381711691385
87 t 43 0.002203364671692576
87 u 2 0.022689855243080648
87 v 85 0.03209571976061998
87 z 79 0.08412662083975786
88 c 96 0.019016498216245847
88 f 57 0.038171843299882546
88 h 15 0.03870170716975929
88 i 18 0.053298724257244245
88 j 85 0.07071703697121123
88 k 4 0.0006046645403183781
88 m 79 0.014494591084522668
88 n 17 0.11481152593098254
88 p 13 0.07977805502855695
88 q 57 0.0036877352350801473
88 r 54 0.05504418945500389
88 v 86 0.06902735535777071
88 w 67 0.07766382146520712
88 x 52 0.06521811721392634
88 z 56 0.15764806945276666
89 c 4 0.04778479414724823
89 d 33 0.13140331903542835
89 f 85 0.00430207055975218
89 h 53 0.028679173473353137
89 l 12 0.1938762601031524
89 o 23 0.06602196566899676
89 p 29 0.05314094436822858
89 q 3 0.010247954582831231
89 t 36 0.027200865076679848
89 u 42 0.07338156683380725
89 v 55 0.02738195095677709
89 x 8 0.12750121433677908
89 y 84 0.0040979403128939
89 z 47 0.13234271496133088
90 a 76 0.07223583434530689
90 b 93 0.0668549355644823
90 c 35 0.029272337832089934
90 d 89 0.05624325663910534
90 e 63 0.0999806142710905
90 f 82 0.0009609373937384813
90 g 8 0.001818095405151765
90 h 65 0.015339148032044392
90 i 26 0.030740096199488143
90 j 57 0.015552893875903417
90 k 66 0.1067544946714698
90 l 92 0.027925846358402895
90 m 73 0.060162492300173676
90 n 3 0.030563202956039315
90 o 19 0.030135848973564583
90 p 48 0.05612613080879003
90 q 0 0.010759723002596089
90 r 74 0.04275293794306767
90 s 46 0.02859797744049908
90 t 53 0.058900589106407275
90 u 53 0.0007040636636255204
90 v 37 0.015996529078667
90 w 15 0.03800879035721594
90 x 82 0.014394836570387204
90 y 71 0.02393365392474045
90 z 44 0.013991917533144438
91 b 89 0.004172595786198552
91 c 96 0.023008208307229494
91 d 65 0.04692253416729919
91 e 32 0.07014157620077488
91 f 24 0.00871305832710112
91 g 68 0.1263472887960485
91 h 32 0.061232391329988256
91 i 82 0.05919445053548478
91 j 46 0.006609472711206377
91 k 51 0.011130675179545246
91 l 28 0.05782998536115158
91 m 38 0.0422339859491625
91 n 86 0.06198877000207259
91 o 79 0.0005751013780711522
91 p 89 0.0007708695551640332
91 q 67 0.0451620117797662
91 r 23 0.055205374003787666
91 s 77 0.005267174862585877
91 t 69 0.002294126952857467
91 v 54 0.04131884214525705
91 w 3 0.005690180685924862
91 x 85 0.015921058985108982
91 y 79 0.14295525756893102
92 a 14 0.06694381150352646
92 b 96 0.04910779595530834
92 c 7 0.04787310190278593
92 d 33 0.007256713143883875
92 e 61 0.09170050946659558
92 f 90 0.02715267039085012
92 g 83 0.013996768216268607
92 h 50 0.026487677096374562
92 j 23 0.08366927814730052
92 k 81 0.03205063325295954
92 l 72 0.025364968409601008
92 m 68 0.040013121426226594
92 n 5 0.0018640211636543613
92 o 53 0.00185001891678227
92 p 86 0.09380293745511603
92 q 4 0.03355467876887097
92 r 52 0.07557683433895834
92 s 15 0.003326946642166817
92 t 41 0.03600792486617055
92 u 69 0.019387312046338256
92 w 73 0.10782495637682388
92 x 51 0.0400684353338957
92 y 19 0.029253631072794217
92 z 12 0.03903484707590843
93 f 25 0.16047276461000193
93 l 15 0.05037105515356244
93 m 92 0.028214410046336735
93 r 72 0.30223233605217337
93 u 34 0.39629525934075105
94 a 12 0.019611380789956168
94 b 11 0.042777028445495024
94 c 8 0.03669081605896651
94 d 68 0.06204604798343605
94 e 91 0.037365577420753415
94 h 2 0.018266829159569675
94 i 3 0.009781315365371746
94 j 3 0.0032058097254769047
94 k 88 0.018239589718124893
94 l 19 0.13040095644758776
94 m 9 0.027960707189752854
94 n 52 0.07965529458385956
94 p 72 0.02852385677921887
94 s 95 0.09521757963511124
94 t 14 0.0038063080925947457
94 u 84 0.06089372062769827
94 v 55 0.11134111526952517
94 w 71 0.12366637520542878
94 x 45 0.017135806825765543
94 y 79 0.06754644115226893
95 a 18 0.020502706847899677
95 b 19 0.008094789057001894
95 c 35 0.01309121893683629
95 d 96 0.010221333065843274
95 e 86 0.0025954827304508488
95 f 90 0.0653517229024525
95 g 78 0.01200799101098482
95 h 37 0.017183145264172417
95 i 90 0.06946816717662585
95 j 18 0.006491871627171797
95 k 7 0.0395391918821576
95 l 49 0.06150161295323764
95 m 77 0.05425496224136894
95 n 24 0.04189714341112971
95 o 64 0.04139843434492174
95 p 45 0.05676628246934634
95 q 55 0.12870587186249316
95 r 73 0.054164736983914885
95 s 17 0.10260543413994616
95 t 26 0.0012150120752009164
95 u 59 0.018343053919852248
95 v 14 0.0006049277270587794
95 w 36 0.02759475867731298
95 x 57 0.006465571009614202
95 y 82 0.020736940714354724
95 z 19 0.11622935682790514
96 a 86 0.06278680920212454
96 b 14 0.047092286634980995
96 d 69 0.029161303015261986
96 e 15 0.12547272752488015
96 f 95 0.017429955943008002
96 h 43 0.027418250465294558
96 i 1 0.001886446089589544
96 j 46 0.0020087182903054668
96 k 49 0.03925741331432819
96 l 33 0.07883258459370934
96 m 55 0.018139674724816257
96 n 30 0.06434918702383774
96 o 34 0.019466308248294872
96 p 29 0.01032991197805
96 s 42 0.02142803714010577
96 t 65 0.04132857091241582
96 u 62 0.05998396127794703
96 v 9 0.10219364931509078
96 w 84 0.05514099270641404
96 x 67 0.04262916968765851
96 y 37 0.03889319306354866
96 z 41 0.00015311165505127455
