172 26 2265
0 0.03673114472740491
0 0.03854773478554807
0 0.017603586430202323
0 0.24196725264752716
0 0.015084001895279364
0 0.08765232648748877
0 0.03505383033901488
0 0.11818499582874087
0 0.015190493097240743
0 0.02591802608849947
0 0.07750226314058073
0 1.0
0 0.040254125791439166
0 0.05102892036575557
0 0.2904262724373573
0 0.0021230597864179135
0 0.10461274455942271
0 1.0
0 0.2757662732942736
0 0.006053397174151209
0 0.06293531520981654
0 0.26184112209694677
0 0.3344495249642587
0 1.0
0 0.014583719759200808
0 0.0008678784048171684
0 0.7785788195225419
0 0.12175357993231162
0 0.139551914840505
0 0.00672105314861704
0 0.007355731728576953
0 0.030120182025951014
0 0.20693870900982048
0 0.015807262578030334
0 0.037613139727940115
0 1.0
0 0.06639177610246583
0 0.011309392283606612
0 0.001462806007070272
0 0.04441518169585967
0 0.13906851854798952
0 0.019871794944622656
0 0.07401020818511894
0 0.16858388494670895
0 0.011095655780466007
0 0.5208040394387591
0 0.7818296522600119
0 0.7498932988310074
0 0.004912508811970473
0 0.12868798568954098
0 0.008118768395601661
0 0.004430419554416032
0 0.38328329626770563
0 0.13813943964000763
0 0.07273544511881669
0 0.13208001218944088
0 0.4829711927993031
0 0.8691014272767849
0 0.0017805203354221977
0 0.09914532673628573
0 0.0006458360463811319
0 0.06294835967024692
0 0.02814703903028093
0 0.10007313863579859
0 0.1368001976950951
0 0.009082430148094067
0 0.4832862147188418
0 0.006147083118552499
0 0.05174182276685391
0 0.006459166120437954
0 0.010506053444557906
0 0.4234086934662268
0 0.3050680771214843
0 0.11350064316530606
0 1.0
0 0.18973932723927078
0 0.1350492382235703
0 0.004139427377385485
0 0.17551138554805013
0 0.07414578879389744
0 0.12265594093465226
0 0.07816675537667861
0 0.11646542090209733
0 0.05042962152225505
0 0.01604579833205788
0 0.06494653307636267
0 0.00676069545772473
0 0.05162331847406054
0 0.17890039584351958
0 0.0005264834289134823
0 0.21816799692370503
0 0.9116966019880685
0 0.038245197357411165
0 0.03643009506153272
0 0.02696824757263938
0 0.054470878535312295
0 0.12708548582081236
0 0.0037491351782208415
0 0.45716831636622146
0 0.02275204871387848
0 0.09152897392854953
0 0.04521900626826525
0 0.06129197371001183
0 0.08556372298830672
0 0.08876545861312812
0 0.0644973243973117
0 0.08369524667170891
0 0.0031241146308537138
0 0.019187655620566568
0 0.14129736734310738
0 0.048824329173087766
0 0.0021175735536438367
0 0.07044254967528019
1 0.019387439341894797
0 0.060280306720483345
0 0.09252557268398576
0 0.01734102670080484
0 0.0007799017657800222
0 0.036665565256651544
0 0.041374811367036246
0 0.08167584561958052
0 0.07607673299920481
0 0.2500760740514396
0 0.11388255445307816
0 0.25954333527792284
0 0.0041980335551026204
0 0.009452214813913784
0 0.0003876894759707872
0 0.05431401601191699
0 1.0
0 0.01735539868602809
0 0.02962240790115278
0 0.09401361001715325
0 0.2066245676766938
0 0.23742637231023123
0 0.03451107540759246
0 0.2085442993234049
0 0.006083116685054457
0 0.001798734670443558
0 0.04329634494151846
0 0.36060778450004816
0 0.040873940218718374
0 0.02505992272192903
0 0.11367291291583548
0 0.08028889141887185
0 0.289078149495533
0 0.01333300342190935
0 0.024542354234248442
0 0.13310034772764545
0 0.07174516281883425
0 0.11165514660670439
0 0.2792368957166941
0 0.020782642101948356
0 0.033582155102164335
0 0.0595398527815586
0 0.03191526201334949
0 0.19231744131891515
0 0.0448453205467122
0 0.0026861732739451583
0 0.003034413773172484
0 0.06588053150687789
0 0.16719082625194104
0 0.10394693495365293
0 0.5114180844298613
0 0.36653471359659007
0 0.300499586240372
0 0.1813340537076915
0 0.08542140538640541
0 0.04956577686156194
0 0.06046924307517576
0 0.004126717850420403
0 0.05324405278318467
0 f 119 0.9632688552725951
1 a 40 0.1227708651232563
1 c 83 0.025156669436593115
1 d 91 0.10635352472615378
1 f 149 0.07215277397071673
1 g 63 0.04700061119555432
1 h 61 0.0035904093616249133
1 j 102 0.01346775416390622
1 k 157 0.006130620384226071
1 l 5 0.03741065666888144
1 m 95 0.06719960149902238
1 p 11 0.03460481705126306
1 q 22 0.03956748542412336
1 r 145 0.08624481869023248
1 s 67 0.10427170847703604
1 t 152 0.009557035883435816
1 x 32 0.05694827654156798
1 y 118 0.11295868096254613
1 z 113 0.016065955654311792
2 b 76 0.07386134464586636
2 c 106 0.008550370442504507
2 d 33 0.015790108467313213
2 e 45 0.024634169645504467
2 g 43 0.05540382548142542
2 i 84 0.014663840654899674
2 j 115 0.04460587258456872
2 l 60 0.004109293635374711
2 o 73 0.024688893616774954
2 p 94 0.18513387088796773
2 q 90 0.08222061925036184
2 r 28 0.0740840892159409
2 v 159 0.19417920355014306
2 x 109 0.03515289783631581
2 z 27 0.14531801365483632
3 b 105 0.2551350402347037
3 c 89 0.06987043486700184
3 h 90 0.0039053295875814964
3 n 109 0.01163871489267998
3 p 52 0.31265749252569675
3 u 135 0.009128466178002337
3 x 81 0.09569726906680676
4 a 105 0.1479973948964507
4 b 132 0.021889960488104876
4 c 9 0.032966140257198684
4 d 137 0.05069347669023461
4 e 135 0.05161260773059517
4 f 45 0.03739874582897196
4 g 85 0.014821187585906115
4 h 60 0.04084053259994813
4 i 45 0.01635161818756381
4 j 14 0.052905662614446514
4 k 4 0.030743739225031264
4 l 30 0.11378246184970764
4 m 57 0.017939136777047948
4 n 41 0.01246494318051572
4 p 53 0.023448461380017105
4 q 11 0.0009814368551070984
4 r 69 0.004780199116116712
4 t 114 0.012534855078291551
4 u 112 0.042102342282158034
4 v 60 0.08226362774311724
4 w 162 0.0879685776018495
4 x 149 0.038694335112092304
4 z 71 0.04973455502424795
5 a 28 0.06982801147283968
5 b 7 0.012207237672021143
5 c 78 0.028535446508060835
5 d 54 0.03924205696378491
5 e 0 0.03310282186377522
5 f 124 0.011012718753049211
5 g 43 0.012956341199732213
5 h 95 0.021298439805254588
5 i 76 0.007793681077763015
5 j 70 0.03124523271073054
5 k 129 0.007082015657885687
5 l 47 0.003128842364416906
5 m 4 0.1083211609206951
5 n 135 0.004375280128334658
5 o 144 0.0259167297613232
5 p 29 0.09623976231337439
5 q 100 0.0005018514883839975
5 r 102 0.020562830447486413
5 s 78 0.021428819725190618
5 u 139 0.12515254583436364
5 v 114 0.00011450015164948812
5 w 82 0.04508155583586082
5 x 87 0.03173199821803352
5 y 143 0.15267479578676268
5 z 20 0.002812996851738747
6 a 111 0.2248288791214771
6 c 36 0.04567328677561622
6 e 151 0.1451988233500645
6 f 96 0.09945835026841887
6 i 134 0.03662213517066626
6 k 103 0.07182225086569771
6 l 53 0.06826020236470831
6 q 60 0.041854110381977505
6 r 20 0.053058071147738195
6 s 126 0.07409594234689942
6 t 134 0.023295144836365966
6 v 56 0.04125523038426682
6 w 161 0.021542107938845256
6 y 103 0.01798163470824299
7 c 46 0.4333687207805803
7 l 96 0.4484462833906788
8 c 143 0.0011124408792106966
8 d 163 0.043976980103992536
8 e 108 0.04865853708534329
8 f 143 0.017088280726130556
8 g 155 0.15062719788287515
8 h 123 0.07225296343093612
8 i 152 0.1154450564608771
8 j 138 0.004593849395627236
8 k 92 0.04426154678761496
8 l 82 0.0819687735329302
8 m 90 0.004670798434666779
8 o 95 0.08751392883150977
8 p 78 0.0033648557131435997
8 q 151 0.07277999659325474
8 r 132 0.07146003685023583
8 s 99 0.021428930020362058
8 u 102 0.0168390589644144
8 v 95 0.05054648209268908
8 x 71 0.059787716898797805
8 y 143 0.01643207621814735
9 a 110 0.06653253315099761
9 e 39 0.16086606044788698
9 f 94 0.0690693879190406
9 g 152 0.17096615022565653
9 l 72 0.11077105315691305
9 m 111 0.04475318522615024
9 p 48 0.035968410511384
9 r 62 0.026059760481385252
9 s 31 0.07857824103676825
9 t 53 0.06207372190449578
9 w 78 0.052358912362668875
9 x 149 0.012818837493815738
9 y 166 0.08326571999433763
10 a 111 0.03856482180717924
10 b 43 0.14576961385392917
10 c 100 0.001962748634869782
10 d 9 0.037569193293310765
10 e 72 0.003642864476569363
10 f 101 0.0051942312763225695
10 g 94 0.009265758537244206
10 h 85 0.014809016394681018
10 i 114 0.00017993703026608632
10 j 113 0.06027089006303643
10 k 78 0.042851744622734445
10 l 14 0.09093104520951878
10 m 126 0.024115137223335137
10 n 57 0.08004670369917066
10 o 101 0.05425471480211275
10 p 55 0.00304559475155719
10 q 160 0.05064648227197932
10 r 29 6.31647687832082e-05
10 s 76 0.08581480857271773
10 u 7 0.058283460696266776
10 v 26 0.03945114451434417
10 w 76 0.006617096454990423
10 x 126 0.0025559957280697487
10 y 140 0.05700033205334265
10 z 74 0.009591236123087654
12 b 1 0.06252116825863108
12 c 138 0.04400958733978
12 l 22 0.13398253907316993
12 m 38 0.0132868756551352
12 p 126 0.047591933470355396
12 q 157 0.010773763784523549
12 t 9 0.10267364780293664
12 u 42 0.02917354286764473
12 v 39 0.34203537860281774
12 w 146 0.07788958509732691
12 x 171 0.0643141726613824
12 y 42 0.03149367959485727
13 a 161 0.03653088951734429
13 b 129 0.0068263675467524765
13 d 154 0.014293332807773451
13 e 145 0.03501078169551075
13 f 102 0.13877238195639885
13 g 157 0.05524581938931117
13 h 143 0.008615633530013933
13 i 22 0.020210122429096145
13 j 38 0.03304726838366434
13 k 124 0.04791492961306221
13 l 158 0.1277876134776592
13 m 74 0.0072321686592088374
13 n 121 0.03487302464944386
13 o 151 0.019927629809455505
13 p 1 0.0007823967378493002
13 q 166 0.03373215088779802
13 s 134 0.0923430777277221
13 t 140 0.04460278471674928
13 u 36 0.027333109689729906
13 v 69 0.04666454752294702
13 w 89 0.02871022275736901
13 x 141 0.0076361282359769245
13 y 166 0.06956452712706729
13 z 60 0.011314170766340559
14 e 16 0.14154877344268935
14 h 109 0.042271350185926204
14 j 97 0.045759639075002134
14 l 38 0.0559659987491854
14 r 154 0.049905701501273936
14 s 142 0.10545349501561818
14 u 77 0.07974688034576372
14 w 53 0.18892188924718378
15 a 84 0.029783858546018505
15 b 165 0.015774151508396894
15 c 152 0.03331897286134178
15 e 52 0.02867145506047164
15 f 78 0.0019985213874743613
15 g 95 0.028803208156001237
15 h 69 0.004382756551463696
15 i 155 0.2525899981267813
15 j 115 0.05251558381966415
15 k 127 0.051427754215122023
15 l 58 0.018890707692274522
15 m 70 0.03066010108537598
15 n 64 0.036521706486441485
15 o 24 0.08350528522949696
15 p 85 0.02912762125883439
15 q 94 0.030742151525113504
15 r 7 0.06518380444691485
15 s 166 0.0064069276839257006
15 t 92 0.010807187252062644
15 u 132 0.03939208925301507
15 v 90 0.07381491749992308
15 w 96 0.06383786742149944
15 x 35 0.00044289028409383313
15 y 71 0.0010971625932878482
15 z 19 0.008180260268587203
16 a 128 0.005025017114092534
16 b 157 0.0526952855567967
16 c 161 0.047794734654281856
16 d 114 0.032474196158091106
16 e 90 0.00526356499759062
16 f 162 0.011949108218351379
16 g 66 0.02815440160998861
16 h 30 0.10703721720469428
16 i 116 0.10675526522875567
16 j 0 0.04085778437141596
16 k 5 0.08351072410001681
16 l 120 0.0036408443918499733
16 m 96 0.03320629099458261
16 n 67 0.009999545089742101
16 o 162 0.0015966469834634012
16 p 126 0.041285823106056774
16 q 139 0.011837283464572357
16 r 102 0.0016784158261745619
16 s 113 0.03939881239522458
16 t 136 0.012817930522419974
16 u 111 0.001818386172226849
16 v 47 0.054917704708614345
16 x 143 0.021611489972431452
16 y 112 0.06494602642856873
16 z 60 0.07511475617057406
18 b 107 0.006550124481371489
18 d 73 0.008536893511465915
18 n 87 0.32848155514588984
18 p 51 0.19302940475128116
18 y 63 0.18763574881571798
19 c 32 0.10963022970120828
19 d 96 0.0013541538059900216
19 e 75 0.0055547055192995964
19 f 140 0.07245726717293954
19 g 110 0.05122056551875698
19 h 138 0.04384359796635018
19 i 58 0.0042393475577211515
19 j 51 0.06684563191268744
19 k 45 0.123127934044446
19 l 125 0.042498322213400885
19 m 65 0.10585260397185525
19 n 59 0.06997489190305117
19 o 43 0.008831664341735879
19 p 108 0.0024282692631789615
19 q 62 0.05275859820969098
19 r 87 0.006747787401929162
19 s 151 0.04900129381272156
19 t 123 0.027379228256398935
19 v 155 0.021907413300214618
19 w 140 0.02022480583260533
19 x 27 0.011366858784854439
19 y 138 0.034952035706642626
19 z 104 0.061749396628169806
20 s 21 0.9370646847901835
21 a 83 0.02872627566373609
21 c 134 0.09517001743658049
21 d 107 0.002440196057847399
21 f 16 0.0523796433439897
21 h 108 0.004460532397819517
21 j 1 0.20483851951447174
21 k 80 0.006961367121390949
21 l 164 0.0424520830447096
21 m 18 0.06779499361261909
21 o 97 0.023400540648615187
21 p 95 0.046421415150601386
21 r 78 0.051739217169714746
21 u 153 0.07885137545959298
21 w 120 0.025070740674852487
21 y 139 0.007451960606511876
22 c 121 0.24622987575867072
22 k 86 0.16191616476073334
22 v 157 0.2574044345163372
24 d 121 0.0026977150457812016
24 e 47 0.06580329045451083
24 h 155 0.39272769107408767
24 o 110 0.1829833558602001
24 p 167 0.07267547383323669
24 u 57 0.2685287539729827
25 a 113 0.02638202984578064
25 b 84 0.07803282887783569
25 d 146 0.01263504594552467
25 f 8 0.09357721027244859
25 g 119 0.11772537772768299
25 h 85 0.02701608114648535
25 k 30 0.46538506694103
25 n 132 0.05426401103483269
25 r 152 0.018117828177521278
25 t 105 0.04184674305219549
25 v 161 0.06414989857384545
26 d 101 0.12163227753830785
26 g 111 0.09978890293915021
27 g 87 0.19158108253167827
27 h 119 0.19308045873519097
27 i 93 0.01092717958672984
27 j 61 0.1005585891135633
27 l 162 0.007412832833589067
27 m 40 0.11740226048077873
27 r 80 0.08809784491561623
27 u 139 0.06229023194945649
27 y 136 0.04756047424098331
27 z 52 0.05933546568010217
28 b 126 0.11592542246172777
28 c 55 0.006638856324415965
28 f 145 0.11840637322439107
28 i 9 0.3193756169717582
28 n 145 0.11712225643220886
28 r 33 0.015836317486351503
28 v 135 0.01783432416732733
28 w 111 0.03977202860868423
28 x 135 0.10953688948263007
29 a 35 0.04121241092959982
29 b 50 0.04542214589221827
29 c 111 0.028517850571216585
29 d 17 0.014894248501568952
29 e 43 0.026593637649586666
29 g 69 0.023253675952790265
29 h 140 0.0026931257592510693
29 i 19 0.014699447038961422
29 j 62 0.0516320520228174
29 k 26 0.07136761947618409
29 l 0 0.05229854382331711
29 m 111 0.0016144577427408269
29 n 74 0.01577376331511704
29 o 111 0.023050234755176424
29 p 82 0.058446716054031844
29 q 89 0.031351262161246396
29 r 160 0.13187581941501458
29 s 129 0.019817368615762332
29 t 102 0.019777158897119396
29 u 148 0.05797764811086725
29 v 37 0.11395846115636055
29 w 61 0.009860059214122918
29 x 134 0.03706970344234073
29 y 165 0.021254156977315253
29 z 78 0.07886737937665578
30 a 118 0.20688295783116628
30 e 108 0.0379310080514329
30 f 65 0.3552080812486871
30 h 159 0.008001983490735443
30 i 120 0.19424870811663175
30 r 164 0.08205040234982597
30 s 163 0.005912142859856417
30 t 65 0.014784450229201496
30 u 84 0.032234339678670176
30 x 27 0.05539019441521553
31 c 60 0.13669809290120072
31 d 2 0.01968213306360267
31 f 8 0.16247933114477553
31 h 5 0.017128783709370765
31 j 31 0.026214997623930203
31 m 13 0.17198287731193407
31 o 88 0.07827831217841841
31 p 125 0.02669758655854182
31 r 81 0.1075429615663287
31 u 114 0.007544319956296119
31 v 28 0.04726402732370505
31 x 93 0.16565555397236298
31 y 117 0.0027108406635819593
32 c 80 0.1457607257161574
32 d 102 0.05523995031109297
32 e 37 0.003938491243257403
32 j 80 0.035994646363265326
32 k 31 0.049057554821756444
32 l 118 0.06851493211183013
32 m 130 0.28839038014963536
32 q 39 0.0434420371133758
32 r 166 0.04621664420180083
32 w 34 0.031742349842656115
32 y 105 0.024763579115351764
33 a 7 0.02314688487683847
33 b 157 0.018451956862492014
33 i 136 0.012682265882981048
33 p 114 0.09671639074985372
33 q 145 0.11899773142175696
33 t 65 0.06617622646039911
33 u 81 0.046308253301256985
33 w 130 0.06845302770280948
33 x 154 0.10832327606844105
33 z 78 0.4249367240951408
34 b 10 0.014728287073658808
34 c 60 0.0017907193403027266
34 d 40 0.03997247134027082
34 e 4 0.11694608342606705
34 h 47 0.14377499266704297
34 i 119 0.03220745094589117
34 j 64 0.007599568994004713
34 l 90 0.029582748064097997
34 m 146 0.006228297405671546
34 n 17 0.019031166908716646
34 o 156 0.16120060185568363
34 p 97 0.11266721397724089
34 q 71 0.005652383478997547
34 r 32 0.05769840311733443
34 s 93 0.04276191107254623
34 u 45 0.0020383362411812156
34 v 33 0.0004915320005351997
34 w 141 0.008057539926212831
34 x 131 0.05161576579896687
34 y 5 0.028905410519364905
34 z 92 0.07943597611827169
36 a 133 0.07214943918693761
36 b 47 0.27262026532282513
36 c 151 0.0011991565434332774
36 d 44 0.06082433040459356
36 e 94 0.009693889771008934
36 f 75 0.09759440309363221
36 g 23 0.14393073380039378
36 i 107 0.06641415191303823
36 j 59 0.03691665320079918
36 n 57 0.04501265633391238
36 p 110 0.03397981797227567
36 s 147 0.014196933962087988
36 u 127 0.05670834431695182
36 z 75 0.02236744807564439
37 a 40 0.0053064064666940025
37 b 160 0.021042331208050213
37 c 122 0.09311405587946164
37 d 155 0.009857679066964886
37 e 81 0.15267922443453208
37 g 78 0.11695394561757833
37 h 58 0.0063889651626115596
37 i 3 0.0018282291577490506
37 k 85 0.06895180589691807
37 l 149 0.03846670120168627
37 m 38 0.007486701029897791
37 n 68 0.04616062152812972
37 o 156 0.008702473759434337
37 p 134 0.09559789745851943
37 q 129 0.011521695345956595
37 r 120 0.006263765633128693
37 s 47 0.042902333781041135
37 t 135 0.07571147052133065
37 u 13 0.02728353323129984
37 v 133 0.049783657491327626
37 w 44 0.012713601391418639
37 y 141 0.08170009403407263
37 z 171 0.008273418418590195
38 a 7 0.08693221152840225
38 b 126 0.012936406690554403
38 c 113 0.03900887917341456
38 d 10 0.008461412212915298
38 e 32 0.0385345471070091
38 f 12 0.03878918058819658
38 g 8 0.018413849486246137
38 h 17 0.005315492138796896
38 k 143 0.01713118090392718
38 l 96 0.056103856519749584
38 m 163 0.03296439244268001
38 n 155 0.23341573234230995
38 o 18 0.041920678626003904
38 p 82 0.008630265217296151
38 q 121 0.035012049425575564
38 r 66 0.030200840183488564
38 t 28 0.027537505512825522
38 u 132 0.01729392631303217
38 v 55 0.014460403016363088
38 w 169 0.023201783647764374
38 x 6 0.07953595581043982
38 y 23 0.11730826509161207
38 z 155 0.01542838001432656
39 m 21 0.10199986485596957
39 n 77 0.26062183428086005
39 t 121 0.3050321131790882
39 z 81 0.2879310059882225
40 a 136 0.0039666652691179305
40 c 33 0.03467652138993571
40 d 82 0.005491926198757824
40 g 37 0.0717708709539071
40 h 82 0.09316374632776336
40 i 124 0.021442703179072042
40 j 86 0.0876766196164035
40 l 26 0.16099881109009007
40 m 129 0.020616198384696638
40 n 85 0.0030495802005229278
40 p 60 0.037335559897367476
40 q 75 0.03347711911295548
40 r 97 0.024346268450904818
40 s 1 0.011751081021324938
40 t 2 0.08183846263881234
40 u 6 0.04100288347219161
40 v 137 0.03915737159196109
40 w 72 0.03736120110859209
40 x 12 0.051807891547633544
41 b 143 0.07533159581293969
41 c 18 0.11236652644813205
41 d 45 0.06883549957364699
41 e 39 0.004385810770082599
41 f 24 0.04323232498397267
41 i 94 0.008989268498100333
41 j 10 0.009493217791058717
41 l 116 0.026579954706019926
41 m 122 0.021129342813953844
41 n 106 0.05328034852282082
41 o 26 0.02658135028092079
41 p 163 0.02766574302652436
41 q 9 0.052025261551699065
41 r 26 0.03315454681262764
41 t 141 0.05722554323927398
41 u 169 0.03209495384388672
41 v 151 0.05328338990727488
41 w 88 0.09906036053250511
41 x 30 0.0247205066523819
41 y 133 0.09403350761665097
41 z 118 0.056659151670904295
42 k 17 0.1278420525931201
42 l 134 0.002600556996352643
42 m 39 0.11590430878856328
42 t 32 0.5336253044194526
42 w 87 0.1460175690173925
43 n 123 0.831416115053291
44 a 141 0.022747364407884274
44 b 11 0.0012778345206794217
44 c 110 0.030031197957839262
44 d 152 0.020404704852652222
44 e 127 0.040561199686579896
44 f 103 0.07047728077608739
44 g 133 0.09159812037807358
44 h 10 0.03437711820408951
44 i 2 0.07755991323512879
44 j 124 0.00424837584300497
44 k 165 0.022690334045499028
44 l 15 0.01946504887900946
44 m 45 0.014613168858504944
44 n 140 0.02771164750637778
44 o 116 0.021414484094767317
44 p 122 0.022400822034169487
44 q 125 0.034713321428362365
44 r 94 0.014913407134158452
44 s 37 0.1069794528211141
44 t 15 0.06145241826363723
44 u 82 0.09911057079524233
44 w 51 0.010226154929034892
44 x 124 0.04936045456297655
44 y 140 0.03159889861101428
44 z 1 0.058971050393646474
45 c 167 0.011133305307232444
45 g 39 0.11694104824566876
45 r 89 0.17978118525113884
45 s 47 0.062496288205873385
45 v 37 0.016791057556984845
45 z 44 0.09205307599434265
46 k 126 0.17927546079688694
46 x 41 0.03889488694310117
47 b 94 0.2501067011689926
48 a 126 0.00042302427491291983
48 b 93 0.0025464135033066437
48 e 35 0.08400458367617092
48 f 57 0.16717561875213138
48 k 4 0.022161692283334866
48 l 27 0.2501294418594301
48 n 66 0.11009544373811075
48 p 12 0.057740158306541556
48 r 2 0.1724241346136769
48 s 17 0.045322567578782835
48 t 126 0.012246853278829017
48 v 48 0.07081755932280165
49 b 97 0.10150862466204003
49 c 71 0.08294268518125791
49 d 57 0.00016829040823895802
49 f 104 0.17529035900252987
49 l 37 0.15381212236112507
49 y 77 0.3575899326952672
50 a 41 0.08780018778608323
50 b 57 0.03993704338672621
50 c 100 0.05326073137310228
50 e 53 0.02186766090304182
50 f 158 0.045626897361666696
50 g 40 0.021173279727882965
50 h 90 0.0390740034803474
50 i 60 0.05363684947270675
50 k 82 0.010931149140291363
50 l 166 0.08048668186311769
50 m 3 0.07220027812354723
50 n 125 0.07035199459806396
50 o 33 0.008116000829516246
50 p 87 0.05378505978631243
50 r 27 0.017297798757597294
50 s 119 0.1486617347353988
50 u 146 0.005358089129751775
50 w 26 0.0166368735615694
50 x 166 0.031979623394437495
50 y 143 0.03178015284270197
50 z 114 0.08191914135053535
51 a 157 0.03276464312153182
51 b 162 0.015590347262308235
51 c 81 0.07042873446492026
51 d 57 0.03907481092877818
51 e 122 0.009120112928560298
51 f 24 0.04804964144346202
51 g 30 0.002937548926481237
51 h 104 0.05649210798997506
51 i 2 0.02003007857710426
51 j 15 0.07098326165401736
51 k 28 0.013180915991664821
51 l 78 0.0514870616391252
51 m 87 0.011797225356398822
51 o 169 0.06143906026232604
51 p 137 0.11138410982056957
51 q 73 0.011155099099789734
51 r 159 0.054446391226721236
51 s 45 0.033616560527670925
51 t 149 0.033771480989509994
51 u 84 0.04369183975732682
51 v 36 0.0350331213700541
51 w 43 0.021450240013556998
51 x 99 0.0029633220521567694
51 y 109 0.030298584802224582
51 z 86 0.11438328023934963
52 i 58 0.33889355650300945
52 l 77 0.04142542294007623
52 r 95 0.16789248121858957
52 s 62 0.06850524307061912
53 a 113 0.052326575513719775
53 b 171 0.00027877175340018656
53 c 137 0.031065192748257475
53 d 89 0.0019453282486096013
53 e 14 0.11581792857422601
53 f 5 0.0038168114984252766
53 g 65 0.024235446132137795
53 h 167 0.10114118038138087
53 i 123 0.0061761636306224554
53 j 47 0.02564105627822999
53 k 59 0.032613234376441036
53 l 62 0.003398759681833341
53 m 105 0.013511869672008903
53 n 81 0.09159454727642558
53 o 101 0.005849752914669271
53 p 76 0.01185427218241275
53 q 92 0.045018894021744416
53 r 113 0.03705569244886686
53 s 46 0.03853777886420673
53 t 59 0.018127464701545914
53 u 149 0.06434682038316397
53 v 28 0.04446866106530889
53 w 119 0.007908774118230877
53 y 43 0.07290444523749806
53 z 145 0.012225138656626333
54 g 9 0.027023591971420124
54 p 129 0.3030960115957182
54 u 117 0.052421398756703264
54 w 170 0.11556809567572035
54 y 62 0.4291554568816214
55 a 39 0.015032671626659555
55 b 95 0.019140583962054314
55 d 4 0.10495585261852391
55 e 154 0.0012969021370001776
55 f 126 0.009765999804736802
55 g 32 0.015468350525774
55 h 3 0.06889336121727574
55 j 136 0.007554820051983602
55 l 116 0.07494649031083833
55 m 80 0.03868800790908644
55 n 162 0.06280557430986733
55 o 158 0.04043198012391025
55 p 150 0.010336079165278234
55 q 144 0.05662032853081389
55 r 95 0.13756885999412938
55 s 38 0.00887904014964569
55 t 156 0.06129529753953644
55 u 8 0.004096930755851269
55 v 102 0.02974368891222945
55 w 39 0.024293308789289814
55 x 93 0.02802780044999209
55 y 77 0.021625715587738625
55 z 94 0.026452343338343787
56 b 47 0.36056173249497625
56 j 4 0.15646707470572063
57 y 30 0.13089857272321515
58 a 141 0.00513008448934138
58 d 59 0.0403916359181109
58 g 162 0.09996526361461466
58 h 125 0.013646745353833478
58 k 165 0.02664246440778595
58 n 85 0.03953241936398666
58 p 6 0.1263012863544738
58 q 98 0.029700680561136727
58 s 42 0.45303629771362086
58 u 2 0.014598664360048752
58 v 126 0.06711079131635822
58 x 60 0.03821568689607702
58 z 22 0.0439474593151894
59 g 17 0.12189054066780436
59 m 18 0.03381782171025005
59 n 136 0.10117494542546823
59 o 72 0.3544276286185486
59 v 77 0.2656001828006219
59 w 138 0.02394355404102111
60 a 72 8.910856639543496e-05
60 b 74 0.04870468221956503
60 c 143 0.09349745806535081
60 e 113 0.00467665045184773
60 f 163 0.02171639805721104
60 g 94 0.009144487445394978
60 h 20 0.03691973553690309
60 i 68 0.03619276306984176
60 l 70 0.06987473322553794
60 m 118 0.0963535157083164
60 n 11 0.027371934649651486
60 o 42 0.03297210212405077
60 p 105 0.11791975976137214
60 q 37 0.05614142349332052
60 s 43 0.11139930240067608
60 t 113 0.022601195680661323
60 u 137 0.007494817738983861
60 v 115 0.007061440157436705
60 w 140 0.01130203888037229
60 x 85 0.11819025282340112
60 y 71 0.0020775628332683205
60 z 69 0.06765280106406002
61 b 53 0.13778200277276997
61 c 148 0.054673856171501445
61 d 68 0.029913718902942477
61 e 43 0.20964284357595186
61 f 115 0.012835176382032243
61 g 110 0.09264580087535645
61 i 101 0.10107372502252165
61 o 10 0.017665980398203773
61 p 110 0.01925972513242369
61 s 163 0.017277465306815065
61 u 41 0.11440880933997533
61 x 89 0.028562451522241683
61 y 142 0.10131008492701743
62 b 157 0.15906722194565437
62 f 137 0.008171563327235343
62 k 120 0.02738882537700471
62 r 23 0.0001203552714732492
62 s 166 0.06146565737966003
62 u 84 0.03790094932543797
62 z 131 0.6777383883432534
63 c 57 0.05183352300477817
63 d 165 0.03619245779170388
63 e 144 0.0574252716209942
63 f 14 0.05599183015813225
63 j 148 0.03234922644249627
63 l 31 0.10418337732267591
63 q 126 0.08276324430584103
63 s 110 0.16656221665706838
63 u 109 0.038646515853497876
63 w 129 0.18660398437954617
63 x 140 0.06328499666925225
63 y 94 0.02409021715821502
64 w 149 0.8631998023049049
65 a 111 0.10799907472757664
65 b 117 0.02784983807499708
65 c 158 0.007654266910206764
65 d 4 0.2545215906505133
65 e 151 0.034317898834281824
65 f 49 0.01109879898320909
65 n 163 0.06684723514327273
65 o 135 0.13007625882933682
65 q 18 0.003981799544667708
65 r 97 0.00382930199520759
65 u 61 0.0723997639109859
65 v 88 0.23183734031532366
65 w 134 0.024809336152069483
65 y 63 0.0026853710883326665
65 z 159 0.011009694691924699
66 f 113 0.12254783598876184
66 l 69 5.268719674533795e-05
66 s 130 0.36508256977590814
66 x 47 0.029030692319742868
67 a 34 0.032258507208537734
67 b 148 0.08285169981376728
67 c 120 0.0777451524841094
67 d 168 0.0020457721283404506
67 e 13 0.08834304488779054
67 f 53 0.243947250403592
67 h 38 0.03277195991189985
67 m 64 0.10966934941468442
67 o 147 0.04776043532814156
67 t 146 0.1688828790437057
67 u 120 0.04522770473180926
67 v 60 0.012492881625644991
67 x 53 0.049856279899424316
68 b 143 0.009309818901181321
68 c 4 0.19178590947213137
68 e 158 0.10077152111351573
68 f 32 0.006282535545655499
68 g 9 0.06243140252820201
68 i 26 0.10952304904185639
68 k 36 0.0037862686580473204
68 l 33 0.004044886293959604
68 n 8 0.027279480689777147
68 o 91 0.009432177543515552
68 p 21 0.18493783115445717
68 q 59 0.047727868854832156
68 r 150 0.03231416154275857
68 s 68 0.0202204876147577
68 u 71 0.009422632035206435
68 v 2 0.08934522438830994
68 x 6 0.0016061737459907022
68 y 144 0.013187476068888482
68 z 102 0.02484927204010301
69 a 80 0.10481627670724092
69 b 109 0.10504643217024556
69 c 5 0.020944896011258707
69 d 16 0.007673773677919882
69 e 140 0.06900686758450725
69 f 84 0.05673467353673012
69 g 106 0.11989990064810807
69 h 100 0.05447939767978749
69 i 127 0.02446481436053749
69 j 84 0.04474394940057447
69 k 108 0.0031015238521912014
69 l 42 0.027843806007922578
69 m 29 0.007881471405695728
69 n 139 0.1430515893251415
69 o 15 0.00015227411000584556
69 p 41 0.004705882000106687
69 q 16 0.024291783254440147
69 r 150 0.058631210899217745
69 s 70 0.012299874003018019
69 t 4 0.02874279034035554
69 u 29 0.015291492297112463
69 v 159 0.006697792055729179
69 w 22 0.012000317716570619
69 x 148 0.0077009218875165875
69 y 10 0.009111010573109257
69 z 153 0.024226112374518993
70 a 11 0.15720456597913812
70 b 67 0.007961282033360995
70 c 119 0.004069890544608934
70 e 152 0.030590337695942105
70 i 56 0.0762341654709181
70 k 111 0.0018476419076862705
70 p 102 0.03645819761850522
70 q 100 0.002579112542167805
70 r 156 0.13862999416827282
70 s 17 0.012619797888501094
70 t 160 0.05378362499901379
70 v 136 0.17139382915838375
70 w 158 0.038176735171066234
70 x 24 0.1287156000099703
70 y 122 0.027140404628972492
70 z 46 0.10208876673893408
71 s 54 0.5765913065337732
72 k 81 0.6463624019148847
72 s 130 0.048569520963630985
73 b 30 0.6365446290327565
73 d 122 0.2499547278019374
75 c 92 0.057661541140213046
75 f 85 0.04332461550866806
75 k 155 0.04091055809802557
75 p 70 0.041391638207876835
75 q 30 0.058694170578307836
75 r 124 0.050843250568919474
75 s 137 0.050835923350324164
75 u 130 0.2595531622280023
75 v 20 0.20704581308039194
76 a 157 0.13933759555346392
76 c 131 0.12914878051756773
76 e 86 0.09191844199933663
76 j 61 0.0515262799608619
76 r 92 0.015493992647814814
76 v 112 0.09601538085541861
76 y 103 0.007343617284985893
76 z 73 0.3341666729569802
77 a 102 0.06914599017092615
77 b 42 0.009055273217269955
77 d 138 0.009017690471315842
77 e 16 0.03129129099335293
77 f 151 0.09243551829321284
77 g 126 0.08853258888132887
77 j 142 0.10864533929536524
77 l 43 0.011754824577137835
77 n 3 0.0012240065030222347
77 o 130 0.10020817527826198
77 p 130 0.14920998627027127
77 r 0 0.04219970363906089
77 s 41 0.060843021799943386
77 t 142 0.02879250167981573
77 y 2 0.17156235998402092
77 z 12 0.021942301568308453
78 b 29 0.012402412993152034
78 c 164 0.011200358704593794
78 d 27 0.0018478153938787933
78 e 2 0.01690228537574534
78 i 110 0.17958341500709285
78 l 69 0.04859649933272747
78 m 58 0.041500199433900264
78 n 101 0.006963144326988746
78 o 69 0.05746456077493467
78 r 11 0.004361652679719552
78 u 90 0.21752150479610133
78 w 163 0.018466710249028795
78 x 60 0.11911761779991514
78 y 34 0.03682061531676273
78 z 23 0.051739822267408364
79 k 74 0.25687593873002
79 o 36 0.3319394700421735
79 v 89 0.02080191639900575
79 x 91 0.113696381739266
79 z 94 0.2025405042956373
80 a 126 0.024447491528278853
80 b 55 0.046785396175746174
80 c 85 0.024438339639347273
80 d 171 0.017662449798614976
80 e 92 0.02741840132564588
80 f 96 0.0383104603680372
80 g 89 0.0014298675730536337
80 h 27 0.027706926699754164
80 i 102 0.08054096833745916
80 j 7 0.024432563578854594
80 k 124 0.0039567082892908445
80 l 57 0.025151375315394464
80 m 149 0.015774362654415786
80 n 37 0.1521837400658621
80 o 19 0.0006975674080244021
80 q 18 0.03289508308446398
80 r 163 0.03518776646118826
80 s 103 0.0323212267085613
80 t 34 0.024785374123391657
80 u 156 0.04353302462979769
80 v 38 0.05195087263264497
80 w 15 0.03790984758829008
80 x 157 0.039535777650213766
80 y 66 0.011632461442246611
80 z 118 0.0566560059867699
81 b 156 0.03966500151846475
81 e 79 0.031019393715232324
81 f 79 0.017832003761500514
81 g 99 0.05791835203990503
81 h 13 0.09207207205336576
81 i 44 0.04649695959549449
81 j 165 0.003625050247723638
81 k 128 0.08969491897495907
81 l 86 0.06796597280803796
81 m 146 0.08245761687332565
81 o 17 0.024199139968563266
81 p 81 0.01632595124696501
81 q 162 0.0783689144654447
81 s 42 0.05115134646165409
81 v 88 0.03354416821384931
81 x 92 0.09654211893750286
81 y 60 0.05959160288800602
81 z 56 0.03336266085332695
82 b 118 0.08735797815352053
82 d 102 0.025235416439750913
82 j 3 0.2389177145123147
82 k 73 0.18984536842209887
82 l 121 0.20144426893990908
82 o 27 0.05511725371585341
82 p 166 0.054058697246122556
82 q 24 0.01957343726963756
82 r 76 0.0008471277380645015
82 u 7 0.011137316660630558
83 b 94 0.030976990556693118
83 c 133 0.06069733211038375
83 f 134 0.013816643807733064
83 g 41 0.12740051721410972
83 i 24 0.017000395642646993
83 j 6 0.09405961637858373
83 l 116 0.1429495953464177
83 o 9 0.11282485503114958
83 p 34 0.048175638180940505
83 u 155 0.12936264584731083
83 v 2 0.100637947693073
83 w 77 0.036956705503416565
83 x 75 0.03471149516528638
84 a 22 0.01205811029806303
84 b 157 0.020829461363057522
84 c 126 0.01370911320287116
84 d 68 0.0347247411561773
84 e 74 0.04007641603969492
84 f 40 0.14054039487226155
84 g 120 0.03137795219219419
84 h 70 0.04429955271024455
84 i 160 0.02646839906139431
84 j 128 0.05877861437892595
84 k 21 0.002644825550107255
84 l 169 0.02471218821290444
84 m 157 0.04703884112600576
84 n 162 0.059505119401620954
84 o 130 0.12557026091272117
84 p 55 0.0610132246738595
84 t 130 0.031041643224450022
84 u 119 0.029023751718518898
84 w 64 0.03216748938395053
84 x 108 0.13434305136340885
84 y 119 0.01403105082551026
85 a 17 0.15971465314577538
85 b 82 0.001580337692505096
85 c 136 0.011670410850755708
85 d 85 0.026692475068595733
85 e 40 0.10290884434318814
85 f 62 0.011840148721739996
85 g 150 0.013940911936382916
85 i 108 0.06287232569832157
85 j 56 0.01803449716677219
85 k 161 0.017695004185533048
85 m 154 0.04466301384401017
85 q 47 0.0011697416405817007
85 r 62 0.037984138523849964
85 t 47 0.22157962011555588
85 u 32 0.0389451080230121
85 x 148 0.08527140379674714
85 y 104 0.021660204681885453
85 z 119 0.056830627488425156
86 a 18 0.04760212851017098
86 b 5 0.016127738834119554
86 c 47 0.14945160238141864
86 d 76 0.0066884235209510035
86 g 91 0.0220941977722785
86 j 34 0.1140963441735875
86 k 126 0.05216096039232654
86 l 31 0.04437581206192753
86 m 125 0.017152585010002497
86 n 110 0.008969229169154547
86 o 135 0.06797911481592611
86 p 137 0.018799421219189538
86 q 39 0.013332261872400109
86 s 45 0.11368744049276036
86 t 101 0.04490164279230635
86 w 4 0.08432360234229952
86 x 34 0.051603174362430004
86 y 34 0.01767031432665611
86 z 51 0.10222331049236988
87 a 151 0.004839396317865452
87 b 147 0.028700126261567593
87 c 121 0.1533233261738166
87 e 45 0.05866602620167216
87 f 50 0.04209173798544186
87 g 17 0.006162812782930738
87 h 123 0.005417046527270486
87 i 121 0.05454844549753335
87 j 163 0.0016043334052963099
87 k 161 0.021575979213377172
87 l 164 0.07910004985807073
87 m 82 0.12705177771424636
87 n 159 0.011621304920431008
87 o 98 0.0238216875700078
87 p 166 0.03158618707938077
87 q 140 0.0224064377854315
87 r 21 0.037880171779460015
87 s 102 0.0007526567413214114
87 t 2 0.013169020526324071
87 u 146 0.01330700994951195
87 v 85 0.057898489796161745
87 w 70 0.04573257529692798
87 x 37 0.05628829553594461
87 y 124 0.04748875887190962
87 z 105 0.003343027734038162
88 e 59 0.5354260527990783
88 k 151 0.009607344578647203
88 t 35 0.27606620677875493
89 a 102 0.00963835269744151
89 b 130 0.03500569758466554
89 c 77 0.017636014370422948
89 d 107 0.15763527622245654
89 e 74 0.07900197111628648
89 f 4 0.058099283038126726
89 g 16 0.006943645570335111
89 h 76 0.017001618294028464
89 j 53 0.036362693047702344
89 l 86 0.09805044634642246
89 m 49 0.09581113468760494
89 o 10 0.048850168480154665
89 s 5 0.011604311648395482
89 t 112 0.17646229429230942
89 v 114 0.04223683258585542
89 w 52 0.09951770510168212
89 x 37 0.009616071487196343
90 a 150 0.0584766339588797
90 b 4 0.014565741642286523
90 c 23 0.020261237400535537
90 d 67 0.019651965384003378
90 e 13 0.007681235486424298
90 j 94 0.012929554689079192
90 m 75 0.2591686692791706
90 n 66 0.02002773789530965
90 o 112 0.003804367846130141
90 p 18 0.04689328237470869
90 r 147 0.09743316372519017
90 u 132 0.0026246150163670157
90 v 86 0.06100849803661201
90 w 15 0.09691386627662457
90 x 13 0.019054274857282505
90 z 73 0.04133715920769099
91 s 133 0.022469031871779954
91 t 162 0.06583436614015159
92 c 12 0.2014505650105295
92 d 86 0.2822674678556647
92 e 6 0.07385812997024566
92 f 69 0.05551476404360356
92 g 157 0.0363577457006683
92 i 155 0.010867194049258067
92 k 96 0.04685284772988507
92 l 145 0.03934634353248123
92 o 127 0.038957090445172926
92 p 128 0.029031263316736666
92 q 80 0.07579956218529038
92 r 133 0.02264988941061874
92 t 44 0.030069610919023715
92 w 132 0.01873232847341033
93 a 6 0.002460648145071076
93 b 43 0.016987883567414652
93 c 98 0.009789141301106197
93 d 101 0.010348447776257874
93 e 129 0.08729477241946748
93 f 161 0.017930432155704557
93 g 90 0.0619620629523604
93 h 165 0.04626860020944479
93 i 92 0.0005868372234713037
93 j 147 0.009459664437256321
93 k 153 0.1624804826629478
93 l 109 0.07377162355508393
93 m 132 0.032364231471192606
93 n 152 0.0415414969800223
93 o 112 8.96988419777367e-05
93 p 61 0.010476464030252153
93 q 171 0.025552112340616273
93 r 41 0.08656984348144614
93 s 79 0.020943613286590446
93 t 18 0.031247752278657503
93 u 27 0.009204140756515433
93 v 75 0.01135232865753455
93 x 69 0.16687279222066798
93 y 120 0.023509967267890564
93 z 97 0.004504866919517236
94 a 19 0.017149490719222116
94 b 16 0.14818060700416102
94 c 138 0.051097365746941126
94 d 18 0.0014089606121325815
94 e 143 0.0042180188075381375
94 f 163 0.05733548617044648
94 g 53 0.031281386538938305
94 h 18 0.044334483516528134
94 i 147 0.09010965354026645
94 j 40 0.051113432488299027
94 k 134 0.14357454251757595
94 l 73 0.010037252951614617
94 m 28 0.058323973238817106
94 n 98 0.00695283705447336
94 p 83 0.04239041348020445
94 q 124 0.007466507604211747
94 r 36 0.02132931384761283
94 s 161 0.010868133913847222
94 t 137 0.004027368871441395
94 u 16 0.07437602977261182
94 v 31 0.023516978654026577
94 w 137 0.006184723932442182
94 x 104 0.030505545668619516
94 y 27 0.03216359438660621
94 z 129 0.005085651388782253
95 a 88 0.053793053197080054
95 b 59 0.01991227398940887
95 c 138 0.011655829154622266
95 d 126 0.03959990552646664
95 e 67 0.04367911091280585
95 f 59 0.03352121212138881
95 g 100 0.07851494596435216
95 h 102 0.051110157711650506
95 i 162 0.0043366619079304725
95 j 35 0.02304663305014054
95 k 15 0.01672980733905871
95 l 159 0.002673561431672189
95 m 43 0.053880179231548864
95 n 27 0.02208046153533183
95 o 170 0.0058109348711884445
95 p 80 0.023704180452689405
95 q 31 0.045040344910262764
95 r 39 0.02436389674715378
95 s 162 0.009153309498714624
95 t 99 0.004010186096696788
95 u 10 0.003134688741959768
95 v 29 0.17496209503310245
95 w 27 0.12286402155349696
95 y 81 0.025253284378710328
95 z 51 0.052698386107254636
96 d 143 0.12020567906765367
96 e 28 0.0007712161480522006
96 g 60 0.0024217243293213064
96 n 112 0.005055756041860704
96 p 80 0.0841911755108451
96 t 95 0.0866131995897067
96 u 8 0.2588626422475462
96 v 71 0.05040153680592929
96 w 98 0.021010496075415386
96 x 72 0.2433810883628571
97 a 85 0.2675652670564158
97 b 141 0.3048290407073493
97 j 98 0.13985698647045697
97 r 147 0.2839995705875571
98 a 104 0.08822534564246609
98 e 18 0.18549495329483112
98 j 101 0.2691113846964813
99 a 84 0.0316723784293822
99 b 170 0.020549232401641304
99 c 81 0.005228677593377085
99 e 113 0.03917540613878334
99 f 18 0.16778731104410993
99 g 76 0.017215641388711123
99 i 76 0.013248901249764411
99 j 51 0.04794545402047612
99 k 14 0.026714859267933933
99 l 6 0.12965951263926156
99 m 95 0.011967256612495425
99 o 133 0.05416831952716994
99 p 124 0.03416258111843373
99 q 167 0.026268752297245568
99 s 163 0.0715033544590733
99 u 72 0.01794261725141033
99 v 3 0.01326544189492429
99 x 121 0.07087351041731405
99 y 67 0.1361642459932466
99 z 13 0.041734497541367266
100 k 20 0.2666010338317647
100 l 57 0.3333512304779963
100 o 29 0.07233375785190188
100 r 35 0.23618500390978758
101 a 26 0.05877813984740865
101 c 2 0.10822304815350658
101 d 29 0.037314922004243356
101 e 160 0.0374451219662445
101 f 84 0.06169076838138998
101 h 99 0.048726797083384454
101 k 12 0.0735572450212364
101 l 79 0.0036897083192160007
101 m 135 0.05191875174542271
101 o 86 0.047028139994049534
101 p 35 0.0455587457216996
101 q 97 0.08938927739167424
101 r 140 0.003561260173764902
101 s 73 0.17706305595691596
101 v 148 0.0011700589821675988
101 w 165 0.10966595298941029
102 a 42 0.021532862912265083
102 b 123 0.0025110307146737343
102 c 82 0.023749588076149575
102 d 170 0.06415071006692652
102 e 1 0.025935947329606135
102 f 151 0.09392302852355117
102 h 22 0.012397301518617954
102 i 36 0.1066736786941207
102 j 113 0.028721042366274263
102 k 3 0.01744841505633976
102 l 85 0.010312102379694932
102 m 156 0.038468389373103484
102 n 90 0.026913998570062603
102 o 116 0.08958922696150762
102 p 53 0.0029180610659854667
102 q 122 0.08316560710446086
102 r 141 0.028201564093052744
102 s 84 0.008409659737081299
102 t 130 0.02842047028042516
102 u 26 0.01909590886535595
102 v 149 0.0044189548929589595
102 w 122 0.005339118129757292
102 x 52 0.11375966986487529
102 y 3 0.006813005101932279
102 z 30 0.07583868461120935
103 a 119 0.01956019600545622
103 b 97 0.012116510508196066
103 c 96 0.1226364787925529
103 d 161 0.008421815492164253
103 e 133 0.13099043753789186
103 f 148 0.03606006918937055
103 h 5 0.022970667235339248
103 i 127 0.002832974177643055
103 k 86 0.06628181188043991
103 m 1 0.029236313932882618
103 n 73 0.00043558497527185214
103 o 78 0.04187700301550357
103 p 162 0.11033937961092288
103 s 94 0.032624215891696506
103 t 73 0.004683473317218856
103 u 10 0.13017351976560454
103 w 23 0.10943678074690044
103 x 24 0.02557275507855672
103 y 171 0.00818628985808123
104 a 32 0.01189982970053205
104 b 144 0.017188472541427746
104 g 58 0.04303312964813455
104 h 13 0.10617811621561779
104 i 21 0.029244113656380688
104 m 149 0.3863432764785466
104 o 142 0.15801979958541024
104 s 68 0.030797407010878963
104 w 88 0.062233172500068434
104 y 142 0.06629722404987481
105 a 84 0.010434139042924007
105 b 161 0.04844678709068084
105 c 28 0.0716649295194366
105 d 152 0.07099388640619131
105 e 50 0.0488148554636072
105 f 77 0.018842132780364507
105 g 162 0.07605282978747219
105 h 97 0.02529815922480927
105 i 31 0.019790399851266738
105 k 128 0.02429459820337898
105 l 160 0.09418251068382755
105 m 141 0.02273507566258881
105 n 159 0.02340900384010902
105 o 162 0.17544264183788816
105 s 169 0.015501716413419131
105 u 13 0.05863789731980096
105 v 150 0.04380218984014128
105 w 147 0.055581706242720075
105 y 27 0.012157352415280154
105 z 81 0.019419863976781526
106 l 113 0.9163047533282911
107 a 122 0.062027441962125174
107 b 78 0.1412152229880369
107 c 13 0.010217903610214574
107 e 39 0.05699455920928809
107 g 118 0.020866503668660608
107 h 91 0.11005675504603085
107 i 4 0.0012060807004343754
107 k 155 0.0898714201782077
107 n 63 0.008278009706180867
107 p 46 0.02347277747887533
107 r 21 0.0461640764160276
107 v 60 0.06611279523882085
107 x 25 0.047131515595658424
107 y 117 0.09083948614085247
107 z 100 0.22242133742973247
108 a 128 0.265560443692354
108 b 153 0.09901465715243485
108 i 121 0.13042537033952406
108 k 140 0.10088243352942095
108 p 55 0.11533827715682643
108 t 106 0.05143031294160627
108 u 47 0.05132624625724924
108 y 117 0.16683460331001765
109 a 122 0.12631264314419088
109 b 111 0.10955442346719635
109 c 91 0.06732255425952927
109 e 29 0.06885428583886688
109 f 161 0.09896390307229974
109 g 157 0.028065205571076834
109 i 160 0.03632601326294582
109 l 152 0.01992478604675796
109 n 40 0.08571303127874919
109 o 25 0.06885816968461445
109 p 41 0.0559499198156157
109 q 43 0.03915153404785676
109 r 24 0.014541188290948637
109 u 11 0.03916497487624415
110 a 103 0.03922563222465192
110 c 33 0.0028848783399016975
110 d 119 0.08329898760379262
110 e 80 0.05316206932700718
110 j 91 0.042715739928048
110 k 66 0.21263914166147913
110 m 152 0.04040902629191556
110 n 1 0.013566619115484069
110 o 112 0.009718104030866148
110 p 117 0.029820810626097094
110 q 62 0.0013638967521295564
110 r 19 0.030791266776373227
110 s 123 0.02418043827137817
110 t 135 0.06903761522642748
110 u 76 0.030182767424840273
110 v 131 0.06573946724648327
110 w 61 0.10460051241423052
110 y 55 0.011661718702576929
110 z 81 0.08617697886322939
111 a 143 0.009661336232045348
111 b 166 0.07663517548934096
111 d 141 0.15187904750349046
111 e 26 0.028221233436742654
111 g 78 0.0964733965258584
111 i 154 0.1054675708311954
111 k 87 0.05828521810281184
111 m 30 0.015198974795270659
111 n 57 0.05739548733820754
111 p 88 0.027624136925036846
111 r 2 0.013926967415946678
111 t 72 0.03649475337712238
111 u 59 0.08413873020120721
111 v 15 0.09789812354198979
111 x 67 0.02235743520611244
111 y 100 0.11622483952397755
112 b 121 0.00663474016904364
112 c 165 0.010871880681735502
112 e 141 0.0012393115964957069
112 j 104 0.07272193393420656
112 l 32 0.008548713969734667
112 m 5 0.02974867292980088
112 n 150 0.043616076417363314
112 o 106 0.08056030767941125
112 p 62 0.04121731964656683
112 t 63 0.2904551613913716
112 v 137 0.11026072732457315
112 x 83 0.07241050373829672
112 y 135 0.07976798713303435
112 z 118 0.08150411371308564
113 a 165 0.04679756021222026
113 b 56 0.005519749807056273
113 c 155 0.010539258772104265
113 g 12 0.09515331300443719
113 h 153 0.07117512896915468
113 i 48 0.006876592252524905
113 j 30 0.00574250001886889
113 k 31 0.0965584772093262
113 l 141 0.033407016901099706
113 m 55 0.11183661040762582
113 o 113 0.005967750322767529
113 p 3 0.007722507008192214
113 q 100 0.1191758005208412
113 r 43 0.0323871274634997
113 t 168 0.01801221792013641
113 u 141 0.12889583492654444
113 v 166 0.037112243646838294
113 w 27 0.06339821276396496
113 x 134 0.03855364239728287
113 y 85 0.04159073730388463
113 z 142 0.004190278829734773
114 a 61 0.00035962351873175535
114 c 16 0.14491407921041366
114 d 70 0.016796289418762655
114 e 35 0.06649627341727493
114 f 141 0.00878825720459031
114 g 60 0.033995805990459704
114 h 8 0.21454933024225176
114 i 69 0.01310441058985623
114 j 101 0.013059834753846533
114 k 57 0.018609134259062743
114 l 108 0.025711162555022038
114 m 4 0.01549296350348739
114 n 69 0.037390389382853106
114 o 88 0.05453931876492413
114 p 118 0.0016977123025226915
114 r 92 0.13710980121079497
114 s 148 0.005117850406842983
114 t 158 0.0007153154927421745
114 v 140 0.03897302305721817
114 y 28 0.023614560720538913
114 z 146 0.06868455727731981
115 a 48 0.021015470861876606
115 b 142 0.09964109301898805
115 d 71 0.042912061876474894
115 h 156 0.10800014244510425
115 j 23 0.24015524419193035
115 l 134 0.014769191607524546
115 n 77 0.019522457280953254
115 o 85 0.2033591106406727
115 r 114 0.01181463806041172
115 u 107 0.10160821561918099
115 v 128 0.007480918213286225
115 w 127 0.03719588349961067
116 a 165 0.031561879022389605
116 b 110 0.09046982313784024
116 c 4 0.04647881982648372
116 e 58 0.20955156825174726
116 f 163 0.0394502617516691
116 g 91 0.045753796331140406
116 h 159 0.07150222404878859
116 i 98 0.02699043265458345
116 k 90 0.012411933461340063
116 m 168 0.009961807664221056
116 n 72 0.04500249171121695
116 o 67 0.0007705881107501478
116 p 22 0.064230152106315
116 q 82 0.021076286677341183
116 r 170 0.013109024319445273
116 s 57 0.0206328869904433
116 t 79 0.10770213558894759
116 u 135 0.009760493800742731
116 v 143 0.06075893736079063
116 x 66 0.00015089131180079374
116 y 162 0.05018169895737368
116 z 145 0.0051508402138243925
117 a 112 0.02073664774537165
117 e 6 0.014591513282446567
117 h 145 0.24541757819681398
117 j 47 0.09871958933684022
117 l 88 0.03363492931176981
117 n 19 0.20656660741908028
117 s 67 0.2697433262200509
117 w 10 0.10980990672184654
118 a 150 0.022082453106509692
118 c 161 0.06559837741850538
118 e 19 0.16738598567574015
118 h 8 0.027039069021962403
118 i 39 0.026580069442084908
118 j 149 0.011766296556557698
118 k 51 0.003984675842301222
118 l 86 0.025034806230506135
118 m 85 0.03437653970404564
118 o 93 0.301358036398091
118 r 85 0.06459975247154959
118 s 132 0.04274593207062605
118 u 80 0.010407751836628898
118 v 132 0.05644117759045664
118 x 16 0.024924991818791487
118 y 67 0.07394799281869269
118 z 13 0.005060526740298887
119 a 39 0.0339413398010433
119 b 3 0.024274745637330897
119 d 122 0.12949833999272997
119 f 76 0.010454866521550366
119 g 141 0.11064345209686766
119 h 148 0.01828874527655644
119 j 7 0.03060913136851462
119 k 6 0.002891007595696493
119 m 32 0.05595184152702348
119 p 112 0.050826805233619154
119 q 5 0.06525286752146775
119 r 122 0.20346911921738253
119 t 88 0.035163595073476994
119 u 130 0.044744794495275686
119 w 29 0.007174395854014248
119 x 43 0.05791191602053414
119 z 14 0.07752822539988002
120 a 119 0.014148270156664977
120 b 118 0.1742961734298195
120 d 106 0.07756411424199872
120 g 55 0.022853237970027473
120 i 165 0.011151789654387012
120 j 124 0.10967858033381628
120 l 158 0.0006260693993253019
120 o 91 0.09507480976381644
120 p 30 0.07574788714852809
120 q 17 0.10901799685983171
120 r 134 0.08385464965282463
120 v 137 0.09299983287579694
120 w 134 0.039120914684024344
120 x 43 0.012189828209558051
121 a 67 0.02806531458596362
121 b 148 0.010216902802511085
121 c 40 0.041040279781562994
121 d 70 0.01715305362033126
121 e 167 0.019343833274537925
121 f 142 0.06103888947363312
121 g 88 0.052234421032655076
121 h 25 0.013265447675188113
121 i 42 0.0002223993883572195
121 j 76 0.03038287680667029
121 l 142 0.0633937936664909
121 m 72 0.002481284203915579
121 o 137 0.007206652147949022
121 p 46 0.027278096443676958
121 q 50 0.0024058522680590055
121 r 103 0.023481471356588624
121 s 35 0.008271014916827801
121 t 4 0.029912559747856227
121 w 163 0.1312391422272977
121 x 82 0.09630587118591682
121 y 144 0.1432187956723524
121 z 112 0.11576531472245344
122 v 62 0.12793439258597683
122 y 24 0.6219895333625836
123 b 7 0.11340880275211407
123 f 164 0.028631408147076876
123 g 50 0.019150151456731268
123 h 125 0.07234432200308771
123 i 41 0.00508233315761164
123 j 45 0.0022448221633477594
123 k 94 0.006853690286643843
123 m 146 0.07646684600925047
123 n 19 0.2609693948981954
123 o 15 0.010154899566971576
123 q 69 0.025959161737751923
123 r 42 0.04241206653571694
123 s 144 0.13928363265868937
123 u 141 0.019076390496395423
123 v 24 0.02144483313618295
123 x 141 0.019395299318298087
123 z 9 0.023239391222856565
124 j 54 0.04070049086384997
124 k 80 0.0032985163434227083
124 r 108 0.34090433620838645
124 x 146 0.35555332130641804
125 b 31 0.003995007782523818
125 d 21 0.00043383661036799914
125 f 167 0.039259049153612446
125 h 37 0.03867713155413488
125 i 137 0.03093969170893962
125 j 171 0.17572004674066977
125 k 31 0.09682505827379684
125 l 38 0.0214581183613769
125 m 116 0.0068347753930397825
125 o 117 0.16194647539116636
125 r 130 0.01643657460505088
125 s 151 0.013316467030207169
125 t 66 0.24064278672944517
125 u 62 0.03939000659902736
125 v 156 0.0395726616984331
125 y 168 0.02800754716615672
125 z 52 0.04234673164694858
126 a 79 0.011480855500846876
126 b 109 0.04931733776054281
126 c 37 0.03812817283518111
126 d 137 0.010643213216224856
126 e 165 0.01794444625038183
126 f 145 0.029816103428974117
126 g 33 0.02720221301338066
126 h 122 0.04038050858465703
126 i 171 0.005479556442038458
126 k 6 0.04726998442415653
126 l 131 0.10543097831568038
126 m 135 0.04603879691614776
126 n 149 0.07547500579734445
126 o 160 0.06697320578410104
126 p 158 0.08040629048955283
126 q 13 0.019977015316362867
126 r 34 0.044382276485958716
126 s 128 0.054901808601282465
126 t 164 0.05922303674460905
126 u 77 0.030427025439660693
126 v 137 0.013390902328389576
126 w 16 0.024966005166037197
126 x 95 0.040836374003831
126 y 56 0.038298263678308464
126 z 155 0.01215840866243545
127 b 105 0.07326089884598785
127 e 41 0.02735471121711841
127 g 42 0.01573435168983106
127 i 118 0.006259032065916048
127 j 150 0.10660701175407727
127 k 24 0.08217931344506157
127 l 164 0.12585658109950892
127 m 166 0.11492954375774811
127 o 152 0.008700670101227992
127 p 123 0.08573861715325237
127 r 68 0.08284527550547427
127 t 67 0.0200676774018268
127 u 67 0.012357978980419126
127 v 81 0.006461940053888338
127 x 85 0.12851038310335472
127 y 20 0.04174910615611516
127 z 6 0.06099921819322118
128 a 86 0.041148856040278736
128 b 12 0.17421881553167629
128 c 146 0.061933337118612486
128 k 25 0.07400298330605681
128 m 91 0.04496823727530075
128 n 40 0.025857863533553793
128 o 141 0.05101484951453006
128 p 132 0.04238593677736191
128 s 71 0.2644504246527436
128 t 85 0.01965827448771762
128 u 6 0.14586690330499474
128 v 23 0.00017950244525621883
130 a 11 0.0004620745167632778
130 c 24 0.004822525981918457
130 g 90 0.026501560372844346
130 h 125 0.030062512906361305
130 i 24 0.11968707668390044
130 j 122 0.03038215613770401
130 k 59 0.14143950394257387
130 l 82 0.043103047019619645
130 m 2 0.03163114032778813
130 n 169 0.013490242826209697
130 o 79 0.011144530190810964
130 p 24 0.07437373282211857
130 q 156 0.10657211609411954
130 r 32 0.03436378704431642
130 s 77 0.031103628897701907
130 t 81 0.04690909645230179
130 v 34 0.035984944709457234
130 w 164 0.0005429129028311497
130 x 79 0.15004396028087497
130 y 141 0.03803903088956739
130 z 103 0.011985020314188799
131 a 148 0.03160490201149646
131 b 119 0.015276196274404796
131 c 83 0.08852469646098704
131 d 63 0.02892062123568473
131 e 150 0.12045750840340219
131 f 25 0.01726483605874185
131 g 38 0.03002505077041484
131 h 40 0.007629947619112065
131 i 12 0.008628747638211864
131 j 51 0.013203942832689552
131 l 64 0.009968849542309255
131 m 63 0.014444258383816355
131 n 52 0.021643073643264454
131 o 100 0.045880087145586335
131 p 132 0.04111638879983315
131 q 33 0.0018287603991001822
131 r 62 0.04719230728801993
131 s 99 0.05384621459302941
131 t 124 0.0448868063917629
131 u 128 0.1474964051792299
131 v 120 0.026007956277568467
131 w 7 0.0326336997042348
131 x 133 0.10400355253102278
131 y 160 0.012928854093473552
131 z 0 0.0049639288214503585
132 f 17 0.1803644475265046
132 g 96 0.017789996312537415
132 h 101 0.03021550773510684
132 i 21 0.08831151642269519
132 k 90 0.0679207506884193
132 l 149 0.07771728316807525
132 m 11 0.04639010689166412
132 o 106 0.06038496607573984
132 p 81 0.06140442128860246
132 s 126 0.03544812557014154
132 u 147 0.006611293575022104
132 v 124 0.17656730676582344
132 w 27 0.024571613605066767
132 z 72 0.03228905435744789
133 o 103 0.5319980969451611
133 y 156 0.2613773353781451
134 d 111 0.239402826531106
134 i 148 0.1759600606323325
134 u 74 0.005143239087089468
134 v 145 0.30705106893482026
134 x 123 0.03501643250442055
135 a 65 0.02002082354245105
135 c 20 0.06304279012458136
135 d 100 0.09545029889775691
135 e 109 0.06357718995606443
135 f 77 0.09963106471060501
135 i 99 0.1494474227539333
135 k 13 0.04401542740395881
135 m 83 0.001065460768330695
135 o 149 0.0092386208646702
135 p 106 0.05747245813136226
135 r 115 0.15079500726940065
135 t 10 0.09706759132650122
135 u 160 0.016533173081213937
135 w 150 0.05341665956728936
135 y 44 0.044714936194288346
136 e 87 0.06892236661456208
136 f 47 0.20891322776197352
136 n 72 0.09517083515991753
136 o 45 0.1467783798934632
136 r 73 0.013885356920599556
136 w 31 0.2577855343260792
137 a 107 0.04789761297609729
137 b 95 0.011136716652396017
137 c 129 0.010803583266298156
137 d 74 0.016147028585240975
137 e 25 0.11255441028587598
137 h 159 0.01811050194520314
137 j 44 0.11823530048917685
137 l 127 0.005294823537157267
137 m 133 0.06073101700927308
137 o 131 0.03066811080570153
137 p 171 0.10015011560774922
137 r 154 0.024206157009211804
137 s 140 0.061219322591053116
137 t 162 0.04712398833598619
137 u 11 0.16400077861912576
137 v 170 0.015660133391867892
137 w 86 0.004333504806026123
137 x 75 0.005337331608372131
137 y 78 0.140306445793133
138 a 138 0.056677994552778777
138 c 102 0.0654667550239304
138 d 12 0.06881168204839538
138 e 122 0.02256763013345875
138 g 42 0.12260922322790935
138 h 91 0.08656397520468839
138 j 126 0.19427851558349563
138 n 118 0.055943742758438275
138 o 63 0.12468739940715423
138 p 95 0.030379259935015668
138 r 108 0.023846721033367824
138 s 15 0.006200206541074893
138 t 88 0.02435923193084033
138 u 6 0.019057280571761703
138 w 24 0.013038174452945417
138 x 165 0.08371347292430142
139 a 60 0.16351383025976918
139 c 9 0.07845782924858724
139 d 86 0.008255648265903637
139 e 46 0.06973495407379637
139 f 138 0.013801354193804016
139 j 134 0.09792113906445665
139 k 135 0.17359795304465264
139 l 75 0.030336345299013634
139 m 138 0.17142740462313422
139 o 62 0.05317561747980637
139 q 48 0.05341188951230402
139 s 109 0.016391883084484804
139 v 140 0.0010104550449545613
139 x 23 0.025667351863814192
140 a 171 0.1938736015607886
140 c 149 0.18713660978300106
140 f 50 0.14268190342349396
140 l 111 0.05857890611492855
140 u 55 0.05712119461773968
141 a 8 0.17350062685063938
141 b 87 0.0598428821213306
141 c 50 0.13792571647243823
141 e 76 0.029158487939408007
141 g 126 0.00720816851370043
141 h 142 0.005284955685576187
141 i 159 0.03584044012411469
141 j 160 0.13389318984828225
141 k 92 0.02468754325184741
141 l 163 0.026553250209771617
141 m 26 0.015169096774034663
141 n 35 0.01077210464862488
141 t 62 0.042355800227601215
141 u 147 0.006244227350687304
141 v 84 0.1842966425203475
141 w 73 0.01285597454824794
141 x 168 0.02021190677094853
141 z 27 0.033325045923680796
142 g 25 0.10476760955119935
142 h 81 0.08909807995675179
142 l 30 0.18217411634424974
142 m 88 0.005133740918550456
142 n 105 0.013058475984470519
142 o 89 0.0640689558537283
142 p 123 0.012187578040609659
142 q 12 0.11415270193338489
142 r 165 0.027399084204438484
142 t 63 0.10735895965611253
142 w 17 0.2450647493203355
142 y 140 0.010476025514239762
143 a 4 0.0014610445647263992
143 b 124 0.01596099581409427
143 c 16 0.10134351708458789
143 d 166 0.054648234431609044
143 e 115 0.03709974993545362
143 g 150 0.04664746481759929
143 h 78 0.08605492351930932
143 i 27 0.02203058668246416
143 j 6 0.010160626554563512
143 k 137 0.04786300197882476
143 l 65 0.036332236618229485
143 m 16 0.03558139082519873
143 n 116 0.011484224678975363
143 q 100 0.11205034000446956
143 r 98 0.024706511517486263
143 s 136 0.015012286664945251
143 t 28 0.0511183583887993
143 u 131 0.03096511237886357
143 v 140 0.05581751675204283
143 w 53 0.06102146439624423
143 x 73 0.016108319086334144
143 y 43 0.00014394188359534432
143 z 138 0.012715238505748183
144 b 68 0.019781070548992363
144 n 13 0.8999300380321358
145 k 16 0.49776127159801575
145 x 44 0.21316057890645124
146 b 122 0.06324198731349773
146 c 49 0.06035586636090362
146 d 106 0.007400445345397966
146 e 100 0.13429239315524655
146 f 87 0.009195097880281722
146 h 59 0.017054330070591317
146 i 122 0.00895232253685907
146 j 75 0.06621925687675334
146 k 114 0.04569641666629354
146 m 150 0.05002429106010631
146 n 28 8.184438020730767e-05
146 o 150 0.00048158564263556247
146 p 127 0.11819457853981141
146 q 137 0.015892232394384198
146 s 82 0.1351419905260356
146 t 38 0.008999164231367263
146 u 117 0.001655996567635265
146 v 53 0.025779542531626842
146 x 73 0.10518859110507017
146 y 146 0.08774309225867716
146 z 13 0.02507597113470872
147 a 20 0.013589050156462168
147 b 30 0.060605260466231714
147 c 86 0.015405525108815543
147 d 110 0.08424185272988216
147 e 50 0.04902209604199048
147 f 44 0.13956502168017748
147 g 106 0.005804890738230539
147 h 18 0.007616890909021512
147 i 98 0.028763114448629223
147 j 59 0.005668115399499074
147 l 28 0.03426219879095371
147 m 143 0.03188185909225949
147 n 57 0.04373682518950173
147 o 2 0.010426332268705596
147 p 42 0.04985446690448836
147 r 156 0.1482376759533841
147 s 165 0.018142383533580997
147 t 122 0.027997345744139257
147 u 80 0.016748195392827347
147 v 0 0.030879659554361227
147 w 164 0.011879048493253053
147 x 133 0.013265428306848515
147 y 117 0.12306298378670222
147 z 126 0.004801425075806054
148 c 146 0.039455861114758184
148 d 70 0.0200350726247428
148 e 164 0.05508263535167057
148 f 67 0.008241998153668328
148 g 132 0.009184622797883901
148 h 108 0.03357009004025657
148 j 11 0.041960590658228214
148 k 144 0.050838604068816795
148 l 115 0.07535819801502597
148 m 109 0.002347073620824758
148 n 72 0.12729182446797283
148 o 44 0.0022112875836535206
148 r 169 0.10972216838865712
148 s 100 0.01577099100786228
148 t 136 0.062167066865029486
148 u 65 0.025582783327384617
148 v 74 0.035968812885039836
148 w 36 0.012042856426739967
148 x 94 0.02771343435246798
148 y 70 0.009229370645493229
148 z 96 0.1031243098761776
149 a 118 0.16032126899170807
149 b 23 0.10923286273490973
149 e 72 0.06863320959348873
149 h 77 0.02202992222786071
149 k 82 0.007648047409303582
149 l 168 0.14940873075076477
149 o 129 0.007860349304320557
149 q 81 0.09755352395232197
149 t 8 0.09620801328788742
149 u 111 0.0462916597220242
149 w 148 0.10883113412634882
149 y 126 0.05423611508022719
150 a 74 0.033169183740113684
150 b 78 0.004757608113747924
150 c 97 0.07562040988937002
150 d 74 0.010264183341923583
150 e 15 0.00027072794580307313
150 f 23 0.006901956633731832
150 g 72 0.04127627698613656
150 h 163 0.04984987630360316
150 i 92 0.002399037986835384
150 j 124 0.007518734507116487
150 k 123 0.04079920033986906
150 l 23 0.030175944876702054
150 m 116 0.016954665045863293
150 n 80 0.03522170319628737
150 o 91 0.012292038531159899
150 p 82 0.004553395675079619
150 q 49 0.009628512462127037
150 r 1 0.020737511028710465
150 s 36 0.11946346217636028
150 t 79 0.003206119424390419
150 u 78 0.008201945908531294
150 v 22 0.1044670785490085
150 w 44 0.00764407335027617
150 x 152 0.16671363634820635
150 y 122 0.01254190217706841
150 z 25 0.06371566885527369
151 c 60 0.004922708529937259
151 d 33 0.008872171656848726
151 e 152 0.44008981861136076
151 l 135 0.11528400941005013
151 n 82 0.030895420796725137
151 t 130 0.12069897527838391
152 a 10 0.007913562387034778
152 b 125 0.13156070900226435
152 d 96 0.07996298490895881
152 e 141 0.04297264183822058
152 g 169 0.04921455401524921
152 h 66 0.04993570717297391
152 i 0 0.05218801622190694
152 j 97 0.09514797600292002
152 k 45 0.03846516479963469
152 o 148 0.01558849856245681
152 p 7 0.00557016768701224
152 q 42 0.01949377970114885
152 r 90 0.03383743086594404
152 s 132 0.08642423958979306
152 v 52 0.024642016800086264
152 x 130 0.06051073263731577
152 z 147 0.18578917570513132
153 b 101 0.09505562893528663
153 e 31 0.23778997518230627
153 k 95 0.12876666638649426
153 n 55 0.06855048563486288
153 o 62 0.0667186093848906
153 t 152 0.27240909110918743
153 x 28 0.0971273882648076
154 c 31 0.08129997379767717
154 d 41 0.012527294787056165
154 e 35 0.0647298401556562
154 g 88 0.01718209899670542
154 i 93 0.10964492684351246
154 l 160 0.020355897883218788
154 m 116 0.08673021570568507
154 o 28 0.05326479960548891
154 p 93 0.27189593542216073
154 q 115 0.14840952360178206
154 s 137 0.008703752600905501
154 t 161 0.0020718533542180007
154 u 134 0.01643025741491
154 v 121 0.047213777049464944
155 a 145 0.04439372214802495
155 b 130 0.0431962307143251
155 c 99 0.05449270825045949
155 d 35 0.03432440450419105
155 e 161 0.11291973409247102
155 f 91 0.019599022598365323
155 g 48 0.02522956139241972
155 h 70 0.026606759528071122
155 i 125 0.08948305363227038
155 j 141 0.008627277918725307
155 k 61 0.08174504306038721
155 l 83 0.08166864455556255
155 m 15 0.004864441788536844
155 n 31 0.030122823726817294
155 o 33 0.022780692933696778
155 p 29 0.004905888080894649
155 q 117 0.027666913009384397
155 r 84 0.05943243996109959
155 s 121 0.05513747951650927
155 t 20 0.04828638038933175
155 u 48 0.03711804132099128
155 v 139 0.014304345670060448
155 w 49 0.0018247562623985303
155 x 83 0.001021175593827639
155 y 85 0.028087684329840767
155 z 89 0.010245513007988039
156 a 0 0.002877294330380975
156 c 112 0.06153710407053359
156 e 15 0.013384282485347176
156 f 95 0.011232080748003748
156 g 103 0.0005395795567304518
156 i 9 0.15096530900013805
156 j 141 0.040247194482302184
156 k 6 0.05795613331421079
156 m 134 0.03556477948993442
156 n 10 0.05237653926846908
156 p 25 0.052049889716773046
156 q 113 0.0602264779315973
156 r 23 0.04905078874136359
156 s 161 0.0459341882983092
156 u 143 0.06543492652302096
156 v 7 0.0011855888105144485
156 w 103 0.02130017318107935
156 x 99 0.04371491845635733
156 y 7 0.04151870133029567
156 z 117 0.000586608945723488
157 h 35 0.1557176418822448
157 i 135 0.15801276951139032
157 m 160 0.12130622542152902
157 o 14 0.10672718212454446
157 s 120 0.24708067720007065
157 t 121 0.08006600877819192
157 x 23 0.08624417453531663
158 a 151 0.06421664300056329
158 b 80 0.050348705985660325
158 c 93 0.02814200886618723
158 d 9 0.06630915251777658
158 e 157 0.20498124966335196
158 f 82 0.021901294214249023
158 g 134 0.11398156152188621
158 h 115 0.0977830426529156
158 i 108 0.011199840302639874
158 j 40 0.005483176466303474
158 k 74 0.026139399329361268
158 l 136 0.006813198374157392
158 m 69 0.023197773178507575
158 n 96 0.06088972198296716
158 o 60 0.03176210254524303
158 p 133 0.0005969009852905272
158 q 97 0.0409542095756823
158 r 43 0.043416741343204945
158 s 158 0.03285894687669699
158 t 91 0.009579552469379027
158 u 10 0.02186150791368946
158 v 168 0.019958279892626662
158 x 26 0.005744973320531588
158 y 64 0.00919384374718335
159 a 122 0.057807835380117245
159 b 161 0.0778949235588563
159 c 154 0.0615625079950598
159 d 73 0.007545145849146895
159 e 88 0.03583574788484023
159 f 96 0.010171383664240974
159 g 117 0.05623112376245187
159 h 21 0.018914413784553497
159 i 30 0.010132283663959796
159 j 146 0.0001842728329405352
159 k 132 0.05531265438404964
159 l 29 0.0410240963813987
159 m 40 0.05707164948885424
159 n 156 0.018769464425733684
159 o 99 0.0050994072472402285
159 q 114 0.04288174444615167
159 r 131 0.029541027473826476
159 s 154 0.02220241123775546
159 t 68 0.015555028371863067
159 u 124 0.02244660901840878
159 v 138 0.0012285522297827978
159 w 46 0.015615181745485818
159 x 100 0.002331846495884027
159 y 132 0.20898939901101388
159 z 62 0.12261687589321191
160 b 45 0.11216243046774865
160 c 120 0.15515003699471797
160 m 128 0.038953887827108735
160 o 47 0.18654716477985545
160 p 129 0.11309280536556765
160 r 50 0.1919744035366251
160 t 170 0.05611528555080436
160 w 92 0.0801234539706942
161 a 166 0.004926630171466884
161 c 24 0.066315920845889
161 d 38 0.02923986922901567
161 f 55 0.05325730813332241
161 g 107 0.10712120305456185
161 h 84 0.04905237360890147
161 i 144 0.04015669465690086
161 l 57 0.07976895397746231
161 m 34 0.020478257080903783
161 q 160 0.053689689071619195
161 r 23 0.0027592765733385205
161 s 15 0.0024269067759080665
161 t 153 0.09289026111847065
161 u 112 0.009205442306291278
161 v 15 0.04122996352825126
161 w 96 0.014466650868725672
161 x 66 0.12069224820650437
161 z 50 0.045131524540525714
162 b 169 0.012327212664517972
162 g 116 0.2014779428095108
162 h 118 0.06465355455466848
162 i 47 0.04958030913705502
162 l 155 0.025710089103369804
162 p 38 0.06573593503875486
162 y 16 0.4765680217384701
163 f 127 0.07421021295045194
163 i 100 0.08289070350836047
163 j 150 0.015240037502597947
163 m 160 0.062172174467469365
163 q 72 0.09158129527396741
163 r 93 0.07193060844331045
163 w 16 0.04180054468782468
163 y 76 0.04875633873615648
164 b 8 0.03612168802711291
164 c 57 0.032417942038786784
164 e 171 0.04006034579458784
164 h 19 0.05499705109256192
164 j 166 0.019543404869912906
164 n 64 0.006241435136411511
164 o 167 0.09304106004461443
164 p 102 0.20638100865203957
164 q 144 0.019778308266412914
164 u 74 0.007100560405751688
164 w 61 0.012347150320838218
164 x 22 0.10543533175437925
165 m 143 0.030267510153707433
165 u 55 0.6692329036059206
166 c 47 0.4588302800195525
166 d 126 0.10937245592344713
166 j 170 0.012047791667940233
166 l 57 0.01594801328797435
166 t 113 0.1880754594006021
166 u 119 0.03439194599279216
167 a 120 0.03781265011532764
167 b 65 0.05287830193489418
167 c 110 0.019560720640391382
167 d 66 0.03505185106830422
167 e 58 0.002963305601756616
167 f 149 0.04726951353270592
167 g 110 0.010230757099830012
167 h 157 0.03709327164674148
167 i 51 0.029179913384333456
167 j 167 0.016539560307725965
167 k 117 0.025380600733037606
167 l 122 0.10774846000958083
167 m 43 0.020223581661908407
167 p 29 0.06741407056864168
167 q 69 0.20789276391621903
167 u 93 0.08453859946712616
167 v 15 0.040157355120594485
167 w 43 0.0047070088477432215
167 x 139 0.02417457332235351
167 y 61 0.010990339342725641
167 z 168 0.032771396291653154
168 a 3 0.04075327731419187
168 b 80 0.09201216912045862
168 c 138 0.05293020619575273
168 d 35 0.03542596114434626
168 e 58 0.13272906221065872
168 f 76 0.0009220606409440224
168 g 131 0.029904529527623458
168 j 159 0.03254336009525649
168 k 46 0.12605336833265957
168 q 38 0.11716092641701281
168 r 61 0.21610448257045378
168 s 72 0.0010721750106940098
168 t 87 0.03356212795642821
168 u 17 0.01089745186446378
168 y 17 0.028363064737493726
169 d 38 0.014371196287329413
169 g 102 0.049593235138152725
169 h 54 0.0518461272925923
169 i 169 0.2121063135411152
169 k 112 0.03704310303246827
169 m 95 0.13380583601606555
169 n 131 0.10322808982355058
169 o 156 0.006294300484144699
169 p 91 0.01900727219328724
169 q 138 0.0014334043750612313
169 r 62 0.13156497118557342
169 s 24 0.08661608399301912
169 t 42 0.07486722237863697
169 u 118 0.01234955756711753
169 y 75 0.005404043616709986
170 a 141 0.08670097978801727
170 b 25 0.011829265817998924
170 c 62 0.006207540014809165
170 d 86 0.035969431884386616
170 e 134 0.06122335813892499
170 f 57 0.008737395831964312
170 g 35 0.008591628651589689
170 i 64 0.09671627346001654
170 j 157 0.08023531196253131
170 k 48 0.0033102058578328153
170 l 81 0.032475370129474435
170 m 62 0.08864190820406426
170 n 14 0.003687546933450747
170 o 94 0.017692881057897347
170 p 89 0.031801177502372324
170 r 59 0.11292658163790692
170 s 37 0.013309556544172207
170 t 101 0.006752324032113677
170 u 14 0.049111363462893354
170 v 30 0.17128611318613096
170 w 126 0.025304446828653182
170 x 88 0.027129963010594116
170 y 15 0.0033873059975512154
170 z 41 0.012845352214233219
171 a 18 0.04022304628814555
171 e 103 0.0010837132878971367
171 g 15 0.028386218614382175
171 j 116 0.011469979002303399
171 k 147 0.10376525562049455
171 l 38 0.02899855184042699
171 m 18 0.09043678820740242
171 r 99 0.07276330908236706
171 t 68 0.060591094297746784
171 u 30 0.22248006942063037
171 v 164 0.003603581072049722
171 w 64 0.21732128885904523
171 z 121 0.06563305162392397
