159 26 1948
0 0.0332425082517771
0 0.05890673926978962
0 0.2115329160959435
0 0.046442612810388195
0 0.2726368397058365
0 0.06957038832710305
0 0.04676870284438295
0 1.0
0 1.0
0 0.011894266188155367
0 0.6557994143753966
0 0.0007245758189832197
0 0.012258808288618583
0 0.12251813041542525
0 0.13869416317283167
0 0.12203553626950037
0 0.00549085201848698
0 0.002408106397051246
0 0.04578262934260524
0 0.08031062909354536
0 0.05398726229075157
0 0.013330503568560248
0 0.1020747614333174
0 0.07003331360142928
0 0.09001484932198744
0 0.0743429944670555
0 0.018982257363543198
0 0.037667647066941146
0 0.010737326557894722
0 0.04392154923136393
0 0.2069163279899574
0 0.11706380448689613
0 0.0418137742517346
0 1.0
0 0.11839633114888748
0 0.024834135521779488
0 0.08736270174258964
0 0.08380174818145303
0 0.015784966307238246
0 0.08707482239716047
0 0.37678080354278654
0 0.4038971636103492
0 0.20864764004735525
0 0.12807930106144383
0 0.15485534866590056
0 0.02376756743130859
0 0.048751896209201284
0 0.8372066626468166
0 0.14737678421103195
0 0.10783821540194616
0 0.007662994280513424
1 0.06749564861464485
0 0.005368868365350776
0 0.02689428975501651
0 0.02427621478267805
0 0.15388001549789765
0 0.018660926490958074
0 0.0597120455358805
0 0.3609248513491897
0 0.48127188219005146
0 0.30794914087721514
0 0.007540702356544249
0 0.009742652126374929
0 0.027869758910370246
0 1.0
0 0.1660227857783263
0 0.2122624263196955
0 1.0
0 0.061680946294695005
0 0.04575819269271342
0 0.020623880610617706
0 0.041623603438548984
0 0.02896106111196306
0 0.020793338191919863
0 0.4946880580192189
0 0.14484584969741632
0 0.03340072744866396
0 0.15978415582105565
0 0.008615800726251788
0 0.07447328017724564
0 0.0040080594118236945
0 0.019053869285139968
0 0.01657014282393454
0 0.011645077746362809
0 0.09237095316925081
0 0.05221027651333088
0 0.04503260944796317
0 0.07307343775866548
0 0.014542281260095047
0 0.027912524520680604
0 0.7442640695104981
0 0.5598229204905624
0 0.05472491273411295
0 0.11224335997826485
0 0.004242695259543239
0 0.085740171870609
0 0.014386520448591233
0 0.03860972940661389
0 0.337598301060138
0 0.07107889318683791
0 0.052277055827822605
0 0.05516774295922633
0 0.28228196026314145
0 0.29023050712038156
0 0.06659721274992147
0 0.01619648785848271
0 0.3794053715428264
0 0.09113788011211754
0 0.16994277411340286
0 0.049538365200259005
0 0.21201325157476192
0 0.22773104398186939
0 0.03557972811375398
0 0.16583829114396298
0 0.040909570860027555
0 0.01900501048757497
0 0.07660651328070167
0 0.017661137304887276
0 0.24599897036944107
0 0.1429808124954246
0 0.1145150457671863
0 0.09183429661353215
0 0.1481713766860473
0 0.014647604662576419
0 0.01011983335173361
0 0.11107413693307921
0 0.07873005251944742
0 0.15180495261089832
0 0.0007271814801186327
0 0.4536568092109572
0 0.28184763023261217
0 0.02679608777809972
0 0.04524852005283453
0 0.20864875283375928
0 0.06454886641668511
0 0.14846365816612894
0 0.15215657237608693
0 0.034585186010990254
0 0.23194198704852387
0 0.03408638455514157
0 0.010983557858670556
0 0.01010838518541135
0 0.07088135485235303
0 0.02168911576658894
0 0.05183970700528606
0 0.054880460644130546
0 0.015779544144164825
0 0.014294311018429484
0 0.2857404176059589
0 0.032935151320367506
0 0.26459462559307134
0 0.012472647572657869
0 0.04934016338036451
0 0.005792094421113836
0 0.034302524222642794
0 0.020580370103592704
0 0.07271756843826527
0 0.03299247806070427
0 0.02558651971744863
0 a 78 0.15056066393031853
0 b 14 0.014961756839564355
0 c 62 0.0317728638211866
0 d 153 0.011374806243207636
0 e 48 0.010635376029167198
0 i 127 0.06390018018099308
0 j 29 0.04664190291205561
0 k 124 0.008392710738368114
0 l 116 0.09649038577430236
0 m 100 0.06075429187786663
0 p 34 0.01232431055028782
0 r 49 0.0001829049386100623
0 s 137 0.005677196808821394
0 t 40 0.31854672503840387
0 u 104 0.02872194550604179
0 v 83 0.08636259113663836
0 y 39 0.019456879422389495
1 d 31 0.18047125576937995
1 e 77 0.05444118926708463
1 f 87 0.04919460132036868
1 g 10 0.06430202672723961
1 i 4 0.004383566245053205
1 j 100 0.04917529481820648
1 l 91 0.005696416188713527
1 m 86 0.018893574686148606
1 n 68 0.07446500578797022
1 p 65 0.005912830921965151
1 q 98 0.021986082466391554
1 s 86 0.08779006210676343
1 t 123 0.19302584173673354
1 v 5 0.01214240694437807
1 w 25 0.04028911031631588
1 x 11 0.026939550840454962
1 y 109 0.038759336344984185
1 z 74 0.013225108242058692
2 e 148 0.008774293447322279
2 h 3 0.17351880493109761
2 i 107 0.10563737574682452
2 l 55 0.02916575454189052
2 n 14 0.08841631274406625
2 o 10 0.22321957775244183
2 r 106 0.05492551210877061
2 y 44 0.0998323334738862
2 z 55 0.004977119157756671
3 a 13 0.05099682113874948
3 c 9 0.07099495221483842
3 d 41 0.019704428988140843
3 i 120 0.025654732528015978
3 k 103 0.13358513041377906
3 n 109 0.3747706154399387
3 p 145 0.1038710587186662
3 r 110 0.04548140413121926
3 t 43 0.09215150740077871
3 u 128 0.03634673621548512
4 d 12 0.011947165493306988
4 f 0 0.028423095381977626
4 m 12 0.11960731716738249
4 n 60 0.16243242615313458
4 o 106 0.20211894361630733
4 q 98 0.20283421248205447
5 d 61 0.030095084971404118
5 k 38 0.06102612235010951
5 m 24 0.3281081032009223
5 o 9 0.018250538558819862
5 s 56 0.17599857299450317
5 t 114 0.06516780033306557
5 u 142 0.04192616475701261
5 w 41 0.01816826714328823
5 x 106 0.10079434332440496
5 z 62 0.0908946140393666
6 c 117 0.021564881763425303
6 d 80 0.015619872925171974
6 g 151 0.30338205302412713
6 h 50 0.0946990601436013
6 k 113 0.03173101702157011
6 m 52 0.01721801128252254
6 n 86 0.005539140776025353
6 q 156 0.12379382712337439
6 s 100 0.11627299065931529
6 t 125 0.06690333668603554
6 u 138 0.09119854796636795
6 w 137 0.01964566470761575
6 x 33 0.014000035170198766
6 y 136 0.02226465357255003
6 z 2 0.009398204333715632
9 a 26 0.019782457560758915
9 b 33 0.008086158162091017
9 c 142 0.03076610990312123
9 d 85 0.10353958627333071
9 e 120 0.027428364473755518
9 f 30 0.029489287157260846
9 g 83 0.034652993896308604
9 h 114 0.012925320777571137
9 i 144 0.0005980264822543768
9 j 122 0.01918942112415567
9 k 85 0.05228585942549746
9 l 26 0.0030843601863250747
9 m 108 0.013075200597529646
9 n 33 0.06238522358293741
9 o 137 0.029920843423154153
9 p 59 0.030937436338827173
9 q 130 0.1360661913919019
9 r 16 0.09884764908308497
9 s 123 0.02133266399495104
9 u 68 0.02693955390774916
9 v 157 0.12910670016200798
9 w 116 0.03569444378464115
9 x 40 0.02586443924921844
9 y 12 0.022632882848675595
9 z 70 0.01347456002473546
10 u 150 0.18335884800967117
10 x 157 0.16084173761493226
11 a 126 0.08624251048682363
11 b 154 0.028600761388165807
11 c 103 0.02012401000095354
11 d 156 0.030703179688055027
11 e 28 0.034902743151802085
11 f 97 0.011910007547001333
11 g 33 0.0292725932518193
11 h 98 0.02475097822279604
11 i 152 0.10070508270231249
11 j 24 0.019597357629395518
11 k 66 0.006052574389282084
11 l 42 0.0090436655022329
11 m 143 0.000927291068981595
11 n 69 0.05580206749510186
11 o 120 0.006131215762938069
11 p 94 0.05447999241007162
11 q 9 0.016923061215214474
11 r 145 0.1158697568946091
11 s 36 0.11869454350817465
11 t 131 0.10138356832290918
11 u 114 0.009996345497144454
11 x 44 0.06836576991198962
11 y 123 0.026320990833478608
11 z 122 0.0224753572997638
12 a 106 0.03266126982846018
12 b 22 0.06003606802870076
12 c 37 0.009297389120686117
12 e 141 0.004824759482199181
12 h 51 0.04001440678603341
12 j 124 0.0694906899697677
12 k 65 0.07180736803330767
12 l 39 0.10661531875182184
12 m 60 0.05153698561028097
12 n 125 0.07801449861998278
12 o 148 0.09584460964444008
12 p 36 0.11198294124580055
12 r 20 0.011233190091406664
12 u 139 0.030828674536713674
12 v 83 0.016055410172886808
12 w 8 0.0445944800876652
12 x 16 0.031537947832136703
12 y 33 0.12136518386909112
13 a 77 0.013873023516489003
13 b 148 0.01650603496866021
13 f 35 0.083182102415428
13 g 66 0.097524906003711
13 h 45 0.03151833480630484
13 i 52 0.023745773337295772
13 k 13 0.037510626405621195
13 l 14 0.03469861629360682
13 m 19 0.03779419090161951
13 n 15 0.08553974581759582
13 o 54 0.03973945599352058
13 p 5 0.03868809055850897
13 q 153 0.0011232262722764563
13 r 116 0.002385284322979464
13 s 141 0.12694992826042462
13 t 157 0.004577304774714519
13 u 95 0.06882610535775502
13 v 90 0.00029255621020851663
13 w 69 0.013863441232395579
13 x 93 0.01986109520553203
13 y 78 0.04439607679767388
13 z 70 0.05488595013225295
14 e 35 0.0080529901404649
14 f 55 0.042563445530680255
14 h 47 0.07011311242435136
14 i 126 0.020807012291782834
14 k 121 0.07063223463967672
14 m 0 0.0772974530152003
14 n 11 0.14537918857665455
14 o 73 0.09936278205798543
14 q 5 0.019835503060338877
14 r 95 0.010897924517739188
14 u 69 0.00678109224425294
14 v 68 0.08943300280324606
14 w 21 0.0005358660069866295
14 x 137 0.08629153637244147
14 y 74 0.042194687418661836
14 z 70 0.07112800572670497
15 a 41 0.008480839179769495
15 c 90 0.1479358561820553
15 d 141 0.05204566672686339
15 f 122 0.013468976369635843
15 j 141 0.06366439778251365
15 m 100 0.044067609875296565
15 n 41 0.01230080935003297
15 o 36 0.04383776587908095
15 p 49 0.020160411271313183
15 q 111 0.030033024269660147
15 r 91 0.014294056117682863
15 s 114 0.01181529442207574
15 t 61 0.21242128414532313
15 u 155 0.013773790423990073
15 v 80 0.15352824903801388
15 w 117 0.014057877012768283
15 z 145 0.022078555684424184
16 e 130 0.17584717755865387
16 g 140 0.10738888790063694
16 h 30 0.07348867909149415
16 o 48 0.04876574905911002
16 p 155 0.1461376318112203
16 r 119 0.13959968887639618
16 v 68 0.1854521443303092
16 w 18 0.07817170413933527
16 z 122 0.03965748521435708
17 e 142 0.9885823602386634
17 q 95 0.009009533364285338
18 a 127 0.04137788070992687
18 c 151 0.19644946577915623
18 d 154 0.10347266977453251
18 f 154 0.05789991390808458
18 g 72 0.018337945779702602
18 h 79 0.009704796196179477
18 j 70 0.01593219690308778
18 l 140 0.00777105844327497
18 r 153 0.11384689005407467
18 u 6 0.009668647990196733
18 x 0 0.029071399682127352
18 y 2 0.33271260700281335
18 z 110 0.017971898434237632
19 a 82 0.10825703123731778
19 d 148 0.19841947617499345
19 g 62 0.004915723754231771
19 h 6 0.06845713971992995
19 j 93 0.06629792021894809
19 l 93 0.08715037823682259
19 p 9 0.039270556496767584
19 q 28 0.06506544357403177
19 r 59 0.026027701761715982
19 u 113 0.12150700900537237
19 w 121 0.004593451068093279
19 y 75 0.12972753965823003
20 a 11 0.00013710039404801755
20 b 34 0.048419989274305686
20 c 42 0.1766836555633482
20 d 62 0.02834890631513265
20 e 52 0.07008094347398663
20 f 95 0.057413743550847274
20 g 65 0.008892304051779876
20 h 126 0.06320316768538714
20 i 3 0.02723078529934364
20 j 15 0.022746507635152846
20 k 132 0.02160222938429701
20 l 65 0.010757549189180815
20 m 83 0.05488107400919062
20 n 85 0.02573837582170113
20 o 152 0.0007346925413911354
20 q 37 0.011924091285113403
20 r 127 0.0221977848190551
20 s 125 0.049495172725956604
20 t 119 0.015519141550897286
20 u 34 0.050805292876200836
20 v 15 0.05298416626009239
20 w 25 0.01377215166111545
20 x 103 0.05350199683116519
20 y 124 0.021819636250002716
20 z 146 0.03712227926055678
21 b 5 0.0249272714183143
21 c 133 0.04789195770960064
21 e 20 0.07763690328183559
21 f 151 0.01702416391792616
21 g 142 0.05325734189762665
21 h 60 0.06211980231753833
21 i 105 0.01295043317854494
21 j 146 0.0035933338847364826
21 k 107 0.008031374440005457
21 l 58 0.04982366475010491
21 m 107 0.02408060628650277
21 n 28 0.06596976133677934
21 o 132 0.012343373378049916
21 p 100 0.07775492096968128
21 q 88 0.08010553442362633
21 r 122 0.014940042436641043
21 s 41 0.2276075724231713
21 t 91 0.01863430352757378
21 u 43 0.01220636849671608
21 v 23 0.0017480781782862609
21 x 156 0.008444333021463968
21 y 14 0.05713740235279463
21 z 149 0.02844095280391956
22 a 109 0.08298430309406157
22 b 154 0.019985762635071014
22 d 77 0.0521449959698016
22 e 30 0.044928058682291105
22 f 137 0.0016657714591284956
22 g 78 0.031862954468700244
22 i 35 0.048141172503544216
22 k 30 0.048379551288989964
22 l 9 0.12223664087077246
22 m 3 0.04930956401173037
22 p 157 0.09254384938690075
22 q 69 0.16436743838805412
22 r 100 0.05900801834426217
22 u 26 0.06735568464671537
22 z 95 0.013011472816659153
23 b 24 0.25508080850508774
23 d 56 0.05451458395445852
23 i 149 0.17899119326698865
23 l 115 0.0242762833046134
23 p 146 0.0825513928048518
23 q 114 0.006572123792540685
23 r 29 0.1521257685666132
23 u 130 0.08328043005963881
23 v 108 0.037587343202600154
23 y 119 0.05498675894117777
24 b 54 0.09759411454102862
24 e 67 0.0072950033837957395
24 g 77 0.2572253534021325
24 h 35 0.0581863361340933
24 x 51 0.01567835708375087
24 y 16 0.47400598613321154
25 a 44 0.008696752873349367
25 b 14 0.0037718836081839235
25 c 126 0.0048708129653088905
25 e 70 0.1766542322661534
25 f 94 0.08768809542592326
25 g 61 0.004208510302826318
25 h 35 0.031223695789826755
25 i 69 0.10458698414530032
25 j 107 0.009646709967578548
25 k 83 0.07919134796627891
25 l 124 0.05406440949053137
25 m 43 0.014377297382307197
25 o 34 0.009932358320701384
25 p 54 0.08001486753448128
25 q 157 0.005671200386183406
25 r 38 0.01863449335014178
25 s 32 0.0018616838703174876
25 t 88 0.03063136532437649
25 u 120 0.02198743081424992
25 v 23 0.14778217897880797
25 w 80 0.028714313213499154
25 x 26 0.0010445538492692696
25 z 112 0.00040182770734809026
26 b 12 0.03373812141829302
26 c 82 0.0002939335420486522
26 f 55 0.00458867279196673
26 g 40 0.045037240058765415
26 i 68 0.00037987223666302583
26 j 49 0.12408180917751077
26 k 10 0.0070029906044732915
26 l 156 0.13870166042010657
26 m 38 0.20768003274759161
26 n 13 0.000788355535616736
26 o 117 0.06889108818420009
26 p 126 0.03207100128357676
26 r 94 0.05103663746334963
26 s 143 0.08706951847268052
26 v 143 0.03978018475259226
26 w 55 0.053129982438334
26 x 56 0.0576879671792625
26 y 109 0.011999032090983408
26 z 96 0.017059642238441808
27 a 89 0.007073713046554575
27 b 67 0.04768065226559037
27 d 146 0.01649531619746336
27 e 100 0.0053896163411422116
27 f 79 0.034439282836908225
27 i 55 0.01845135416990107
27 j 130 0.004748440886833238
27 n 23 0.1744381900268258
27 s 57 0.12352013228000469
27 t 80 0.07738852929609674
27 w 44 0.1741413237352415
27 x 151 0.06635113587723063
27 y 52 0.034028973925323336
27 z 131 0.1781856920479431
28 b 7 0.11821766768305775
28 d 145 0.11264509317306037
28 h 14 0.011280719978907339
28 j 123 0.687403491259565
28 p 98 0.059715701347514805
29 a 29 0.1082815475147042
29 b 153 0.017610211448088164
29 g 107 0.13667411570721621
29 i 19 0.1853482746604702
29 k 84 0.1176808074771647
29 m 117 0.02358118928900732
29 o 90 0.009521036086060808
29 r 99 0.03634213489439231
29 s 81 0.08432679541568522
29 v 88 0.0010022099681824548
29 x 142 0.19256120511844144
29 z 7 0.04314892318922303
30 a 84 0.04344537432433826
30 b 21 0.0041903608389392
30 d 40 0.041041966152297715
30 e 133 0.010625309041012776
30 f 100 0.0020727189191634965
30 i 128 0.014976220744183477
30 k 81 0.1068578972278581
30 l 50 0.07047527248110608
30 m 145 0.09274478715939882
30 n 115 0.0066167263886235395
30 p 6 0.0034974675294900948
30 q 115 0.005837094833178846
30 r 76 0.09500816314198213
30 s 22 0.06549923527225943
30 t 64 0.02944361269010487
30 v 19 0.06963795931322714
30 y 103 0.07309752313567108
30 z 120 0.058015982817207545
31 d 148 0.00524709387663469
31 m 56 0.1351003666641155
31 n 30 0.22696207375222555
31 r 133 0.04649374798433037
31 u 154 0.3666296230743231
31 w 67 0.10250329016147464
32 a 147 0.06649124667182271
32 c 68 0.04401663286134183
32 d 57 0.0680903239870253
32 e 91 0.022062081539331424
32 f 126 0.00870989792343424
32 g 13 0.001148205818147563
32 h 83 0.025931403871843228
32 i 53 0.021771260450570207
32 j 68 0.007950118313238552
32 k 90 0.005745735254106155
32 l 134 0.023161384121790474
32 m 105 0.12657948844235745
32 n 67 0.014565152564183226
32 p 108 0.01974597405981282
32 q 83 0.017120986084733003
32 r 95 0.08767093332938114
32 s 79 0.012727118524850534
32 t 37 0.09461404051115108
32 u 124 0.06555273698164821
32 v 72 0.06195954877498555
32 w 61 0.044693807704538235
32 x 83 0.07263860305241598
32 y 30 0.014341626143294484
32 z 54 0.030897918762262
34 c 134 0.061020684704443884
34 t 131 0.06302248309824765
34 z 101 0.757560501048421
35 a 116 0.01908213162581307
35 b 24 0.03697708633329844
35 c 75 0.007756320766579283
35 d 84 0.05117297681693811
35 e 25 0.07987438340898556
35 g 72 0.03677185202513167
35 h 11 0.06696814560825481
35 i 154 0.042580237007905364
35 j 20 0.03769178440946286
35 k 131 0.04092325174841982
35 l 33 0.002632138122491745
35 m 123 0.05327514662292776
35 n 144 0.028977679913389842
35 o 135 0.08410568387984407
35 p 140 0.1056159837675722
35 q 137 0.03556183956865855
35 r 69 0.027564622767249913
35 s 33 0.004396544591115603
35 t 77 0.0439720212264616
35 v 89 0.05724371598819811
35 w 93 0.018660484836843683
35 x 36 0.026531304408729972
35 y 115 0.03392113239885064
35 z 69 0.03290939663509784
36 a 142 0.09491849054274815
36 b 10 0.08496514210077366
36 c 73 0.022556741253435653
36 d 97 0.010179899840536133
36 e 144 0.06854890585135176
36 f 115 0.0024962650241578954
36 g 136 0.02860369598355783
36 i 87 0.010989145315971838
36 j 142 0.02310998025261035
36 k 104 0.010092472158070187
36 l 6 0.0007214031157533052
36 n 137 0.12247905397036496
36 o 149 0.008014825230695966
36 p 121 0.022369450922639755
36 q 105 0.015693933606436672
36 r 133 0.16767097664631148
36 s 143 0.0007885988237785746
36 t 32 0.058532186017426935
36 u 49 0.09110995369544772
36 w 69 0.05951861779740286
36 x 31 0.008081965292389803
36 z 96 0.0011955948155488727
37 a 89 0.18880916666475456
37 d 85 0.06963031922183394
37 e 119 0.017009236042289655
37 f 145 0.059377414253959815
37 g 94 0.1802542832905173
37 j 119 0.028757502043633365
37 m 50 0.03887451067261993
37 p 54 0.07164394135347685
37 s 87 0.16256482926053006
37 y 123 0.0992770490149315
38 a 1 0.06953719313880713
38 b 54 0.107521404347666
38 c 143 0.014647323161822379
38 d 156 0.001631051460457389
38 e 130 0.03741079803569458
38 f 143 0.02412758586676167
38 g 1 0.005613052680718322
38 h 125 0.007596985710837112
38 i 24 0.004710919856923956
38 j 3 0.025355054774193087
38 k 121 0.035969245773589065
38 l 139 0.019395879910847014
38 m 15 0.04036151675183142
38 n 155 0.03189296668284658
38 o 83 0.04642803212495539
38 p 30 0.10341946881574182
38 q 131 0.04867159189803849
38 r 96 0.01783232328369233
38 s 67 0.06906699301059416
38 t 13 0.002630539604286941
38 u 46 0.07585890174735088
38 v 39 0.07972575128677695
38 w 41 0.0585456304991987
38 x 102 0.035485821013072405
38 y 128 0.009069514306960236
38 z 2 0.011709487949097763
39 d 17 0.14951718336897668
39 e 26 0.08056313534077819
39 j 32 0.037395494273409935
39 k 158 0.004831970457045642
39 n 2 0.026840049377256925
39 q 62 0.019504085659575177
39 r 24 0.12652634115955852
39 t 134 0.1771591428339352
39 u 115 0.29058777513230327
40 b 93 0.4057813295328674
40 o 138 0.21743786692434608
41 b 62 0.14067462607887626
41 f 91 0.14159924824217163
41 h 117 0.1084136294281266
41 o 119 0.0028921577732172743
41 q 2 0.02583400415801218
41 r 84 0.005215761950780662
41 t 71 0.16201974366168004
41 z 51 0.009453665096786135
42 a 124 0.26650473871246505
42 b 116 0.05811690476827314
42 d 154 0.08600691916814618
42 h 36 0.08016086493815311
42 o 28 0.013721266586240732
42 r 36 0.07140363245219283
42 u 89 0.06278299354553485
42 z 43 0.15265503978163886
43 b 81 0.10734187959896802
43 c 137 0.04776596382302323
43 g 19 0.22721661776783397
43 h 62 0.34685558499346114
43 i 89 0.06475366697214968
43 m 102 0.008466051503050909
43 n 19 0.02792834280578782
43 t 78 0.011353553859895005
43 y 55 0.0302390376143864
44 m 24 0.4727891678511209
44 r 108 0.09127523888460642
44 s 120 0.2810802445983721
45 c 34 0.04543955904743091
45 e 5 0.12744513678593228
45 g 98 0.03055442782430562
45 h 39 0.035538829634442326
45 j 74 0.18916747431426728
45 k 75 0.01507335945940036
45 m 18 0.14355684092226728
45 n 54 0.023823501461953556
45 p 51 0.01583596410214927
45 s 3 0.03836216317817487
45 t 101 0.14505112716954838
45 x 46 0.16638404866881928
46 b 11 0.043164455178866246
46 e 146 0.14136579976804375
46 p 89 0.03938289202192491
46 q 107 0.00019657625653091149
46 r 68 0.14019773565812899
46 s 46 0.035107174484828585
46 v 51 0.07142427350396019
46 z 3 0.48040919691851514
47 l 99 0.16279333735318335
48 a 32 0.01737236670813458
48 d 72 0.12677175088863624
48 f 7 0.04103088913256181
48 l 146 0.3373933881054969
48 n 16 0.22650536668549603
48 p 66 0.06826534207486878
48 u 100 0.0352841121937737
49 a 149 0.027681847033521056
49 b 50 0.02015764507290696
49 c 133 0.04100779085310691
49 d 17 0.00681160337907627
49 e 38 0.023571408659279203
49 f 17 0.04113369612326545
49 i 123 0.027407682516510934
49 j 38 0.13239955747140741
49 k 58 0.05502214651239978
49 l 4 0.04594966415566726
49 m 102 0.011492870950550627
49 n 78 0.0037118467493987284
49 o 132 0.024041228235919587
49 p 38 0.023103632120956008
49 q 59 0.17037475752352127
49 r 84 0.0012828053239491988
49 s 37 0.022171306769839694
49 t 31 0.05126778329586268
49 u 31 0.0425711852638061
49 v 106 0.0014846306393769826
49 x 25 0.01663127316034818
49 y 129 0.027078229233591933
49 z 81 0.07580719355379162
50 a 127 0.06093017330851347
50 g 36 0.1875430009598258
50 h 12 0.12947966965705715
50 i 138 0.2094496065974144
50 k 53 0.04942793994045358
50 l 113 0.1649319405277465
50 m 83 0.003994021376256374
50 n 82 0.0061159138795936485
50 p 86 0.11748976257493438
50 t 81 0.02392420573609433
50 u 147 0.00900037379074603
50 x 40 0.030050397370850912
51 a 1 0.04470649501071566
51 e 109 0.021950892015524914
51 f 75 0.0067647953712507425
51 g 1 0.1771437682307626
51 i 83 0.027080703504307135
51 k 121 0.0491972237224374
51 l 79 0.0055321502227895225
51 n 82 0.10040275450154035
51 p 131 0.2575648549378231
51 q 7 0.026115905521660432
51 r 47 0.047886655285197866
51 v 46 0.10961498149043614
51 x 99 0.015897536241698207
51 y 5 0.005083075861066266
51 z 47 0.037562559468144796
52 b 118 0.2155914474468804
52 c 121 0.3036832843420505
52 e 107 0.041356428132675704
52 g 44 0.21775681990127693
52 l 14 0.012018840211291959
52 r 29 0.012204479737893625
52 w 106 0.1920198318625801
53 a 48 0.18209142046912874
53 c 150 0.11962491629417915
53 g 25 0.04873605756216659
53 i 53 0.15423400493771122
53 l 120 0.0933862654189499
53 p 55 0.010063657020032868
53 u 83 0.21855695797368535
53 w 118 0.14641243056912967
54 b 15 0.05684804436331925
54 c 150 0.011961173724565066
54 p 101 0.023713032164742076
54 s 147 0.020701110888709184
54 u 51 0.03589313355674617
54 v 131 0.49282792001268894
54 z 157 0.33377937050655127
55 e 19 0.02482497711715137
55 f 56 0.08313847394823126
55 g 4 0.007657334190107501
55 h 11 0.07153101742109846
55 k 24 0.1453285223229912
55 l 29 0.06411956157864673
55 o 37 0.03192503000860558
55 p 48 0.11743165714875947
55 v 100 0.07052384138900225
55 w 142 0.047923892119926204
55 x 111 0.1582897462102283
55 y 96 0.02342593104735402
56 e 17 0.08163893300358893
56 h 60 0.12289501905256062
56 l 94 0.11766852707331532
56 m 131 0.05245822587577231
56 n 92 0.11596967227873023
56 r 50 0.014499972065206146
56 s 122 0.39716062314528977
56 t 70 0.0689224640752707
56 v 14 0.010125636939307903
57 a 45 0.12782129349294646
57 b 150 0.050800278978578195
57 d 19 0.09771076601757922
57 f 149 0.01974242549087668
57 j 93 0.15294204008053336
57 l 3 0.3359076821193968
57 p 109 0.15536346828420877
58 o 37 0.57548594370988
58 q 150 0.06358920494093023
59 d 93 0.3820699775907247
59 e 115 0.08390866991655477
59 l 72 0.05274947030266908
60 a 138 0.11648627584317217
60 c 79 0.11907640737105085
60 d 71 0.03746924379338601
60 e 47 0.09216431571202377
60 g 144 0.046334232467464265
60 h 98 0.0018961804848426356
60 n 50 0.07231914067758471
60 t 20 0.025779047675600464
60 x 150 0.042005583841359884
60 z 4 0.1385204312563001
61 a 125 0.10762240618080443
61 b 109 0.045470031770627695
61 c 144 0.04924012543339862
61 g 153 0.025284197837438738
61 h 140 0.05360876865338349
61 i 155 0.00884170830159281
61 j 150 0.024791913699118484
61 l 22 0.22272037806957357
61 n 71 0.06092640585605458
61 r 29 0.08708891785311079
61 s 121 0.06582345325901717
61 w 10 0.03988554357680618
61 x 141 0.11701449070953385
61 z 57 0.08414095644299535
62 a 78 0.04112315532108701
62 b 84 0.06199869967327265
62 c 66 0.11073239320254624
62 d 106 0.01595391857932571
62 e 3 0.012465548177137742
62 f 90 0.04927125536346477
62 g 140 0.0979884084169963
62 i 17 0.005825320075842022
62 j 135 0.049415910163834065
62 k 115 0.0476222998085587
62 n 150 0.015477237744545902
62 o 69 0.007583431240104965
62 p 62 0.09171272741795045
62 q 50 0.023633313068286643
62 r 53 0.08141454659869973
62 t 143 0.01954220454587763
62 u 104 0.022799493907737167
62 v 22 0.07687326096293601
62 w 144 0.034883748129981074
62 x 37 0.06047393335764495
62 y 72 6.366049135109186e-05
62 z 63 0.06340288162644425
63 a 53 0.011588201676253518
63 b 129 0.21233510652367127
63 c 60 0.06333637798839475
63 d 27 0.05999515686654222
63 e 101 0.006747150980554784
63 f 71 0.0074417679021258065
63 g 55 0.055121693830631036
63 h 102 0.004346072741039042
63 i 66 0.007265354600106466
63 j 83 0.0024978491249270096
63 k 134 0.18473049963377453
63 l 141 0.0039733852967477334
63 m 87 0.017863305389447914
63 n 101 0.021579312134725415
63 o 65 0.018521501846570754
63 p 120 0.013605261435328697
63 q 16 0.02146932289597303
63 r 3 0.02493955918258861
63 t 86 0.08737176414344416
63 u 99 0.03407365612728763
63 v 150 0.007325300158451453
63 w 37 0.0011749428323335476
63 x 106 0.005444709337717457
63 y 122 0.012040490646095803
63 z 38 0.08734249779489711
65 h 98 0.033141304453460974
65 j 156 0.025321559596290677
65 l 114 0.03737983348143714
65 o 59 0.009748060166553052
65 x 19 0.48541809174800155
65 z 48 0.2429683647759303
66 d 154 0.09873061803691807
66 e 56 0.046472798516925096
66 h 53 0.12965517691476547
66 i 55 0.12334543921546959
66 k 76 0.09196114724823667
66 l 22 0.18012334493904936
66 t 155 0.014241392793033603
66 z 44 0.10320765601590665
68 b 95 0.04995361391540665
68 d 89 0.055721809189512084
68 h 120 0.043688987969704995
68 k 45 0.1769578952577503
68 p 52 0.3650781959490572
68 q 79 0.09100690455790672
68 r 134 0.002140403062486085
68 u 156 0.03823594416135878
68 x 5 0.11553529964212217
69 f 88 0.06010731329048291
69 h 124 0.049303334161475365
69 i 81 0.14232982147463802
69 k 39 0.05597893547591948
69 l 18 0.0056521677012064675
69 m 3 0.1927705228727914
69 o 52 0.2828327712205152
69 r 122 0.009004041307907218
69 s 55 0.017249499874080754
69 t 112 0.07815458527986618
69 z 131 0.06085881464840359
70 a 130 0.013251829844555196
70 c 74 0.045265846918563724
70 d 145 0.015154998092618222
70 f 101 0.1332558478330127
70 j 135 0.08014991257625059
70 l 41 0.024099654384015512
70 n 34 0.010663861279595399
70 p 93 0.0141235382577507
70 q 154 0.0026185036499764003
70 t 8 0.020097423039523443
70 u 4 0.21452303835645237
70 v 149 0.04464483455044155
70 w 63 0.10362660346603558
70 x 141 0.04443933926653454
70 y 60 0.19671220962351432
70 z 142 0.01674867825054205
71 a 48 0.05979387234594036
71 b 144 0.0451463293798674
71 c 73 0.001739794340553713
71 d 96 0.007447749215805488
71 e 59 0.009126497276215617
71 f 89 0.03385536561665614
71 g 32 0.05407887129595845
71 h 141 0.01741944806516349
71 i 97 0.013136007403961814
71 j 42 0.15671917528069834
71 k 16 0.017576479845472948
71 l 147 0.04702015133909265
71 m 156 0.007125170926031932
71 n 85 0.06640539149854341
71 o 66 0.03261340807243818
71 q 73 0.00546118831992215
71 r 76 0.011909883121998477
71 s 111 0.016171782184922878
71 t 82 0.04142490837687063
71 u 5 0.06873190209898572
71 v 110 0.10986091057508962
71 w 81 0.03313705998130223
71 x 101 0.07103516659119158
71 y 8 0.009806177648051473
71 z 7 0.021633705760716326
72 a 80 0.012808635152234404
72 b 57 0.023716287520770818
72 c 123 0.05302410261961299
72 e 107 0.03465519247903481
72 f 44 0.019924828861744626
72 g 96 0.08145877193653184
72 h 27 0.03065238880781085
72 k 56 0.07354907424433355
72 l 76 0.015541022131278281
72 m 108 0.09723693359295316
72 p 131 0.04454686869598268
72 q 123 0.03466624544097818
72 r 119 0.109607104036059
72 t 15 0.04612444010674965
72 v 15 0.20232665461565302
72 w 8 0.005267093233508491
72 x 154 0.08593329541280059
73 a 144 0.010696168481205137
73 b 88 0.10471170837174038
73 c 154 0.07596298252920208
73 d 131 0.0028927894483339323
73 e 33 0.002444588739539788
73 f 61 0.11283976593789957
73 j 126 0.0628865937727573
73 k 154 0.002240511050345728
73 m 45 0.08468991805574255
73 o 93 0.012918990607290182
73 q 108 0.09529154930774353
73 u 93 0.04828343495097054
73 w 58 0.0790147475430718
73 x 120 0.19467725693302784
73 y 117 0.028554138475331947
73 z 8 0.06110151760387783
74 b 108 0.030263370344902674
74 e 149 0.11014975969064056
74 m 72 0.01532860803286884
74 q 37 0.10007789861136285
74 r 25 0.10755769454646891
74 v 107 0.056027055006051873
74 x 15 0.08590755574848541
75 b 65 0.0334737897965407
75 d 115 0.02296130660297302
75 h 85 0.13161210838914672
75 k 117 0.24858268610358814
75 s 75 0.1970743423479805
75 w 69 0.03278958316666003
75 x 82 0.1886603338956946
76 a 71 0.02038023847691084
76 b 34 0.013977371839837605
76 f 145 0.02536143365396437
76 g 150 0.03878677003462394
76 i 125 0.07231761923204527
76 j 100 0.07054193052031954
76 o 32 0.10567232655841885
76 q 29 0.19958373029046772
76 r 117 0.035410772747268005
76 s 28 0.014460286304613712
76 t 99 0.015271284499509541
76 v 104 0.10401624146952482
76 x 62 0.1307195010007356
76 y 109 0.06876005025198628
76 z 104 0.05133971567110995
77 u 155 0.39713588941400124
77 z 154 0.4430799547649431
78 a 95 0.07544195949422416
78 b 152 0.004550133712662219
78 c 137 0.15062186560723445
78 d 40 0.04368552990379937
78 e 39 0.08941772072091847
78 f 92 0.003394441025810657
78 g 81 0.01704271605106078
78 h 136 0.042743405387901445
78 i 74 0.0038648551584407054
78 j 108 0.05438291228394165
78 k 130 0.001218586833927171
78 l 34 0.006707486508772842
78 m 8 0.04538730652959766
78 n 57 0.028925017691903254
78 o 16 0.02695054466280078
78 p 47 0.005447737447972778
78 q 108 0.0013834690149869822
78 r 47 0.0070996830590976945
78 s 78 0.034520600828925385
78 t 118 0.011536268799724692
78 u 3 0.03166906290632032
78 v 138 0.031196057588082193
78 w 120 0.1809480072695735
78 x 79 0.053207972788002045
78 z 23 0.040040857998067
79 b 29 0.05334333336766406
79 c 28 0.011030233169580295
79 d 3 0.03895001889674887
79 e 25 0.14762482150441447
79 f 152 0.11989893004710894
79 g 7 0.0017595625476113375
79 h 5 0.03886866692057267
79 i 106 0.04664953482160994
79 k 72 0.011444924895612996
79 q 30 0.018748826078810232
79 t 98 0.06237826450769823
79 u 113 0.07147333031327818
79 v 105 0.042075327767233994
79 x 133 0.03937854025194376
79 y 90 0.058070283355850405
79 z 0 0.16383212137701597
80 a 48 0.0734925379702932
80 c 93 0.03944552779267951
80 f 47 0.0886101882999063
80 g 55 0.014060707928667648
80 h 108 0.018651247586772723
80 j 109 0.004561369754718103
80 k 12 0.15192988287310827
80 l 138 0.008950841043810942
80 m 133 0.03444757558315781
80 n 110 0.018659835354415844
80 o 21 0.00969794000744073
80 p 125 0.04464820423539562
80 q 112 0.06981032964392153
80 s 4 0.08184997251115866
80 t 110 0.0080921281018006
80 u 154 0.02585270534334838
80 v 131 0.08230866331608733
80 w 0 0.020779323546044726
80 x 24 0.07920619941958185
80 y 65 0.1162103823478654
80 z 31 0.004726377928001124
81 a 1 0.03373080491583602
81 b 56 0.0032635214038704285
81 c 98 0.012710478947897341
81 d 64 0.1259966642779361
81 f 81 0.005490617674818399
81 g 41 0.02214995179210777
81 h 76 0.04967894602344969
81 i 8 0.056935226106480274
81 j 58 0.05465908279888487
81 k 39 0.08492846111670371
81 m 85 0.10983175139350843
81 n 72 0.03257958748883116
81 o 107 0.03605042103084932
81 p 55 0.02703393502038398
81 r 153 0.00722476226279134
81 t 53 0.0277542566324388
81 u 60 0.00023845076051898229
81 v 89 0.015058421030908486
81 w 50 0.00354766985173105
81 x 23 0.08385585391415473
81 y 32 0.00012444618947571318
81 z 122 0.18810282008128343
82 a 25 0.020635458113289595
82 c 54 0.18951790411796787
82 e 12 0.04762729076537342
82 f 48 0.0027138581175365495
82 h 6 0.03400574217176833
82 i 138 0.06339864065007306
82 j 154 0.057325389882152966
82 k 80 0.010421803153887743
82 m 97 0.10417281544242352
82 n 1 0.004085950669475813
82 o 71 0.015751475992571096
82 p 10 0.03496967324776423
82 r 91 0.04222208601637878
82 s 81 0.024182470797323607
82 u 38 0.026853505873104644
82 v 25 0.015438385706918134
82 w 157 0.002155557471702374
82 x 60 0.00885106152056292
82 y 75 0.2791007874657908
83 a 138 0.056099422869668625
83 b 48 0.04148888571313092
83 c 61 0.026958066437568595
83 d 17 0.016732050758365258
83 e 146 0.001974586507995868
83 g 52 0.03630328808765426
83 h 130 0.009474041531488231
83 i 3 0.009938269494148999
83 j 17 0.02018602511341583
83 l 1 0.01711318633233727
83 m 103 0.12008306587987105
83 n 129 0.03320677152863061
83 o 86 0.07174129228372983
83 p 26 0.18137233777671713
83 q 154 0.018192830343868205
83 r 3 0.08652525094776209
83 s 49 0.1395721620197552
83 t 6 0.014632864884001728
83 v 32 0.012883032807866401
83 w 43 0.0040762389556605605
83 x 147 0.020748645320763925
83 y 84 0.005279589640326154
83 z 146 0.043773017018910454
84 a 53 0.05276965670894285
84 c 26 0.13626803492042094
84 d 90 0.043030086397679135
84 e 59 0.0064905228774521095
84 f 126 0.006551358856571876
84 g 89 0.0021312167477093302
84 h 157 0.030321253420358407
84 i 86 0.07814395553819198
84 l 145 0.07544771441028031
84 n 6 0.03488013347000196
84 o 124 0.03787634494704617
84 p 9 0.04061015507274768
84 q 71 0.07085899409431928
84 s 66 0.008423175864839982
84 t 143 0.008689270245926806
84 u 123 0.04196879515139629
84 v 47 0.0054117576630934305
84 w 65 0.12767054556164803
84 x 102 0.023496785185138647
84 z 54 0.07658928969698398
85 a 48 0.008661519956621788
85 b 112 0.028754657422136898
85 d 150 0.00039859367935057843
85 f 152 0.1898185615040887
85 h 137 0.02150860982444225
85 j 91 0.1253999622541051
85 m 61 0.058653496255738236
85 n 69 0.03787515156798471
85 o 13 0.09497872731406354
85 r 150 0.0030281631301497525
85 s 59 0.02080610200728239
85 t 149 0.05220981303972183
85 u 130 0.2112661797100649
85 y 86 0.09443018582091844
86 b 20 0.01713932762285919
86 c 127 0.0368743399629603
86 d 15 0.0032779257375936677
86 e 16 0.040903913033722095
86 f 128 0.004871253842438694
86 g 122 0.001921153275000309
86 h 77 0.019380021928523616
86 i 46 0.028786100408706772
86 j 84 0.03635939764122853
86 k 47 0.026025966744400386
86 l 5 0.0020574674471858234
86 m 40 0.069868865600057
86 n 125 0.07113963975947413
86 o 156 0.05543623129478292
86 p 37 0.058183691266539106
86 q 94 0.17211648373980248
86 r 103 0.08836348468635202
86 s 18 0.061291388736800956
86 t 107 0.01182222140284872
86 u 147 0.02563025967029664
86 v 41 0.0568464978051102
86 w 66 0.023446438674274095
86 x 53 0.00034853586320759966
86 y 133 0.014265562349053407
86 z 105 0.028611222058818164
87 d 56 0.2576034724777537
87 i 43 0.029749856703175537
87 m 46 0.2520167160886946
87 n 52 0.019037495697127982
87 p 102 0.007153128916672635
87 q 29 0.08272338510804322
87 s 152 0.0030289545886392766
87 t 61 0.004333988895431906
87 w 23 0.041765192328792944
87 x 79 0.013212387673636306
87 y 150 0.14987902595785962
87 z 101 0.06642295780550678
88 b 70 0.02962543939371043
88 e 79 0.03625601274827417
88 g 69 0.27306508983640754
88 i 27 0.030029871407667552
88 n 48 0.19394814599032617
88 t 46 0.17653351692712393
88 y 30 0.02385452357093809
88 z 80 0.22214511886545707
89 a 35 0.1708373394154611
89 c 123 0.007490703430861556
89 d 98 0.01537609401066764
89 e 157 0.006544659334407954
89 f 88 0.020331059341261226
89 g 24 0.011563041236452243
89 h 37 0.08793994910397229
89 i 71 0.015690427338331814
89 j 105 0.003207569832701429
89 l 7 0.15916172480690738
89 n 128 0.08313299968403143
89 o 20 0.008816935223735167
89 p 117 0.023623950968421514
89 q 137 0.005231162372211884
89 r 124 0.014587567271430069
89 s 18 0.019377494844986076
89 t 99 0.015228001389652523
89 u 60 0.08026576622185755
89 v 92 0.0444059551448206
89 w 154 0.06602900967507597
89 x 69 0.0007726044731211079
89 y 77 0.1124734603589509
90 d 92 0.03715569093566118
90 g 45 0.04062175792955991
90 q 32 0.17593608390269289
90 x 70 0.002022397721587965
91 p 102 0.44017707950943763
92 a 87 0.05605859967501414
92 b 49 0.0030456036332395797
92 c 116 0.10948719748230573
92 d 0 0.06237028399484612
92 e 35 0.2532217814908282
92 f 84 0.01676590239480691
92 g 57 0.07547011848886354
92 h 65 0.0229614652554746
92 j 147 0.07630040405664118
92 l 48 0.11759110154049845
92 p 154 0.025042136156926076
92 q 137 0.0014290110274974843
92 r 120 0.050643575819653064
92 s 50 0.05343284849615981
92 t 130 0.005519831910695383
92 x 113 0.015582909607280704
92 y 37 0.00035231623515608046
93 d 48 0.3366821270366427
93 m 126 0.5327142164283893
93 r 72 0.018360296556703126
94 a 74 0.01800335846114498
94 b 142 0.18766519855862218
94 c 87 0.07524187484322942
94 g 91 0.032083892053357044
94 j 119 0.06423941358655094
94 k 80 0.0007349085399102062
94 l 72 0.21045009262604863
94 n 89 0.012705821848755128
94 o 102 0.08910259152211664
94 q 124 0.0258933438064749
94 r 1 0.05451795509085833
94 s 26 0.0038511113628052485
94 t 28 0.017034910182565532
94 u 14 0.052169037124363826
94 v 15 0.004511411546943789
94 w 151 0.06452453879773656
94 y 117 0.061425299263068944
94 z 67 0.02160254552590446
95 a 95 0.04020665753723596
95 b 16 0.0282321585789318
95 c 57 0.037090004779666286
95 d 120 0.016073147962110124
95 e 139 0.10474983493247259
95 f 55 0.021181134229673715
95 g 34 0.012225650829919
95 h 31 0.014289676440783605
95 i 97 0.02209926400642892
95 j 37 0.035256647330977664
95 k 12 0.05468298446316511
95 l 34 0.0195591592643235
95 m 127 0.007309972379112684
95 n 91 0.0006194051052166305
95 o 79 0.01104174994495044
95 p 99 0.012545627779717572
95 q 13 0.2702814654122899
95 r 94 0.06942372290837973
95 s 56 0.0005458367543682563
95 t 7 0.044462913811174065
95 u 83 0.0003497030795488465
95 v 112 0.01278312399044057
95 w 57 0.025343598744981932
95 x 149 0.000409293221692697
95 y 101 0.05299541343309511
95 z 133 0.0005016812087342837
96 a 120 0.13656947487369053
96 e 83 0.13587611802185473
96 f 117 0.06166390444008896
96 h 17 0.04328857704700684
96 k 102 0.23127413328517388
96 n 79 0.057062005728303
96 o 154 0.012089115228667069
96 q 146 0.09130947776081244
96 r 56 0.018527201725861864
96 t 99 0.046982198643370165
96 u 94 0.06732280330090235
96 v 147 0.06875912506128912
96 x 42 0.01488934443438783
97 c 43 0.004749399672831167
97 e 98 0.061220499953062446
97 f 137 0.06966097070961397
97 g 140 0.07480344162805908
97 j 89 0.020946885673494786
97 l 44 0.004091799452490497
97 m 6 0.27649791273105584
97 n 66 0.013495548313746997
97 o 69 0.003848132321804476
97 p 94 0.012780373679417645
97 q 31 0.011135862728766766
97 t 149 0.10686626632310825
97 u 120 0.06814524992003412
97 v 20 0.018586523544217082
97 w 140 0.04012487478246918
97 x 131 0.10096926115955596
97 y 42 0.01246720551393754
97 z 74 0.06100006248572032
98 g 80 0.32829821511818
98 x 138 0.334103483821682
99 a 145 0.004647223327194805
99 b 27 0.05280235826658786
99 c 116 0.03010169564829701
99 d 49 0.005823309405804222
99 e 129 0.06098122891622315
99 f 46 0.05459576678928335
99 g 62 0.050427300019231125
99 h 45 0.02878628970260333
99 i 75 0.08112323949286204
99 j 129 0.04937210106938461
99 k 119 0.042851533493978855
99 l 57 0.07502190566644529
99 m 100 0.07322723125621089
99 n 69 0.021662052799729326
99 o 54 0.0011425377620141175
99 p 10 0.05295452243235099
99 q 148 0.022048729759898245
99 r 140 0.03058040100653059
99 s 148 0.012504482827686125
99 t 152 0.022168856900183553
99 u 101 0.022353603409343448
99 v 3 0.04670219501756245
99 w 153 0.006389402566095104
99 x 74 0.05107373901955281
99 y 24 0.011145182531135056
99 z 95 0.018434217726973734
100 d 15 0.2576719734318613
100 h 105 0.10907281488595644
100 j 98 0.04373788824717173
100 m 113 0.12169361538486045
100 p 108 0.1384006720029627
100 r 53 0.12936548371114742
100 t 146 0.06852097032615123
100 u 112 0.008184108839858206
100 v 103 0.0710754173422079
101 a 21 0.23750456900033978
101 b 70 0.021564460890220682
101 e 96 0.09976371465317702
101 f 50 0.027804861454813312
101 g 54 0.031326284474657795
101 h 121 0.01987998175046246
101 i 69 0.10731172296880609
101 j 16 0.0522627496502831
101 k 5 0.052350023185309125
101 l 157 0.0059411564940219375
101 n 69 0.03610174829304691
101 o 13 0.02612305298245965
101 q 99 0.0028222365391078474
101 r 16 0.0035363793538900623
101 t 88 0.011958720783402432
101 v 67 0.028776598254000474
101 w 119 0.10026725609723663
101 x 122 0.008974577135626438
101 z 78 0.07056216307991192
102 d 97 0.24451944009061122
102 k 79 0.47319859964624733
103 d 86 0.09788252920645613
103 p 157 0.6118869636731623
104 a 56 0.011133347614836198
104 c 54 0.13565305216957446
104 d 59 0.07651543901224822
104 e 77 0.15149313630894135
104 f 51 0.02056823727939927
104 g 55 0.09103987190007956
104 i 80 0.009503973458538817
104 j 96 0.011981581135778074
104 k 58 0.044196520734185674
104 l 48 0.26505889510279457
104 n 114 0.0147861782527281
104 p 71 0.0006840089561777063
104 q 25 0.015934343555283115
104 s 144 0.01196355552870354
104 v 29 0.03714352967778467
104 w 154 0.005271636205546937
104 y 28 0.03014742525516223
104 z 107 0.0003280551023160383
105 a 127 0.13842482634325093
105 b 108 0.1391726976082428
105 d 52 0.05597713335553922
105 f 81 0.07814250296206082
105 g 102 0.005094726514956571
105 h 62 0.014203785338695596
105 i 81 0.0027470273959923075
105 j 59 0.005526248038108084
105 k 36 0.025476407150938796
105 l 120 0.020807951989602058
105 m 34 0.04268561262263426
105 n 134 0.009381412162907221
105 o 129 0.01945796241397224
105 p 16 0.011064200940061664
105 q 44 0.02200864554530224
105 r 9 0.05241632502493987
105 t 73 0.004435346717991839
105 u 52 0.10564689851564146
105 v 22 0.15428653924613944
105 w 17 0.019323025847617248
105 x 0 0.027343452751413477
105 y 146 0.0009491913827106568
105 z 3 0.02923159227279848
106 p 117 0.6205946284571736
107 a 13 0.029805698611013565
107 b 23 0.06577531350116617
107 c 60 0.047274176688231306
107 e 105 0.007800982125249822
107 f 77 0.059716577043673724
107 g 139 0.04481644790434347
107 h 120 0.11991854729156814
107 i 103 0.09416278580792536
107 j 103 0.0024096499515553482
107 k 103 0.03187069442985846
107 l 16 0.06729231508478895
107 m 35 0.035439241728046134
107 n 32 0.022767607245723576
107 o 122 0.01750781190439321
107 p 37 0.02646280995038075
107 q 3 0.012358047856895649
107 r 22 0.11365045539856167
107 s 15 0.007030854543371157
107 t 10 0.008548184637472311
107 u 56 0.02263434240445017
107 w 98 0.009885978652125704
107 y 59 0.027093560561813446
107 z 5 0.03464003656527437
108 a 77 0.15077877949829666
108 d 34 0.2362159384597381
108 k 30 0.4011468780329277
108 n 131 0.0229525903172213
108 r 136 0.018963039578413388
109 a 10 0.04177847521469891
109 b 70 0.07713968536273685
109 c 140 0.025465645655927904
109 e 94 0.020297779051435927
109 g 143 0.0179726891386901
109 i 130 0.11739233944929517
109 j 87 0.03844242907874851
109 l 18 0.008715387831738752
109 m 111 0.02688463589367851
109 o 3 0.0986360081337112
109 p 77 0.007689312971800422
109 q 33 0.0405560920763699
109 r 157 0.01293713365112803
109 s 115 0.2005876082527157
109 t 156 0.06310319318810242
109 u 53 0.030254185189349636
109 v 59 0.015887774625375495
109 x 46 0.0057925341778584105
109 y 49 0.07351196779824876
109 z 39 0.027416758058130375
110 c 72 0.010079469034361632
110 i 54 0.16531476295393077
110 k 122 0.02338592803305717
110 l 76 0.05695465018410706
110 n 112 0.06696561148679836
110 o 119 0.23824316673400536
110 p 134 0.10880706514282767
110 r 7 0.020978050306350693
110 s 89 0.08780443569506635
110 y 67 0.009453608854733009
111 a 15 0.02656605435425452
111 m 133 0.4219886575251862
111 o 36 0.017145810705284315
111 s 35 0.08800507286163939
111 u 145 0.045218796367096914
111 x 31 0.17334456420466926
112 b 128 0.10994309693666737
112 e 61 0.012647743824507618
112 f 106 0.16999576806490935
112 j 7 0.08116600251946682
112 s 145 0.029194645215620874
112 t 23 0.0860598128336274
112 v 5 0.14560267594948617
112 x 8 0.0009752688006722243
112 y 111 0.3055607310873464
112 z 78 0.023274526653941807
113 b 158 0.06712336828102683
113 e 104 0.08661846594895073
113 j 44 0.06659178712842018
113 k 87 0.07194830612821945
113 o 143 0.005928203041026259
113 s 37 0.14210741486361722
113 t 5 0.09636864915058974
113 u 95 0.19911252690706693
113 v 84 0.03594883862807852
113 y 128 0.06241414877904117
114 a 129 0.01615971517150161
114 c 138 0.09344302494883361
114 d 126 0.07091037222846519
114 e 33 0.02954846967657443
114 f 102 0.009366952250644656
114 g 91 0.020017304442472295
114 h 141 0.005943044066001879
114 i 48 0.010093024354302038
114 j 136 0.0013422771052433724
114 l 80 0.08309412340189593
114 m 23 0.009535095023123774
114 n 25 0.02095876105679939
114 p 10 0.10242008534032443
114 q 127 0.032161709854633735
114 r 39 0.043505864038379416
114 s 43 0.08855285361927867
114 u 111 0.11236057299023927
114 w 5 0.1391807664545498
114 x 115 0.009921786451657866
114 y 137 0.03014631048822436
114 z 104 0.03042831617682673
115 g 20 0.15169439404418705
115 h 61 0.1689845187438569
115 n 109 0.05773992653762805
115 r 61 0.08357738034038742
115 s 41 0.5189987698463656
116 a 49 0.013439157141334146
116 c 21 0.024052291887409538
116 d 26 0.001127289983627322
116 e 133 0.09152521080692222
116 h 4 0.005479945296095856
116 i 35 0.055305339031871625
116 k 14 0.13315421498417557
116 l 81 0.08217331210328183
116 m 134 0.12354322482303481
116 n 92 0.04416251581904884
116 o 43 0.029112840257561223
116 q 149 0.0221607828723015
116 r 116 0.019601334408807625
116 s 59 0.00359038068688855
116 t 143 0.025590732058963783
116 u 148 0.04760312117232912
116 v 17 0.04485474805228051
116 w 71 0.06474078800082106
116 x 23 0.07004559948296607
116 z 143 0.02213065784957713
117 b 3 0.0947707733257026
117 m 47 0.0921173736088573
117 n 38 0.3253572286111701
117 q 150 0.07470529683428773
117 r 96 0.21319786274007724
117 s 81 0.016953397422079353
117 w 149 0.021069654282857564
117 z 22 0.14416727587008082
118 d 35 0.061563239687222104
118 i 24 0.6924377899433368
119 a 123 0.01993941468700744
119 c 35 0.017453191565704018
119 d 105 0.02126752007503485
119 e 39 0.0027580613558698674
119 f 71 0.01174996563273234
119 g 47 0.04472641646539499
119 h 134 0.01808663867778859
119 i 98 0.0359520026944079
119 j 55 0.02036135341354328
119 k 133 0.023421687959192417
119 l 76 0.030090690571385248
119 m 97 0.11237706417224369
119 n 119 0.05921507712828333
119 o 131 0.015264417759067506
119 p 20 0.08041965538861795
119 q 62 0.008137101132221547
119 r 54 0.06896041940027398
119 s 43 0.09100078579057558
119 t 72 0.028240852839424346
119 u 111 0.06236845664501478
119 v 148 0.007532725241067739
119 w 137 0.002446255525417773
119 x 155 0.006596592094823883
119 y 69 0.015467826612917679
119 z 135 0.05318501467656467
120 b 47 0.0302721412563004
120 e 43 0.3273480313984336
120 f 95 0.0907948729299185
120 k 100 0.07163403963523596
120 p 43 0.06487981049180958
120 u 126 0.0957820861932206
120 y 25 0.20477397232789507
121 a 67 0.04885059718001761
121 b 40 0.0035557287165969287
121 c 90 0.11371756982835901
121 d 152 0.004516930037819167
121 e 152 0.17679391322423876
121 f 120 0.032392024699647304
121 g 24 0.009991193248186647
121 h 59 0.14426942479299554
121 i 130 0.017835139470569694
121 l 25 0.026745076895288045
121 m 36 0.021055497705711912
121 n 46 0.004559761643945337
121 o 39 0.013333578150364067
121 q 32 0.04113926043804694
121 r 7 0.07809389193812255
121 s 98 0.08057790436392409
121 u 114 0.01585174616560714
121 v 83 0.011992995146745233
121 w 95 0.061847403373594734
121 z 157 0.0010460663666871373
122 k 66 0.4224921202418729
122 o 46 0.38613657804741874
122 u 76 0.04319992502466108
123 a 116 0.05098640653498765
123 b 129 0.005521180971861717
123 c 54 0.007275662707431185
123 e 140 0.10641470501774519
123 f 115 0.02242804523648012
123 g 140 0.011613306651266697
123 h 109 0.13947399827500817
123 i 61 0.06471538341769878
123 j 86 0.0019163165358397904
123 k 118 0.013108199442507185
123 n 2 0.03056911321116207
123 o 143 0.04639144886094482
123 p 84 0.058463467221830934
123 q 46 0.016319988855497458
123 r 16 0.06054663039348396
123 s 115 0.05761276029705675
123 t 125 0.03106844538175846
123 u 143 0.0030351733818605453
123 w 151 0.12763482556489303
123 x 35 0.029448439749321986
123 y 61 0.046888343620952955
123 z 84 0.05392055400783413
124 a 130 0.03554276468653883
124 b 32 0.017972946590733008
124 c 147 0.0036758760652416678
124 d 8 0.10594421588836123
124 h 119 0.1717562201466013
124 i 11 0.0024266304872149203
124 j 30 0.028587556249735746
124 k 62 0.08824666629332811
124 l 87 0.014195041679096687
124 n 136 0.012258940710600297
124 p 130 0.023220334455074543
124 r 149 0.041440715992557275
124 s 108 0.03186724878163649
124 t 26 0.009998268906914909
124 u 138 0.043817749244095316
124 v 103 0.034774530680103055
124 w 92 0.25172146948915286
124 x 41 0.06505974818665605
124 y 156 0.00737324211462409
125 b 147 0.03083730288295805
125 d 102 0.19611568277932157
125 f 114 0.23229770407035366
125 h 113 0.061142637248728704
125 m 68 0.00672407792921681
125 p 41 0.08179188549941274
125 s 11 0.14102741190119594
125 w 120 0.1389891607557333
126 b 109 0.17904383995345974
126 f 98 0.17290154608345265
126 j 148 0.26873953897834646
126 m 84 0.11094012811098175
126 u 12 0.18964489435431198
127 l 18 0.11108940775862164
127 m 88 0.04944196097106546
127 o 32 0.00571934829764853
127 r 96 0.36411661985494026
127 u 126 0.09749970031855248
127 w 76 0.06765567347331203
127 y 8 0.15267233671496128
128 b 40 0.023467277053332625
128 c 32 0.0601001114247135
128 g 89 0.06906567792733587
128 k 41 0.14976197141546632
128 m 137 0.1383376085538971
128 p 149 0.00236543829244229
128 r 155 0.04739618750500929
128 t 120 0.014760106495724123
128 u 85 0.1765750096811819
128 x 42 0.2806066650784146
128 z 127 0.03683676509236378
129 i 137 0.08026161341283533
129 j 138 0.013580046050900685
129 n 17 0.02839608958875517
129 r 67 0.4061597213335628
129 t 72 0.017945720402988807
130 c 11 0.002934392675414621
130 e 67 0.06510866261190829
130 f 55 0.14861288901673597
130 i 31 0.15017107251520467
130 j 49 0.14287210424635488
130 k 41 0.01614762122807234
130 o 32 0.09168744273383134
130 z 134 0.10061818473986572
131 i 51 0.9732039122219003
132 a 24 0.5524309034142284
132 b 38 0.0097398697341603
132 l 38 0.07275890905377091
132 s 121 0.0432214491312396
132 x 99 0.27660034861376626
133 f 99 0.03448213283169266
133 q 95 0.0854429798558125
133 s 115 0.6714261344787356
134 a 89 0.3952320412041087
134 g 7 0.036680089238238955
134 i 68 0.1030421639803264
134 o 119 0.005088954335441431
134 p 105 0.013737525171958032
134 q 98 0.013720835981917201
134 u 50 0.0529488705105825
134 v 148 0.042597115755465986
134 w 76 0.08578853948098908
134 y 93 0.08341752983577311
134 z 32 0.10319746808851349
135 a 92 0.0039069917993082015
135 d 19 0.04198201344375718
135 h 125 0.05313470939124898
135 i 142 0.03704913269885313
135 n 69 0.1430978736887295
135 o 106 0.11397246784486392
135 p 1 0.03781358575012084
135 s 84 0.0673169464811112
135 t 56 0.03334962270248654
135 u 44 0.19305648439666123
135 w 131 0.08006316911195843
135 x 147 0.04679334452477191
136 b 101 0.021821011541369395
136 d 157 0.09432612101437365
136 e 76 0.004593126326689401
136 g 111 0.012772780553973462
136 h 112 0.008154584587280689
136 n 17 0.03126451787920037
136 o 72 0.08239974557831853
136 q 12 0.110769461007446
136 r 94 0.15686093004093038
136 v 24 0.12286566106600016
136 w 10 0.20201548802833103
137 a 112 0.09787719026542685
137 c 72 0.11292458503854275
137 d 127 0.041939456443844336
137 f 140 0.0034661417562749097
137 g 72 0.021323421600375703
137 k 144 0.12253157896825917
137 l 85 0.21455240707621948
137 q 151 0.13533509995820092
137 x 67 0.21546493288186563
138 n 99 0.4435208191679386
138 o 60 0.1803897682348714
138 q 152 0.026640132831869723
138 x 140 0.11038648423500053
138 z 27 0.0071208084817958595
139 a 157 0.06681150233599953
139 c 25 0.19020451384004045
139 f 31 0.07275437227096826
139 g 52 0.24902704855847513
139 h 117 0.002257611049213959
139 i 116 0.028446574624759746
139 l 77 0.033533601787892886
139 n 103 0.02906679086826458
139 r 77 0.09341291192914547
139 s 145 0.022580099340042237
139 t 52 0.14199384839040352
139 w 68 0.03582474044965267
140 a 8 0.011983148225553242
140 b 139 0.033939647323258715
140 c 96 0.016851589553152913
140 e 28 0.020800976210742284
140 f 158 0.02472541420071328
140 g 35 0.008699446632052243
140 h 131 0.16294657157144055
140 i 145 0.06525095493662347
140 j 26 0.0016544245897082144
140 k 107 0.01194209921624878
140 l 75 0.02474378568268021
140 m 125 0.004429667559474493
140 n 117 0.014073157503274425
140 o 56 0.0006137180300731515
140 p 68 0.04512052257977117
140 q 15 0.062043575420213104
140 r 135 0.025741271882199213
140 s 53 0.0013579976282481754
140 t 157 0.009001926256541504
140 u 122 0.05968610694499765
140 v 34 0.0869766760542604
140 w 37 0.09574156637061915
140 x 53 0.05198057661307276
140 y 69 0.060409073824060355
140 z 60 0.08830254733234999
141 a 38 0.08781977234837446
141 b 77 0.0757307079997408
141 d 69 0.19465951805928972
141 f 92 0.14743652458336298
141 h 112 0.026427869168934692
141 k 137 0.0005555581361981199
141 m 2 0.20134459161873886
141 n 34 0.008357565450329063
141 o 151 0.012272311487942611
141 p 152 0.06606658005664967
141 q 141 0.02133920234869857
141 v 77 0.09740624018333899
141 x 121 0.05047517337299012
142 a 151 0.08923650402235117
142 c 89 0.07141112241946568
142 d 81 0.032770613008467286
142 s 89 0.4313774946256089
142 x 64 0.020801324134931964
142 z 55 0.28352158693682195
143 b 43 0.03259224850338194
143 f 58 0.11461445851182961
143 h 79 0.022429372010224324
143 i 127 0.04039622110962293
143 k 95 0.015261129124068407
143 l 145 0.18360568402423116
143 s 1 0.036722510441705825
143 t 3 0.29132195210914824
143 v 18 0.037556886984590254
143 w 21 0.03157740643883644
143 x 126 0.05605936843142989
143 z 117 0.11617364654434204
144 a 89 0.05233425071911957
144 b 104 0.00856048213328453
144 c 15 0.04266509353101411
144 d 60 0.11636221568850691
144 e 37 0.02060118728128002
144 f 118 0.10405267805091778
144 g 26 0.01209729618348876
144 h 152 0.00852473435867851
144 j 92 0.013966975790961955
144 k 0 0.02529767319571119
144 l 24 0.02328904293593348
144 m 139 0.009865129170225528
144 n 124 0.02420977210897124
144 p 15 0.013442247025319265
144 q 76 0.046583426900880465
144 r 110 0.1709802307270133
144 t 9 0.042691064251829225
144 v 78 0.06463606487280127
144 w 33 0.059249442822222775
144 x 117 0.04831830913921675
144 y 40 0.006394918303850972
144 z 93 0.03403805780348634
145 a 24 0.0398091435911081
145 b 117 0.03786956180551937
145 c 149 0.008820680144033477
145 d 57 0.05296012783486537
145 f 19 0.03673783495724803
145 g 51 0.004099227091450719
145 i 158 0.016556185366686682
145 j 7 0.044397810066349686
145 k 100 0.017813059011008492
145 l 151 0.014661744091742035
145 m 5 0.0675782348959213
145 n 42 0.06476495270125271
145 o 78 0.053054295086269465
145 q 21 0.01684798039718627
145 r 133 0.061337041221265376
145 s 57 0.010586084837595267
145 t 85 0.005626936710525832
145 v 148 0.0007442303898181901
145 w 61 0.261804730909193
145 x 46 0.0062846278196893035
145 y 69 0.0265635995943041
145 z 36 0.09620145083283671
146 a 27 0.015503812348205082
146 b 3 0.04426598081379207
146 c 0 0.19689333899125172
146 d 38 0.01687574060059427
146 e 4 0.005242741167300613
146 f 112 0.12199055892913369
146 g 141 0.1845713388010246
146 i 18 0.03598366240778417
146 j 35 0.009760405310509146
146 k 93 0.07582905386132477
146 l 123 0.03302588031612275
146 n 135 0.00871770324496024
146 p 108 0.05006402124791165
146 r 142 0.024823262444628624
146 u 11 0.031798470986302396
146 v 125 0.09705512904348002
146 w 33 0.002378373829348912
146 y 152 0.029440981512160458
147 a 14 0.09132686715282912
147 e 111 0.10612932685828336
147 f 67 0.0908211012518696
147 g 65 0.17067624476937582
147 i 60 0.11495512119840534
147 j 44 0.035680787374939404
147 k 94 0.038302027912362036
147 m 136 0.03627992537822056
147 n 86 0.006270482348449513
147 p 113 0.028945666710705087
147 q 43 0.09580781231513102
147 w 30 0.10936444487383612
147 x 131 0.015233278748532864
147 z 64 0.04591260208863068
148 p 134 0.3379968410816323
148 q 81 0.16316009927829966
148 y 33 0.2131026420341091
149 b 132 0.049362096365510366
149 u 111 0.6033394119878049
149 w 25 0.3143633403263172
150 d 152 0.7354053744069287
151 a 81 0.1519275854393557
151 b 150 0.062217908854281356
151 c 141 0.09400432390975544
151 e 73 0.03612673760759244
151 f 147 0.015497711839579043
151 g 39 0.035274395591952334
151 h 68 0.03952663965421943
151 i 44 0.035051985311950196
151 j 70 0.01825233177782848
151 k 135 0.002010315602020807
151 l 145 0.030022291116771793
151 m 91 0.020463561354857496
151 n 23 0.006579540899069536
151 o 9 0.00905584598034792
151 p 64 0.03822016347026591
151 q 51 0.07191754322318333
151 r 67 0.0025239911022002515
151 s 61 0.07013466541145208
151 t 12 0.06999848419551491
151 u 64 0.025385335041943846
151 v 146 0.12813073759282456
151 w 8 0.01285679991290467
151 x 9 0.00701578396448399
151 y 107 0.000558032027296429
151 z 67 0.004774641545690184
152 b 47 0.06779132693172119
152 c 118 0.03293228445010388
152 d 33 0.03590138026210665
152 f 135 0.016581895086066112
152 g 55 0.047040416300641597
152 j 130 0.041500350980573364
152 l 55 0.11482397751879458
152 m 144 0.06061205930276414
152 n 0 0.08515468751277744
152 o 5 0.0808988299238641
152 q 146 0.009222772948715319
152 s 124 0.23126886592788676
152 u 29 0.013676823377328562
152 z 140 0.1132541660962918
153 c 99 0.07970514493310588
153 e 57 0.1917431610509649
153 g 61 0.019342570902517675
153 h 106 0.07847137272176852
153 i 109 0.019790030620610244
153 j 50 0.0008939820506727036
153 l 133 0.18882121300749655
153 o 138 0.09693886505851401
153 s 140 0.16311013659089946
153 t 70 0.09812138171326978
153 v 103 0.056941309360665326
153 x 36 0.00032873756840112733
154 a 10 0.026023829049398373
154 d 137 0.08467951150426456
154 f 123 0.3787660392434521
154 h 66 0.10897322366904971
154 k 26 0.05477731003888586
154 m 146 0.13821509251138453
154 r 125 0.02297055745317189
154 w 24 0.02225226042375683
154 x 10 0.12903965188399336
155 d 122 0.11149109563631499
155 m 154 0.11099456208769554
155 n 111 0.4736216662628333
155 p 52 0.13606646954587942
155 r 69 0.012740859593078468
155 s 139 0.033480630100209186
155 v 137 0.025734295906272298
155 y 40 0.0752900507641241
156 a 38 0.023508452501354693
156 b 62 0.05030775104641505
156 f 29 0.05061077124385949
156 g 63 0.06698469225575643
156 h 140 0.03921702975939145
156 i 10 0.01378256845965109
156 j 46 0.0811242421572419
156 l 20 0.06343042310412317
156 m 61 0.11568365740072073
156 n 69 0.009930873220871939
156 o 67 0.02616431588452839
156 p 33 0.09329622557720274
156 r 122 0.052001638571914754
156 s 112 0.012360677985546076
156 t 60 0.0798500626965587
156 u 109 0.0023378896691189643
156 v 130 0.04702419943934344
156 w 5 0.005239871659568518
156 x 115 0.0706866395998118
156 z 156 0.02374044932875541
157 c 157 0.08427504631969585
157 f 38 0.015242782530894283
157 h 127 0.3184197727906878
157 n 68 0.3534515072992197
157 o 93 0.01042916804262628
157 w 96 0.12173574500951223
157 x 147 0.03373832412945832
157 z 121 0.02971517581720129
158 a 79 0.02939223560870763
158 c 76 0.0042268328251892084
158 d 5 0.020202724328886257
158 e 30 0.03490839084050523
158 f 147 0.009860579615060927
158 g 43 0.03214937447922994
158 h 71 0.038485671105923935
158 j 155 0.041365711548619455
158 l 105 0.009381745182552526
158 m 123 0.059321913626916856
158 n 28 0.0851824350450765
158 o 60 0.03541424425485806
158 p 80 0.17944655951885946
158 q 41 0.0023766288873550145
158 r 44 0.12471960710592311
158 s 91 0.01990969527007702
158 t 118 0.010708955151287558
158 u 95 0.020948373903238893
158 v 124 0.04314887254825028
158 w 20 0.000671172774199591
158 x 102 0.03691696486301255
158 y 86 0.09149301561913481
158 z 55 0.04418177617968655
