140 26 1744
0 0.03829250779730187
0 0.07403702844632398
0 0.13112863286196574
0 0.4255206870637297
0 0.0347104209139909
0 0.09474691395346602
0 0.10301486036948282
0 0.0735148449202625
0 0.05832729663734437
0 0.20089999987649998
0 0.011340569064602679
0 0.23925690602707383
0 0.08996875046263164
0 0.03352040883434959
0 0.004964050827314326
0 0.1636542313440813
0 0.0067370522746817985
0 0.41825341202639044
0 0.034652905655789046
0 0.001745975510833997
0 0.013548531321655233
0 0.04069177830806048
0 0.03439602496082805
0 0.012868204911198333
0 0.00028573776805718154
0 0.2930652155271589
0 0.05825079280639267
0 0.017877391582707514
0 0.04603208087281341
0 0.06916492599168389
0 0.02131164658553153
0 0.04170116321995099
0 0.12056013493687057
0 0.6256295472907423
0 0.021757804920698898
0 0.1291064334138755
0 0.036757437691948724
0 0.15082868575680652
0 0.09654218059861641
0 0.16839074692174794
0 0.06154655920454499
0 0.00738333819189807
1 0.06023002986523218
0 0.07800834178744143
0 0.0004074123386444972
0 0.013353667089718857
0 0.09466550085512448
0 0.023647414665601052
0 0.02896274105921115
0 0.03457650741949947
0 0.20076352938550768
0 0.008668724530464855
0 0.03204666281383528
0 1.0
0 0.06522788340709784
0 0.018374435796410737
0 0.03405842962191208
0 0.3105698187403343
0 0.034173926315187564
0 0.16308992261081134
0 0.2610812791367241
0 0.11535822707195009
0 0.0191503065316595
0 0.017439453838491215
0 0.39886265677701427
0 0.17539860737650181
0 0.01881629288152009
0 0.06159332320379263
0 0.2460678586491276
0 0.014235332731123762
0 0.029750478046059126
0 0.025999382521141645
0 0.1672245889069548
0 0.03561019815943567
0 0.15273057558860226
0 0.018166831991124455
0 1.0
0 0.044635531694791175
0 0.07890142126799404
0 0.02392805222877825
0 1.0
0 0.02832110129897658
0 0.0428895597559642
0 0.08090457644163829
0 0.016693221774334077
0 0.031086134412516175
0 0.043132534463334316
0 0.09637153849135338
0 0.08006867871674084
0 0.0013990060103057367
0 0.05296524593355034
0 0.02001935583771941
0 0.05412695286322056
0 0.02390151597672352
0 0.13236490202368378
0 0.8447656388892969
0 0.3557858763334476
0 0.03690372857992985
0 0.013407287263126677
0 0.11044689824942988
0 0.5660692249520933
0 1.0
0 0.007394679742442123
0 0.1059249155385027
0 0.15023247831784514
0 0.05778620277078572
0 1.0
0 0.02720766707564992
0 0.04489526319851733
0 0.0023253852409924614
0 0.9746795578585151
0 0.02768801726640402
0 0.03546006576197158
0 1.0
0 1.0
0 0.23606901816324277
0 0.1291783104981391
0 0.00018146133907193107
0 0.24658216160992774
0 0.005200708087107708
0 0.29267860077955243
0 0.05036462522652496
0 0.08235555755427781
0 0.009440788200756445
0 0.47269032763205787
0 0.007793834810459144
0 0.028850821418948236
0 0.02414907686930645
0 0.026518974648995775
0 0.031240822825096437
0 0.04707816826263156
0 0.10702672458384577
0 0.05372464638042196
0 0.22432691525352522
0 0.1100318166453329
0 0.11647465462236972
0 0.07135196840187141
0 0.05278280657126189
0 0.1461527134669417
0 0.13070053081406918
0 a 56 0.04420165831334255
0 b 88 0.09499233582097832
0 c 127 0.02476898449414111
0 d 27 0.07370480103403831
0 e 110 0.049464164495777396
0 f 108 0.004533755981052434
0 g 64 0.06381384728471928
0 h 28 0.011692347144129589
0 i 5 0.03114623457133303
0 j 19 0.0019634818693886613
0 k 4 0.17874514745885228
0 l 32 0.0006755710661604519
0 m 49 0.027523290338836937
0 n 76 0.007836679807368907
0 o 50 0.006191305958804572
0 p 60 0.005000620173755466
0 q 108 0.022334862773387698
0 r 70 0.03090670209932045
0 s 99 0.0007608545834907332
0 t 131 0.0006871899672898918
0 u 65 0.04796072290485598
0 v 14 0.05605577296164066
0 w 112 0.025734770975531562
0 x 99 0.036187407500559376
0 y 32 0.061920157938290754
0 z 10 0.05290482468565172
1 b 95 0.35838136905480344
1 c 108 0.11015159508630668
1 f 100 0.2384683284762379
1 g 14 0.13158927776559504
1 x 83 0.08737240117073297
2 a 104 0.06591564694414398
2 h 67 0.06722323710421418
2 k 40 0.22301090031115656
2 n 63 0.0767556113649841
2 o 32 0.1116712585754106
2 p 93 0.13540861689017103
2 q 45 0.007033951849178988
2 s 127 0.015194917822964116
2 t 13 0.14952381989446661
2 v 86 0.017133406381344085
3 z 92 0.5744793129362703
4 a 107 0.03375321300186007
4 b 71 0.009597826904127471
4 c 84 0.03720682573592793
4 d 82 0.008534743674903589
4 e 52 0.031719326131515846
4 f 43 0.0023663418055761554
4 g 21 0.0778382349480724
4 h 38 0.011764670781848174
4 i 21 0.03640749272481991
4 j 90 0.05997280486712464
4 k 3 0.14211800279273779
4 l 111 0.03701008207631662
4 m 24 0.0616846058724817
4 n 42 0.04175636210210165
4 o 32 0.015985159273309013
4 q 18 0.03486711331871295
4 r 21 0.042149788473002325
4 s 13 0.048012360762586526
4 t 27 0.05685935739035297
4 u 16 0.023930184488638706
4 v 12 0.016402351317276742
4 w 95 0.033716639869665
4 x 76 0.0635861716720394
4 y 82 0.03168415156608151
4 z 46 0.006365767534930011
5 a 91 0.00872196865660746
5 b 126 0.05241718290218522
5 d 110 0.0011634165352680803
5 e 6 0.061127026811104934
5 f 75 0.11057531017458966
5 g 106 0.0640451723888078
5 h 16 0.03825469720564034
5 i 11 0.02992628532355146
5 j 73 0.056848137859971004
5 l 99 0.0015038319038315207
5 m 47 0.044123009903320964
5 n 45 0.010940758921419547
5 q 17 0.1417679618707387
5 r 100 0.0394043559184849
5 s 124 0.0960190892798225
5 t 67 0.0404642130760664
5 u 51 0.024698872310791486
5 w 14 0.02720082988886885
5 x 30 0.05605096511546315
6 e 64 0.3465345426678348
6 h 41 0.5298114046741916
6 w 41 0.02063919228849076
7 a 20 0.001890951059106083
7 b 41 0.020513954665834166
7 c 135 0.047699849639226355
7 d 133 0.00585773597649808
7 e 36 0.047007618801711004
7 f 17 0.010091766182369177
7 g 63 0.053037777123592145
7 h 19 0.02488851372945844
7 i 127 0.01283036740573551
7 j 21 0.0050822711920095465
7 k 106 0.07535530448305572
7 l 45 0.1594900935433058
7 m 135 0.03065248059588377
7 n 110 0.01552957954337486
7 o 1 0.0400698707973558
7 p 53 0.033275434266802795
7 q 123 0.006503848071248597
7 r 86 0.013262407094211781
7 t 114 0.013434055504347064
7 u 29 0.08012085476219333
7 v 7 0.1268263251286157
7 w 84 0.028484017311694032
7 x 63 0.0005736051338300907
7 y 90 0.06668008610311527
7 z 71 0.0073263869651624125
8 a 74 0.01104472796801581
8 c 86 0.03032482263737224
8 g 28 0.015960536272510706
8 h 64 0.09285332656278611
8 i 42 0.0006950789155968362
8 k 119 0.06002756979486046
8 m 132 0.13033578319031358
8 q 120 0.16600805180052713
8 u 19 0.1389897983401055
8 v 134 0.11689131101068895
8 x 131 0.012361505663995076
8 y 31 0.0009467129142500808
8 z 111 0.16523347829163315
9 c 87 0.049373321042132545
9 d 110 0.06442829379396542
9 e 112 0.04169843289133823
9 f 2 0.03601517245302044
9 g 61 0.08877813779276744
9 h 88 0.050835205240806425
9 i 74 0.00970234956050997
9 j 49 0.11090675197390676
9 k 43 0.01631278069311204
9 l 4 0.06478255434221103
9 n 5 0.03720806864556703
9 o 85 0.02199416368562046
9 p 22 0.15461784323957162
9 q 40 0.03240670764682729
9 r 136 0.002826683899730842
9 t 135 0.0043730279001552574
9 u 85 0.007282600468040745
9 v 55 0.0035673718683717492
9 x 19 0.0019905329858447285
10 a 94 0.01399053079377699
10 d 115 0.018420065525719176
10 e 86 0.022007206149526337
10 g 90 0.1501417943561152
10 h 36 0.009459450908731681
10 i 92 0.05220982565114218
10 k 132 0.013519157687875816
10 l 82 0.004839235627012273
10 m 77 0.032189906647090094
10 n 3 0.23587663941701142
10 p 43 0.053018627991251455
10 q 61 0.0710673708402334
10 s 34 0.13699621515469695
10 t 98 0.02807859581614547
10 v 40 0.05645516287536867
10 w 30 0.07673960850075645
10 x 128 0.00978907111887184
10 y 37 0.00386096587407192
11 a 118 0.12432578375756309
11 e 33 0.2518890694108237
11 k 63 0.06204224924049895
11 o 32 0.005838364748634972
11 u 53 0.045087145324416045
11 z 92 0.27156048149098944
12 d 19 0.11464489400967348
12 e 36 0.14323189559420269
12 g 93 0.0064457207110684145
12 j 103 0.035354693735867304
12 n 121 0.009640463621033879
12 o 133 0.16900198491088458
12 r 105 0.09174977219184322
12 s 53 0.08217322448180386
12 u 29 0.013969410300798346
12 v 128 0.11849186727540628
12 w 13 0.1253273227047863
13 d 25 0.07702278095902015
13 e 3 0.014665097106965397
13 f 132 0.016265475569856358
13 g 42 0.07050658445507396
13 h 17 0.02567683195384196
13 j 27 0.16408265006842804
13 k 86 0.10867450588426242
13 l 1 0.030010090284418256
13 m 95 0.0031782200289269813
13 n 107 0.08575164584315509
13 o 100 0.03844181554034243
13 p 74 0.0758093989397034
13 q 47 0.06953343549972568
13 r 33 0.0044500238451886664
13 t 125 0.09288539493196613
13 y 105 0.05502847239313979
13 z 32 0.0344971678616357
14 a 46 0.3862947837705243
14 d 27 0.04895049517864625
14 e 91 0.013545404896241564
14 g 4 0.12414222256020979
14 h 64 0.17607480394047703
14 k 129 0.021545362909221155
14 m 83 0.08014245458365798
14 r 125 0.05218195021889538
14 v 129 0.09215847111481223
15 a 108 0.025365869277552577
15 b 25 0.073758493919721
15 c 5 0.0066808341082057465
15 f 2 0.08401674017732463
15 g 67 0.021333391258844148
15 h 58 0.000981392151713334
15 n 14 0.007483782913892512
15 o 120 0.05795400189856981
15 p 60 0.13885950998941854
15 r 20 0.20483123391542868
15 u 12 0.1283736790911464
15 y 37 0.08670683995410133
16 r 68 0.5977799775403102
16 t 89 0.2552594301274189
16 x 129 0.06536630287748502
16 z 41 0.07485723718010406
17 m 54 0.5817465879736096
18 b 121 0.041122406182526716
18 c 130 0.03530062110254806
18 d 98 0.06353559868864755
18 f 53 0.013935700073748558
18 g 57 0.032476006945050484
18 h 50 0.02906100085766483
18 i 91 0.04545087904944811
18 k 94 0.02246660858813232
18 l 11 0.04396566926845058
18 m 26 0.062169193174199
18 n 63 0.020198034092024253
18 o 67 0.07158377151806705
18 p 28 0.008575645501515572
18 q 44 0.008799288772218694
18 r 129 0.002860976814663796
18 s 0 0.04154618186263204
18 u 118 0.11678632361619967
18 v 7 0.015282781713186422
18 w 76 0.16903140099961178
18 x 56 0.016026802298104936
18 y 20 0.058174245640394195
18 z 6 0.04699795758517633
19 a 50 0.027212735797737753
19 c 66 0.060988289200073154
19 d 12 0.06286023112977346
19 e 9 0.00838021722562965
19 f 132 0.17822367738474576
19 h 55 0.012445981921326621
19 i 47 0.006039095722862209
19 k 44 0.004231901353795031
19 l 103 0.0210287090952882
19 m 104 0.16433229615002243
19 n 41 0.10544738622078642
19 q 75 0.02462439296114971
19 r 55 0.0025896942596872474
19 s 80 0.18907544490213968
19 t 132 0.04634444137649729
19 u 43 0.03866027448509679
19 v 136 0.02191377455992416
19 w 3 0.019365240175279408
19 x 11 0.003963293792712097
19 y 108 0.0005269467746389367
20 a 78 0.0693327411954836
20 b 45 0.28129259843041243
20 c 105 0.046869275451105086
20 e 49 0.0948705892766567
20 f 106 0.053393280826750544
20 g 119 0.024465532372158427
20 i 95 0.00025045190092243264
20 k 56 0.18903072163965473
20 l 103 0.10111963511183553
20 q 44 0.002928497671528585
20 s 139 0.00015132332863343478
20 t 110 0.04171851732752763
20 v 101 0.01814474799750787
20 y 29 0.06288355614816776
21 a 117 0.009047377403666346
21 b 9 0.0133192218848186
21 c 3 0.05403660346204031
21 d 15 0.03656274297367523
21 e 94 0.04875150645801374
21 i 124 0.04168938841356318
21 j 103 0.0034492471231327704
21 k 104 0.017878511094961302
21 l 115 0.05249903379506682
21 m 2 0.158338980499375
21 o 52 0.0654856564938372
21 p 100 0.016724875056537414
21 q 2 0.05401708634956581
21 r 22 0.16509358616571945
21 t 29 0.1403976817696656
21 u 61 0.05208824148156921
21 y 39 0.029928481266731533
22 b 0 0.04478949634439877
22 d 22 0.1283887929815265
22 e 106 0.04749447820902808
22 f 105 0.0587064789859445
22 g 120 0.008732886379294813
22 j 27 0.018285907761963816
22 l 119 0.10805462987341163
22 m 101 0.07027492185986506
22 n 66 0.02714698941534921
22 q 86 0.06186325511091739
22 r 119 0.05933179134130884
22 s 47 0.01680189128390952
22 u 99 0.046409378633072484
22 v 125 0.017052460374670897
22 w 127 0.06198628366856784
22 x 1 0.12375707758708876
22 y 8 0.06652725522885383
23 b 51 0.10896601038289289
23 d 14 0.06274831598848463
23 f 4 0.039761218759132966
23 h 41 0.1801107263705417
23 i 5 0.0011254720487630099
23 j 51 0.015930196511133032
23 l 33 0.05802333290391393
23 m 92 0.07396690536266748
23 o 18 0.17004266625282127
23 p 22 0.006618721053583521
23 r 0 0.029941645331825306
23 s 65 0.047280079598729596
23 v 119 0.03658287814078742
23 w 76 0.12764516458637232
23 y 138 0.004335676073340178
23 z 48 0.02405278572381242
24 a 92 0.036837951035870065
24 b 127 0.12441834816119357
24 d 64 0.03299983601959289
24 e 120 0.045214540535109315
24 f 7 0.09728379529395692
24 g 18 0.0755133059055243
24 h 64 0.06332164055491485
24 i 137 0.08440379340996107
24 k 92 0.0005671211544084898
24 l 8 0.015529177795388094
24 m 66 0.011210134094783664
24 n 26 0.1695820162869921
24 o 64 0.08494157454709983
24 q 4 0.02088064006588397
24 r 75 0.0031975417701831654
24 s 137 0.020853299151724847
24 t 127 0.003785345952376451
24 u 47 0.027402299867043567
24 v 109 0.028712778517757553
24 w 97 0.005171403700889088
24 y 92 0.03395534259117272
24 z 132 0.013932375820116305
25 e 62 0.5257024343103354
25 i 108 0.18123235016250572
26 a 122 0.06989293756394366
26 h 51 0.029519397059674546
26 i 18 0.006017157971124454
26 j 116 0.03117602564236721
26 k 91 0.0598614501839948
26 l 138 0.02735184855120465
26 n 108 0.06183594192476349
26 p 37 0.02060711679844318
26 q 136 0.013203986942762924
26 s 123 0.08273214602534518
26 t 82 0.07087707662739817
26 u 106 0.0755394154294543
26 v 103 0.01830821450780251
26 x 72 0.1342548260887999
26 y 131 0.0069117490886785315
26 z 13 0.2336599167878498
27 a 102 0.09020038672675912
27 b 93 0.07945216742437133
27 f 107 0.13951898698909615
27 i 61 0.10944567374626935
27 m 66 0.1712428523529156
27 q 20 0.011141373623165474
27 r 102 0.26048214530991876
27 u 1 0.12063902224479672
28 d 25 0.09369392841605695
28 e 133 0.15256750905325933
28 f 113 0.16364397279175413
28 g 73 0.139623951355337
28 m 47 0.03301259443121607
28 o 86 0.04892179975745692
28 p 9 0.08811003642510107
28 q 127 0.18345054346799783
28 v 107 0.05094358342900729
29 a 30 0.03177627476812561
29 d 32 9.523742112815814e-05
29 e 112 0.04590974677108062
29 f 11 0.060022982290962146
29 g 91 0.024511651245017863
29 h 27 0.043121987640650006
29 i 137 0.04431977283811206
29 j 38 0.17467575158585313
29 k 137 0.008740105893737415
29 l 91 0.12972886050984012
29 m 38 0.009997240350712588
29 p 69 0.18342738036402506
29 q 22 0.004493289707263259
29 r 5 0.009786417084019727
29 s 48 0.025684855689264707
29 t 59 0.012814734565952612
29 u 129 0.03303485783864546
29 v 118 0.0667638836558182
29 x 1 0.021930043788107367
30 b 92 0.025048001942144626
30 e 68 0.04135130346888927
30 g 81 0.009966930745059499
30 h 66 0.11050803227419315
30 j 117 0.09337813291611241
30 l 33 0.06067007833110072
30 m 129 0.1530104363918947
30 n 63 0.34594313690454037
30 s 96 0.017905077952040105
30 t 30 0.012133136893957452
30 u 32 0.0800885058723072
30 x 90 0.024428132129301727
30 y 105 0.004257447592927233
31 b 33 0.021429676551390497
31 g 11 0.24038475140940996
31 k 129 0.05748911873717677
31 o 23 0.12054244794098001
31 p 93 0.003819737021513392
31 q 2 0.14494918475985763
31 r 63 0.007837419340031238
31 s 133 0.00609998672762635
31 v 64 0.22309842315704187
31 w 137 0.1326480911350213
32 c 10 0.04714160558851466
32 e 15 0.04509654701891874
32 f 79 0.06356109974903101
32 h 29 0.04374526515864763
32 i 122 0.03803510343421468
32 j 134 0.0167547622858345
32 o 99 0.12775321700788123
32 p 56 0.0011391723138737264
32 q 69 0.11835662076864584
32 u 56 0.08917037570550557
32 v 76 0.12139151847559448
32 w 71 0.16139207528514177
32 x 104 0.005902502271325605
33 q 77 0.1674639759511498
33 y 23 0.20690647675810792
34 b 139 0.10675365794635894
34 d 121 0.04374204474873444
34 f 138 0.05375313646408397
34 g 22 0.021300586380638142
34 h 59 0.05799195223050191
34 i 69 0.04212321056588464
34 k 67 0.11252919220362567
34 l 82 0.028138161095261016
34 m 55 0.025173048332243653
34 n 20 0.030900989207999996
34 p 85 0.03999176479416877
34 r 131 0.03912786845679306
34 t 129 0.08366820211448711
34 u 19 0.02699317641346699
34 v 131 0.0524340522535538
34 w 124 0.17450698677360676
34 x 80 0.007363727889093452
34 y 36 0.031750437208798776
35 c 135 0.016910830248120234
35 d 85 0.03274414237634016
35 e 103 0.1357601681888445
35 f 135 0.0588273596286617
35 g 6 0.18920366135897526
35 h 121 0.046839689340945734
35 i 81 0.04309003202063533
35 k 67 0.04409071436702794
35 l 136 0.08650936800185682
35 n 94 0.08942791051872567
35 t 53 0.004778391656084402
35 v 62 0.08485409337846972
35 w 5 0.03785720550143701
36 c 62 0.06616446488712358
36 e 12 0.03016266021125824
36 h 11 0.24660526366542357
36 l 1 0.13385498731437073
36 n 64 0.10183526058990511
36 p 114 0.0417253475933973
36 u 4 0.09181236569977025
36 v 35 0.028947319596816068
36 x 113 0.13976855035886304
36 z 52 0.08236634239112339
37 b 2 0.04218840771017207
37 f 77 0.12248373398504164
37 i 83 0.2058871286084616
37 m 59 0.037455087419988264
37 o 107 0.15913656477317706
37 s 22 0.025501020119082507
37 t 86 0.06798105438157132
37 u 9 0.18853831724569903
38 e 35 0.5802420540989166
38 h 34 0.05757153043959662
38 j 99 0.042933788595518996
38 q 20 0.18660193841516604
38 y 109 0.036108507852185334
39 a 64 0.09169097543424365
39 b 28 0.07867318918871302
39 d 12 0.06480757768472611
39 f 9 0.0126469462676434
39 g 16 0.007091459689137047
39 h 105 0.020093431248472626
39 i 117 0.05269395511483288
39 k 0 0.03228738295334188
39 m 112 0.012035760029941778
39 n 134 0.11354403974487526
39 o 99 0.008831352055411412
39 q 95 0.024044692202845885
39 r 32 0.06409683316998871
39 s 121 0.007078762287384022
39 u 122 0.045917657849810056
39 v 15 0.01766579164581783
39 w 29 0.07302525492404133
39 y 134 0.0070490975728333405
39 z 64 0.09833509401419183
40 g 126 0.029085020793942706
40 h 29 0.06377605368622852
40 i 35 0.11786827360999108
40 j 53 0.05929445634331465
40 k 14 0.01315049962238346
40 o 99 0.12703615372421273
40 p 39 0.04265566867753168
40 q 138 0.05398369367134925
40 r 117 0.2545086254699185
40 v 31 0.026898455022318468
40 x 78 0.09016078035836717
40 z 132 0.060035759815896816
41 a 49 0.09495554327745803
41 b 15 0.03531263566050691
41 c 136 0.03342879141908295
41 d 64 0.05029814728250992
41 e 41 0.006938985273600706
41 f 25 0.030495854080952678
41 g 119 0.015279238066899015
41 h 81 0.012009411257805191
41 i 138 0.09124065640157175
41 j 128 0.14208543319668998
41 k 12 0.027305775248923192
41 l 127 0.08385071456202897
41 r 78 0.004719892213195465
41 s 110 0.03956973341982384
41 t 87 0.04918207289232279
41 u 27 0.06294579607511519
41 x 49 0.1942168029642396
41 y 53 0.01878117851537575
42 a 4 0.03143577214020643
42 c 76 0.00720123654701077
42 d 4 0.029186936724863832
42 e 61 0.031895052706080285
42 f 135 0.01668651357346429
42 g 72 0.02679614133768049
42 i 26 0.02140314774305707
42 j 36 0.09901706384460007
42 k 86 0.06324981310900235
42 l 100 0.015408523467733914
42 m 75 0.06566789557793973
42 o 79 0.0001859517746877204
42 p 100 0.032938835405049605
42 q 1 0.047651690106449984
42 r 108 0.06590477984467236
42 s 17 0.11275551098395864
42 t 73 0.07310521085653277
42 u 129 0.02230675842977181
42 v 52 0.027536562212437166
42 w 107 0.0713219507958166
42 x 75 0.058301510087865216
42 y 68 0.0013771523223451432
42 z 64 0.018435960543541574
43 a 35 0.10413346830550152
43 b 121 0.011375323149599104
43 c 13 0.008078494516016055
43 d 139 0.010611954254976075
43 e 47 0.0008441640454226462
43 f 18 0.047633112764478014
43 g 102 0.022231132241060103
43 h 134 0.045384348156607635
43 i 112 0.004336142949920352
43 j 30 0.011308925336659503
43 k 21 0.05782961183621793
43 l 6 0.04560440820004741
43 m 84 0.011675643269526303
43 n 23 0.15127856568465914
43 o 70 0.030352300024268475
43 p 29 0.034304016395420245
43 q 23 0.0036621774541119034
43 r 51 0.000723748190576301
43 s 39 0.0737285421440318
43 t 19 0.012494911335670045
43 u 85 0.0007944823241453625
43 v 139 0.009715472388504676
43 w 111 0.10239927956506478
43 x 24 0.050929446461002725
43 y 132 0.057038952597801895
43 z 74 0.013523034621268581
44 a 63 0.057433419647105244
44 b 9 0.18158818334870697
44 d 113 0.04236145247853795
44 g 50 0.04271299364911152
44 i 21 0.04860374091529862
44 j 111 0.021355601603970542
44 l 3 0.07576092923153832
44 m 57 0.09163161141424236
44 n 132 0.02966963972918324
44 p 35 0.012489105328274075
44 s 85 0.01682496369365516
44 t 100 0.04145226125665946
44 u 96 0.021835223405825555
44 v 14 0.011242761788639921
44 x 82 0.30463070017060656
45 c 79 0.16013184780034884
45 d 43 0.05833290378130218
45 e 127 0.06956920340793982
45 i 133 0.310614711212863
45 r 69 0.12247421002161585
45 v 134 0.12256787317811202
45 x 14 0.14295558350809945
46 a 53 0.03930146372511212
46 b 3 0.052998739399451544
46 c 15 0.023500883415057627
46 d 112 0.02049930958713475
46 e 56 0.04102489977086887
46 f 79 0.03426383137677513
46 g 117 0.020590488087044778
46 h 2 0.0077803472531983164
46 i 80 0.0060861781607151055
46 j 84 0.033798122347272974
46 k 45 0.02246987855743776
46 l 51 0.005243666243176626
46 m 90 0.043934720358962065
46 n 93 0.1847796932811071
46 o 77 0.08701449671842354
46 p 61 0.03367498121695367
46 q 82 0.011806015811880899
46 r 83 0.00031911213720725584
46 s 78 0.0022724074111935
46 t 107 0.0082583819652019
46 u 71 0.09095223388987039
46 v 57 0.02089846397056383
46 w 7 0.029419710117497
46 x 89 0.025853795128200296
46 y 96 0.03814034790593335
46 z 27 0.020452331308635108
47 a 34 0.0036006596675826064
47 b 115 0.09617308301843241
47 c 6 0.010798830398570103
47 e 49 0.0007929875224963467
47 f 53 0.029410051803739456
47 h 137 0.012170139757604947
47 i 56 0.028792212493593428
47 j 110 0.057831684630262004
47 k 69 0.09718665737289989
47 l 110 0.1636783582071737
47 m 22 0.023778606496046906
47 o 111 0.027651758768358792
47 p 116 0.09002535027954572
47 q 3 0.05129763656014108
47 r 74 0.005335146499692689
47 s 24 0.011079433000313776
47 t 18 0.046848599022242476
47 u 42 0.042817089677748
47 v 121 0.028560583527068695
47 w 79 0.04782437774705328
47 x 24 0.06505987061414631
47 y 40 0.020748786499274918
47 z 74 0.014890681770411418
48 e 88 0.05198442024419403
48 h 74 0.07385025213997787
48 l 135 0.3304869278282748
48 o 11 0.13824660958114876
48 u 78 0.040314726709724025
48 v 95 0.33615432243746934
49 a 127 0.035925327079344926
49 c 24 0.033724847344241526
49 e 138 0.012646769140422176
49 f 27 0.08884412913781825
49 g 100 0.1510264164320816
49 j 23 0.028366135706283546
49 k 62 0.024659479986280486
49 l 97 0.02809089594418057
49 r 87 0.01582768752140784
49 s 56 0.16927746789349052
49 t 59 0.05735822289183845
49 v 2 0.03696344608431246
49 y 122 0.06060075770561091
49 z 39 0.22211190971318728
50 e 78 0.640866280620973
50 h 105 0.15837018999351937
51 a 93 0.022702511602173625
51 b 103 0.12061190729571847
51 c 124 0.1129578420290337
51 d 75 0.07451726251708124
51 e 25 0.01757311468212497
51 f 43 0.01312225548344259
51 g 50 0.057252762444181315
51 i 103 0.05706823422697471
51 j 91 0.15542133186845852
51 k 98 0.0007662008947804111
51 m 81 0.06893751934506498
51 n 125 0.019748739906027546
51 o 123 0.01745210904827965
51 p 31 0.027178509910742332
51 s 104 0.015271091992766106
51 t 108 0.004099493308160507
51 u 88 0.021104267014720013
51 v 57 0.003442493505420474
51 w 16 0.012476832386876802
51 x 41 0.019810615561082212
51 y 138 0.018834621031546983
51 z 112 0.130981559414878
52 a 39 0.173800451702686
52 b 34 0.02996524095803965
52 h 48 0.06490262959225901
52 i 77 0.09395162487962283
52 l 128 0.04041189333495132
52 n 26 0.007723569157512489
52 q 83 0.09625958774081766
52 r 39 0.16259253789276618
52 t 48 0.008886842126953565
52 u 102 0.09085656246113971
52 w 100 0.045089367554558946
52 x 115 0.10765626540225648
52 y 72 0.032570623688867206
52 z 128 0.013286140693733683
54 a 129 0.269161952959001
54 b 51 0.14750734531561738
54 d 110 0.06563709669601336
54 h 97 0.0016644166898149848
54 j 79 0.020684051671349568
54 n 103 0.08045557152068006
54 o 83 0.177746336706614
54 w 6 0.17191534503381178
55 a 52 0.0796913931777955
55 b 104 0.026466964100754997
55 c 32 0.001778302431232004
55 d 21 0.020371114296305448
55 e 31 0.10066866619954917
55 i 70 0.13161457434753043
55 p 113 0.013102635920021921
55 q 120 0.14937667813715527
55 r 69 0.09942691027568029
55 s 119 0.2218126920905975
55 t 124 0.010640557026053377
55 u 74 0.027165542144156896
55 x 128 0.06929340912105819
55 y 3 0.030216124935698252
56 a 75 0.04893842487355804
56 e 58 0.05788485648346553
56 f 67 0.1782894975120235
56 g 73 0.010670313101656226
56 h 89 0.02479679864001605
56 i 84 0.0535571414442384
56 k 35 0.031934107672273115
56 m 8 0.0662545309112127
56 o 128 0.08874801367509
56 p 90 0.10123814792054553
56 q 7 0.09767808309574666
56 w 21 0.00857862326804748
56 x 47 0.01166730823450779
56 y 92 0.17326272837506485
56 z 12 0.012442995170642068
57 d 107 0.28329160444044454
57 j 130 0.08202330499029531
57 l 75 0.04921722400285011
57 r 138 0.013538712162485811
57 s 57 0.08172462294469984
57 u 79 0.07987326513816628
57 w 111 0.0997614475807238
58 b 132 0.017730222587703293
58 c 107 0.04979002565226598
58 e 136 0.032636215510358446
58 f 93 0.06427538928792798
58 g 134 0.020185363821490387
58 h 94 0.032825192941107306
58 n 107 0.04771835837890259
58 p 12 0.3164263285948484
58 q 121 0.12984386007444915
58 s 106 0.003093181527454525
58 t 78 0.004423200957687112
58 u 109 0.02781516511458415
58 w 75 0.04308694978498051
58 x 18 0.06184105724625355
58 y 24 0.05720084756818722
58 z 93 0.056934714636611816
59 a 137 0.02985139484541144
59 b 48 0.42520719375708504
59 i 82 0.1676102764686549
59 k 78 0.037183596331214264
59 o 85 0.08443004821357358
59 p 65 0.053884124139727874
59 t 11 0.03874344363352156
60 c 70 0.15760987026805584
60 g 106 0.06847133032197228
60 h 5 0.06358299679355428
60 i 53 0.1268661416644119
60 m 81 0.046335838075423075
60 o 59 0.06850140051278353
60 p 95 0.15151423070328485
60 s 132 0.05603691252379017
61 i 131 0.03034129738564073
61 k 89 0.8543004755424092
62 a 112 0.006829762589411259
62 e 82 0.13614806036037708
62 f 106 0.09623364562939418
62 g 109 0.045016736475939956
62 j 0 0.04373481094818521
62 k 91 0.0575569543136728
62 l 34 0.03515038062306375
62 n 113 0.0022924244397992677
62 p 111 0.11134760553834377
62 q 117 0.003641226692568611
62 r 102 0.019283996966234396
62 v 33 0.005293473889566136
62 w 71 0.39254491145754444
62 y 101 0.00023689184759567716
62 z 8 0.02553881169664396
63 a 127 0.011600246326612385
63 b 73 0.044160842162369374
63 c 14 0.011495651304525012
63 e 42 0.0532978735839712
63 f 30 0.0772548191948692
63 g 66 0.00925274085470873
63 h 110 0.00977100459402025
63 i 9 0.04453992921754346
63 j 55 0.009112641270989541
63 k 45 0.06281064245092993
63 l 47 0.013661259968447914
63 m 78 0.030008431683950954
63 n 129 0.09323522882287893
63 o 48 0.010774947613577224
63 p 22 0.021968210716678316
63 q 131 0.014464563185260126
63 r 13 0.010982896264939646
63 s 67 0.06683707847401066
63 t 65 0.1463579111110933
63 u 130 0.010609492515783026
63 v 108 0.056969154883441675
63 w 58 0.08311661205820231
63 x 106 0.04863586724985136
63 y 69 0.013441984361028059
63 z 107 0.028200516291826183
64 d 87 0.016030801842209175
64 e 67 0.1458380471111974
64 g 78 0.08815718815531448
64 i 11 0.004304463144714665
64 j 108 0.01291716144200139
64 k 117 0.03242103126968576
64 o 3 0.012151290137128012
64 q 89 0.09296899961980476
64 r 92 0.027993178857602996
64 t 96 0.04419147996424888
64 v 28 0.014800429817081517
64 w 46 0.00798876411658167
64 x 68 0.07958568939769894
64 z 110 0.021788818347716066
65 b 10 0.0535713739441076
65 d 13 0.027599781659001565
65 e 101 0.04586797501709794
65 h 112 0.03634620097641483
65 j 92 0.010047115540606333
65 l 78 0.019595457455442
65 m 110 0.018436373898326863
65 p 75 0.27453811387496163
65 q 1 0.10442021163157333
65 v 53 0.07899633376882842
65 y 93 0.15518245485713766
66 f 73 0.3029803315834926
66 n 59 0.05323806704637524
66 o 103 0.0031958195348925633
66 p 70 0.1736122260543992
66 q 4 0.06641650633495144
66 r 6 0.09742827980247748
66 s 121 0.04405383837181187
66 x 128 0.07577396884867293
66 y 28 0.16448466954140661
67 a 62 0.06255775172379818
67 b 21 0.010300737769685986
67 c 119 0.042324449420646504
67 d 74 0.01114475736640852
67 e 110 0.03574683469272377
67 f 123 0.025897281103965164
67 g 136 0.00978152635684304
67 i 9 0.005767936883809277
67 j 79 0.0098897568786519
67 l 88 0.04001175774119925
67 m 7 0.006646776081323802
67 n 29 0.08017547356157795
67 o 115 0.23769288434659386
67 p 130 0.042522281017599695
67 q 91 0.06301764896882389
67 r 102 0.08256431899428551
67 s 86 0.027212203039674976
67 t 1 2.5402762881099328e-05
67 u 133 0.0678133200084523
67 v 13 0.03673341444490408
67 w 82 0.01118846744130364
67 x 35 0.023211617235790794
67 z 89 0.006180078955264179
68 e 110 0.026287626998447666
68 f 39 0.06136928803110542
68 g 7 0.02969920013638072
68 h 37 0.03528016622286634
68 i 106 0.05511565463436707
68 p 13 0.01596414494804599
68 q 61 0.07597607495022463
68 t 38 0.025327604094401934
68 u 96 0.10028227434624148
68 v 85 0.021523780619947197
68 x 78 0.07397695270923088
68 z 92 0.23312937365961306
69 b 111 0.04226026462205501
69 c 68 3.7594524801232154e-05
69 d 79 0.03963376419558062
69 g 128 0.0013314053529102088
69 i 130 0.08512466478439273
69 j 11 0.05163167850581274
69 k 57 0.1944177252497239
69 l 100 0.07978163472386601
69 o 76 0.21146016457618055
69 q 130 0.033222972053885025
69 u 65 0.13648075106923518
69 x 103 0.10929363615830245
69 z 106 0.0010884114521305666
70 a 93 0.07539678584348819
70 b 28 0.08256423709983551
70 c 56 0.01122959137797952
70 d 77 0.000630383266634893
70 e 91 0.0016405278222826336
70 f 29 0.018476805332305113
70 j 94 0.017209053501940685
70 k 70 0.05614394119223487
70 l 121 0.012770045574530209
70 m 109 0.10894160763668159
70 o 83 0.05910414764445482
70 p 111 0.01195564834504903
70 q 98 0.23984466788800807
70 r 59 0.06538043608640987
70 s 31 0.05285516888978736
70 u 75 0.021045195937927308
70 y 42 0.04818112048281298
70 z 101 0.08688015803157823
71 b 19 0.024430208707593715
71 e 32 0.06787234547080745
71 f 130 0.05255838772145882
71 g 1 0.03545271997679189
71 h 41 0.3094426986753531
71 o 57 0.06954903983553484
71 p 70 0.039256471565137785
71 q 66 0.005166368612131933
71 s 96 0.026768889566297638
71 v 37 0.14880571120622954
71 z 29 0.19469777614152162
72 b 58 0.06490294276189434
72 d 130 0.04900863577630421
72 g 37 0.04382233189091067
72 h 65 0.0833082535634635
72 i 38 0.1212501054072691
72 j 114 0.006945686374891236
72 n 3 0.00814287113331802
72 o 3 0.1101245259667667
72 p 32 0.08493173873863846
72 r 76 0.03190160258879371
72 s 44 0.005121242830178896
72 t 126 0.025692556124738086
72 v 7 0.03538930114972505
72 w 53 0.018121160660445113
72 z 91 0.1441124561257081
73 a 132 0.03510774183610388
73 b 110 0.009216538795029816
73 c 139 0.049328195392657204
73 d 87 0.05743781473917009
73 e 50 0.0012274584040102843
73 f 13 0.04784844360145479
73 g 80 0.11106840288463671
73 i 117 0.09851335439806375
73 j 124 0.046075937676230194
73 l 15 0.037700455832164526
73 m 114 0.02391811555577783
73 n 73 0.06752086774622856
73 o 94 0.028975861983941753
73 p 67 0.010894878735808966
73 q 16 0.012721619997804967
73 r 77 0.04261296160495798
73 s 82 0.06589606332616182
73 t 126 0.0868556597464395
73 u 25 0.03689187828082907
73 w 8 0.0009373854301464313
73 y 11 0.0024708731901486036
73 z 52 0.09116929268279761
74 c 103 0.20606134276927668
74 d 14 0.01855087613875217
74 e 6 0.12109457126869294
74 k 63 0.10396988588741085
74 o 105 0.0043689748345761
74 q 46 0.0021785127680580274
74 y 104 0.391045260744631
75 a 19 0.013843928245902193
75 b 129 0.057182781885184664
75 d 106 0.0061474147733036055
75 e 52 0.2077284115007546
75 h 55 0.07351201695168408
75 i 70 0.14714400947195516
75 k 65 0.051050230540723884
75 l 139 0.03602017961741433
75 m 111 0.005653439053145193
75 p 47 0.023595333037233046
75 q 88 0.02718384821004627
75 r 104 0.16863249660627078
75 t 12 0.0849780777229886
75 v 128 0.055038605463207046
75 y 83 0.02060495488391101
75 z 79 0.003517440045151088
77 d 94 0.04300652393794435
77 k 74 0.24002070180977575
77 r 30 0.08444074685786884
77 s 39 0.16988693393879783
77 t 79 0.41319128254902326
77 w 14 0.004818279211798782
78 e 8 0.15693192145188084
78 g 23 0.19093822479578837
78 z 23 0.5732284324843367
79 a 0 0.15456898831849974
79 b 77 0.0596942743081561
79 c 66 0.06263940589000272
79 d 85 0.050757264472680474
79 e 41 0.007145889708429443
79 f 98 0.020426102005782765
79 g 127 0.0016868313036740856
79 h 54 0.009668635536601244
79 i 79 0.014747145737592393
79 k 75 0.013015747293262936
79 l 10 0.018981724990526083
79 m 115 0.1130566599940771
79 n 15 0.0001530426882326852
79 p 81 0.08633904133379733
79 q 92 0.019654736095713665
79 r 71 0.08044443309561622
79 s 120 0.02058651259771438
79 t 32 0.030236215783211784
79 u 123 0.06612243986056465
79 v 1 0.050474664897766086
79 w 3 0.012019147145771791
79 x 137 0.004438831458853931
79 z 30 0.07921421325469413
81 a 105 0.021915553485506334
81 b 21 0.1331032030713375
81 c 66 0.021570694691721015
81 e 47 0.10162481289808967
81 g 69 0.033831643108620746
81 h 70 0.010397324679381703
81 i 76 0.018264611911024353
81 j 43 0.03250776009300316
81 k 44 0.03376937192552831
81 l 22 0.05047116809353802
81 m 57 0.0360046879922179
81 n 84 0.09147453101495939
81 o 115 0.08830495740506272
81 p 48 0.021218913894025415
81 q 15 0.01945231810955761
81 r 104 0.028725942683952566
81 s 93 0.015415229040852907
81 t 32 0.08363939927208153
81 v 5 0.02395842903083223
81 w 68 0.028729740918855273
81 y 71 0.07729860538087507
82 b 35 0.07433544301499129
82 d 102 0.020874152088882325
82 e 62 0.03673432251929709
82 h 128 0.09241138680096805
82 j 11 0.043810175930614426
82 l 15 0.08961063138006897
82 m 48 0.08283759170855776
82 n 96 0.05815149404341202
82 s 0 0.014520758362355779
82 t 14 0.2010315161778251
82 v 51 0.07045629273926524
82 w 2 0.13403505699329232
82 x 121 0.03830161848450542
83 b 83 0.036190894746404356
83 g 3 0.06336022839830802
83 j 23 0.1675743647031882
83 k 32 0.08625189152693946
83 n 137 0.0596056371296656
83 p 104 0.1347941164286406
83 q 54 0.25760531634962325
83 v 120 0.060741910604483196
83 w 96 0.0400744688341661
83 y 28 0.012896594836942943
84 a 23 0.014667094152671312
84 b 122 0.016301216632124915
84 c 88 0.040784807755611885
84 d 107 0.1083637917896656
84 e 46 0.03758921662400083
84 f 61 0.08676811389166761
84 h 89 0.03068679926819018
84 i 13 0.057719482847371606
84 j 131 0.09754417103304647
84 k 115 0.008704937770606103
84 l 38 0.03447010765171665
84 n 81 0.023231479809675326
84 o 103 0.12160801422525214
84 p 132 0.034611354196901534
84 r 98 0.014433098109665421
84 s 36 0.04006680263471274
84 u 53 0.047063304183682875
84 v 98 0.12871540321840902
84 w 62 0.039977582430693714
85 c 20 0.09824381295700368
85 f 81 0.09630132649857703
85 g 71 0.030156006111391576
85 h 38 0.00342720161972343
85 i 95 0.051655827520137865
85 m 9 0.059595807305790394
85 o 75 0.04004259615995387
85 q 49 0.26617137593921014
85 t 76 0.0010245105773298846
85 u 29 0.024936860862258103
85 v 2 0.2660383518613665
85 x 102 0.02199730314480708
85 z 48 0.00932288502993428
86 c 0 0.0069983246410071365
86 h 5 0.1339533270371822
86 i 116 0.2002278075720053
86 k 39 0.04042794491249646
86 m 87 0.04085754510556727
86 n 30 0.0001973773962755665
86 o 52 0.11574601784950855
86 p 46 0.09567668839325594
86 r 128 0.11123705850647414
86 w 101 0.16390920636073292
86 z 129 0.047636167762160175
87 h 90 0.11165525782724883
87 j 45 0.05769787173438379
87 n 118 0.07939066575953047
87 v 96 0.4937580535478666
87 x 63 0.16112661263961692
88 e 14 0.02468330260037155
88 h 4 0.4262791953368803
88 o 51 0.10569935178128287
88 v 18 0.04281393272263245
88 x 47 0.320455538842092
89 a 65 0.0893067098865562
89 b 40 0.04251557919175908
89 c 2 0.0744745033619637
89 d 86 0.029467641215979667
89 e 43 0.06203082773087043
89 f 70 0.06025280376400566
89 g 135 0.02526710172878366
89 h 125 0.0016057174616512793
89 i 84 0.048617327592054616
89 j 9 0.007316341358275968
89 k 99 0.008419391108734131
89 l 134 0.016681243091104636
89 m 32 0.021554821018611836
89 n 99 0.014285395830381353
89 o 38 0.05515900522096062
89 p 39 0.0023255135899109547
89 q 84 0.006462919791920485
89 r 68 0.02980583374171153
89 s 128 0.01435243044516532
89 t 111 0.11661082296509384
89 u 46 0.013911994225400015
89 v 101 0.01823363623644425
89 w 69 0.0028630536994450617
89 x 110 0.033566755991857655
89 y 46 0.022818467067306947
89 z 72 0.18069515667374536
90 a 51 0.12402860829792473
90 c 30 0.04489260779072912
90 e 75 0.06717443216950447
90 f 97 0.23082381989550627
90 h 98 0.11368782105938735
90 q 82 0.10006503104639886
90 r 32 0.11414439835268653
90 s 133 0.03476495876187069
90 v 98 0.07166088252592795
90 x 101 0.009114511292429128
90 z 62 0.03667768287408457
91 a 76 0.018466846116412805
91 b 67 0.04292262840038952
91 c 8 0.03552046133130182
91 d 25 0.011519527731719825
91 e 31 0.05432181133518621
91 f 13 0.049320763662159095
91 h 47 0.03527890585987936
91 i 126 0.01733890178848585
91 j 130 0.015186321338835684
91 l 12 0.1334010943003333
91 m 69 0.14664092013932573
91 n 1 0.009981151183990677
91 o 87 0.02291505834918106
91 p 0 0.003444011255519297
91 q 62 0.05478030412070689
91 r 114 0.01901706471231246
91 s 52 0.008124891227510922
91 t 68 0.06647935345280476
91 u 131 0.05967316413429258
91 v 89 0.04675173643211017
91 w 126 0.01783909483378643
91 x 1 0.05343910331406265
91 y 39 0.0016192017364803357
91 z 70 0.05599832740549315
92 a 25 0.20976356920860395
92 h 122 0.05863353866606935
92 j 130 0.005974797029835499
92 k 4 0.01814385078243619
92 m 3 0.04153698326322819
92 p 132 0.37421820118050586
92 s 66 0.05841399514140455
92 t 130 0.10757157608011447
92 u 28 0.011552894202233821
92 w 98 0.06006364158234756
93 a 37 0.22110564627709173
93 c 85 0.057382653321814914
93 f 135 0.013917435944127643
93 i 88 0.07017600517665146
93 l 72 0.19928782836997383
93 n 111 0.20068376780112096
93 q 109 0.03762523586358524
93 v 23 0.15587460242898066
93 x 37 0.020045308839930054
94 b 10 0.05653931535615986
94 d 30 0.008780155480026752
94 f 58 0.05329288432718404
94 h 84 0.0006148648485571062
94 i 55 0.02184424906678495
94 j 45 0.09636458174041584
94 k 90 0.08199524953593829
94 l 45 0.1697609550492687
94 m 14 0.032338759552837826
94 r 13 0.05606328799040061
94 t 106 0.03627983708686211
94 v 62 0.038972642781846756
94 x 81 0.015071418327363806
94 z 101 0.19971689683266958
95 j 23 0.1552343611107031
96 c 47 0.0433391312551622
96 e 117 0.09557356282988083
96 m 80 0.10201910673507397
96 x 45 0.4032823228464354
97 a 26 0.11517070397307505
97 b 103 0.05429257121027897
97 c 50 0.02796021213878297
97 d 45 0.03417150224193233
97 e 43 0.026674958511466396
97 f 32 0.031023440514340583
97 g 24 0.023618053756403246
97 i 94 0.02404806803764692
97 j 13 0.001679175715618042
97 k 48 0.10645148022160023
97 l 54 0.0064318418704294444
97 m 99 0.029393502161179086
97 n 55 0.14077275453068427
97 o 94 0.047643813502956656
97 q 58 0.12656435267972443
97 r 63 0.00018107215500406948
97 t 2 0.004975153446815317
97 u 5 0.06829192734176337
97 w 120 0.034967445857117196
97 y 13 0.03849858061772038
97 z 119 0.02028566093553119
98 a 5 0.003530675390254645
98 b 115 0.0842278102358377
98 c 95 0.10818639815810027
98 d 124 0.019307042084428128
98 e 123 0.002301140321347539
98 f 133 0.06435165246794683
98 g 128 0.02845768215829525
98 h 107 0.044701844492317955
98 j 86 0.025210553418206216
98 k 47 0.032338446359330475
98 l 102 0.004254922824286855
98 m 35 0.11303081154319472
98 n 118 0.00694949006984924
98 p 95 0.010047398260014773
98 q 23 0.01840005822721047
98 r 63 0.09942722436777651
98 s 31 0.001657217504072439
98 t 93 0.03830487388190984
98 u 7 0.020154861388098744
98 v 4 0.08395923254210047
98 w 112 0.03708761291096163
98 x 33 0.024918785843910163
98 y 16 0.05830688684743701
98 z 58 0.05748009143998545
99 c 139 0.13525941231438732
99 f 79 0.1091069888854892
99 i 81 0.022751251255069493
99 j 18 0.0018826402832404776
99 k 24 0.0020677139653113574
99 m 85 0.1371515894219033
99 n 58 0.13645339938512047
99 o 79 0.07690155635514939
99 q 22 0.012325531198000728
99 r 20 0.004278878239147521
99 s 132 0.050858416220451286
99 t 61 0.010231305287953352
99 w 69 0.012217842460629846
99 x 89 0.030703333160262303
99 y 66 0.14736324331845407
100 k 71 0.23258323019716198
100 l 57 0.2013475448507447
102 a 64 0.1492941761623412
102 b 41 0.07109137074338212
102 c 137 0.027816720963627972
102 d 64 0.0019129197358840333
102 e 107 0.09119867380319568
102 f 5 0.017316283083132267
102 g 128 0.00914614049130924
102 h 96 0.05202468347968914
102 i 103 0.008287164061542729
102 j 134 0.027327846527451016
102 k 35 0.07272230929929568
102 l 25 0.026803861465990342
102 m 26 0.0317235197194593
102 n 33 0.009940047314354605
102 o 11 0.02888019136891662
102 p 54 0.012488652111213527
102 q 19 0.1557127231723754
102 r 139 0.05626644858959873
102 s 60 0.021471559567385112
102 t 137 0.01109290085818837
102 u 67 0.005568391242224857
102 w 0 0.006455365426060178
102 x 127 0.024147325744925174
102 y 60 0.012286778586134028
102 z 35 0.06162926673988056
103 a 129 0.06215131482935321
103 b 3 0.015209961137239825
103 d 23 0.034091809634359205
103 e 11 0.023393066422709996
103 f 52 0.0004178180284412081
103 g 99 0.07849613539601619
103 h 97 0.009324554663806883
103 i 138 0.06712005872092097
103 j 83 0.04768708371338126
103 k 58 0.07273827338075534
103 m 8 0.005932208812007067
103 n 94 0.055220796302571706
103 p 64 0.12370092856927972
103 r 121 0.04216638078683643
103 s 110 0.05382123900523639
103 t 18 0.05931291919746107
103 u 35 0.07334605304674535
103 v 21 0.016688804743055785
103 w 101 0.007701347614157639
103 y 51 0.005670282766854995
103 z 134 0.03988404769030707
104 d 15 0.4209143655405516
104 i 122 0.13612338374259358
104 o 136 0.1575179339583428
104 z 6 0.13521183844066686
105 f 65 0.2035101218938391
105 g 87 0.05125218791985697
105 i 12 0.0022365131097419333
105 j 29 0.11189278309493944
105 l 120 0.04818251057181555
105 n 67 0.24321483580064107
105 r 114 0.0076487833382006265
105 v 15 0.03969071655227896
105 z 129 0.23458534494790062
107 a 67 0.0064841844500685974
107 b 47 0.004881013467909701
107 c 26 0.015296921097805893
107 d 27 0.07995353350567735
107 f 79 0.02445509078676167
107 g 118 0.010434264282805916
107 h 109 0.023303234615150825
107 i 115 0.03693420111837564
107 j 129 0.011041428832943012
107 k 117 0.011568121770966222
107 l 110 0.0230635161429944
107 m 75 0.004094405051900507
107 n 101 0.04811520593394247
107 p 74 0.11271366027630825
107 r 107 0.014442251547871932
107 s 65 0.006114779258057146
107 t 7 0.1504209611006897
107 u 97 0.018290569033000748
107 v 70 0.10343928793774182
107 w 93 0.00982194559047933
107 x 4 0.11438237216188829
107 y 115 0.05397620552390903
107 z 79 0.08956517943710163
108 a 90 0.20679722240325138
108 c 99 0.11397850819995581
108 d 80 0.028300240730594006
108 e 97 0.09902621423029423
108 g 65 0.14987218388566226
108 l 139 0.07148743245339795
108 o 90 0.11841749272603286
108 p 32 0.10634765381958211
108 q 134 0.049751406580078705
108 r 104 0.006625000476768617
108 s 76 0.0010350551072598746
108 t 9 0.0034663261886048735
109 a 22 0.043160138708422835
109 c 0 0.22675068287874545
109 j 132 0.24545894970446325
109 l 78 0.14258438525062578
109 t 15 0.1444959782080959
109 v 131 0.045839642331322206
109 w 103 0.14938483767733213
110 d 69 0.025320442141484878
111 b 3 0.0938363465098877
111 g 61 0.22610221044602674
111 h 5 0.0341887386341182
111 u 25 0.058252448527833955
111 x 127 0.43485347627919413
111 y 2 0.12507876233653525
112 a 77 0.0012910019471547018
112 b 0 0.04588660654730048
112 c 6 0.03870514751582377
112 d 58 0.08765195567886774
112 f 91 0.0057855033381633
112 g 37 0.03693342486621376
112 h 45 0.051348122488214076
112 i 73 0.034372730144690444
112 j 64 0.07913742933620427
112 k 110 0.00866497404028177
112 l 47 0.0077047145902828795
112 m 129 0.020908559498701407
112 n 93 0.016740531147683035
112 p 90 0.0003618100432259963
112 q 109 0.0320209190038504
112 r 100 0.013713160155426118
112 s 45 0.028166093026146366
112 t 84 0.04420519105675602
112 u 116 0.11770578339613325
112 v 21 0.0677400244445785
112 w 13 0.06762119871527839
112 x 112 0.062283013800881526
112 y 69 0.056303330071645785
112 z 74 0.039288709384524445
115 b 54 0.04154900568438036
115 e 94 0.22790321997190843
115 k 84 0.3333890607024059
115 y 11 0.1610896954780625
116 p 139 0.23866058116262412
116 u 136 0.5081247587354446
116 y 33 0.12403634960379217
117 a 20 0.04772287880232884
117 b 58 0.08190505031954576
117 c 73 0.2630471778457042
117 d 9 0.058104623120975085
117 f 70 0.028661778621908107
117 g 11 0.06568886193931378
117 h 92 0.0628102828478877
117 i 103 0.010314722298385592
117 j 119 0.03572273577208318
117 k 108 0.007965764222220839
117 n 80 0.013632859693596844
117 q 132 0.0659405974863525
117 r 77 0.060311036447824096
117 s 65 0.000151773656493992
117 t 122 0.034069591934838384
117 u 22 0.02584479134725781
117 w 39 0.025441303269244542
117 x 96 0.03148159557595953
117 y 12 0.01674069304001069
117 z 63 0.0642604204189966
118 b 10 0.2782121182935692
118 h 37 0.08941907654758374
118 l 38 0.31930449484951473
118 v 68 0.04747941971948433
118 y 71 0.01900272897992028
119 a 134 0.028473208303246622
119 b 11 0.04719010303824467
119 c 9 0.002361083846750933
119 d 134 0.0865082941637948
119 e 32 0.0011088246679634706
119 f 53 0.00910907648349013
119 h 133 0.031637500618843406
119 i 120 0.03634012968310407
119 k 24 0.0389878186172804
119 l 68 0.044444908657740534
119 m 36 0.03427699927969252
119 n 31 0.009051796077575225
119 o 136 0.034064240330129225
119 p 10 0.022159347350128034
119 q 10 0.07213402633931165
119 r 12 0.01985639301521469
119 s 125 0.05948023072986264
119 t 64 0.09807960883367317
119 w 89 0.053356694168564034
119 x 9 0.010068366875521928
119 y 71 0.10410237077226536
119 z 41 0.15200827006049478
120 b 24 0.030425730595588618
120 c 108 0.13258540679142816
120 i 134 0.10612433305451152
120 r 70 0.16229144088811898
120 u 121 0.03072993556979764
120 w 55 0.11562809984958089
120 x 33 0.12953645247142176
121 a 110 0.0011696303425793309
121 b 0 0.23120157355947912
121 c 94 0.05075081570940565
121 d 5 0.06830097844375893
121 e 134 0.002316775907771018
121 f 47 0.008855734319392572
121 g 83 0.026896672203252203
121 h 103 0.10891038670009856
121 i 22 0.009827147395808034
121 j 40 0.007638758350093977
121 k 137 0.027290756176099884
121 l 43 0.017303159938582224
121 m 120 0.043287849260613465
121 n 38 0.005631223090794224
121 o 85 0.03739416080706304
121 p 65 0.010292523510984308
121 q 3 0.0965972815876166
121 r 6 0.009826150267893352
121 u 44 0.002018824004905939
121 w 109 0.03405103595856662
121 x 64 0.050253459864378236
121 y 43 0.02089032036450411
121 z 83 0.07893015700983363
122 a 90 0.027502030609709238
122 c 0 0.03426555248055263
122 d 3 0.03594694264921705
122 f 62 0.009420328421718804
122 g 12 0.10260716955241445
122 h 77 0.2516407390148606
122 l 52 0.017032680277565992
122 n 46 0.0005117964053332758
122 p 30 0.2036674777655323
122 r 70 0.02716274330547752
122 t 134 0.00698262233663316
122 u 119 0.03538887660531809
122 v 39 0.07979789615498212
122 w 18 0.06907666918928645
122 y 56 0.0005182404683929942
122 z 31 0.01612267720872751
123 a 96 0.08419223011269572
123 b 48 0.00875857095638144
123 c 69 0.02656151186578748
123 e 78 0.03382489247765996
123 h 40 0.05766900315518386
123 k 138 0.04055067990439576
123 n 99 0.33278884529112196
123 o 114 0.04330743548529725
123 p 98 0.055173267976869944
123 q 25 0.03372999204948979
123 v 63 0.043866137865248844
123 x 68 0.0266828011199558
123 y 122 0.05983894853282512
123 z 1 0.14361489500633062
124 j 14 0.5273096723679421
125 g 34 0.030713698852164018
125 h 126 0.36145543564776217
125 i 115 0.1079804862199738
125 k 74 0.2060053046848399
125 l 20 0.028386122004656844
125 n 118 0.09175092830267251
125 s 0 0.014092821781085174
125 u 62 0.007597498379297796
125 x 105 0.015032413241991449
125 y 101 0.1291914560750972
126 f 72 0.0637757443106356
126 g 130 0.11483307222497252
126 i 135 0.09202798478594376
126 j 79 0.07139587699608196
126 k 50 0.15441460078190838
126 l 44 0.31880186120341336
126 r 81 0.10175222614081392
126 z 4 0.05414781213728226
127 c 107 0.02092752164900069
127 h 92 0.08518449522967853
127 k 34 0.05814475345249448
127 l 128 0.08880010441236819
127 n 31 0.1287237274918085
127 o 133 0.003259457783723718
127 p 39 0.1688632158823965
127 q 107 0.03830068053383673
127 r 101 0.01804185809256309
127 s 92 0.0016366515934522763
127 v 12 0.03913472406914753
127 x 82 0.26237131729577046
127 y 72 0.01154846306747681
127 z 62 0.05091395257697606
128 b 32 0.020202918962262006
128 d 68 6.221825741992149e-05
128 e 70 0.009396651822880964
128 f 27 0.06758977438264402
128 g 89 0.09045797055133264
128 i 42 0.20940006190341398
128 k 34 0.06968754909062158
128 l 30 0.001877775532667214
128 o 132 0.0318007901923919
128 p 8 0.08829216009230711
128 q 104 0.05197611225842713
128 r 105 0.0364813700637594
128 s 1 0.02986790714305343
128 t 133 0.003841070602172314
128 u 87 0.05821761522760338
128 y 61 0.014143708679544398
128 z 123 0.19018537058850282
129 d 68 0.010437184907241659
129 e 124 0.09325763376640406
129 g 102 0.1342509587882661
129 i 137 0.001480870839875359
129 j 125 0.026196271566816587
129 l 115 0.13351912922180031
129 n 5 0.0380934229288129
129 o 41 0.05092293308970475
129 p 25 0.006358927413172566
129 s 49 0.32993782522496096
129 v 44 0.08699125136552943
129 y 29 0.057312768062318886
130 b 105 0.12245404748040767
130 c 28 0.1612424443709426
130 d 76 0.025937357588689758
130 e 5 0.023672496308337454
130 f 68 0.06727188383394811
130 h 46 0.0734045003871645
130 i 131 0.013643623218904444
130 l 11 0.011787883379375308
130 m 69 0.02982204436478697
130 n 137 0.07165202538895721
130 o 65 0.0719423643065703
130 q 131 0.026192201389993675
130 s 79 0.0787715036074419
130 t 117 0.07204332127554658
130 u 135 0.0379950999122074
130 v 56 0.00389418547036835
130 w 58 0.04787149823673653
130 y 24 0.013323351216989687
131 a 7 0.08063183465865953
131 b 48 0.015252431838329583
131 c 94 0.03856861093678232
131 d 103 0.017878444893048906
131 e 7 0.062162664934025336
131 f 132 0.034301157336867893
131 g 99 0.052351259997218014
131 h 102 0.03926948615444992
131 i 40 0.01213236269790463
131 j 125 6.401857114479714e-05
131 k 85 0.11064322045469177
131 l 41 0.02602264935230114
131 m 13 0.04191573516386393
131 o 71 0.02494681994708514
131 p 137 0.018878941368211777
131 q 115 0.026835036803801393
131 r 130 0.06329849285787037
131 s 109 0.03195524890107404
131 t 63 0.05038522862556882
131 u 2 0.004755740723992319
131 v 42 0.009762413279577942
131 w 28 0.05766892458343775
131 y 20 0.0475810678596178
131 z 11 0.025711483476629104
132 a 56 0.09982705552362758
132 b 83 0.10881549660872014
132 d 72 0.028115551964179142
132 f 127 0.058240548327434305
132 h 57 0.0002724183786971812
132 i 133 0.048070688652543714
132 j 57 0.06729607368530888
132 m 115 0.07137347448160403
132 n 37 0.00363695052576829
132 o 117 0.03258841166459725
132 p 61 0.027879636798866625
132 q 121 0.024769897567222032
132 r 52 0.15440864160972745
132 s 23 0.04819892590219843
132 t 128 0.053451796394376805
132 u 5 0.025559384997894896
132 v 51 0.008770730829397944
132 w 111 0.032503332779655225
132 x 0 0.030656293384458744
132 y 91 0.007760483965974618
132 z 84 0.014079559577324763
133 a 81 0.05617164433944999
133 b 87 0.09666239722676828
133 d 107 0.11487133822944007
133 g 88 0.05177661706413439
133 l 56 0.03696247609734826
133 m 139 0.04418336690334046
133 o 66 0.12647599845893875
133 p 126 0.06163815599434819
133 s 1 0.08539599918074592
133 t 53 0.005374531373631197
133 u 12 0.06965310299069372
133 w 100 0.009968896940361072
133 x 126 0.01653855994727449
134 a 36 0.009614264849173493
134 d 128 0.08800460869667448
134 g 119 0.01797988021704433
134 h 54 0.05427641479582024
134 i 86 0.010304497379075905
134 j 102 0.004366377867312088
134 l 45 0.14378641395968095
134 m 48 0.019051112433482897
134 n 55 0.13473753658831866
134 o 41 0.13128796410522092
134 q 69 0.00345328769125286
134 t 6 3.948840406053922e-05
134 u 22 0.13148207004052148
134 v 138 0.001034594060138283
134 w 40 0.10743047327944744
134 x 58 0.013230748152528338
134 y 23 0.011442692689568879
134 z 51 0.008445758145345317
135 g 12 0.09716602928220075
135 n 95 0.44864467133801667
135 q 135 0.33771464475741286
136 a 22 0.003786913157988847
136 e 51 0.04880358127021833
136 f 10 0.06852584820909013
136 i 31 0.05071903864878702
136 n 35 0.014049966566655248
136 o 38 0.042375168600776614
136 p 27 0.008757277117371842
136 q 10 0.03295554098578479
136 s 87 0.14731191923655906
136 t 109 0.1488312039921581
136 u 136 0.13214560284091392
136 x 0 0.04208018349997911
136 y 129 0.18830578747184556
137 a 8 0.2050564923236151
137 b 57 0.04030874736517853
137 e 104 0.1215647740656226
137 h 78 0.02290482963889162
137 i 133 0.1520175933022625
137 k 13 0.005973050440625571
137 m 66 0.04426917263093644
137 p 58 0.10658404074245087
137 q 100 0.033312702695521224
137 y 39 0.21522579022363364
138 h 48 0.08236915902588615
138 j 96 0.059262875938747794
138 l 88 0.262648050917338
138 o 31 0.04441441855515804
138 q 101 0.3900155398172299
138 y 7 0.015137242278698393
139 b 112 0.010515074356446497
139 g 67 0.08175859932004892
139 k 108 0.3295116930469938
139 l 49 0.1036359215196434
139 t 29 0.12088785325170126
139 x 127 0.12184125764536136
139 y 123 0.10114907004573559
