181 26 2180
0 1.0
0 0.0016469680885783378
0 0.03803135406421754
0 0.12087604813575126
0 0.41312881939701285
0 0.6951225230791336
0 0.005212672110524563
0 0.10252390453459803
0 0.010773271221529712
0 0.05453766304438712
0 0.030829635252330734
0 0.026142383247560685
0 1.0
0 0.08591450051463434
0 0.0031823708161754505
0 0.12281437432537679
0 0.11767466021150508
0 0.004092901090357648
0 0.37100620285555863
0 0.05837929729858249
0 0.01141471612449374
0 0.08085253228385914
0 0.0684668648750143
0 0.04168141470276865
0 0.053933883691141826
0 0.1783414333223331
0 0.10970975959760254
0 0.09905990376032825
0 0.5197100945791359
0 0.025312504141914993
0 0.014362364472172762
0 0.052348400045955756
0 0.30890095146423
0 0.014175669485335995
0 0.028140221738845117
0 0.18610451129384342
0 0.016509374026086987
0 0.16543440898316353
0 0.23737949682556936
0 0.22611352114178063
0 0.09378788608660893
0 0.051903858464745656
0 0.0064618071823175915
0 0.4395621944117617
0 0.11184770397303734
0 0.27468336131840465
0 0.5181985994022762
0 0.013848473747787748
0 0.08511474996895829
0 0.06228576337556502
0 0.18772994419695666
0 0.08762200885200833
0 0.04825381216698377
0 0.011951358548702662
0 0.09985469735646024
0 0.1810790613404929
0 0.02991428134051677
0 0.1741629273610037
0 0.017610249812920697
0 0.1039081620775405
0 0.05027378516952574
0 1.0
0 0.0017472539308002188
0 0.028655478131719203
0 0.20794710277438122
0 0.08608808148541913
0 0.10766478757760489
0 0.06352656909159904
0 0.03427762054784389
0 0.03661239930246796
0 0.8130492864187008
0 0.24680777210275173
1 0.016009627866292786
0 0.05811658137737874
0 0.14957440540432188
0 0.4798529031797476
0 0.6617311607232982
0 0.5469188806647257
0 0.017133955764935038
0 0.6748865326006788
0 0.05001333751051995
0 0.5449132923199419
0 0.006372104681229174
0 0.005136011639100602
0 0.7661619226250641
0 0.39148627005281966
0 0.022182000788625977
0 0.16907933960967425
0 0.12526055578412953
0 0.02816880807092781
0 0.7315981858366196
0 0.044898839445684846
0 1.0
0 0.07783196602948372
0 0.017756275015931133
0 0.0042726371293690946
0 0.02009164781899142
0 0.03463918852817438
0 0.08299151389670822
0 0.09390476313686591
0 1.0
0 1.0
0 0.16207497818043426
0 0.007837576592782503
0 0.009912771407625365
0 0.039287553760432914
0 0.11805100425597603
0 0.015956207500212982
0 0.16989479027548904
0 0.32911170373468623
0 0.02074790750658817
0 0.015067757568704376
0 0.015372357712704843
0 0.12237334144281409
0 0.05211984747757403
0 0.10261063215478705
0 0.11980483372067197
0 0.3000944267246235
0 0.40951030565216406
0 0.08863404668087749
0 0.3751549406264353
0 0.06153859464036027
0 0.08684076115665318
0 0.026299878507738406
0 0.0350186570753559
0 0.03462216727931433
0 0.037664681807179634
0 0.02595879582597771
0 0.06858296473594616
0 0.022761414307378214
0 0.031066780407966732
0 0.0007231115639516617
0 0.03897523092657007
0 0.004572581379065577
0 0.0012633360822911222
0 0.09886273675960389
0 0.03716499734100687
0 0.05083888908704004
0 0.03529162338443359
0 0.23645443779801156
0 0.0379450674622408
0 0.164383889420893
0 0.023679051070659374
0 0.17913713376889684
0 0.03356085238511708
0 0.21904190483804498
0 0.10508626468148563
0 0.16798030593095092
0 0.004017604882540882
0 0.03363869270066444
0 0.30611755471339386
0 0.06720281666993455
0 0.20249346449099226
0 0.14472766259643344
0 0.006795662674415559
0 0.05217603233568657
0 0.023637161355764325
0 0.813355359560895
0 0.0511019193283726
0 0.125069509250602
0 1.0
0 0.013637219857544403
0 0.050643086910331814
0 0.013202674092948952
0 0.6411251502942449
0 0.1855939688519127
0 0.12172458047960677
0 0.23399818910954528
0 0.1114071877917211
0 0.009865573283020512
0 0.09934851173742798
0 0.2661483057306837
0 0.005198784455362149
0 0.07986190581401575
0 0.09532327252193262
0 0.11469631749741538
0 0.004755054907546352
0 0.011072178640005648
0 0.02314720990545538
0 0.11094563587690087
0 0.04894476529929814
1 a 92 0.04329822976836872
1 b 92 0.02770998265357727
1 c 159 0.03132234424041036
1 d 171 0.008424642602975707
1 e 114 0.012052005429446289
1 f 131 0.026728198955194737
1 g 153 0.04016528522020846
1 h 43 0.011218202736636207
1 i 141 0.08969458531183305
1 j 73 0.05949446761802102
1 k 68 0.004109955383193475
1 l 150 0.034501745100827375
1 m 94 0.060634841562598574
1 n 53 0.023649683456090975
1 o 169 0.04526570595416868
1 p 59 0.013781603574241075
1 q 110 0.08615150315820086
1 s 133 0.03366653029451261
1 t 76 0.14082619727509604
1 u 92 0.0012306736227650772
1 v 22 0.08298987544438163
1 w 11 0.0595774456856053
1 x 114 0.02173562446263755
1 y 169 0.0035886530548702167
1 z 56 0.0365350493455604
2 n 10 0.16833682407366768
2 p 108 0.1523431481744294
2 r 105 0.03399113924626862
2 s 169 0.6072975344414168
3 c 10 0.010826012133964391
3 h 180 0.8682979397302844
4 e 57 0.05217371702846252
4 f 94 0.15089287470464652
4 k 59 0.010591014096270501
4 n 139 0.128871740313923
4 r 149 0.039967831663054176
4 t 38 0.07923847268367623
4 u 42 0.1251355301129542
5 c 60 0.3048774769208664
6 a 167 0.02718515487588513
6 b 135 0.036047190116199834
6 c 6 0.043016117975202106
6 e 26 0.05065318841651645
6 f 123 0.22322062345652438
6 h 40 0.042348173670528455
6 m 153 0.0012903364727336886
6 o 121 0.13619995964048193
6 r 36 0.22646007663873502
6 s 78 0.024568856701895347
6 u 85 0.1007002303189386
6 v 1 0.0017597658973523833
6 w 45 0.0070062671416926126
6 x 113 0.039507230146843875
6 y 169 0.011181379918438927
6 z 126 0.0236427765015067
7 a 25 0.01131751044583551
7 b 51 0.04315784751103979
7 c 16 0.017387429587272685
7 e 55 0.06026178632641621
7 f 102 0.1461667627573
7 g 98 0.0015042910629216033
7 h 165 0.010433080318761223
7 i 67 0.10800830280117091
7 j 94 0.07613030540777399
7 k 171 0.05411892036817867
7 l 173 0.02019105572117974
7 n 97 0.010893797705167296
7 o 126 0.04276562060098643
7 r 61 0.07613297050933576
7 s 114 0.013015964070537178
7 u 95 0.013398879921103224
7 v 119 0.04922262631982277
7 w 143 0.10084138508604767
7 x 138 0.04252755894455129
8 b 35 0.03259701119859082
8 c 176 0.0438136763847885
8 d 57 0.1980303746919101
8 e 173 0.1351469236325935
8 j 177 0.009431296307449655
8 k 111 0.01495980260215135
8 m 22 0.023060644561159305
8 n 91 0.01805119352762674
8 o 152 0.007331047301328386
8 p 161 0.006187151571477867
8 q 115 0.11243162269825913
8 r 96 0.0434988410719912
8 s 81 0.10298952621846114
8 v 126 0.0495629620437984
8 w 65 0.03961673006432054
8 x 44 0.09745582239460637
8 y 33 0.05506210250795729
9 a 80 0.03871649529957999
9 b 65 0.03866154922828979
9 c 123 0.008701870935659883
9 d 122 0.02117040404177195
9 f 16 0.09434450487623325
9 g 9 0.021841767144326618
9 h 13 0.05775562399196332
9 i 27 0.035951568550075974
9 j 114 0.014311544110273355
9 l 153 0.06811269702556022
9 m 132 0.04676715150092381
9 n 170 0.11713806513253044
9 o 19 0.04197120951103217
9 p 149 0.05469407889050404
9 q 46 0.02047509362448685
9 r 68 0.012970308311233913
9 t 45 0.09216361394918293
9 v 142 0.1275997898691399
9 w 149 0.006068177439528255
9 x 44 0.017429545124738377
9 z 31 0.008617278398577843
10 b 142 0.07789810140734266
10 d 23 0.07751033472718094
10 f 2 0.02840310715159111
10 g 175 0.052119492595951056
10 h 3 0.012489039739029373
10 i 111 0.057154696001052274
10 j 131 0.051157673275074256
10 k 65 0.02822799720688629
10 m 94 0.012928947935172963
10 n 128 0.035984243161868656
10 o 154 0.008874345892212476
10 p 175 0.09414394583393793
10 q 171 0.10318471629172465
10 s 105 0.0018889452891579506
10 t 123 0.0050170176657816645
10 u 61 0.07389999377003753
10 v 163 0.006460268193649088
10 w 36 0.12098456259664381
10 x 169 0.01423164763707907
10 y 169 0.023754233543448966
10 z 50 0.08285705483284656
11 a 24 0.08869370130778098
11 b 120 0.04535175209201747
11 c 128 0.11918376714013668
11 e 161 0.00813350723995987
11 f 167 0.03843051624000782
11 h 0 0.0015152182429428729
11 o 149 0.033408756450817756
11 r 170 0.1853316736195535
11 s 149 0.06660311552620568
11 t 23 0.0048383206554518665
11 u 87 0.02918070356480651
11 x 84 0.3531865846727583
13 c 166 0.03731404574914854
13 e 89 0.12812088258966303
13 h 106 0.24606506016048701
13 m 6 0.1475439841068551
13 z 45 0.355041526879212
14 d 177 0.04562454024915341
14 e 28 0.178980241819659
14 f 115 0.21439807987027026
14 h 177 0.1768042490001437
14 l 27 0.09867773646603162
14 o 109 0.15660442358179671
14 r 5 0.002449089397531412
14 u 37 0.03110731753853735
14 v 68 0.01075048083014285
14 x 82 0.06371861406042734
14 y 176 0.017702856370130915
15 g 34 0.013336008151652479
15 m 92 0.1108013388416722
15 r 117 0.23273574232179828
15 v 54 0.4780129093558755
15 x 101 0.04229962700362477
16 g 143 0.264293906267832
16 h 95 0.12067786526295254
16 i 157 0.09231143817587517
16 k 149 0.21279747019247586
16 w 180 0.19224465988935935
17 b 141 0.0655556097872898
17 k 125 0.38458715374358843
17 r 148 0.17374384593536862
17 v 165 0.21404235714328845
17 y 42 0.09529335702992481
17 z 5 0.06268477527018224
18 k 50 0.6289937971444414
19 b 70 0.27944869119899696
19 c 70 0.006795308487420271
19 d 96 0.0037228495612727786
19 e 72 0.027105337240223015
19 f 157 0.00784827698756152
19 g 72 0.03864806322344516
19 h 89 0.021774073420631312
19 i 97 0.010439877997188596
19 j 67 0.08421680138477072
19 k 96 0.07958234158923905
19 l 59 0.03860828127409699
19 q 79 0.007497842877117633
19 r 168 0.005713994753241081
19 s 135 0.009027276397678419
19 t 77 0.06665543842533361
19 u 45 0.13304729358765988
19 w 52 0.015180989031017056
19 x 96 0.04275197017889598
19 y 55 0.050964555758155505
19 z 124 0.012591439327471976
20 a 41 0.00904770520209719
20 b 51 0.02815256406629485
20 c 35 0.021171987052099772
20 d 133 0.07488671988569306
20 e 37 0.005541511793016207
20 f 99 0.011643168480409027
20 g 67 0.16022991995111224
20 h 120 0.02788274447397887
20 i 149 0.0822888874447496
20 j 18 0.07836808927212235
20 l 3 0.0025951016486495115
20 m 19 0.020332981381207316
20 n 92 0.01921186626469351
20 o 16 0.014626906039093002
20 p 52 0.023522939820389333
20 q 135 0.01949608534952929
20 r 118 0.09971317593232287
20 s 84 0.007719891663455103
20 t 11 0.04676618081056416
20 u 32 0.017940997804272274
20 v 97 0.046080981543212274
20 w 13 0.041697617886281346
20 x 38 0.014788350682689355
20 y 12 0.0036035386446846562
20 z 9 0.11127537078288907
21 a 145 0.05482674980669644
21 b 138 0.08860007114624746
21 c 17 0.16478748590691927
21 d 79 0.03977273982079543
21 e 11 0.017738092894380553
21 f 163 0.00401814853102167
21 g 164 0.036342652878429194
21 h 175 0.011059176524099934
21 i 39 0.06954875198574051
21 j 110 0.05520395642164666
21 k 34 0.010398182102144271
21 l 49 0.0032380472630596513
21 m 31 0.009036910805098275
21 n 15 0.010356497776587759
21 o 52 0.0006489696351515972
21 p 4 0.01883520545455053
21 r 101 0.012418029279974263
21 s 128 0.00953917867572307
21 t 62 0.037471535834546765
21 u 11 0.01862667021236475
21 v 65 0.12474700810089001
21 w 95 0.007966970043077226
21 x 160 0.04830468366646201
21 y 168 0.050929736278650606
21 z 23 0.014732016671882953
22 a 125 0.05086396474619603
22 b 21 0.02582922851496483
22 c 0 0.011169794304054403
22 d 130 0.011721383414410758
22 e 90 0.01653187966938341
22 g 162 0.1099587686832032
22 h 75 0.003690675232650653
22 i 60 0.016107517899471957
22 j 121 0.02483997259581361
22 k 175 0.052945392750851084
22 l 126 0.05462998584502421
22 n 127 0.07879744625044793
22 o 149 0.003065088933474902
22 p 5 0.013076508365514217
22 r 98 0.05742532701955483
22 s 30 0.08570357910811877
22 t 111 0.019802706529844283
22 u 21 0.048861325601143646
22 v 135 0.11693666846413442
22 w 83 0.0607014721013297
22 x 105 0.0373070481467036
22 y 113 0.006594403032809337
22 z 39 0.02497299791588592
23 b 163 0.02463466039327722
23 c 47 0.0028743861239968194
23 d 24 0.004038485283331061
23 e 88 0.007060125660882877
23 g 172 0.03795415113266587
23 h 165 0.08577747148378001
23 i 54 0.037857442255189055
23 j 130 0.013267866145527107
23 k 77 0.00715987579668298
23 l 97 0.006354494680895217
23 m 66 0.055862242339581036
23 n 100 0.07009312995899186
23 o 77 0.1180411307713799
23 p 149 0.0016829989752050745
23 q 143 0.12572112611422603
23 r 80 0.056482743248298495
23 u 2 0.06874785505333814
23 v 71 0.002387053061985389
23 w 147 0.09513255239737295
23 x 148 0.044502388642348345
23 y 61 0.05997761994960005
23 z 157 0.03270878582867587
24 a 145 0.14363588902658375
24 b 82 0.004175507244546628
24 c 173 0.10804687743293218
24 f 156 0.07886151004907249
24 h 47 0.014267433477183844
24 i 20 0.054461976787909316
24 j 177 0.021852198537239742
24 k 105 0.04354179033521577
24 m 155 0.021745233300462297
24 n 152 0.11777323170392706
24 q 67 0.0814463234560282
24 r 177 0.030514903651436165
24 s 28 0.04348500467103977
24 t 89 0.06275410780303625
24 v 22 0.0017435989775881344
24 w 135 0.013627527799805916
24 x 84 0.0006980060084965656
24 y 36 0.07255942524503745
24 z 39 0.030875570801316643
25 b 28 0.08894003483818413
25 e 26 0.0024611667661940118
25 g 13 0.14265303808190577
25 h 35 0.04638600290366046
25 j 65 0.06645325008768765
25 l 15 0.05400000881866618
25 p 1 0.0494126501881913
25 q 52 0.15147305407922695
25 z 28 0.21987936091395044
26 c 143 0.02789119881006219
26 d 56 0.011550234645712143
26 e 4 0.07990776362500573
26 f 141 0.09542564541176424
26 h 102 0.10621439893394535
26 i 139 0.20490444681184727
26 j 30 0.1411500987681693
26 l 107 0.07384046517698639
26 p 118 0.04394018483904716
26 q 57 0.002393367335320473
26 x 119 0.022132394234321784
26 y 144 0.08094004181021541
27 h 148 0.2315665597901
27 k 37 0.0035308102538069708
27 o 107 0.14603827026203342
27 u 139 0.2519806004467472
27 v 16 0.08140629383620146
27 w 29 0.18641756165078271
28 a 144 0.48028990542086414
29 a 88 0.002482262199848484
29 b 75 0.13766941170216207
29 c 129 0.05472016402937718
29 d 178 0.009043916396098028
29 f 163 0.0018809356301244806
29 g 26 0.06995823462585904
29 h 87 0.030891342520026788
29 i 46 0.04230070602336056
29 k 42 0.0017703712775546387
29 l 74 0.20167053517990952
29 m 52 0.07536800702885782
29 n 173 0.02188916577812927
29 o 178 0.014302015355676989
29 p 85 0.09426747574750427
29 q 26 0.06564708363472449
29 s 9 0.08582886055384098
29 t 155 0.027269439414169927
29 u 107 0.0071163256616949555
29 v 158 0.0036411387163648445
29 w 178 0.00686033224107141
29 x 34 0.0028549994383672006
29 y 41 0.017254772703362065
30 h 129 0.1457089221522977
30 k 16 0.5258336152597877
30 q 115 0.056224504642914286
30 x 94 0.2578705934728276
31 b 18 0.03768510052524654
31 d 19 0.1719007446356231
31 f 141 0.16512437938652857
31 g 29 0.34061670621860973
31 i 173 0.036424991898433845
31 n 64 0.08010783578210923
31 o 30 0.09131707075055018
31 p 52 0.013353955410587037
31 s 103 0.004464318776129406
31 x 32 0.0066564965702266
32 c 71 0.01045760250761818
32 e 111 0.08470162717418694
32 h 143 0.4390788033903861
32 l 1 0.07278882713371893
32 m 41 0.057135520711645627
32 n 154 0.01673079047323056
32 o 65 0.010205877144983666
33 a 116 0.013315171742047105
33 b 49 0.03997341477028371
33 c 62 0.04664100388058445
33 g 178 0.03137638237420093
33 h 65 0.039785193494719207
33 i 121 0.057505986903354955
33 j 69 0.008663433336450366
33 k 76 0.11078029131820644
33 l 10 0.1021286078653969
33 m 60 0.024166960448703256
33 p 167 0.057804838395204894
33 r 45 0.004506240033564146
33 t 150 0.03868267647716861
33 u 173 0.07086431400075888
33 v 114 0.14412545467298465
33 w 165 0.08779253630271866
33 y 130 0.10614687173103665
33 z 93 0.0015649527672801922
34 a 2 0.05102349180201304
34 b 114 0.003919150716073849
34 c 64 0.004641308994010607
34 d 106 0.01757878596062079
34 e 16 0.010426093452132412
34 f 163 0.05699887016000227
34 g 114 0.1512780572448853
34 h 107 0.05623615996403897
34 i 106 0.03712798786555216
34 j 84 0.0034797560329913324
34 k 59 0.018676392158231914
34 l 87 0.1693355185304387
34 n 11 0.02844300372241171
34 p 67 0.06462579317324291
34 q 126 0.026247338875403647
34 r 125 0.024416851323760036
34 s 20 0.042370649390450876
34 t 109 0.07202559514372198
34 v 137 0.03454398179729168
34 w 156 0.022074539907825264
34 x 125 0.030279922909057122
34 y 84 0.02963118370990081
34 z 140 0.016479345427097503
35 b 30 0.10005674663792696
35 c 140 0.17195305877798994
35 f 93 0.26709879890532384
35 i 125 0.16323856874141174
35 k 160 0.00499437063701913
35 l 126 0.04854560254614604
35 m 119 0.0037166165409819873
35 n 133 0.003934945581155813
35 r 88 0.042263609999665164
35 x 134 0.00809317033853596
36 a 179 0.007542473815584594
36 b 13 0.016061334730312238
36 d 116 0.03888988560904871
36 e 117 0.11779082769342819
36 i 95 0.002729900816413333
36 k 65 0.11288656597207947
36 l 58 0.04468535190920164
36 m 44 0.005826642465130094
36 n 140 0.036111094459040594
36 o 124 0.0009083062017414267
36 p 84 0.02131256592669384
36 q 88 0.050685773920760346
36 r 59 0.004183265977168227
36 t 149 0.10770172875570816
36 v 65 0.005235906598068385
36 w 29 0.06736016395147992
36 x 174 0.11900114103740056
36 y 180 0.1441577925247216
36 z 25 0.08041990360993168
37 a 65 0.0476337158279434
37 b 57 0.03258995643323115
37 d 92 0.09892349182500482
37 e 101 0.047207186336583384
37 h 126 0.01645649008102834
37 i 45 0.015300414148502361
37 j 60 0.13884917418795184
37 k 29 0.0565147888220251
37 l 140 0.019422957041277278
37 m 62 0.06880810659504955
37 n 105 0.07637790914186637
37 o 7 0.022969047606743453
37 s 57 0.06278355094957577
37 u 116 0.0023245907336245653
37 v 151 0.08413148739727072
37 y 45 0.03874655615452893
37 z 131 0.005526167734629439
38 b 24 0.6175139692308754
38 i 32 0.14510653394355522
39 c 156 0.08559097814168426
39 d 17 0.0003327458590418608
39 g 140 0.08826401412892204
39 j 128 0.22290547471176658
39 k 98 0.004559677776678761
39 l 157 0.30158210175446587
39 w 85 0.050339860190718344
39 z 149 0.020311626294941654
40 a 22 0.027872302436923735
40 b 61 0.0033416889307423814
40 c 119 0.09242672603313662
40 d 2 0.0005981926218923128
40 e 35 0.07835478367981452
40 f 18 0.06541627649902193
40 g 37 0.02800001037770472
40 h 21 0.022144838744931672
40 i 49 0.018399978678958373
40 j 85 0.032660704607216706
40 k 108 0.02182121924613767
40 l 93 0.06204628126335887
40 m 22 0.03949768279127863
40 n 6 0.02816219060818026
40 o 63 0.06633031895106578
40 p 107 0.013203966724563254
40 q 30 0.002925911800708003
40 r 34 0.013862891554730083
40 s 24 0.02025250332781292
40 t 77 0.023580386472627834
40 u 158 0.004670108407553553
40 v 39 0.0796839532276028
40 w 55 0.006372990823326652
40 x 101 0.012813337346841647
40 y 70 0.04129973446904256
40 z 17 0.10047313428821758
41 a 77 0.12944971935173566
41 f 98 0.053178061477242244
41 g 35 0.17701748840052878
41 h 177 0.019618307304075877
41 i 102 0.11486475081705982
41 k 35 0.004572434024792682
41 l 161 0.01466400476635965
41 m 48 0.01032165165615262
41 n 143 0.06361177335686907
41 o 28 0.03438300213282486
41 p 118 0.022207207669082796
41 q 94 0.023644745892374086
41 r 112 0.06374840993356856
41 s 59 0.0672515035465523
41 u 91 0.09799758528482816
41 w 134 0.02832073100848287
41 y 148 0.023244764912724314
42 b 22 0.11210446300848775
42 c 117 0.056138649249895756
42 f 80 0.003919159431948427
42 g 144 0.22323673255875864
42 h 54 0.24370438117727167
42 i 37 0.00672584013986488
42 j 106 0.0041747860896171884
42 k 106 0.0066828822214051176
42 l 44 0.04540084488955909
42 m 11 0.02712744508122844
42 n 47 0.04179445216051214
42 r 36 0.029318447571299866
42 t 36 0.011968816903237478
42 u 72 0.11246762073827432
42 w 136 0.05153437598316579
42 x 117 0.010989447597889224
42 y 31 0.006249848015266624
43 c 137 0.1392935982557587
43 h 42 0.007583491122993502
43 i 25 0.2051096825115296
43 w 111 0.20845103369795648
44 d 154 0.035034986596142015
44 h 53 0.01789742176888809
44 k 8 0.009879246253292284
44 l 58 0.08819406807537267
44 m 170 0.06760361076485977
44 p 167 0.07622560646436738
44 r 50 0.23015852337102205
44 t 52 0.028173490847347105
44 v 179 0.12866093755061736
44 w 38 0.002930444298764434
44 x 59 0.12004487151534526
44 y 20 0.0257127150956189
44 z 19 0.05763637342532535
45 c 95 0.13017927785361272
45 f 24 0.21672029484770927
45 o 23 0.35571229178029773
45 t 172 0.02270477419997563
46 d 108 0.40930416008640613
46 u 41 0.07249724051131767
47 b 74 0.059370472168891464
47 d 156 0.09448550205970474
47 e 129 0.028442884959647974
47 f 110 0.040211336780487494
47 g 37 0.0004071395898347374
47 h 155 0.05382096973076256
47 i 54 0.11965373007041868
47 j 148 0.027808830247128102
47 k 89 0.04612769612292611
47 l 72 0.05003187146623134
47 m 98 0.0722989036318542
47 n 20 0.010610261978799884
47 o 106 0.0317187225252582
47 p 8 0.019180596985150178
47 q 110 0.04099524384671149
47 r 36 0.012010113343082662
47 s 44 0.021957583408353742
47 t 97 0.0236136456516437
47 u 112 0.022731849195734344
47 v 120 0.023052434254821175
47 w 19 0.03865794688697799
47 x 180 0.06848670216533037
47 y 54 0.029342442590342244
47 z 77 0.05113464659211886
48 a 153 0.026960369827662478
48 c 77 0.013680452336389037
48 e 156 0.022817825365942235
48 g 33 0.03534741386839524
48 h 62 0.01056811490089149
48 i 154 0.06134008428178528
48 j 97 0.07462573502789738
48 k 52 0.05207991127945211
48 l 147 0.003410941294803682
48 n 160 0.08319061757919155
48 p 176 0.031885972174827026
48 q 105 0.05646064603297163
48 r 109 0.020997428004359997
48 s 132 0.04020447455253284
48 u 43 0.0018309821522287661
48 v 151 0.08770572317516145
48 y 14 0.2797958710183588
48 z 172 0.01198268715819073
49 e 159 0.07967373847307546
49 h 22 0.16608363449562635
49 i 99 0.025899883497545018
49 n 129 0.24710503918713
49 o 84 0.07585246285017821
49 q 129 0.0208639980334816
49 s 44 0.018341229324511543
49 t 96 0.03362135259405363
49 v 111 0.10391912755665678
49 z 16 0.16635377061217638
50 e 152 0.006566006146034642
50 g 129 0.032876312231216454
50 h 77 0.015205838250978987
50 i 23 0.15056586652832205
50 k 65 0.04048615323703031
50 p 37 0.13664638784889183
50 r 50 0.032371731179740015
50 s 94 0.019597760818358068
50 w 148 0.2640136669280294
50 y 128 0.11394033263444159
51 k 176 0.13183328308844033
51 t 72 0.1678749934053254
51 x 55 0.5061564265540422
51 z 61 0.10651328810018368
52 a 141 0.03392001503157949
52 b 175 0.010996854209284423
52 c 47 0.09180417194277457
52 d 32 0.008055878698667418
52 e 165 0.015167223740036206
52 f 133 0.0007900244852334648
52 g 113 0.037003044201432855
52 h 45 0.006029360361672564
52 i 117 0.07692275210668886
52 j 116 0.013046498663754513
52 k 123 0.10722304858093401
52 l 1 0.0020949107878508455
52 m 44 0.14622035564628832
52 n 157 0.006547568047949537
52 o 161 0.05778332320176083
52 p 149 0.0418719989261237
52 q 2 0.10906119210150955
52 r 159 0.004394762094344085
52 s 148 0.026123280710602326
52 t 107 0.00983692310460016
52 u 147 0.01643033953470152
52 v 135 0.027396772934857427
52 w 29 0.08039202798755984
52 y 94 0.0056952680291656455
52 z 60 0.016938592703644062
53 c 25 0.15620491385912194
53 d 71 0.011412762943483146
53 f 143 0.1888907975200501
53 g 94 0.18405542366020966
53 h 104 0.013558224823278175
53 i 149 0.03568841894291708
53 k 129 0.11945777518005796
53 l 64 0.06601007365293332
53 n 53 0.07433324808099184
53 o 0 0.02970959508153692
53 p 14 0.08509058338152509
53 r 154 0.006018575262805581
53 x 63 0.017618249062386515
54 a 164 0.078554264699352
54 c 126 0.12586070857837084
54 f 159 0.07353317969433082
54 g 70 0.02553507735448901
54 j 107 0.015586131295458272
54 l 60 0.03428276860004187
54 m 85 0.01933004633037494
54 n 87 0.004744512224029496
54 p 98 0.296535079043838
54 w 162 0.020505739169188186
54 x 82 0.01659354984681194
54 y 96 0.059774845397145615
54 z 125 0.12930940041010874
55 a 163 0.04500302069441042
55 b 78 0.06881452631268925
55 c 178 0.08848734428201377
55 e 67 0.06263810035355077
55 f 65 0.016724321040070045
55 h 136 0.011906299400780473
55 i 5 0.01237054488797007
55 l 128 0.04777601474584081
55 m 164 0.19728880533464488
55 n 51 0.0800237856677134
55 o 122 0.03462552111095096
55 p 130 0.023666275402322468
55 q 158 0.00872380147568963
55 t 44 0.013617362426475932
55 u 99 0.028359876828192188
55 x 35 0.00923624264722911
55 y 153 0.029800060577189758
55 z 44 0.03985903547177316
56 a 130 0.031209160994744023
56 b 165 0.06792490177075083
56 c 111 0.03239577155143414
56 d 16 0.015644107200800672
56 e 168 0.02780512179529382
56 f 57 0.033339798123130926
56 g 170 0.006799707518015841
56 h 167 0.0220793517550546
56 j 135 0.16149423515126482
56 k 178 0.11310849010135615
56 m 46 0.18126790947258264
56 n 13 0.05373146328916667
56 p 170 0.049450762626875755
56 q 24 0.03645309151205767
56 r 130 0.0026784565908086755
56 u 124 0.0030069004170635294
56 v 148 0.020865864488870067
56 w 94 0.0020101197548647587
56 x 180 0.014221483819569114
56 z 177 0.09459902072577853
57 c 51 0.04720948249083867
57 d 135 0.04673151632094741
57 e 14 0.054062685170699565
57 k 37 0.09949096917364175
57 n 63 0.09088237110416686
57 o 55 0.11413355418806304
57 q 36 0.23936298973547332
57 r 71 0.05757382595160909
57 s 128 0.031417089326003844
57 w 15 0.04497258917755276
58 a 67 0.10168906763083418
58 c 42 0.015797274032749664
58 e 115 0.0052811419500087275
58 f 176 0.0784251097414902
58 g 125 0.01858337891468065
58 j 124 0.052532445555075524
58 l 5 0.10329211373104552
58 m 83 0.14322583872893135
58 n 30 0.1385971126713993
58 o 168 0.005389358752222129
58 p 16 0.02440588880307515
58 r 143 0.0178610639733936
58 t 11 0.07109091482911234
58 w 17 0.003922356456687037
58 x 120 0.20229668441637394
59 b 59 0.07205992826201402
59 c 115 0.011152620682226555
59 d 107 0.16161554328714345
59 f 114 0.03687029735411729
59 h 12 0.11819976469830085
59 i 85 0.02702530259145519
59 k 109 0.07976832505281084
59 l 93 0.07350447595346266
59 n 130 0.028789114952421313
59 o 49 0.007748190633396268
59 p 146 0.039527732144380545
59 q 90 0.021592319701839724
59 r 178 0.04069205619282723
59 s 104 0.017888226520987094
59 v 64 0.11369899677748396
59 w 6 0.03598029566918548
59 y 55 0.009978647448407041
60 a 127 0.01315645553392153
60 b 61 0.027707140544864006
60 c 110 0.0213034604159259
60 d 115 4.6118529400618336e-05
60 e 161 0.04577980182412045
60 f 174 0.13764553944850766
60 g 123 0.032439223248066584
60 h 13 0.0056755274652885435
60 i 162 0.049711902829973065
60 j 95 0.0855255535268733
60 k 95 0.036128362808044656
60 l 73 0.010087479228148344
60 m 165 0.06031474250475666
60 n 29 0.029770581801667362
60 p 35 0.002738791629847248
60 q 111 0.06330814600531665
60 r 143 0.11483458529437895
60 s 140 0.02129244640289718
60 t 16 0.01928872931745551
60 u 81 0.02593324164973443
60 v 89 0.00864859240160043
60 w 28 0.0006141243427237875
60 x 103 0.023040063311517645
60 y 28 0.10197940237467507
60 z 84 0.01275620239076869
62 a 92 0.02852669898036453
62 b 65 0.04191414033068386
62 d 75 0.15335201605505666
62 g 63 0.0022765169193447177
62 h 136 0.024868748096316007
62 i 108 0.007881018259481176
62 k 139 0.10154305950400211
62 l 13 0.015674389933463706
62 m 34 0.0004387412608380936
62 o 28 0.1028928754768147
62 p 74 0.06832446552538629
62 q 94 0.09952831423052777
62 r 100 0.0654922590031568
62 s 110 0.004918330540923499
62 t 29 0.0017005629977465686
62 u 61 0.014164033630507666
62 v 32 0.049059793707809995
62 w 125 0.016110528069539054
62 y 159 0.12267544745973868
62 z 153 0.0769108060874979
63 a 17 0.054499138645777156
63 b 119 0.0032161526365810378
63 c 91 0.01463192333302743
63 d 27 7.999541213976613e-05
63 e 12 0.0054520577957767324
63 f 144 0.03699131303785652
63 g 116 0.004660997070370154
63 h 48 0.03322202590782619
63 i 113 0.02293007961508775
63 j 36 0.0012029630461912744
63 l 167 0.11179973165044199
63 m 92 0.04821823293612115
63 n 177 0.029832743998263744
63 o 78 0.08437420290238629
63 p 165 0.0197478528095808
63 q 129 0.03121891087364992
63 t 141 0.05608183726707183
63 u 132 0.21827446435245534
63 v 30 0.06298983606579456
63 w 86 0.005619672612293236
63 x 87 0.05086160795107253
63 y 161 0.02419400580745057
63 z 69 0.05124477614106482
64 b 83 0.1285727066253156
64 g 86 0.035632758237160056
64 l 89 0.004653231384925793
64 m 49 0.16173208191012578
64 s 28 0.23421039447738834
64 y 110 0.2272517245907032
65 a 163 0.02889023707452243
65 b 143 0.03491476582133468
65 c 129 0.010201808177290772
65 e 37 0.03738596185668697
65 h 19 0.021093265255318294
65 i 49 0.05413777066480785
65 j 66 0.023264235985666626
65 k 147 0.03380085368575081
65 l 69 0.06886868202201502
65 m 71 0.021867761843174405
65 n 94 0.11209681890777579
65 o 80 0.006474966455516262
65 p 25 0.06882034535171322
65 q 49 0.030841878496913777
65 r 161 0.008848938181047816
65 s 99 0.11714889841556153
65 t 108 0.00457731166294284
65 u 66 0.043796582173030174
65 v 167 0.011149136283856054
65 w 56 0.027237179329103633
65 x 79 0.02650746590719011
65 y 147 0.09088089783460929
65 z 22 0.031106157128752532
66 a 29 0.09711019027070478
66 b 171 0.06602357070536702
66 c 9 0.022345119023849502
66 d 32 0.03760460450001568
66 e 118 0.011005755961658648
66 f 79 0.001559851317951333
66 g 140 0.013890015254583443
66 h 108 0.007091457714884619
66 i 165 0.0979214279592121
66 j 93 0.031246726187953655
66 k 111 0.043742743340936974
66 l 11 0.011717814671122984
66 m 80 0.0060377194553355995
66 n 43 0.073734032658472
66 o 134 0.00800512321938196
66 p 115 0.0527262142833721
66 q 82 0.006326685922482755
66 r 121 0.048269592000103945
66 s 163 0.05014598241697499
66 t 13 0.02286818108740951
66 u 32 0.05807109037012381
66 v 21 0.0036574866178856746
66 w 46 0.007112235959328639
66 x 30 0.0015953482673888297
66 y 115 0.09805338725270196
66 z 16 0.014472856003192591
67 a 93 0.12776437780439776
67 c 141 0.09920290096134232
67 d 163 0.051892412127532817
67 i 9 0.022077895922891333
67 j 65 0.08690152099382653
67 o 28 0.025027964930284363
67 q 80 0.1674537893730813
67 r 93 0.14384978285730377
67 s 147 0.0003482477557970043
67 t 94 0.1061467106421804
67 v 80 0.0031968863031163197
67 w 46 0.007987355144289054
67 y 98 0.09462358609235799
68 a 11 0.018389388267170736
68 c 23 0.03805041004689802
68 d 110 0.02876221394196332
68 e 142 0.0868691954617502
68 f 98 0.08006231715869216
68 h 52 0.05472067620939125
68 j 124 0.04852302084283178
68 k 34 0.09707579569434155
68 l 178 0.00887148773158708
68 m 95 0.06581793838432459
68 p 43 0.015628483023433004
68 q 127 0.02782761357944774
68 r 10 0.07005797098852151
68 s 133 0.02599039511881429
68 u 169 0.16368212931254367
68 v 103 0.09325632346337431
68 w 9 0.012691486142797914
68 x 153 0.025805711394692676
68 y 147 0.0036398226895802965
69 a 37 0.7714206392695163
69 h 6 0.19196696142801573
70 b 114 0.055941856616582464
70 k 35 0.06623773156582391
70 t 19 0.06477112539889285
71 j 37 0.048964649300841434
71 k 34 0.010723631804952394
71 m 28 0.12303136221296063
71 n 98 0.02563864491348622
71 o 41 0.05793643666628823
71 p 149 0.029810872113655185
71 q 20 0.09082431390066725
71 r 15 0.05109757509247681
71 s 45 0.05229584437017998
71 u 8 0.05770217377721243
71 v 17 0.08499520423814055
71 x 88 0.0055917253010772106
71 z 171 0.11457979420530995
72 a 23 0.036733984866092806
72 b 6 0.026327671814781684
72 c 125 0.0048368264518071635
72 d 62 0.00454872049026811
72 e 57 0.01512522580840725
72 f 151 0.026314618522589428
72 g 112 0.10975097858743177
72 h 117 0.003952306449225285
72 j 20 0.004556061854821825
72 k 56 0.11125041724367268
72 l 178 0.027440304982592756
72 m 8 0.04448204221519714
72 n 46 0.024290726495904247
72 o 112 0.18761498293405565
72 p 77 0.022021029322787045
72 q 91 0.03201048584008426
72 s 106 0.04315396963899609
72 u 121 0.05276903646299547
72 v 71 0.08168686497545263
72 w 142 0.02815385694326522
72 x 46 0.004257470434010591
72 y 168 0.022533501952441637
72 z 79 0.07017928784682648
73 a 65 0.014941141250681023
73 b 45 0.03915488986651405
73 e 94 0.02975622510020315
73 f 18 0.15361588762721812
73 g 116 0.21900481603577637
73 h 73 0.11774792230695119
73 j 95 0.03998602872628232
73 m 117 0.013811859333807464
73 n 86 0.0010631485247842853
73 o 68 0.028703824822743473
73 p 22 0.052247044407771615
73 s 45 0.032614672541180334
73 u 53 0.04960405639969656
73 v 21 0.08287873387662215
73 w 31 0.027023361978227523
73 z 48 0.039729805824161635
74 c 117 0.21287335548527409
74 j 115 0.10876531411144308
74 s 152 0.03407064102696
74 t 149 0.3193485185822793
74 w 111 0.014440872559467688
74 z 91 0.16092689283025396
75 a 93 0.33984409238816515
75 z 123 0.18030300443208724
76 i 45 0.11762372037828239
76 j 51 0.04584467754221522
76 t 130 0.1748004413562042
77 n 147 0.3364587160012612
77 p 117 0.029107015474387876
77 w 47 0.0875153878596252
78 a 26 0.02615622548679397
78 b 68 0.00963153139557682
78 c 82 0.01135970708166234
78 d 103 0.008679398864850363
78 e 85 0.015044537176668205
78 f 51 0.17776368015917687
78 g 138 0.024531245719699557
78 h 142 0.0037283095036437786
78 i 22 0.00960340255772274
78 j 89 0.07618784039835247
78 k 66 0.018799140134151626
78 l 1 0.08405874380424083
78 m 113 0.016651102126190143
78 n 30 0.0042982055838438615
78 o 35 0.016826538652946255
78 p 29 0.04327202184136891
78 q 22 0.004506790899849733
78 r 58 0.002176235682205374
78 s 128 0.04502538464873174
78 t 45 0.05254202162818267
78 u 14 0.0640712467454082
78 v 19 0.013080281031513263
78 w 66 0.08675467441932061
78 x 175 0.0064068184155496866
78 y 178 0.1502911871209075
78 z 168 0.01141977315650744
79 n 144 0.23934696936907773
79 v 46 0.04895074869012428
79 y 65 0.03681574934011922
80 a 158 0.052293296427440406
80 b 24 0.017140449074338093
80 c 131 0.03249374061672272
80 d 38 0.06090832317644357
80 e 87 0.003222283827811201
80 f 117 0.020439197527666764
80 g 143 0.018244140947226373
80 h 148 0.022209027337179
80 i 78 0.03955290843383663
80 j 139 0.038264897857391844
80 k 65 0.07575145046596254
80 m 4 0.02023779823863736
80 n 124 0.03668338883185629
80 o 102 0.09379444675065096
80 p 62 0.05104824159387811
80 q 163 0.01921215149687905
80 r 105 0.0280260104452551
80 s 128 0.05112243777922132
80 t 18 0.10418605341422937
80 u 66 0.10451554789517592
80 v 56 0.008303364160987314
80 w 107 0.008906218281776068
80 x 67 0.04245106081807393
80 y 32 0.0009802270908401134
81 r 70 0.4550867076800581
82 c 114 0.09442249852275164
82 d 53 0.00536317669515507
82 f 165 0.03705918298797006
82 g 86 0.02814777600722529
82 h 49 0.046864527467044836
82 i 77 0.08949554153285644
82 j 28 0.021890629583940724
82 k 96 0.07777542834347972
82 n 23 0.134175137378708
82 o 123 0.02010773189242998
82 q 167 0.02249498196686084
82 r 102 0.015949524076367405
82 t 86 0.099282344156989
82 u 105 0.01068679946206097
82 v 79 0.23651989640115756
82 y 14 0.007335032056121293
82 z 136 0.046057686787651986
83 a 98 0.051712266972028686
83 b 11 0.018115746728267546
83 c 96 0.047314454382590965
83 d 154 0.03447950011688372
83 e 178 0.19744952316844067
83 f 130 0.033171191202562955
83 g 46 0.012744281590219009
83 h 109 0.0030801986988240326
83 i 29 0.029966863331966187
83 j 100 0.02414182266467857
83 k 55 0.040663426976033534
83 l 118 0.015990046977814032
83 m 18 0.013385253658746654
83 n 137 0.053064887527837
83 o 171 0.00042483707738405485
83 p 108 0.013124723158637774
83 q 128 0.04415031465207497
83 r 171 0.03191820492126973
83 s 120 0.010904340208618857
83 t 27 0.0004707471025404697
83 u 177 0.18982003375609724
83 v 47 0.07974240153589685
83 w 116 0.0064882040093614535
83 x 134 0.02508533258452983
83 y 178 0.01566295437136167
83 z 136 0.0017924309862329402
84 t 15 0.2338380773749359
85 d 179 0.0786996039143466
85 e 165 0.0025069678196306677
85 i 150 0.13675154398441958
85 j 139 0.2087865831043949
85 n 141 0.18176903112438858
86 b 50 0.09705750917038747
86 k 147 0.13974562895973386
86 l 39 0.04187737269525216
86 m 142 0.4886203586328779
86 q 93 0.05356064281896755
86 v 1 0.1569564869341551
87 a 180 0.3495081506031663
87 c 65 0.08885012156743355
87 d 69 0.08701904573772079
87 i 69 0.20248519404097998
87 j 161 0.06319835137076624
87 k 175 0.016222226061788803
87 l 158 0.020614608427188208
87 w 68 0.003022962581281874
88 b 78 0.04733602817845195
88 k 175 0.30334494875465423
88 l 106 0.3276901337532796
88 m 177 0.10701336989363552
88 v 2 0.08935496363584916
89 b 2 0.027036870985424177
89 d 35 0.0006882898452911235
89 e 7 0.01698499166222478
89 f 47 0.0027872897773998373
89 g 110 0.01365009953350671
89 i 127 0.17514506955320364
89 j 25 0.005967031699788405
89 l 58 0.004365217835459512
89 m 153 0.01318734214445172
89 n 6 0.061876533814420265
89 o 60 0.18209471319785775
89 p 165 0.014113990341324545
89 q 149 0.025824417390044152
89 r 127 0.042942967387778364
89 s 84 0.005154331377692722
89 t 33 0.099254471305678
89 u 42 0.12620238989042754
89 v 31 0.09826255629529912
89 w 110 0.037796198424155825
89 x 172 0.005623659128022318
89 z 110 0.012872760339621703
90 c 122 0.0846497249997088
90 h 145 0.1492028576560881
90 z 42 0.03454923150758349
91 a 6 0.09233588552384919
91 b 135 0.025035949021347426
91 c 78 0.0033791819653066213
91 d 1 0.03935370914768854
91 e 172 0.011196819234374211
91 f 81 0.027798274707208526
91 g 143 0.07952726726373005
91 h 5 0.048749757962291196
91 i 57 0.1759575953658098
91 j 100 0.050935800433198786
91 k 59 0.0425746140020804
91 l 147 0.07927182605124283
91 m 168 0.012244345279259883
91 n 60 0.006752992239720146
91 o 115 0.015488931914472093
91 q 97 0.035302798422122694
91 r 171 0.01383446388207965
91 s 107 0.008134304582864793
91 t 30 0.0032777273062672974
91 u 96 0.009048357123343731
91 v 140 0.023146904193524276
91 w 104 0.07172788773503114
91 x 142 0.02066324661595631
91 z 3 0.059362520581545564
93 h 17 0.1551231856395704
93 j 108 0.05450941629058148
93 m 9 0.08117954844274455
93 q 77 0.20061272956849252
93 r 153 0.08404953136503657
93 s 43 0.00027961699225864667
93 t 149 0.03323662557881668
93 v 109 0.051298705936562494
93 w 108 0.07408999558561835
93 x 160 0.042897055449150345
93 y 46 0.14489162312168424
94 a 166 0.11206799018349722
94 c 19 0.04673785057905877
94 e 149 0.04929378871181633
94 f 180 0.1002501767866616
94 g 47 0.04130898455572107
94 i 132 0.02015445974287311
94 l 167 0.0469039645815883
94 n 75 0.07355091214957854
94 p 71 0.05118251366888704
94 q 1 0.014483288848955334
94 r 17 0.06492084490391803
94 s 169 0.16082428450898323
94 t 44 0.05852253022758014
94 u 38 0.007422498222879881
94 v 98 0.026572218617481047
94 w 144 0.005168707420842411
94 x 0 0.032209149019681305
94 y 80 0.010822030974521946
94 z 119 0.059847531279543564
95 c 103 0.07440966487031109
95 g 34 0.03662866136518639
95 h 174 0.08551166641565022
95 j 176 0.05154413890306386
95 k 0 0.1555698211509854
95 m 87 0.023697500351440026
95 o 129 0.052372563709226605
95 q 108 0.17411183883843773
95 u 97 0.008356492359340106
95 w 93 0.018295862737942814
95 x 19 0.11034784564770783
95 y 143 0.20488130652133885
96 b 134 0.04462468970090927
96 e 160 0.0029846399336707075
96 f 170 0.0357461259244245
96 g 141 0.03185575816645725
96 h 59 0.06254957388312155
96 i 1 0.04239916022107415
96 k 45 0.12656262083632697
96 l 71 0.032529504778955
96 m 44 0.02444460714829333
96 p 167 0.19012872799057257
96 q 60 0.005595092811545688
96 r 16 0.0011705841634058745
96 s 10 0.13053068187365402
96 t 147 0.15725914398690266
96 u 65 0.029560621692430233
96 w 41 0.0052684840046484105
96 x 57 0.04342290896083789
96 y 37 0.01327542610377852
97 d 81 0.018556949461888905
97 e 1 0.2683261431337468
97 f 66 0.03744610537344095
97 h 92 0.029410432073102566
97 i 151 0.01750795445508213
97 j 114 0.03221607774985058
97 q 1 0.21967437943904122
97 z 31 0.34222276978567245
98 c 150 0.002824271407596446
98 d 3 0.024979624355705
98 f 18 0.34827419874805887
98 h 145 0.1480281484624414
98 i 113 0.013335517612719006
98 j 38 0.07416147645587845
98 m 162 0.17534689103132628
98 t 138 0.056131097071087876
98 u 146 0.07349145451332184
98 x 172 0.0004358064451566168
99 a 25 0.0881554001416005
99 b 52 0.028810574634870467
99 c 65 0.06122398282294128
99 d 69 0.08469134309887816
99 f 168 0.13930296249716378
99 h 38 0.004657859539673903
99 j 65 0.05544381857554992
99 o 64 0.1855186003651641
99 r 48 0.059600831021570655
99 s 73 0.03206021119656555
99 t 35 0.07927382759350488
99 w 123 0.0873558253756509
102 a 155 0.007328672163507299
102 b 156 0.10849360015158638
102 d 147 0.03180234875200372
102 e 90 0.10619792144152895
102 f 14 0.03853609781383471
102 h 60 0.0689391763581666
102 j 166 0.02898688342947975
102 l 137 0.022803060863571423
102 n 5 0.0020897669562977006
102 p 127 0.13009881583350424
102 r 99 0.03163602156715195
102 s 149 0.06283650874292956
102 u 155 0.014152685251488717
102 w 128 0.05968743300135648
102 y 150 0.0943622630569686
102 z 166 0.029973766436189653
103 a 146 0.015406003953073788
103 b 73 0.07555583446787717
103 c 27 0.009722985724265443
103 d 97 0.008731844644343179
103 e 129 0.05046171780164632
103 f 85 0.11711389095410618
103 i 144 0.000492730049778678
103 j 32 0.007741301241217191
103 l 169 0.1502484583748469
103 n 135 0.017804503883927847
103 o 44 0.12201198091210153
103 r 32 0.033254048272334025
103 s 67 0.09994941131871038
103 t 146 0.001599161195175669
103 v 78 0.05206864104938669
103 w 122 0.007996312477765999
103 x 31 0.0243394506298773
103 y 35 0.13443394979150736
103 z 67 0.06323019666527585
104 a 20 0.04685471910993155
104 b 91 0.016981821193853608
104 c 100 0.18040258496686934
104 d 121 0.006343997938700441
104 f 44 0.015172219144692467
104 h 15 0.015578006734102368
104 i 53 0.0018458109508423526
104 j 172 0.08700238255153825
104 k 46 0.002096965511904969
104 l 37 0.03424253954858447
104 m 35 0.036682201421459615
104 o 29 0.005746291738793374
104 p 115 0.06180309587074195
104 q 27 0.1057770047680473
104 r 73 0.02683823607947089
104 s 48 0.04006804846609402
104 t 5 0.1273260515287079
104 u 82 0.007603957237672154
104 v 161 0.026508493997508986
104 w 75 0.001264317248342528
104 x 128 0.001079140902166431
104 y 154 0.04110988254559722
104 z 37 0.10175945913675244
105 b 171 0.23335473648948524
105 c 152 0.0024368478754593914
105 e 60 0.1474368098678518
105 j 4 0.05994105779947223
105 o 162 0.06199303976319159
105 r 110 0.052086671731497836
105 u 87 0.2848175895313606
105 x 90 0.07757430389596442
105 y 113 0.04107138928528398
106 d 29 0.16288545215011996
106 e 122 0.19072278039293977
106 k 110 0.14844557505525868
106 m 67 0.02243894737785246
106 o 103 0.29736202792088184
106 w 19 0.005733033589574665
106 x 136 0.054361179257396586
107 a 108 0.03841894213188046
107 d 90 0.055308899188016625
107 e 130 0.0207148139469443
107 f 112 0.07356007135231002
107 g 99 0.07007841990934716
107 h 112 0.09787084585577088
107 i 163 0.03242956409980757
107 j 69 0.0065662646045548945
107 k 51 0.14545482875689375
107 l 18 0.18258283192581815
107 m 167 0.06364460393482796
107 n 11 0.013766785038026197
107 o 71 0.01016720570047469
107 q 39 0.020581561488522748
107 v 180 0.021261881717560382
107 x 3 0.03417855301425787
107 z 165 0.09745771983477336
108 a 74 0.3414509886775454
108 c 152 0.007275077105841188
108 d 134 0.04834097483355493
108 l 12 0.08524030128016036
108 p 55 0.036263663953604475
108 t 180 0.10065004650328968
108 v 106 0.02784705733347903
108 y 5 0.11406097523008818
108 z 101 0.0689761248069477
109 a 165 0.23779695816924817
109 y 43 0.4330913380960656
110 c 96 0.2240007359503472
110 d 159 0.050437560549649096
110 g 111 0.05621820716200543
110 h 19 0.04630833860149974
110 l 103 0.01168259183759679
110 m 128 0.019024235529845557
110 q 29 0.14185503090621931
110 r 161 0.10184148999018205
110 s 67 0.031480561989953304
110 t 32 0.034340655086495864
110 u 156 0.13023242136792135
110 w 103 0.12690823622736458
110 y 70 0.004922027294331555
111 a 118 0.026970946727442602
111 b 92 0.211034602571606
111 e 59 0.04649831882769351
111 f 125 0.040529309022651505
111 g 128 0.010670854733342283
111 h 43 0.08560425676305539
111 i 90 0.017304786002941164
111 j 116 0.0909024725641433
111 m 68 0.018319445681996505
111 n 87 0.01766765779917656
111 o 24 0.06975243109065499
111 q 12 0.03480448446837847
111 r 80 0.08015671686739934
111 v 60 0.009188977732905279
111 w 66 0.044533807558933214
111 x 130 0.09663891963475912
111 y 59 0.08266780085565606
111 z 175 0.0016864535285603388
112 a 152 0.026865800584818134
112 b 114 0.009564906370003845
112 c 162 0.021522645536661056
112 d 3 0.030393989724364134
112 e 26 0.22850722482776442
112 f 96 0.009158537745836415
112 g 19 0.036028121168611094
112 h 125 0.005425357262468733
112 i 148 0.08476294797535999
112 k 161 0.019355340926914266
112 l 162 0.07733478906629132
112 m 161 0.058431250156043335
112 n 29 0.03729147493162932
112 q 175 0.03768789581647858
112 r 68 0.012696607914367108
112 s 69 0.025045672138982567
112 t 24 0.08598440323043022
112 u 35 0.057812590698369526
112 x 25 0.022574127756132878
112 y 32 0.07461451493285931
112 z 130 0.023569443522908906
113 a 26 0.04947100896276879
113 c 168 0.05901378222824483
113 d 178 0.003997315590673178
113 e 176 0.19649416468823266
113 h 171 0.0034173399120626113
113 i 159 0.005025081831815048
113 j 47 0.017054524032570018
113 m 74 0.14757878073949182
113 n 76 0.04140885071287137
113 p 114 0.01563919309694517
113 q 118 0.0011048428202566907
113 r 115 0.020790806110173254
113 s 144 0.08095852193055197
113 t 134 0.17323620904402404
113 w 178 0.007408270348108537
113 x 4 0.05085534052058793
113 y 99 0.0041726259878079874
114 a 40 0.03766765912932979
114 b 32 0.010941535755581988
114 c 168 0.02403812144560835
114 d 96 0.007742953480373793
114 e 164 0.05811857934069353
114 f 7 0.034392883684034925
114 g 71 0.03550059500368985
114 h 12 0.004601176794051254
114 i 53 0.07884084970179694
114 j 24 0.04560490957990271
114 k 118 0.03881331185976222
114 l 116 0.07220084396324722
114 m 98 0.001427785880761423
114 n 114 0.009493128228258207
114 o 17 0.0155232724682135
114 p 2 0.005971500936236218
114 q 179 0.024573222169687492
114 r 12 0.11510899505582206
114 s 89 0.036640831535078466
114 t 152 0.009316480927735071
114 u 165 0.15360668577568004
114 w 149 0.014642409526614109
114 x 176 0.09728966769253689
114 y 171 0.014870278350943233
114 z 108 0.0009524742367866823
115 h 31 0.19453955347630614
115 s 165 0.04347981123345057
115 u 112 0.6593700031354562
116 r 167 0.28829804606105414
116 t 130 0.25831096001138376
116 w 102 0.33358616020689014
117 i 54 0.6999055732753765
118 k 179 0.48389038603754797
118 y 97 0.10659930831028797
119 a 59 0.02979225569912336
119 b 24 0.0007496105651474405
119 c 144 0.16193568544836068
119 d 56 0.05352425198303323
119 f 122 0.12683808377952221
119 i 84 0.11616967133838374
119 m 38 0.058138388757767334
119 t 125 0.11893544834357872
119 v 37 0.07993910485453537
119 x 180 0.13539122951440008
119 z 109 0.029952223035270342
120 a 31 0.035135536189230265
120 b 129 0.1277058392157464
120 c 114 0.10308527732223383
120 e 161 0.01943299099095197
120 h 100 0.02569565125953499
120 i 31 0.1386949589333617
120 o 143 0.0008056936024837258
120 q 5 0.11530842413412756
120 u 85 0.01326709540038895
120 x 67 0.045713592325505314
121 e 23 0.15990333957845215
121 g 109 0.09277274974687078
121 i 126 0.1075689466521651
121 q 54 0.29470561632176084
121 r 59 0.28351075306039086
122 h 57 0.17812718177575748
122 l 122 0.13849736779085808
122 s 23 0.015887721850101455
122 v 132 0.5544748647180742
122 w 122 0.026172102708555633
123 b 65 0.002417942725351452
123 c 64 0.4899600476823459
123 i 168 0.02553365221932935
123 j 4 0.06606515518111888
123 n 104 0.113259393615747
123 s 32 0.11009410260383445
123 v 90 0.03782592048268285
123 y 57 0.1285439069818517
124 g 117 0.12443246961608134
124 h 145 0.28315344229984785
124 i 86 0.03944957083364653
124 k 22 0.19139108539376648
124 n 83 0.02050378052044577
124 p 107 0.13131311237833865
124 r 69 0.03923648736616192
124 w 10 0.12281039446663211
124 z 91 0.012691000049723455
125 a 88 0.0058263252660979425
125 b 160 0.10894551137562192
125 c 119 0.008626572558477541
125 d 107 0.018167548135858413
125 e 172 0.007994103958429477
125 f 18 0.0020030711637913923
125 i 107 0.004332129749776259
125 j 166 0.09708968311532296
125 k 158 0.02366710378394221
125 l 145 0.2278075367017871
125 m 62 0.05779980446485089
125 n 146 0.1402109765929933
125 o 141 0.041065033925705596
125 p 180 0.019945305072707642
125 q 25 0.00472089319240887
125 s 44 0.1540712787217171
125 t 102 0.006030585499226415
125 x 8 0.03707436944197062
126 a 177 0.12473042431418169
126 e 109 0.06207972439642373
126 f 152 0.296150892952294
126 o 46 0.2594505415931526
126 s 95 0.13298951432273998
126 w 38 0.037692534668897104
126 z 143 0.04924168594513123
127 a 38 0.030442110526767596
127 c 0 0.05539858501608219
127 e 138 0.18542260677702105
127 f 79 0.026416469823764
127 g 133 0.09960464421112192
127 h 25 0.012328648037320034
127 j 160 0.038811746798350644
127 l 134 0.12390368202241875
127 m 180 0.019831936709596154
127 n 31 0.029997699990907845
127 o 45 0.011165905283119004
127 q 105 0.03955670586706994
127 t 1 0.15363417445782002
127 w 135 0.007470957938400247
127 x 104 0.1400553307142629
128 a 138 0.12403994335109969
128 f 65 0.06099334293716174
128 i 156 0.18064345101034485
128 k 83 0.07379873595167796
128 l 79 0.11198718978088573
128 n 81 0.1591286783575908
128 p 94 0.1317465375519069
128 q 39 0.044601382536543555
128 u 36 0.04447777378684259
129 d 29 0.0011498040411939137
129 f 46 0.03634890802802815
129 k 27 0.25169844383245454
129 m 121 0.05564657034476794
129 u 162 0.6323948594461772
130 b 130 0.04162589943404482
130 c 35 0.14872508159232445
130 e 32 0.06678137197361722
130 f 93 0.08274116011884214
130 h 66 0.09951906542917466
130 i 149 0.025754041585933196
130 k 80 0.025429095491477316
130 l 52 0.09116655020368425
130 n 152 0.05800921917308954
130 p 144 0.013011894540851943
130 q 104 0.05067430221061486
130 r 150 0.019916392983701514
130 s 54 0.005470139999054879
130 t 108 0.024429875852137073
130 u 25 0.009761330739343599
130 x 1 0.010940750607473904
130 y 76 0.11543557939753202
130 z 130 0.07954146825913588
131 a 175 0.011967625959366845
131 b 102 0.009374918483202821
131 c 104 0.020639397140394422
131 f 170 0.16626237716467984
131 g 25 0.0884447098852249
131 h 168 0.04499814807459823
131 i 151 0.17821941973064437
131 j 159 0.04941008206876285
131 k 47 0.009611071384976855
131 l 39 0.0388042667431131
131 n 105 0.13496054362273613
131 p 163 0.004693877718377482
131 q 164 0.010547634992524979
131 r 21 0.17476247668445433
131 v 58 0.016576865805528862
131 x 34 0.04000347297746232
132 g 28 0.00993457007403753
132 l 15 0.33625911084842997
132 m 168 0.04495338619960376
132 n 77 0.08890668860238782
132 p 54 0.11117850535134322
132 q 52 0.16873192470002085
132 v 167 0.2010605832976068
133 a 132 0.035399310806454976
133 c 152 0.022048318379586318
133 d 73 0.008418045853572975
133 e 14 0.036841177601320885
133 f 75 0.13314369408902638
133 h 159 0.03689035078143965
133 i 155 0.01355546611055769
133 j 146 0.04578020231712676
133 m 16 0.07278816185377435
133 n 137 0.014203480790323186
133 o 29 0.001759212902145979
133 p 22 0.026485536688658384
133 q 32 0.14796800668140353
133 r 167 0.03909518011279978
133 s 29 0.034545429719237575
133 t 128 2.8679354938554447e-05
133 u 5 0.10643811466235253
133 v 66 0.02313255966563077
133 w 29 0.052357889626065024
133 x 49 0.0810047711843559
133 y 154 0.044593085266482424
133 z 89 0.01895074417368081
134 a 4 0.00889588308028233
134 c 86 0.008192694336314643
134 d 92 0.05175165355011846
134 e 73 0.054204781044217
134 i 28 0.13727816015343886
134 l 97 0.2456630650422763
134 p 129 0.03440304582407361
134 q 161 0.0064136576260116485
134 r 133 0.11575556175162449
134 s 65 0.010584047980302547
134 t 102 0.04206624713812668
134 u 96 0.04003108345449624
134 v 143 0.14627255008408235
134 w 173 0.03150285853448309
134 y 145 0.019344789646955074
134 z 122 0.04637658467090555
135 d 135 0.12160347962253015
135 o 59 0.2510117922474461
135 z 1 0.5285219913704199
136 i 63 0.18351304633500276
136 l 177 0.018146362756954915
136 o 118 0.09397898472334909
136 s 22 0.02507016595427014
136 z 157 0.6421264428894162
137 b 23 0.22797975752324806
137 e 36 0.2808499954701804
137 g 122 0.006727884681704377
137 m 153 0.050411692276699616
137 n 32 0.004871414963459664
137 r 11 0.22432106240356187
137 s 128 0.003248683021634946
137 t 150 0.037239114003710605
137 w 70 0.024135953278480504
137 x 60 0.08937555329027991
138 a 35 9.435008679081758e-05
138 b 80 0.040636848550962834
138 c 25 0.005127196605211326
138 d 8 0.03303250918723255
138 e 163 0.0323637900238849
138 f 179 0.0257054657486383
138 h 14 0.05758558086416621
138 i 79 0.002505627197521343
138 j 105 0.03154455774563525
138 k 32 0.08454735785227785
138 l 28 0.04514402250032512
138 n 44 0.06615618752065855
138 o 97 0.12550914568627414
138 p 94 0.04744312466985956
138 q 44 0.03216061477209875
138 r 147 0.01719356350672674
138 s 128 0.06796431103233402
138 t 33 0.015228106424717835
138 w 133 0.08414032459341003
138 x 48 0.025882120935125097
138 y 157 0.05212747315440913
138 z 17 0.07261609795730606
139 b 160 0.04264589396751828
139 c 107 0.017473083074605378
139 d 27 0.04095691848541716
139 f 14 0.04669846875179351
139 g 143 0.002597131719702439
139 h 111 0.020304674299294168
139 i 59 0.04031624297774028
139 m 67 0.10176003125910071
139 p 132 0.023181595833748125
139 q 39 0.05187099163823006
139 r 29 0.06661725687922337
139 u 16 0.02596569508331248
139 x 126 0.08317541181135713
139 y 69 0.07462902468795418
139 z 38 0.12535314173299117
140 b 162 0.13344295202319134
140 c 51 0.16488161747725072
140 f 99 0.05784667144173816
140 j 86 0.036505423191842024
140 k 155 0.05112692940984864
140 r 133 0.2557113558943871
140 s 6 0.01866001020541419
140 t 178 0.0539808171391315
140 w 85 0.1819662537787412
140 x 35 0.007932901976214324
141 b 36 0.019271595282747578
141 c 142 0.1264487894197629
141 g 73 0.02270164099142602
141 k 91 0.16466608256385495
141 l 63 0.015222118141893892
141 m 2 0.1142766889278527
141 r 125 0.22787274076257047
141 u 103 0.12003366163849127
141 y 43 0.025122792850507225
142 a 50 0.08181032528316046
142 b 23 0.19612501360006995
142 c 70 0.06050245841198976
142 d 85 0.024152182148870605
142 e 0 0.044972549139733475
142 f 158 0.017174687852190118
142 g 102 0.040301766225042446
142 h 176 0.010232634746704328
142 i 127 0.08888508196973832
142 j 131 0.002342654662065069
142 k 104 0.08297831979719184
142 l 69 0.014197969093067253
142 m 41 0.028736789981259947
142 n 157 0.014445824540995522
142 o 151 0.007990140297659654
142 p 129 0.07962039039410063
142 r 94 0.012431276800940583
142 s 34 0.00012189633468895344
142 t 82 0.06635495203109187
142 u 176 0.07157758858979735
142 v 78 0.0073171637396582945
142 w 15 0.011861976111759764
142 x 162 0.012187307177564444
143 m 39 0.15839816698814746
143 s 25 0.6624646992429557
144 a 45 0.040300006955574785
144 b 84 0.044490935408127985
144 c 35 0.0017967302818284736
144 d 15 0.04514129369697506
144 e 163 0.02342619456897721
144 g 177 0.045362627547640755
144 h 52 0.0028928835087634885
144 i 31 0.058847474967298474
144 k 53 0.04922668833961674
144 m 55 0.012323350271698508
144 n 156 0.005076218665211352
144 o 22 0.1353540758141405
144 p 126 0.011134827427294325
144 q 50 0.010600020629897067
144 r 120 0.06422822510723003
144 s 69 0.18095077657416958
144 t 99 0.03577268476123474
144 u 55 0.022744072284105354
144 v 109 0.01606172283374363
144 w 107 0.0726076099776315
144 x 171 0.03516069596948068
144 y 157 0.05070950415946063
144 z 10 0.0022305278647820614
145 d 40 0.02759379405816942
145 f 81 0.01938774106844221
145 g 26 0.022984786255886513
145 i 113 0.04247809818369952
145 l 25 0.04876215171842224
145 p 84 0.10763170553872403
145 q 69 0.25842271442603215
145 t 138 0.013216826307814844
145 u 2 0.015738707169210442
145 w 112 0.1343975609559961
145 y 126 0.09034400947955756
146 c 151 0.14651401356564908
146 d 87 0.1578822855528229
146 e 118 0.06533673741488555
146 j 1 0.08235108371689459
146 k 155 0.045458110353776116
146 l 93 0.055032979761609035
146 m 140 0.006784688496018321
146 n 164 0.006229973124391219
146 o 156 0.08558757966140174
146 q 20 0.08770786579091594
146 s 24 0.010227424956520625
146 u 103 0.07333804445074332
146 z 85 0.07246294847288592
147 c 67 0.07489689822916967
147 t 175 0.15845055598562763
147 v 135 0.21681787530992336
147 w 116 0.25785864871806863
147 x 124 0.08855185478281935
147 z 104 0.03544386104344044
148 a 58 0.037110522366582854
148 b 114 0.024576054768819633
148 c 117 0.011923573245601227
148 d 59 0.024206973754261396
148 e 81 0.014554810920126449
148 f 47 0.029694500443361083
148 g 123 0.33399471056443375
148 h 85 0.005912579522163508
148 i 155 0.06984924714696283
148 j 158 0.013624242938083952
148 k 141 0.03462148740133908
148 l 119 0.08369910225448252
148 m 149 0.05036105115955192
148 n 31 0.01698573638490697
148 p 19 0.04998859490622176
148 q 108 0.053823458700304694
148 r 176 0.02550310557479951
148 s 91 0.0002773197728050958
148 t 179 0.031125421527216313
148 u 71 0.013364731300331334
148 v 156 0.0005476632126202308
148 w 20 0.019212198291359006
148 x 175 0.016739883195923677
148 y 92 0.023427579123214137
148 z 5 0.01085784664198619
149 a 61 0.0016524323811826225
149 b 141 0.07478156174646133
149 c 173 0.11818981533702189
149 d 46 0.03949821349631699
149 g 157 0.010823881880909658
149 h 55 0.014897681591895418
149 i 16 0.05351983497466095
149 j 179 0.19961123098111644
149 k 29 0.013035357866156838
149 l 108 0.06652799532395548
149 m 59 0.04762838149366
149 n 141 0.0038178721182375863
149 q 72 0.018534966006865994
149 r 107 0.0193048308014514
149 s 102 0.03561290779801596
149 t 22 0.01902983548935433
149 u 18 0.13532486043557834
149 w 2 0.04320928629860632
149 x 167 0.035167338401467796
149 y 6 0.0124980765914402
149 z 13 0.0036949462849800163
150 c 73 0.13110865095807078
150 l 130 0.2166646853459645
150 s 159 0.34610910898257086
151 a 80 0.053760761125521195
151 b 55 0.001351181705401272
151 e 131 0.04441323228689387
151 f 119 0.14125462043096515
151 g 139 0.1193606654433913
151 h 53 0.0343036066201482
151 n 33 0.0359911329199788
151 p 130 0.006901088251899168
151 q 39 0.03485350968228618
151 r 146 0.09478345773489572
151 s 168 0.08608273617577977
151 w 6 0.08320253369348418
151 x 174 0.034030257602291836
151 y 164 0.15717070565031244
151 z 138 0.005337694006816385
152 a 51 0.028950783647748057
152 c 8 0.17559229500583784
152 d 42 0.11448462089269229
152 k 170 0.08452479811770786
152 m 80 0.30947124467377185
152 t 55 0.08448279317124985
153 a 90 0.07904484529810085
153 l 75 0.13388847158288375
153 o 22 0.2827043707148553
153 w 39 0.1800471817992485
153 z 17 0.17958746800847813
154 a 56 0.010096303134894957
154 c 57 0.150177540535385
154 h 74 0.08913031530117999
154 k 18 0.24755449884083158
154 l 26 0.0071749961222404846
154 m 131 0.036670272106578694
154 n 144 0.058706654262739355
154 o 115 0.0005613762664679056
154 q 76 0.011615941193558577
154 s 169 0.0697505906857917
154 x 69 0.2835355599666236
154 y 111 0.028230288909292578
155 a 3 0.06852766081715822
155 c 105 0.08604029418091941
155 g 51 0.022664978897823485
155 h 116 0.18622458469566938
155 i 68 0.12054436793721424
155 j 178 0.03535765260611079
155 m 107 0.06089515997356876
155 n 71 0.026964412120029646
155 o 161 0.03524607512136957
155 p 102 0.08609090767092265
155 q 179 0.052250556015103644
155 r 88 0.025289032980896242
155 s 61 0.06502565836453145
155 v 127 0.027944238194804294
155 w 22 0.0439647552744844
155 x 102 0.00479363281370726
156 b 151 0.18628104780476518
156 d 57 0.018506681751439436
156 f 155 0.09198323943252384
156 i 14 0.03451496148839561
156 j 157 0.1450078852650063
156 k 160 0.1947472959805655
156 l 115 0.007891766554834478
156 n 86 0.053143199355736415
156 o 149 0.02133405544471345
156 q 51 0.008312878552048208
156 s 3 0.009837624108832821
156 t 177 0.052771759765283144
156 v 23 0.0398262889693628
156 w 36 0.04347271077561343
156 z 121 0.06873144339511505
157 c 82 0.186644640439105
158 a 144 0.11756557548160451
158 b 158 0.009171178675033476
158 c 5 0.056091623024213666
158 d 22 0.007865157939721534
158 e 64 0.02129163012792712
158 f 90 0.11039396321235007
158 g 152 0.036836469313944575
158 h 8 0.004333190573955759
158 i 171 0.01063294962426764
158 j 50 0.04867660558322762
158 k 35 0.04039828415856972
158 l 174 0.13474932752084146
158 m 123 0.007209708814362781
158 n 115 0.051894298358380664
158 o 51 0.007909905644876147
158 p 157 0.011263736097380295
158 q 56 0.021622646058673256
158 r 22 0.020689856015685626
158 s 104 0.06277828297424493
158 t 75 0.0304013162398592
158 u 142 0.04768660781317602
158 v 53 0.05010158322317704
158 x 22 0.002737804634089125
158 y 180 0.006811144721693196
158 z 168 0.029785234840371988
159 d 96 0.6778899454256173
159 m 16 0.02419256844811668
159 r 113 0.04001081115574534
159 t 61 0.13283716571991866
161 b 116 0.027501368237144552
161 c 120 0.05691851938274506
161 d 110 0.031645481158475985
161 e 150 0.08566486490892666
161 f 82 0.09790171163409178
161 g 116 0.06071886824822281
161 h 4 0.08840463752621919
161 i 163 0.03832104103710954
161 k 39 0.08891343649914352
161 m 78 0.00475035550310321
161 n 62 0.2848023821867429
161 o 9 0.016924844753047896
161 r 74 0.0037247854484550036
161 s 29 0.023741010062958146
161 t 125 0.006965838425994408
161 u 40 0.004297271759785781
161 v 19 0.024480521953160972
161 w 32 0.008049812259211975
161 x 138 0.00034737496764603026
161 y 93 0.026283426912836805
161 z 141 0.006005227277433356
162 f 123 0.0342978843642221
162 g 45 0.06735830433021595
162 h 54 0.038754973054671016
162 l 151 0.13579750696129744
162 n 155 0.2467148349820697
162 p 145 0.10733668199716562
162 q 98 0.02998285960184488
162 r 136 0.11354699879190755
162 t 138 0.00010039086017665788
162 u 12 0.0063054409368697995
162 x 65 0.004635606277385129
162 y 142 0.16452543093184235
163 b 86 0.06216513198738782
163 c 80 0.012178536881577107
163 d 83 0.04017475366579726
163 i 18 0.2943341039673425
163 j 4 0.04300436899321647
163 n 149 0.28325223109052666
163 p 162 0.08812967962120943
163 r 106 0.061952061242263046
163 w 115 0.003401772930442748
163 y 28 0.098204685527288
164 p 150 0.3588748497057551
165 a 165 0.05520933886234225
165 e 44 0.02258108380577928
165 f 76 0.1440857556673224
165 i 12 0.13485706656773144
165 m 145 0.17922185305737937
165 r 9 0.0387177883574491
165 t 47 0.04424402756768642
165 u 171 0.013436682824292445
165 v 158 0.03881363358395018
165 w 176 0.039078421831696075
165 z 71 0.10416037902245834
166 m 70 0.24992335538428567
166 o 103 0.46727003969531467
166 w 93 0.114425803649578
166 y 65 0.0466562207912149
167 h 26 0.08646331448029054
167 n 5 0.1629289922425563
167 t 81 0.1305185177783944
167 u 156 0.2876887433245455
167 x 126 0.09840224306466794
168 o 52 0.42021796471725814
168 r 127 0.07528736558861426
168 u 2 0.09491945018162673
168 x 131 0.29816803172077977
169 a 124 0.12331035529592749
169 b 128 0.030001427366448286
169 c 173 0.061065994552175984
169 d 135 0.0555476657235594
169 h 5 0.05583272590422772
169 j 0 0.01987189348338536
169 k 61 0.05899327098854046
169 l 80 0.0002812782938788061
169 m 81 0.0022011689812162505
169 o 129 0.004811798745511409
169 p 21 0.08797283693184577
169 q 54 0.006155982817935612
169 r 140 0.13545485438881644
169 s 143 0.0752406510121375
169 t 88 0.006125350225212323
169 u 45 0.08105229074691822
169 v 164 0.02964771040525971
169 w 71 0.014065770197936867
169 x 129 0.03739577890336687
169 y 37 0.07230621278762617
169 z 156 0.032799408965052845
170 a 111 0.005788384615884712
170 f 72 0.015847969398880113
170 k 132 0.29462256468670256
170 w 139 0.17826797382106818
170 y 3 0.2802627432573247
170 z 47 0.12586185248271176
171 d 128 0.7338516942693163
172 a 167 0.020226715068626167
172 b 26 0.09392923186513469
172 c 164 0.10198701233421203
172 d 64 0.01679884500559503
172 f 35 0.019932078122837704
172 g 163 0.13643335518021393
172 h 133 0.008045571632615212
172 i 98 0.014287316191243793
172 j 77 0.05250754702110594
172 k 104 0.036790186175862716
172 l 85 0.030141560798564115
172 m 114 0.059969571611954375
172 n 52 0.026834582344568814
172 o 95 0.026106741867856775
172 p 9 0.0002942253925274363
172 q 86 0.03708844257640387
172 r 2 0.030727562669213504
172 s 132 0.011786461260618886
172 t 0 0.015515618913712337
172 u 99 0.015095640367887908
172 v 81 0.06248166318455428
172 w 62 0.07346551502404575
172 x 159 0.048215410656996416
172 y 72 0.027885907956579414
172 z 28 0.028254452321706758
173 b 138 0.042449038565252395
173 c 81 0.06940044958631286
173 d 109 0.1510111982159943
173 f 120 0.06469123843411506
173 g 24 0.10063668400973391
173 i 68 0.03784519806825859
173 j 167 0.11652651037712147
173 m 160 0.013811214649253167
173 o 177 0.005687708995175567
173 q 126 0.012320952502166138
173 t 11 0.07131082968435654
173 u 129 0.10291493233234761
173 v 172 0.01226023567791501
173 w 158 0.03915544495832646
173 x 132 0.016035900569025707
173 z 88 0.06408055756062947
174 a 1 0.033842631357885566
174 b 59 0.07586638830473136
174 c 60 0.0008319536054786081
174 d 155 0.001391744454645072
174 e 139 0.0012091592080455404
174 f 25 0.03747286067609956
174 g 88 0.045848390927190175
174 h 46 0.000588765588613982
174 i 162 0.13424456131979812
174 j 78 0.0035677972152055037
174 l 23 0.05364945294779189
174 m 94 0.05042489311701115
174 n 10 0.017885682298292682
174 o 122 0.007300640838540651
174 p 111 0.2504205338692722
174 s 39 0.04277923963426644
174 t 164 0.019983797057005148
174 u 34 0.010819023576466469
174 w 131 0.03748401887680408
174 x 7 0.04818252156689784
174 y 88 0.009496174275597458
174 z 173 0.021386496762427876
175 g 86 0.24839848023727118
175 k 168 0.015203276338368932
175 l 62 0.5735311657737358
175 p 109 0.00985231756004934
175 s 111 0.03831844259315942
176 c 36 0.0129489641954601
176 f 170 0.05148723551895895
176 g 147 0.18555631229908454
176 h 172 0.011747259039938562
176 i 149 0.12387708193149694
176 l 143 0.11065270121337889
176 o 96 0.07954223755571599
176 r 32 0.3138146851625958
176 w 92 0.07218366488302108
176 y 56 0.033434803292802795
177 a 133 0.026316234400150518
177 b 22 0.041493681052389264
177 c 88 0.11307283338631036
177 d 82 0.0198864646940633
177 e 117 0.048880358882503305
177 f 76 0.026658883093335417
177 g 179 0.022001909228869354
177 h 93 0.04043700387677451
177 i 154 0.07132395349910625
177 l 67 0.06000979798635264
177 n 31 0.02099970596067946
177 o 133 0.02776017109548168
177 p 139 0.0057853389544264555
177 q 177 0.02484457548360164
177 r 63 0.001789992723250089
177 s 131 0.010402724826802268
177 t 157 0.07061540057043614
177 u 126 0.05791454272399943
177 v 122 0.013684319210184093
177 w 141 0.1325941475954966
177 x 16 0.11376892898211244
177 y 152 0.026404486571430907
177 z 19 0.012282366562238245
178 a 131 0.04712557023942132
178 b 63 0.015228667211048652
178 c 173 0.13827276181828418
178 d 1 0.11818575839268797
178 e 37 0.0792993530536138
178 f 63 0.12168676817315616
178 g 143 0.016828888649764506
178 h 47 0.04202508973895147
178 i 74 0.0029424405071103443
178 j 156 0.0035531192877991113
178 k 67 0.002137088327318404
178 l 52 0.04586777306152556
178 n 29 0.007095121071205246
178 o 43 0.04830587011870535
178 p 21 0.02347733133199492
178 q 39 0.004408914740326786
178 r 57 0.002180299813299036
178 s 35 0.021429776516575738
178 t 42 0.01453743887286929
178 u 93 0.08234347558898303
178 v 99 0.04436237531079623
178 w 4 0.09248783824911577
178 x 127 0.0017115374655581883
178 y 121 0.001292035735856678
178 z 69 6.749681857687317e-05
179 c 56 0.21576794599537086
179 f 118 0.035885494978667554
179 g 16 0.1102426971662146
179 j 126 0.008159134180265148
179 k 85 0.05074911453540021
179 m 167 0.018239164252691897
179 p 41 0.009686432760026453
179 q 99 0.017605518915565277
179 r 144 0.02123380247761819
179 s 137 0.13232900409052517
179 t 118 0.048856379972069264
179 w 178 0.03235627163582999
179 x 98 0.14398322162319133
179 z 66 0.04396018153966319
180 a 177 0.03837923072117655
180 d 37 0.18040580941829543
180 f 174 0.0055445855497374685
180 g 120 0.0605937394212267
180 k 54 0.019259096641195628
180 m 141 0.0687219123001721
180 n 69 0.028010718107829735
180 o 74 0.03491276741488736
180 p 31 0.26513527201331366
180 u 13 0.042717242145345
180 v 149 0.13877190346704416
180 w 128 0.06860295750047807
