127 26 1716
0 0.08669175207833879
0 0.09547384225925037
0 0.07177440222957099
0 0.04444520699894916
0 0.02308546317830784
0 0.09541914835088505
0 0.02801322930368233
0 0.07565670769345767
0 0.018857540410060825
0 0.030589859215635506
0 0.041893910700799286
0 0.1371211460801841
0 0.0903981033327198
0 0.20779624303834865
0 0.034806378329695575
0 0.4858734490783245
0 0.4488001872618459
0 0.06857892089150042
0 0.015946922876795888
0 0.002062633767400901
0 0.01958504615146084
0 0.22854954347945688
0 0.1394983163548279
0 0.12821365453226874
0 0.0022644485197277353
0 0.05917193246270058
0 0.04257704780101701
0 0.1604376012219032
0 0.08809520277930682
0 0.03418607729891554
0 0.0643820362335269
0 0.10748344964463874
0 0.05478556185109329
0 0.016453894314515827
0 0.07474218897436369
0 0.18328263813072443
0 0.02573945894285201
0 0.01385394942106244
0 0.11124588089261744
0 0.13734726808211406
0 0.01625009739685268
0 0.018108063643678896
0 0.3449739737173615
0 0.11789683684725016
0 0.5151164150353356
0 0.16404827953696977
0 0.05276422226487398
0 0.19792605303834654
0 0.03126427727400827
0 0.12387306334887482
0 0.789296794967566
0 0.03233549223845089
0 0.0036204840472443545
0 0.05274315432892385
0 0.04121233387221812
0 0.03582735338992771
0 0.05145748102816383
0 0.033894749510962385
0 0.019863624932968338
0 0.07284756554612337
0 0.22819493367429922
0 0.12987111497875714
0 0.014293514115062966
0 0.03770962611608508
0 0.003606960021977912
0 0.08794897058728535
0 0.17384356185261374
0 0.0805810854035357
0 1.0
0 0.15975018868584845
0 0.004973026293298655
0 0.052169225209335646
0 0.1275196563793548
0 0.020461835854261312
0 0.00410042231456631
0 0.0490377115674977
0 0.12302570073181895
0 0.047517004277945585
0 0.11923145997519036
0 0.015318963898755977
0 0.6483413124670231
0 0.009801269282790348
0 0.02738714874077952
0 0.1532601628460164
0 0.008898711607732146
0 0.018838531092259636
0 0.09355299638846837
0 0.04199708633351784
0 0.019865907753591316
0 0.02975135574577148
0 0.06256819103727673
0 0.25021008247766485
0 0.203045976085377
0 0.008034652422051036
0 0.03960230916800389
0 0.005821854050411024
0 1.0
0 0.006590248842173518
0 0.03223365240086751
0 0.42388607984662907
0 0.08396137133548909
0 0.7702865330732973
0 0.9207772006636016
0 0.6450256714149311
0 0.060078329303539735
0 0.12825133629132057
0 0.4614834820032371
0 0.08186762179962503
0 0.016453519091140678
0 0.17764992803935997
0 0.1309626344312197
0 0.049407535120767454
0 0.06812220068015284
0 0.007965447018427052
0 0.44516608358940357
0 0.11559914860074394
0 0.5397242957594
1 0.023106546390961546
0 0.4987188928840043
0 1.0
0 0.0053749442289117155
0 1.0
0 0.03287608841530065
0 0.0075855478350277394
0 0.04437594666635236
0 0.09965952149941315
0 0.12905877105980823
0 a 111 0.09490738998355408
0 b 39 0.107043165020136
0 c 100 0.025213937209967785
0 d 115 0.01383939112933641
0 h 42 0.015847763589265096
0 i 82 0.014114803005066179
0 k 104 0.02356487610398661
0 l 1 0.012349062484107165
0 m 49 0.006596266625752523
0 n 108 0.07135915767424172
0 p 30 0.0030201397396764085
0 q 0 0.03697217248922002
0 r 37 0.06649210962869423
0 s 23 0.11576395557024155
0 t 6 0.023272639719420396
0 v 33 0.0006176556216956897
0 w 89 0.02510678224890539
0 x 59 0.1913326974893934
0 y 70 0.01871593494943613
0 z 36 0.04717834763956441
1 n 100 0.9045261577407496
2 a 65 0.04781713931387188
2 b 109 0.009892513946280213
2 c 93 0.023226982915663608
2 d 72 0.03350055541588248
2 e 102 0.027688165311400392
2 f 98 0.09188133518951813
2 g 49 0.014071537054572647
2 h 56 0.007779118404686813
2 i 6 0.0563993561115278
2 j 108 0.01538196013351012
2 k 57 0.013790137258173574
2 l 28 0.04929384764935285
2 m 23 0.13713528973321276
2 n 113 0.052213834275947724
2 o 43 0.10750988788616045
2 p 71 0.012382416075290892
2 q 77 0.022331275955823515
2 r 49 0.0009856918131452286
2 s 98 0.02563811245422698
2 t 121 0.002667449649318976
2 u 113 0.006951388606272424
2 v 44 0.021477293757354965
2 w 20 0.04475666222986319
2 x 59 0.04319461360105936
2 y 37 0.027866250194386488
2 z 123 0.03239278283392555
3 c 42 0.008508409250405191
3 d 69 0.08510309157649398
3 f 117 0.05560239149411228
3 g 107 0.0757227808235984
3 j 86 0.03513902733332974
3 k 2 0.025354344930124117
3 l 77 0.07253946097604658
3 n 31 0.26412406655635645
3 p 123 0.007489003449471454
3 q 125 0.05302152971371932
3 u 97 0.16676756094076672
3 v 33 0.1061831259566266
4 d 16 0.0843993460029473
4 j 61 0.12791656829761244
4 l 68 0.24664995650189092
4 p 65 0.07252315821083644
4 r 111 0.12659685599828774
4 u 53 0.226067196287848
4 v 37 0.018764088770153897
4 x 17 0.07399736675211543
5 a 92 0.0017826166182489667
5 b 100 0.006713391993303008
5 c 101 0.009289513340237976
5 d 21 0.010513588362256576
5 e 79 0.07100128259762017
5 f 48 0.02010425211680078
5 g 124 0.03475756092233184
5 h 26 0.01771687831657842
5 i 5 0.07998223749916478
5 j 109 0.05210995671429364
5 k 0 0.010954525508848012
5 l 74 0.06325420517615121
5 m 81 0.0737326787910011
5 n 33 0.017361781943251775
5 o 39 0.03954156201620118
5 p 23 0.03862682111534099
5 q 56 0.01887775303770911
5 r 100 0.035626107319045475
5 s 70 0.1429493105336076
5 t 49 0.003062381003146597
5 u 64 0.03638044398433382
5 v 20 0.05580306987709316
5 w 110 0.028998844055629358
5 x 100 0.006211427877004239
5 y 36 0.01569944795141287
5 z 73 0.013529212978502292
6 a 40 0.122971902853931
6 c 65 0.40558398232526094
6 i 120 0.031638152653106544
6 q 125 0.0256359404710107
6 r 77 0.04596891152186966
6 t 123 0.3401878808711388
7 a 55 0.03894505129661485
7 c 48 0.2690671407320967
7 f 119 0.06642757545345701
7 j 41 0.024245941507148427
7 k 4 0.031303694977236174
7 l 125 0.025097928764818533
7 m 119 0.03680291327489327
7 o 89 0.03457590364069962
7 r 10 0.07130078231345072
7 s 39 0.1041420265181503
7 t 74 0.19540625135418044
7 w 103 0.0022649849382210263
7 x 23 0.024763097535575262
8 a 16 0.07156736342743397
8 c 101 0.030656816425122524
8 d 39 0.02043936407293412
8 e 5 0.04769626408689265
8 f 50 0.11754391509174755
8 g 33 0.0321385348001797
8 h 126 0.15682132238513768
8 i 71 0.04461184043314803
8 j 27 0.021895836768807464
8 k 76 0.017917523439745953
8 l 6 0.04057253137169259
8 o 111 0.0868488798487308
8 s 8 0.04970101634531565
8 t 124 0.0735111664927437
8 u 56 0.0009747017156629401
8 v 35 0.03813838432925443
8 w 123 0.013163408600014526
8 x 6 0.032172249072114356
8 y 20 0.010953798266442272
8 z 74 0.07381754261681828
9 a 97 0.052378891468136346
9 b 44 0.016257136612150003
9 c 0 0.021363113724683025
9 e 80 0.004720940539544305
9 g 115 0.006779985539249633
9 h 114 0.023386824043875598
9 i 44 0.04019458775121554
9 j 38 0.05234529518059006
9 k 24 0.048541447405864635
9 l 62 0.06131624441807948
9 m 19 0.3106962822655157
9 o 30 0.01313170523199525
9 p 85 0.011007272307594018
9 r 80 0.005841763772782893
9 s 30 0.03443325666217045
9 t 22 0.017516181984924994
9 u 76 0.024182140085400206
9 v 99 0.1261574637898204
9 w 60 0.043091087437509334
9 z 0 0.056068520563262614
10 a 5 0.1268815850045657
10 b 12 0.047491824829595575
10 d 54 0.01650248507990959
10 f 14 0.048604439761112284
10 h 92 0.07698470866235951
10 i 93 0.029746815825983597
10 j 50 0.1306343290094043
10 k 106 0.11701040516484884
10 m 101 0.014349719475259981
10 o 79 0.006621857708865031
10 q 30 0.02314622284783474
10 r 12 0.0077540581423859445
10 u 84 0.0439411027858192
10 v 81 0.1326799923439146
10 y 115 0.10897987784714835
10 z 51 0.026776664810193473
11 b 30 0.0994092872427681
11 d 46 0.04999640518581505
11 e 12 0.0854917382140391
11 g 90 0.062358246374854764
11 k 77 0.006771654873525823
11 n 71 0.20909812864947697
11 p 86 0.24909010304738255
11 t 30 0.04491835158753932
11 v 30 0.00802817678874257
11 w 83 0.04771676195567165
12 a 116 0.0153365652954498
12 b 12 0.02939398030160556
12 c 22 0.11596083580096517
12 d 4 0.14801852964280193
12 e 8 0.09022996976913922
12 g 93 0.04837083960973565
12 h 81 0.010098635192626548
12 j 82 0.022705125748716304
12 k 71 0.014333749118084271
12 l 12 0.0031681357806603305
12 n 17 0.13071838037572725
12 p 93 0.028779509588576446
12 r 32 0.035316838530407346
12 s 125 0.01795179073958142
12 u 26 0.025205779267704398
12 x 4 0.02858589276888812
12 z 12 0.14542733913661043
13 c 41 0.20076279048046475
13 i 101 0.18785720819200957
13 l 29 0.033345176655071085
13 s 81 0.0036758131715883824
13 u 45 0.33265504678461033
13 w 25 0.03390772167790723
14 a 98 0.00842441900811497
14 b 122 0.014874582827473226
14 c 46 0.026650227056090436
14 d 85 1.3997538376386842e-05
14 e 79 0.04923577568417903
14 f 94 0.2412542663963847
14 g 59 0.02432146004686031
14 h 107 0.0868641293311786
14 i 111 0.048298847207716156
14 j 111 0.003849510599123085
14 k 32 0.005506021220517465
14 l 34 0.0324093050758989
14 m 49 0.018486800811506332
14 n 49 0.00037106306627621155
14 o 91 0.012279878645241382
14 p 30 0.017033950386798336
14 q 99 0.040196880930714385
14 r 68 0.01882984698888579
14 s 71 0.0023312470849337075
14 t 10 0.1083509417941464
14 u 17 0.032606411199665675
14 v 2 0.044123525628853244
14 w 15 0.04556975083650594
14 x 78 0.017405542196012536
14 y 82 0.06505715343268004
14 z 5 0.0008480866761712003
15 z 53 0.5141265509216755
16 b 60 0.14712238834215108
16 f 42 0.05560042531274345
16 h 2 0.3484769990832596
17 a 69 0.08329196525559346
17 e 37 0.1015697614246861
17 i 10 0.10787973561823416
17 l 2 0.26039028621196436
17 v 31 0.2872018711834676
17 x 111 0.016411951471502206
17 z 23 0.07467550794305167
18 a 27 0.06170240045970721
18 b 111 0.0299685957613951
18 j 100 0.0202194674255175
18 k 40 0.23774934245878265
18 o 93 0.28918439634515736
18 p 21 0.22209964253283154
18 q 16 0.004329688544598809
18 z 70 0.11879954359521394
19 b 39 0.01583903848020285
19 c 109 0.008290509957352477
19 d 59 0.07880730119141355
19 e 69 0.010575007198018183
19 f 13 0.07012928402642793
19 g 43 0.020584870987965687
19 j 6 0.00584373433310037
19 l 94 0.11672748769068575
19 n 35 0.007754552486667676
19 o 33 0.033822457623940205
19 p 22 0.026648287878690446
19 q 114 0.059324367458950866
19 s 41 0.042954482691710205
19 t 34 0.012698837502650995
19 u 103 0.07880639557316393
19 v 72 0.159382401088899
19 w 29 0.05627036625377113
19 z 57 0.19347798380898784
20 a 55 0.13747742912188765
20 d 49 0.13420330015521875
20 f 52 0.009505534188608
20 g 70 0.04770244540066637
20 j 76 0.10492594612636852
20 n 17 0.08668451012649636
20 q 66 0.23673664545352546
20 s 50 0.09571143180678698
20 x 26 0.10486484581704925
20 y 39 0.022602865651931814
21 c 20 0.05204708779697287
21 d 50 0.00780330173063315
21 e 48 0.07958154070627588
21 f 49 0.057861411449778744
21 h 116 0.12540774077139083
21 k 102 0.3318788239602679
21 m 53 0.1072772825769488
21 x 23 0.00959326752827494
22 a 76 0.005149494510457986
22 b 113 0.1476378414298456
22 c 118 0.05661998030190096
22 f 49 0.08019686873757625
22 h 101 0.012525039607160227
22 i 24 0.040433110850663145
22 j 42 0.0477832365390648
22 k 85 0.03002861557809866
22 l 126 0.012805682605081747
22 m 94 0.01900450008386323
22 p 115 0.003261552422282432
22 q 70 0.15244900392619676
22 r 90 0.15600879898200226
22 w 91 0.05817648607432879
22 z 50 0.03842147199664925
23 b 15 0.011530895283278109
23 c 58 0.05298216091777319
23 e 99 0.07328229957621446
23 f 118 0.008087924150038561
23 g 74 0.07443479241432382
23 i 92 0.051981242269249384
23 j 64 0.018837951589415813
23 k 14 0.012065824423957872
23 l 16 0.0012084322916487977
23 m 11 0.12987342201585317
23 p 27 0.07135904160189699
23 q 19 0.05040190022172564
23 r 57 0.1865145303709027
23 v 11 0.07599711036742329
23 x 74 0.05322881797402945
24 a 52 0.026866591222655223
24 b 42 0.04290845780815655
24 c 99 0.011435799252958456
24 d 124 0.0005783322169865546
24 e 55 0.01832092996455148
24 f 76 0.06808504585444752
24 h 26 0.051986721785606926
24 i 49 0.029752308103250025
24 j 23 0.0069606591237756366
24 k 29 0.08741470732174139
24 l 103 0.10591274241488036
24 m 19 0.09936742440261126
24 n 36 0.004125321212350319
24 o 56 0.017215238133565736
24 p 23 0.01728663926726104
24 r 108 0.09035496025874767
24 s 75 0.008752013349452858
24 t 82 0.03579385083054387
24 u 7 0.004280244615671225
24 v 28 0.02704653094750542
24 w 14 0.03577468839434428
24 x 23 0.04268824877780952
24 y 120 0.14580231117351716
24 z 86 0.01902578504788177
25 a 39 0.07686764710498373
25 b 83 0.020765781486504764
25 c 111 0.012024724921307017
25 d 12 0.005727111543437746
25 e 71 0.03652607221415194
25 f 116 0.1253925734345428
25 g 109 0.04777056659819867
25 h 86 0.07999821765616344
25 i 27 0.06241739493042253
25 j 43 0.0765863340617099
25 k 4 0.10674413831095364
25 m 101 0.02806798438584801
25 n 97 0.027412505244915564
25 o 75 0.01111894263656621
25 p 76 0.005568073741169632
25 q 42 0.01870267148451188
25 r 50 0.002255034594887295
25 t 44 0.0756343332951449
25 u 69 0.017947607472245664
25 v 121 0.012123458614635596
25 w 67 0.01927296857343741
25 x 95 0.02436345346896318
25 z 52 0.0475404717625979
26 a 26 0.07898806257667312
26 b 33 0.06414143905446523
26 c 22 0.029034589634518437
26 d 86 0.06729153691039436
26 e 96 0.14398072923236283
26 f 4 0.032126417752692316
26 g 39 0.010779670885268322
26 h 95 0.052561025771878156
26 i 93 0.031039998974701888
26 j 39 0.030294681559956627
26 k 65 0.04899250702357394
26 l 19 0.04338832517715818
26 m 24 3.927404920900379e-05
26 n 100 0.03428983644724737
26 o 69 0.011166617551256364
26 p 43 0.04355307403403286
26 q 48 0.01671494251644101
26 r 100 0.035995854586868714
26 s 28 0.011710424645874018
26 u 68 0.008528604991684285
26 v 117 0.08445824206585872
26 w 74 0.04306812674724003
26 x 74 0.011483188237418007
26 y 70 0.007596877424996373
26 z 89 0.016198904347212828
27 a 3 0.2396006217222234
27 b 99 0.028127397663851195
27 c 14 0.04086692899941402
27 d 124 0.03252998354236614
27 g 17 0.16172950485186743
27 h 27 0.0006337775253532074
27 i 89 0.057001549500244386
27 j 19 0.07023157641445055
27 l 111 0.0017502058967963086
27 m 73 0.052633709454353084
27 p 31 0.011421568530042281
27 q 15 0.011273169833104668
27 r 81 0.014694966287664868
27 s 60 0.0015162694128282306
27 u 82 0.04226801243064504
27 v 10 0.0037950695744568552
27 x 126 0.04182784667795425
27 y 101 0.027660240460480878
28 a 88 0.07105386444228723
28 d 25 0.09790931700615679
28 g 125 0.04193112517289577
28 h 53 0.04566205108659904
28 j 74 0.10004814920824112
28 k 52 0.023050570807498838
28 m 10 0.09360971884991198
28 n 9 0.17344533119768302
28 q 93 0.07185490341583922
28 s 31 0.09551225138302544
28 t 67 0.03271532848929726
28 v 109 0.039920667462142956
28 w 82 0.023891703613997062
28 z 117 0.0012998150851174506
29 a 36 0.2670613520818742
29 b 38 0.020709246751429045
29 c 40 0.04445904942891665
29 e 34 0.03224442499178315
29 f 22 0.14572898339577844
29 h 102 0.038639054282765595
29 l 55 0.0016070929411214907
29 o 52 0.032616871463255426
29 p 39 0.01747542823788517
29 q 120 0.022183895341079896
29 r 114 0.0661384554295148
29 s 54 0.013945143500285528
29 u 106 0.025351595175985064
29 v 76 0.0888406443838824
29 w 15 0.018478557662147677
29 x 51 0.05388247213411501
29 y 72 0.003366166079910693
29 z 103 0.07308548941935422
30 a 20 0.12508826658853855
30 e 75 0.09186600895375574
30 f 115 0.017164736900082578
30 i 15 0.061775222468668955
30 k 26 0.12453035860032691
30 l 71 0.05405354573419119
30 m 111 0.07205373809887372
30 n 13 0.044075250696923196
30 t 87 0.07719141569648613
30 u 47 0.05072826346693282
30 v 49 0.01924947316876835
30 w 23 0.03460303607519477
30 y 42 0.006221706196064658
30 z 117 0.15701694112166553
31 k 72 0.0642522968369389
31 l 10 0.2811263840404745
31 n 119 0.15446164743166668
31 u 75 0.331384941151487
31 w 68 0.06129128089479419
32 a 87 0.03536615318565495
32 b 40 0.007801855698523097
32 h 23 0.08719465703849394
32 j 96 0.1581547479988562
32 m 47 0.007799854026924624
32 o 123 0.018044113393298367
32 p 118 0.16453627308689178
32 r 54 0.08365352540589321
32 u 94 0.20904321136204562
32 v 86 0.05391323126676817
32 w 112 0.017216107265173974
32 x 14 0.10249070842038277
33 a 8 0.030086994973207548
33 b 58 0.011555365518651328
33 c 44 0.022903499480569578
33 e 40 0.018750281670232627
33 f 93 0.0020290441360052425
33 g 105 0.00654719802701309
33 h 37 0.00258596098625119
33 i 90 0.038277544591102775
33 j 7 0.0011926869984556498
33 k 7 0.06220001455542301
33 l 120 0.07146194945763817
33 m 88 0.044400847173588165
33 n 33 0.047828023758103244
33 o 32 0.07890909196018037
33 p 31 0.22510904093040185
33 q 90 0.006049955044552968
33 r 97 0.016213332196309715
33 s 105 0.004759443173963929
33 t 26 0.006995696721216471
33 u 102 0.07918653026034106
33 v 25 0.0057417838817818145
33 w 26 0.011900690354127774
33 y 12 0.015122018351474753
33 z 25 0.17373911148489185
34 a 48 0.19881616936992597
34 c 24 0.06166804060030173
34 e 5 0.042166873363453594
34 g 43 0.10962155141607488
34 j 74 0.11211711461400897
34 k 36 0.011201619693267939
34 r 83 0.07303027473420598
34 t 114 0.012939939944360268
34 v 7 0.12706900141805422
34 x 45 0.1157632007877597
34 y 16 0.05772004664265917
34 z 126 0.0031439784415638883
35 a 102 0.03312092446223669
35 b 73 0.029606865884920897
35 c 21 0.06659263539137705
35 d 19 0.003832368011983611
35 e 110 0.0381695488620899
35 f 30 0.08616608751794064
35 g 110 0.017519587904705758
35 i 115 0.0178525801114352
35 j 86 0.013924170041925477
35 k 67 0.007068568799612596
35 l 124 0.002733582325674999
35 m 69 0.06993360103117974
35 n 20 0.14696113461936156
35 o 91 0.0022490418532447043
35 q 74 0.0067365325628768735
35 r 62 0.013936422478784127
35 s 66 0.06147573214156066
35 t 34 0.01418663655817698
35 u 122 0.0034853101651642904
35 v 88 0.06547978134773436
35 w 35 0.011750817093222232
35 x 104 0.011528415166921269
35 y 5 0.032396432376051054
35 z 9 0.06001058516109492
36 a 60 0.04282064162679999
36 b 80 0.06278544741434045
36 c 14 0.07204423464488441
36 d 4 0.093678249921337
36 f 35 0.07648681544977898
36 g 100 0.011038634358102928
36 h 4 0.04087998526383274
36 i 118 0.07795100462017324
36 j 71 0.11997221552323833
36 k 60 0.0017816806593028423
36 l 69 0.04467622242653402
36 m 20 0.012801528277813445
36 n 69 0.018546527779844668
36 o 41 0.008891859794187829
36 p 113 0.0013273205160619916
36 q 73 0.01816330272233302
36 s 12 0.05250829630206011
36 t 33 0.06829065733686046
36 u 114 0.059100377645819324
36 w 42 0.023498355386027514
36 x 88 0.04167035288921639
36 y 34 0.014788773568219948
36 z 103 0.010558056930378368
37 a 2 0.09720042294581754
37 b 63 0.012972119194556542
37 c 69 0.019033132006690545
37 d 32 0.04313185117135809
37 e 47 0.0021588040084890014
37 f 43 0.09036493237047538
37 g 20 0.0013427686135936145
37 h 19 0.060451762439416634
37 i 16 0.041195782270641246
37 j 2 0.015907299600821823
37 k 55 0.08769651821853697
37 l 6 0.03924033496118606
37 m 77 0.013019053915641954
37 o 124 0.06313630725301911
37 q 52 0.0067400331796237944
37 r 107 0.08102070514669679
37 s 10 0.07194911440938412
37 t 68 0.043984972109672005
37 u 109 0.0008681925627144205
37 v 74 0.13143023090838268
37 x 67 0.04204621230511296
37 y 96 0.014154671438464272
37 z 94 0.007100829548641996
38 c 43 0.1467876947301766
38 f 27 0.002585849435205123
38 h 80 0.20071144331323454
38 k 119 0.11310672073738404
38 m 82 0.04794644815546667
38 u 99 0.04907808364493882
38 y 28 0.22894951034260003
38 z 66 0.09958836874837673
39 d 102 0.0577919243256928
39 e 21 0.1624878413555566
39 g 47 0.1054680402607453
39 s 34 0.33198713547952186
39 w 113 0.015069125825227458
39 z 82 0.18984866467114192
40 a 23 0.08861518779667654
40 c 90 0.09560892800033538
40 e 112 0.024137563630581393
40 i 124 0.06486489555822939
40 k 2 0.016069749387917276
40 l 51 0.13482168663921756
40 o 110 0.2688628733879028
40 q 39 0.03836470475192888
40 r 57 0.12573021382389882
40 u 69 0.09274186704638487
40 x 88 0.033932232580074384
41 a 110 0.05445705713912963
41 c 104 0.021569768712046078
41 d 40 0.07026548051099046
41 e 120 0.0537097983229361
41 f 100 0.15371630346056053
41 g 105 0.01664740284401167
41 h 60 0.03857858945873538
41 i 87 0.06095713424919036
41 k 17 0.015517599327347753
41 l 110 0.0136803019762477
41 m 108 0.06992890400607588
41 n 64 0.13583238443144996
41 p 115 0.018496659909548963
41 s 125 0.07955081369302663
41 t 92 0.045879883061277105
41 u 17 0.07706494985041057
41 v 90 0.017757169370587356
41 x 3 0.029303001350768132
41 y 95 0.008978734681980849
42 c 72 0.016553054448321558
42 q 61 0.14308698786340812
42 r 17 0.08276948046818688
42 t 11 0.021436828490429938
42 x 96 0.2103382738581353
42 y 58 0.1808414011541567
43 a 70 0.18436478351825003
43 b 105 0.03788004543744761
43 c 54 0.0041482961371187566
43 d 42 0.012163156000605468
43 e 15 0.0035316506362890188
43 f 15 0.04124154022769322
43 g 93 0.12380159827660953
43 h 37 0.003987034745527418
43 i 6 0.013787535018191521
43 j 125 0.01600175445201113
43 k 116 0.05544043161661183
43 l 103 0.06293583589437401
43 m 80 0.03142116915906512
43 n 8 0.0025847542258274903
43 o 109 0.02215380689698576
43 p 92 0.012072426904416012
43 q 96 0.04606191599468945
43 r 97 0.0163364089920377
43 s 103 0.0014418944482915697
43 t 28 0.006105149965574874
43 u 81 0.01767334161577505
43 v 1 0.007493171554877387
43 w 77 0.07627258255928449
43 x 54 0.007673459132919835
43 y 42 0.016042271665437813
43 z 102 0.05948714807683775
44 a 113 0.45291195666166273
44 o 20 0.03197162830300171
45 f 115 0.3737795740659735
45 k 9 0.0220942932007705
45 r 76 0.44007785319628623
46 a 93 0.010290467749369037
46 b 114 0.051470337380122966
46 c 104 0.01804933342343329
46 d 84 0.045263218400395266
46 e 30 0.004639253755684303
46 f 21 0.030795585365324563
46 g 15 0.013097113309668007
46 h 26 0.056870663051541315
46 i 55 0.014623928402210384
46 j 25 0.034238486623087705
46 k 35 0.006574617725015441
46 l 122 0.057637019509526155
46 m 76 0.04355336075535132
46 n 85 0.024344252647347853
46 o 43 0.1467054930235292
46 p 21 0.06434237652228358
46 q 84 0.009559851993069635
46 r 122 0.02647403838170892
46 s 66 0.05466933934084761
46 t 25 0.04175714638852768
46 u 48 0.01295291989518188
46 v 19 0.09972648004173823
46 w 97 0.022293399526074786
46 x 59 0.0028625411855744964
46 y 71 0.047471685152650656
46 z 105 0.006972868185861736
47 b 38 0.0413494923572687
47 e 107 0.04388368105268037
47 h 31 0.2219048740022712
47 k 67 0.10050186436048492
47 l 87 0.06885930025855491
47 o 123 0.04358546488798032
47 p 75 0.2497315976862562
47 r 79 0.029523871892070064
47 t 117 0.0027338004640867775
48 a 75 0.06356173353462136
48 b 125 0.019222461384016398
48 c 37 0.10667481537579693
48 e 57 0.0003818200658729509
48 f 53 0.02107317186850377
48 g 87 0.10007784839231204
48 k 53 0.00140379581167549
48 l 36 0.02504087226920526
48 m 120 0.049302928578049965
48 n 103 0.03704874809061676
48 o 1 0.033246908340567316
48 p 8 0.05077132084181912
48 q 11 0.04557144904561217
48 r 10 0.14724478232127258
48 t 11 0.06881578736898353
48 u 85 0.041213904991146966
48 v 101 0.029738240224568502
48 w 47 0.00313832303597561
48 x 99 0.05013583006057365
48 y 102 0.07507098112480137
49 a 96 0.20856429513190355
49 b 31 0.015322752920181815
49 c 50 0.09663977463035989
49 d 0 0.02912570673412407
49 f 55 0.019801973299498177
49 g 18 0.04764542286029205
49 h 54 0.025548552494223165
49 j 111 0.05419946042974244
49 n 74 0.060922674045196024
49 p 60 0.012727046366729278
49 q 45 0.0034553336113504196
49 s 62 0.062080448464339355
49 t 116 0.014541579226772572
49 x 105 0.004344702270879686
49 y 121 0.0035493952942430296
49 z 44 0.21765781887128965
50 s 81 0.210703205032434
51 a 78 0.03302144263989237
51 b 84 0.08371495461911671
51 e 88 0.055329786433881645
51 h 36 0.031000618875493102
51 j 18 0.21736475801084332
51 k 37 0.13695095286458503
51 l 84 0.08059599372587634
51 m 65 0.06694287524551923
51 n 45 0.003356805791071671
51 r 34 0.06473715212985143
51 t 30 0.06697257249992583
51 w 87 0.0683764291119926
51 x 34 0.021658142306045347
51 z 22 0.03764202350745449
52 a 31 0.023266433521300867
52 b 6 0.07872778226456278
52 c 14 0.003995537473504451
52 d 60 0.005769982518266881
52 e 90 0.040609495780711824
52 f 62 0.036629974031326396
52 g 86 0.029142613712162202
52 i 55 0.056861351683793915
52 j 102 0.04057907964256169
52 k 105 0.011625917706363675
52 l 114 0.03568202930357278
52 m 104 0.04865819754462786
52 n 35 0.06407309408146922
52 o 46 0.04792162294250957
52 p 48 0.135472989046457
52 q 10 0.004779400094737207
52 r 88 0.01977849526371478
52 s 79 0.025910519835033674
52 t 19 0.0600916944647476
52 u 69 0.0060889078159027665
52 v 28 0.10478547457514398
52 w 30 0.010883712005904878
52 y 37 0.10504521064437966
53 c 57 0.26021493883682867
53 e 118 0.05604339278503723
53 f 65 0.06951030219113419
53 g 6 0.014132262600465961
53 h 62 0.07237086276993399
53 i 90 0.11118563561489314
53 k 21 0.059004521197491555
53 m 121 0.031030046494991637
53 n 71 0.024081823080670528
53 v 100 0.08882046377109276
53 x 42 0.1608625963285365
54 c 63 0.11732324959251661
54 d 4 0.14561995374176295
54 g 34 0.08284194505289688
54 h 38 0.03825966469986819
54 k 85 0.015761604527054995
54 l 82 0.016098394266930716
54 m 40 0.0009884238865691675
54 n 50 0.020976869088763284
54 o 25 0.09945950126160341
54 p 72 0.06826938301565477
54 r 40 0.07215459977977412
54 s 57 0.022231129342845657
54 u 24 0.08854213435432079
54 w 71 0.06427621757160695
54 y 36 0.10598459594561338
55 h 44 0.662355682945727
55 t 78 0.3018169636643453
56 c 21 0.0004927258911406884
56 d 103 0.0317436415616662
56 e 22 0.1538310558268483
56 f 3 0.02390660881893636
56 g 56 0.20347305376519997
56 i 89 0.044079384668655575
56 j 33 0.005667794880259258
56 k 68 0.003447014439748486
56 l 30 0.011194775338699503
56 m 91 0.03609850347351029
56 n 121 0.15363093999586996
56 p 12 0.021005800583244527
56 s 125 0.05133610168892744
56 t 79 0.00951597029821405
56 u 41 0.07915446092229528
56 w 34 0.0039918583836801025
56 x 46 0.00210666161271289
56 z 22 0.11386616682222728
57 d 125 0.08810906796586848
57 e 59 0.025699557278285767
57 h 81 0.013656219210414156
57 i 17 0.0701500722212266
57 j 63 0.2680523283838968
57 m 51 0.036806810752887054
57 n 89 0.09366471130434928
57 o 107 0.012189834278986345
57 p 88 0.05168246719875469
57 q 109 0.07229513430273149
57 r 84 0.0899952465370436
57 t 48 0.011113878358837703
57 u 104 0.0065176652420328995
57 v 13 0.06433521287615607
57 x 77 0.007649338041107234
57 y 24 0.012782762336694842
57 z 59 0.04140494419976459
58 a 79 0.0387864833117636
58 b 40 0.02544649690949108
58 d 55 0.02633124631116568
58 e 69 0.12314049962250562
58 h 90 0.03181240049455236
58 i 9 0.08337046726030595
58 j 7 0.00806833823266584
58 m 101 0.04140726804801742
58 n 8 0.04470936547037263
58 q 35 0.008462077392586864
58 s 25 0.07721984416454264
58 t 123 0.01006946066776293
58 u 24 0.17273314723113042
58 x 27 0.22530908584837517
58 z 90 0.06327019410179346
59 b 46 0.035647224787831555
59 e 58 0.08863165221524238
59 g 73 0.03598286953874974
59 h 103 0.002180111929856232
59 i 42 0.10367811161212892
59 k 97 0.049186816407927214
59 l 80 0.0019940774682064566
59 m 115 0.06055161002488618
59 n 4 0.09603913237196482
59 o 46 0.046484815820697745
59 p 65 0.029798235269931306
59 q 100 0.056402782114590266
59 r 56 0.09765612830471337
59 t 86 0.092180800531664
59 x 98 0.1250478034113347
59 y 36 0.0056902626441517334
60 c 40 0.006875245664330731
60 f 98 0.24081742637249137
60 l 73 0.11916283223714363
60 m 114 0.08718958352128703
60 n 10 0.12876877027914435
60 o 37 0.10668107590138787
60 r 58 0.0823101323499158
61 b 82 0.09706199773672497
61 c 7 0.18117292650632133
61 e 17 0.09926234600418626
61 g 45 0.05368753350213107
61 h 13 0.012033920611798865
61 j 92 0.0383945961173201
61 l 97 0.003242247245481056
61 n 2 0.008992064272812184
61 t 45 0.1007390890978409
61 u 24 0.11287763473423429
61 v 11 0.03787039210814436
61 w 76 0.05214761144054847
61 x 39 0.040533193609002094
61 z 3 0.032113332034696906
62 c 119 0.23894251507467323
62 l 25 0.16192901779535596
62 n 64 0.4959355578024731
62 u 13 0.052265392183442394
62 v 95 0.036634003028992335
63 a 97 0.06206141707901458
63 b 76 0.12260458121038542
63 c 1 0.0030169162899738033
63 d 118 0.03234093134015392
63 e 65 0.021790284017623063
63 f 73 0.037668090067546456
63 g 105 0.010214365116450241
63 h 59 0.15046507273397958
63 i 109 0.0230393305768668
63 j 50 0.022862248634989535
63 k 4 0.03640555903046816
63 l 74 0.04233251570447105
63 m 46 0.01750389805051733
63 n 89 0.01463765220909996
63 o 113 0.13729629344171668
63 p 78 0.010033003125217377
63 q 94 0.006839426939750037
63 r 21 0.05572739045842834
63 s 45 0.04188895320996644
63 t 75 0.0013755946995842594
63 u 71 0.01928522775020336
63 v 91 0.011452245840545716
63 w 10 0.00902057225488151
63 x 33 0.06893873021240438
63 y 82 0.0003439497405447467
63 z 119 0.003146124149132179
64 a 3 0.0419502936813545
64 b 70 0.0153434339421753
64 d 107 0.01043449243296568
64 f 3 0.05512330002502297
64 g 4 0.02707628778020288
64 h 63 0.04624507960999391
64 i 126 0.020920553870316994
64 j 15 0.0017556580728610438
64 k 75 0.06331450344939005
64 l 99 0.10828757465052496
64 m 52 0.02137877149320566
64 n 2 0.025951592831635506
64 o 13 0.08466368530731838
64 p 13 0.03222143798419985
64 q 8 0.046817948237632745
64 r 11 0.06533117920283527
64 t 57 0.06265361579423134
64 u 12 0.03282063924603584
64 v 36 0.042303327976773386
64 w 105 0.07154336824436458
64 x 47 0.07191626876381896
64 y 65 0.048340027381162276
65 a 7 0.018859016184044952
65 b 36 0.04259239371859236
65 d 97 0.022998316996543977
65 h 9 0.020445527971558852
65 i 116 0.0402125483430934
65 j 11 0.02321619704401623
65 m 27 0.027484194948412477
65 n 58 0.11211967973161985
65 o 106 0.08995859573020593
65 p 82 0.022992289184953885
65 q 42 0.14450807310089586
65 t 124 0.026131235135663733
65 v 122 0.041128576918872395
65 w 38 0.01103998401993822
65 x 51 0.26836440038430254
66 a 78 0.32737369211779843
66 c 103 0.011902892070831617
66 e 37 0.04384314968744463
66 i 23 0.1724790874700488
66 m 40 0.10025996443935448
66 r 112 0.10966965390801142
66 v 11 0.06062799845389688
67 a 65 0.09496869093034388
67 c 58 0.23384969491704388
67 e 14 0.10276332023588886
67 f 106 0.06074603629391173
67 j 123 0.04612420595726818
67 l 19 0.0625801446260853
67 m 101 0.04176834976293353
67 q 126 0.008860577739638775
67 r 120 0.05806749439949155
67 u 76 0.022263043201929178
67 w 15 0.05826738732546499
67 x 76 0.061816425502182026
67 z 24 0.06734354370428242
69 a 120 0.025358468735991124
69 b 45 0.06043651760886559
69 c 22 0.03645011565802592
69 e 13 0.02367896712355344
69 f 67 0.06710149203465587
69 h 98 0.0616888313830074
69 j 54 0.010844335345648548
69 k 119 0.032186685921521185
69 l 114 0.06233224451044639
69 m 4 0.009531377454617629
69 n 123 0.028768086363276102
69 o 100 0.03634643081854805
69 p 73 0.01945806818714002
69 q 48 0.0157621138286963
69 r 48 0.022981417377066493
69 t 19 0.04799785256663214
69 v 27 0.16865143620472445
69 w 16 0.04063360987336695
69 x 114 0.03376482295755712
69 z 73 0.036276937360810835
70 a 122 0.07819255452838048
70 b 118 0.08176169617453977
70 d 115 0.00727787841550509
70 e 39 0.0068879929051303135
70 f 100 0.0055695133057210855
70 g 114 0.0038410239180367567
70 i 85 0.007598987824952941
70 j 71 0.13489933523962516
70 k 97 0.051095983056994254
70 l 119 0.012748874320051229
70 n 70 0.07700631201753017
70 o 85 0.0005622177588240351
70 p 120 0.0867518525346157
70 q 92 0.005232036897112602
70 r 108 0.008050409641041534
70 u 122 0.07912125824830263
70 v 100 0.1574920082971759
70 w 53 0.08992551799105786
70 x 41 0.06848573392730284
70 y 51 0.01566363569814111
70 z 84 0.016862151006659887
71 a 86 0.030732915969267194
71 b 31 0.05780963856159449
71 c 102 0.020995725739095694
71 d 61 0.039060641143578545
71 e 53 0.07900136333628527
71 f 122 0.0399040989067907
71 g 15 0.02430813624341943
71 h 56 0.010389669946852198
71 i 81 0.004352527688098684
71 j 85 0.013321270004098995
71 l 2 0.059129799869513944
71 m 91 0.08552751751782628
71 o 91 0.07317695190014772
71 r 32 0.04081713633361739
71 s 39 0.020386314529950544
71 t 32 0.10613235113369968
71 u 55 0.05223521888171567
71 v 12 0.00797862360390933
71 w 14 0.04689465687280847
71 x 82 0.04298387022521977
71 y 57 0.05584833214229612
71 z 34 0.03684401424087824
72 b 75 0.01830860274301893
72 d 64 0.12912188940505054
72 e 97 0.024456611783482685
72 j 41 0.026106503804593673
72 r 18 0.12051271345195269
72 s 16 0.3395972682653756
72 y 55 0.21437675416717106
73 a 85 0.2018354301953773
73 b 60 0.06807311652070547
73 c 71 0.007637299911151474
73 d 70 0.07146577537898502
73 e 126 0.06315081356544028
73 g 47 0.10687325309811913
73 h 23 0.011837847739141094
73 j 7 0.04526051010773002
73 k 91 0.1604163908804277
73 l 99 0.04291122500066502
73 m 2 0.010931320709751335
73 n 69 0.07791018921804826
73 p 6 0.01670168857310439
73 q 92 0.012891987770750624
73 v 97 0.007045639558338812
73 x 1 0.011122116215234401
73 y 15 0.00624801433498734
73 z 55 0.05722554536778102
74 b 32 0.1540768428100986
74 c 77 0.03064760654093268
74 e 118 0.07817915730548741
74 f 120 0.007813698147919879
74 g 22 0.037241035126251765
74 h 58 0.02061234352195407
74 i 21 0.09122619013090183
74 j 75 0.05592885176199125
74 k 73 0.0051382713237682065
74 l 118 0.07104061240438608
74 m 77 0.23364386156836636
74 n 4 0.0023960181898651234
74 q 95 0.023598793336360502
74 s 62 0.03615817480712735
74 t 111 0.08978354354757878
74 u 89 0.029288856424479648
74 v 3 0.013053424231230903
74 w 89 0.003448500162649859
74 y 75 0.008881674246226656
74 z 63 0.003742122097856737
75 a 102 0.00610418224416176
75 b 39 0.09678639313803916
75 c 28 0.10083854129843983
75 d 116 0.10949273763389511
75 e 104 0.02719856835996015
75 f 79 0.09667963641495925
75 g 62 0.0424189173572046
75 i 49 0.06291486008763891
75 j 106 0.012353423246851514
75 k 75 0.04780133734154901
75 l 15 0.0041309584702746704
75 m 121 0.014192640464439465
75 n 19 0.07566614869700627
75 o 39 0.014002744152402657
75 p 92 0.03964281246892476
75 q 68 0.017117099833273808
75 r 77 0.0458029119682547
75 s 126 0.012512885579592847
75 t 99 0.021988235167729964
75 u 6 0.012450604771454876
75 v 0 0.01043995433588063
75 w 15 0.0037037759332048115
75 x 81 0.020370071165409676
75 y 98 0.005534572384344183
75 z 67 0.05081827591760968
76 d 57 0.16679629671763097
76 g 8 0.2577908520070421
76 o 46 0.11475707783403633
76 v 124 0.09748617853089947
76 w 15 0.24014389417857218
77 a 108 0.1192352207526024
77 c 23 0.05564916996248215
77 d 9 0.0286123310295735
77 e 46 0.006297469059937777
77 f 121 0.02166421152980691
77 g 60 0.007513348871864833
77 h 76 0.006201284413974939
77 i 59 0.039014207313219584
77 j 51 0.02890426625974074
77 k 82 0.05817015620583499
77 l 57 0.027713450587437682
77 m 7 0.03134383444494604
77 n 53 0.038551868899310726
77 o 86 0.0077500122443625585
77 p 17 0.18784487953275197
77 q 114 0.009694480624536261
77 r 63 0.03359853386329825
77 s 84 0.008384125281827193
77 t 77 0.02108242839556329
77 u 7 0.06109394959921888
77 v 106 0.0426775335447378
77 x 90 0.07804601863134109
77 y 82 0.021578185955725804
77 z 62 0.01186202871795905
78 b 101 0.015022999036753526
78 c 113 0.07595047712784764
78 d 27 0.004594597059055516
78 e 46 0.0045526687119306075
78 f 114 0.04579366114609995
78 g 15 0.049774046457267795
78 h 88 0.022763682400745333
78 i 103 0.003842719322095456
78 k 19 0.1472434814732022
78 l 74 0.03615874178438483
78 n 123 0.041527427131839545
78 o 19 0.165767370657546
78 p 8 0.08563706848065988
78 q 72 0.04193864332118702
78 s 99 0.0018756324374158417
78 t 118 0.0018437867053806567
78 u 115 0.019183340859078246
78 v 115 0.02577734371732121
78 w 14 0.014276915692906234
78 x 1 0.01878371008632196
78 z 24 0.0584602264157702
79 a 99 0.031123505643596783
79 b 57 0.16189929746656606
79 f 119 0.016977265698829624
79 l 0 0.0156626112754088
79 m 1 0.07394062791207057
79 o 58 0.03685428173892469
79 p 120 0.06994259597669328
79 r 0 0.09910535793735376
79 s 106 0.12311936500070797
79 u 125 0.02262045961437631
79 v 80 0.1523022692038537
79 w 66 0.07938414830785645
79 y 121 0.08375656403464338
79 z 121 0.01799268629036266
80 i 72 0.2624621671503091
80 w 64 0.08919652038266779
81 a 61 0.0733780494533417
81 b 33 0.068438895114603
81 c 83 0.07210120599613279
81 d 9 0.01353617375335936
81 e 77 0.0625384208216816
81 f 69 0.08285336767275187
81 g 80 0.008313649588888472
81 i 96 0.020970564068841346
81 j 17 0.03749162872952516
81 k 125 0.010701587942928414
81 m 76 0.03738999175829549
81 n 6 0.02782219091876359
81 p 104 0.019182680905072802
81 q 21 0.03028480216415841
81 r 121 0.049866251683512774
81 s 64 0.019332679048412182
81 t 93 0.006956624852273885
81 u 21 0.22223141337906316
81 v 97 0.014395426755946072
81 w 57 0.04580334025446864
81 x 8 0.047878294455685366
81 z 69 0.018731491399503586
82 a 90 0.06814595470308416
82 b 16 0.05152538061317624
82 c 16 0.0069811361889265955
82 d 35 0.05688530623475785
82 e 18 0.018536802956776066
82 f 33 0.02917609597245585
82 g 71 0.012346072833586796
82 h 75 0.041267508464679525
82 i 43 0.00012642757350234124
82 j 64 0.002875609376504662
82 l 13 0.010406017571329085
82 m 2 0.0019392456697339133
82 n 70 0.0023283696650927554
82 o 54 0.0286748976997232
82 p 47 0.01749043136973427
82 q 59 0.04216571817639547
82 r 82 0.22631219228856803
82 s 85 0.001598571348374822
82 t 69 0.04397329920520199
82 u 94 0.0565261563140792
82 v 21 0.03453170501284486
82 w 125 0.06445235677744854
82 x 95 0.0037707122879704347
82 y 49 0.10884334846736698
82 z 21 0.04173353448790684
83 a 69 0.07110493624351255
83 d 55 0.022346838091979238
83 f 35 0.08924363742959196
83 h 27 0.006124977041521817
83 i 117 0.1068445468242456
83 j 52 0.006262715097221094
83 k 58 0.016668921786993862
83 o 113 0.06144603237069912
83 r 118 0.04328871971235315
83 u 6 0.21797621506241804
83 v 119 0.06489790751428426
83 z 86 0.1405343899791629
84 j 90 0.06609156485879109
84 k 33 0.0005083863387955745
84 o 77 0.32189351528454857
84 t 122 0.6026078219101326
85 a 114 0.00019911506836012283
85 b 82 0.08255901452333814
85 d 57 0.07562966499432022
85 e 75 0.15042399077741675
85 g 68 0.08016835832298741
85 h 113 0.006651139076767509
85 i 47 0.06930358663426561
85 j 71 0.043687610014397915
85 k 51 0.03197556921770417
85 m 122 0.006145863340074165
85 n 38 0.06981499594873863
85 o 75 0.07915078445081347
85 q 9 0.05991278295907476
85 r 11 0.09106041012648758
85 s 23 0.005268779332173734
85 t 100 0.0026106885253226464
85 u 105 0.04506574802385199
85 v 103 0.009458387801546397
85 w 107 0.05056689254819802
85 x 93 0.021508087221901118
86 b 98 0.052350241047438684
86 c 86 0.014896895155296241
86 d 35 0.09987601391414935
86 e 89 0.026122470956989607
86 f 70 0.0014655441466391306
86 g 77 0.01566454298486064
86 h 56 0.020076384167986516
86 i 8 0.011143841582641922
86 j 115 0.04474275060869859
86 k 126 0.027586151182277474
86 l 12 0.10578674398410381
86 n 95 0.0007750080319507413
86 p 110 0.0197031839044568
86 q 43 0.026333336336205493
86 s 81 0.001990886553622895
86 t 125 0.0692198173257671
86 v 3 0.13586341611664643
86 w 76 0.05329933905119322
86 x 106 0.1317624182897542
86 y 54 0.010489983586324358
86 z 125 0.037298034684528414
87 a 59 0.00444408577357891
87 b 118 0.0380700153261303
87 c 48 0.004684441612988199
87 d 24 0.05945437479575344
87 e 91 0.12697971939097918
87 f 108 0.06690938923684198
87 g 20 0.06961412345302409
87 h 121 0.04433376150511248
87 i 95 0.0014180974770934274
87 j 23 0.005355534231917702
87 l 106 0.004775358126346885
87 m 90 0.007758556810364969
87 n 97 0.005425914304894808
87 o 45 0.009333968819598026
87 p 73 0.034271903496896794
87 q 103 0.03957512189693424
87 r 80 0.026961792576498222
87 s 4 0.12416486720751396
87 t 81 0.08475341241546552
87 u 80 0.05401019460436307
87 v 60 0.047193827754624884
87 w 29 0.061861409966426306
87 x 22 0.026783969084795856
87 y 81 0.004383250367305025
87 z 126 0.005485823431033876
88 a 108 0.14684828654614324
88 b 115 0.014944834578255017
88 c 16 0.015013379148257733
88 d 46 0.12366387797292477
88 e 18 0.06965131918523759
88 f 84 0.0008155786407960663
88 g 88 0.005409154514568915
88 h 108 0.013587245895381295
88 i 32 0.061772176980532056
88 k 68 0.04533334458915683
88 l 75 0.016867454917067426
88 m 32 0.11432919103252193
88 n 118 0.0013228417847783724
88 o 68 0.06281532477541507
88 q 7 0.08196381187153745
88 t 92 0.08584085515233797
88 v 24 0.08250589532585562
88 w 35 0.033347507682346955
88 z 35 0.0041020116532943796
89 a 41 0.015983729875061692
89 b 48 0.07214926719181625
89 c 125 0.01295271293632827
89 d 104 0.11446138416096219
89 e 28 0.026515525590891098
89 f 18 0.0018512190756302394
89 g 27 0.017323680153382925
89 i 119 0.05363415949484507
89 j 36 0.05326641608350968
89 k 117 0.14584437027360542
89 l 107 0.014292968340556822
89 n 77 0.026911448664164173
89 o 66 0.0008760435541002032
89 p 1 0.04504442854263502
89 q 93 0.06541993614563923
89 r 100 0.03583201432052896
89 s 50 0.10017639536364809
89 t 30 0.007222229647001699
89 u 58 0.0034289797359047247
89 v 126 0.09170706065671042
89 w 111 0.01310165901637339
89 x 119 0.04150678619948556
89 y 63 0.0027742236304429957
89 z 92 0.007972005601004417
90 e 81 0.0843518100510906
90 f 121 0.010486730828104918
90 h 16 0.12567172949715077
90 u 70 0.25274099489432345
90 v 41 0.3678983966597269
90 x 62 0.07004963180699497
90 y 84 0.026232515225331654
91 a 51 0.02688922391484061
91 b 6 0.1211276004100671
91 h 84 0.18611542595308805
91 i 38 0.064728175168137
91 j 2 0.046833899029314674
91 m 18 0.03879307068149729
91 n 102 0.02238267221123935
91 s 40 0.03714340363438762
91 t 0 0.003510252209054987
91 u 124 0.0353000350871272
91 v 38 0.01826989673256596
91 w 117 0.09190400991325165
91 y 82 0.05679225257776366
92 m 36 0.28874631828099895
92 x 22 0.508207705633624
93 a 56 0.05812433678855389
93 b 106 0.14605298880397122
93 c 55 0.03910228281928263
93 d 101 0.036540890313795704
93 g 10 0.0019162301734874099
93 i 66 0.018374104778592804
93 j 105 0.02021081907552491
93 k 51 0.09326744428279354
93 q 63 0.016900825102274863
93 r 106 0.06663356611611448
93 s 86 0.13310761182010855
93 t 97 0.18369431415132553
93 u 123 0.002680564138733632
93 v 94 0.031907402763213244
93 x 123 0.13662958619411358
93 y 12 0.006822380256062965
94 a 96 0.023070129184613153
94 b 103 0.1717490061263477
94 c 38 0.00888109001927484
94 d 45 0.04888115997703024
94 e 82 0.02480525499673525
94 f 119 0.014565288278466815
94 g 11 0.0006912297907868403
94 h 42 0.006538549193233489
94 i 69 0.2868850423640892
94 j 103 0.011174312003278897
94 k 71 0.017944553271109442
94 m 94 0.006080271691025985
94 n 13 0.04711523493104863
94 o 86 0.009788319327545425
94 p 15 0.03206724587824328
94 q 60 0.05382893956360879
94 r 57 0.006135932974646763
94 s 8 0.01799934992273544
94 t 90 0.003486939178433235
94 u 30 0.012318097662995076
94 v 16 0.07718796645314607
94 w 48 0.014178575785682934
94 x 118 0.011184114144260127
94 y 47 0.044436310556161596
94 z 81 0.009404777557496913
95 a 23 0.00892033404040038
95 b 58 0.0008939812789767743
95 c 69 0.1132241131821945
95 d 124 0.0009439000238834483
95 e 41 0.05103713193689463
95 f 121 0.11889676877318811
95 g 78 0.02053903423093717
95 h 25 0.003257688342057641
95 i 34 0.07134853194298729
95 j 115 0.009237620374958233
95 k 32 0.047509918610557755
95 l 48 0.06987892947263097
95 m 19 0.07658494920707437
95 n 52 0.00904742019108895
95 o 109 0.024497560952757236
95 p 30 0.006945263174278016
95 q 106 0.04211032916360846
95 r 10 0.0073425029505023165
95 s 26 0.08763535908116149
95 t 122 0.021759522820886
95 u 81 0.0064861955503486834
95 v 75 0.03551072003281852
95 w 84 0.013145031140917585
95 x 88 0.0594699939568093
95 y 67 0.08795534551767115
97 o 58 0.15924273046862736
97 q 1 0.036180009792187606
97 r 57 0.1995679640019351
97 s 46 0.1750363966967764
97 u 50 0.28186117522021903
97 y 75 0.14152147497808099
98 a 19 0.011460171940754549
98 b 106 0.032466590558788866
98 c 60 0.02759546569540927
98 d 94 0.015220840203687969
98 e 46 0.020290836484946118
98 f 92 0.029666356972859353
98 g 126 0.10884790222345975
98 h 123 0.07362998960316736
98 k 91 0.04249099626910169
98 m 33 0.013878393884951379
98 n 125 0.0027142767849061
98 p 41 0.2171766128442475
98 q 125 0.07282891796311708
98 r 42 0.019346829613232086
98 s 91 0.06965548598465199
98 t 67 0.06465117247781227
98 v 126 0.04646552129798265
98 w 77 0.03159740582099391
98 x 90 0.06778258097506262
99 a 114 0.02628710443478277
99 c 18 0.013313316057501967
99 e 77 0.0450958281359074
99 f 68 0.006313687074543495
99 g 42 0.038896037031798336
99 k 86 0.014742297220590617
99 o 115 0.08604609151729181
99 p 112 0.03175900454504499
99 q 113 0.057942186263623685
99 r 108 0.04313502081557885
99 s 85 0.04095604482908921
99 t 20 0.12957423515705468
99 w 18 0.03787359544536317
99 x 104 0.0041794716251999375
100 a 111 0.12765691535983614
100 k 107 0.39478493968016126
100 s 116 0.3935967736245135
101 j 125 0.2297134669267027
102 e 104 0.07922279933639842
103 o 1 0.25218202781557164
103 w 103 0.06936773539295438
103 z 101 0.033424565376542925
104 e 62 0.12254803444321427
104 f 42 0.21783463396290292
104 o 83 0.03770558985746386
104 p 72 0.09266623753730185
104 q 121 0.46916717489557735
105 c 88 0.10863876128221728
105 e 56 0.07871968183762856
105 g 53 0.08714041581387266
105 h 1 0.04756246022189292
105 i 69 0.02434911269565554
105 l 75 0.0430200230083192
105 n 86 0.05145157481747009
105 p 71 0.06000992541136785
105 q 68 0.19163888891921432
105 s 118 0.08297227219922565
105 v 7 0.005997361891000863
105 z 83 0.09024818561081449
106 a 64 0.5385165179967629
107 a 119 0.2563283031370054
107 b 41 0.011393771447355094
107 c 66 0.062112273205687574
107 e 109 0.15098175927612034
107 g 96 0.00043752839247679365
107 h 118 0.021533801100606764
107 j 86 0.0007950124813704829
107 k 2 0.1301402620828015
107 m 36 0.005269165560706446
107 o 85 0.0212349436126279
107 p 103 0.03676590690482984
107 q 66 0.02529714471501554
107 s 70 0.0693037996328496
107 u 28 0.0842600923532213
107 v 116 0.04227861429770041
108 a 42 0.06945304984226042
108 b 75 0.10060970332544072
108 c 3 0.04058134799799862
108 d 116 0.08866871488554595
108 f 67 0.05977165898347003
108 h 13 0.036341379560266396
108 i 61 0.11786982004200142
108 j 116 0.17256011118257808
108 l 41 0.0052349932948085875
108 m 85 0.03686380363573061
108 n 114 0.05584625252289466
108 o 115 0.0009264853358249558
108 r 47 0.013261065667406813
108 t 75 0.09118005668087104
108 u 0 0.04076561544720392
108 v 52 0.0049960901513019795
108 w 72 0.0015773881392220357
108 x 45 0.0010885017917002804
108 y 96 0.025651099412350553
108 z 65 0.020299343009982262
109 w 2 0.6090464943313207
109 x 33 0.21330357762931929
110 a 91 0.09731362926915532
110 b 91 0.11971007533909184
110 c 86 0.003912119290809368
110 d 2 0.1314650418529878
110 e 35 0.07303822529513915
110 h 1 0.018151585756546185
110 i 46 0.1087029924552092
110 j 29 0.01737666787158998
110 k 62 0.0252125645610205
110 m 76 0.020618766699803226
110 n 85 0.15459973021755258
110 o 6 0.05913848828203083
110 r 58 0.005093368767194351
110 t 40 0.026995551470625934
110 x 120 0.007708558440024049
111 a 29 0.2052725041082576
111 c 66 0.03421464629797044
111 d 87 0.03629269668794122
111 f 74 0.02432702388221153
111 g 109 0.08409196496822391
111 l 71 0.2506088530588987
111 o 39 0.1209287734958201
111 p 54 0.03703416043208163
111 s 78 0.030435334388518864
111 t 85 0.015131547811591872
111 v 89 0.07923063112945505
111 w 115 0.033024328618261656
112 b 1 0.002151152299513792
112 d 36 0.07286159711710749
112 f 125 0.2229006171235075
112 j 31 0.12012362765231366
112 m 17 0.21079059035084313
112 o 74 0.08537570254912785
112 q 5 0.06037894764796048
112 r 0 0.003131950582765608
112 s 40 0.08283290226269202
112 t 121 0.04547234631373509
112 w 19 0.025858365420280527
113 a 101 0.0030693913144430596
113 b 98 0.04174972208396199
113 c 71 0.029438663832307865
113 d 60 0.020961673696378025
113 e 25 0.08846027678358026
113 f 58 0.009448176289698074
113 g 105 0.07040307334130247
113 h 104 0.02354861297269273
113 i 121 0.2215334081914755
113 j 100 0.004313072785526617
113 k 8 0.014335888390326956
113 l 67 0.06862419459764912
113 n 89 0.03547797489675508
113 o 92 0.011169488457295484
113 p 106 0.019413489666274653
113 q 19 0.04520826753682328
113 r 97 0.043772706552007934
113 s 83 0.05123114273828555
113 t 86 0.020154851349909686
113 u 48 0.007408226148987618
113 v 70 0.02680420409232942
113 w 38 0.06319352580893045
113 x 98 0.02079957471538285
113 y 3 0.05151494673924828
114 h 14 0.33338953967897944
114 r 115 0.221444376731617
115 d 83 0.17645938231485936
115 f 107 0.011886610582212187
115 n 123 0.04017016243951266
115 p 91 0.25429022358047926
115 q 116 0.08041894925926463
115 u 59 0.0452779166202113
115 v 98 0.08238707098923848
115 x 79 0.17096281993693774
115 y 18 0.02254771567654046
116 l 75 0.032075807722894645
116 n 81 0.11760367910337521
116 o 14 0.04549592867079588
116 s 120 0.16463219393737039
116 v 83 0.06245218868156566
116 w 23 0.038015906124598264
117 a 97 0.02953378523057537
117 b 29 0.007764921939789171
117 c 23 0.100036969187839
117 d 8 0.011031616077990858
117 e 124 0.00858314987085651
117 f 57 0.04634084186416043
117 g 25 0.02193520254899617
117 h 89 0.02577445634310327
117 i 39 0.026713816867275808
117 j 71 0.11798328256677071
117 k 31 0.027742860450964968
117 l 2 0.007949247733177622
117 m 15 0.06906051305258398
117 n 81 0.027363724439787074
117 o 73 0.058157442164848194
117 p 68 0.059735116771825525
117 q 109 0.001482599699956233
117 r 89 0.010143211099267746
117 s 80 0.025237146018342704
117 t 58 0.04376751494786235
117 u 98 0.0039014794699633315
117 v 51 0.0350155958621885
117 w 103 0.04573774661879759
117 x 63 0.05360260204350831
117 y 55 0.11229861073860703
118 p 35 0.17567746000804652
118 w 20 0.3256036471079492
120 a 48 0.012556523079274129
120 b 16 0.05013800510130895
120 e 106 0.0608462456262866
120 f 123 0.009425424744804012
120 g 56 0.0052850633713098505
120 h 5 0.045830359521254915
120 i 87 0.05968346541670466
120 j 11 0.022899937897055134
120 k 85 0.08313902132126894
120 m 53 0.06326788011505458
120 o 91 0.35653965936023524
120 q 31 0.002194093461406532
120 s 44 0.08716797918779684
120 v 126 0.027306449466504845
120 x 103 0.1019320686688695
120 y 121 0.0064128794319535665
122 a 94 0.2184584412631062
122 d 117 0.0413619808936484
122 g 67 0.01930614902358274
122 h 57 0.0051856601970040606
122 i 23 0.17966867928825092
122 j 75 0.00480803023543841
122 m 7 0.02976076166152042
122 o 10 0.10557591253131293
122 q 54 0.04759342382822784
122 r 32 0.00607065549210184
122 s 83 0.15269488805890663
122 u 21 0.07119785031430492
122 v 1 0.008592781463131693
122 x 44 0.013944568294470328
122 y 54 0.062904129039692
123 a 87 0.07245173857538978
123 c 105 0.2127252149826957
123 h 6 0.07134613831929437
123 i 118 0.02974926677600298
123 j 28 0.26410183274970445
123 l 65 0.2027972756007933
123 n 24 0.07181873882867762
123 r 106 0.03683719844436961
123 s 77 0.03058704788804445
124 a 93 0.05506991871078859
124 e 123 0.005522264473106775
124 f 42 0.04859136248689988
124 g 100 0.04082406220845791
124 h 122 0.045320963816793625
124 i 76 0.09835001612665373
124 j 41 0.04944734653561289
124 k 26 0.03379053096798501
124 l 112 0.011188935198453653
124 m 13 0.0316982591647228
124 n 58 0.028626488117701965
124 p 74 0.007075041388829084
124 q 112 0.04261268855132694
124 s 29 0.07323815109242204
124 t 92 0.0028331308279661016
124 u 64 0.013820091273552548
124 v 82 0.1480175487440638
124 w 11 0.10201587906290122
124 x 24 0.0074264549463198826
124 y 93 0.010318607976034788
124 z 115 0.0998363116630544
125 c 8 0.014931418107393513
125 d 40 0.04948202112837441
125 f 27 0.06834521850457786
125 g 73 0.058609233180357934
125 h 0 0.026067225333465505
125 i 13 0.012111800271432216
125 j 112 0.031370155181253745
125 k 20 0.04540189446525522
125 l 43 0.06552847062249456
125 n 67 0.05259009928137659
125 o 23 0.016662116053284715
125 q 113 0.037536313422534384
125 r 89 0.035759473589836666
125 s 97 0.006447769550865234
125 t 17 8.828089063506184e-05
125 u 56 0.03762652325080629
125 v 12 0.03524056574640522
125 w 52 0.10853002995095251
125 x 10 0.07620294167628339
125 y 93 0.07583510452329334
125 z 83 0.04597382376970849
126 b 15 0.4276141068138931
126 l 8 0.2988975680328263
126 o 97 0.14442955409347236
