114 26 1399
0 1.0
0 0.29624833653550053
0 0.11370675389243967
0 0.009307020255277854
0 0.0346182328996647
0 0.039325967937396844
0 0.0007240838958955109
0 0.20872534860308845
0 0.03274261521736155
0 0.024334924377141354
1 0.009303425008553301
0 0.00506817646110691
0 0.039131392021493516
0 0.1302276015616023
0 0.1308472966453179
0 0.12686916420961958
0 0.238995255856861
0 1.0
0 0.0953832523465592
0 0.007155322992824731
0 0.024464401837667515
0 0.02581689592250691
0 0.010579462899520609
0 0.028912565216300035
0 0.005099465928319558
0 0.8088586379173902
0 1.0
0 0.01581832113883963
0 0.059678623280797094
0 0.0226719904416387
0 0.019097746580749364
0 0.0044494165823308895
0 0.018154558880972615
0 0.24334351074885308
0 0.007116839379565754
0 0.14437062709666315
0 0.09963437077623183
0 0.02162093308766544
0 1.0
0 0.04297934322577057
0 0.005102881882969701
0 0.08246310394512768
0 0.31759466203497977
0 0.02584919824659493
0 0.9518466602593113
0 0.21751265604456638
0 0.043154268494800196
0 0.1404570030739728
0 0.011669625111369264
0 0.009079179740306698
0 0.1305512998394498
0 0.048538159772310574
0 0.19153288704753701
0 0.09169882412200103
0 0.0043151039111545275
0 0.11992803976682953
0 0.0002629510665876911
0 0.9930420242952926
0 0.14091427631398423
0 0.027804226220372597
0 0.16494730669127056
0 0.10602028508016159
0 0.06323966305002138
0 0.09551522085068265
0 0.014669941977242473
0 0.04704332856114635
0 0.05639938686119417
0 0.18448992418355237
0 0.9213079781423429
0 0.02296149090358468
0 0.010849595917393318
0 0.272599921437651
0 0.028218548298419965
0 0.00324305311819284
0 0.0497560684975743
0 0.153691319908707
0 0.014400909942537177
0 0.18306045849546115
0 0.04010670010255646
0 0.00931297279303911
0 0.15939132956827495
0 0.025028871434774058
0 0.03430759504919667
0 0.004796739351334178
0 0.07628375532192788
0 0.0770177844158797
0 0.05727157264676819
0 0.038296630528262376
0 0.21493402966357356
0 0.3207882534836345
0 0.5035212009465596
0 0.4018962660189457
0 0.05029657718449454
0 0.2322089182281839
0 0.19799020104966047
0 0.00825031880040017
0 0.04040040981447024
0 0.34802582085057265
0 0.029127118500800075
0 0.029702760832920005
0 0.029547388625695725
0 0.016376410721890222
0 0.019108236362013087
0 0.010000283358684192
0 0.49828859475039955
0 0.5246477900001882
0 0.05522799898416153
0 0.0017424656165482277
0 0.07294950445721848
0 0.431601323843977
0 0.02608214949790222
0 0.10384432065500349
0 0.023467532175046046
0 0.14558120169252386
1 f 3 0.0288211751859756
1 o 51 0.08142832695063518
1 p 44 0.009740070313761562
1 q 25 0.22996645749314104
1 x 94 0.06212900909514196
1 y 82 0.2916666244258441
2 b 79 0.015172291555160422
2 d 25 0.019166905452120298
2 f 111 0.03787137287395914
2 j 67 0.07904408952049591
2 l 12 0.08734807696021707
2 o 110 0.002330327573545121
2 q 89 0.00328664848792104
2 r 104 0.12755836164600398
2 s 32 0.23188441475664734
2 u 45 0.04088164566684549
2 v 9 0.055331115788228025
2 x 18 0.1864179958264165
3 b 110 0.00964889204543129
3 d 64 0.013719881457348038
3 e 53 0.1023759916950896
3 h 35 0.1176016135243868
3 i 94 0.18411319353293232
3 j 57 0.033542894229858455
3 k 68 0.031628356404162394
3 l 69 0.009352532452564732
3 m 21 0.01641526353405587
3 n 112 0.02764388041320731
3 o 18 0.0978670397927901
3 p 2 0.024714812779841777
3 r 65 0.08881417650943657
3 u 78 0.019862974123570964
3 v 93 0.05753027187588944
3 x 35 0.07421612987562787
3 y 98 0.023321893978842434
3 z 101 0.058323181519686185
4 b 68 0.0001246183030924053
4 c 33 0.06976240901195785
4 d 15 0.03185874630829966
4 e 59 0.002754940191701194
4 f 35 0.05705859001101554
4 g 53 0.02763615165476474
4 i 84 0.07260932302261403
4 k 43 0.0043808107846853295
4 n 67 0.13628640582603324
4 o 92 0.056272191311115605
4 p 100 0.06751055486804591
4 q 10 0.039636195662217544
4 r 67 0.06932757372993881
4 t 112 0.13533300252037483
4 u 70 0.04653967259724612
4 w 54 0.04216968727739401
4 x 50 0.05398592717947115
4 y 28 0.04718261370191079
4 z 40 0.0049523531384565445
5 a 58 0.04679045035880225
5 b 39 0.036899260108304244
5 c 20 0.0334361169875923
5 d 45 0.10372613179108658
5 e 1 0.17610025673080132
5 f 44 0.0388288973900377
5 h 36 0.014607490954998359
5 i 16 0.02290939656214719
5 j 112 0.04766503532023503
5 k 42 0.006799055190710446
5 l 75 0.10400948765606488
5 n 23 0.03344400465079833
5 o 25 0.027181817035301092
5 p 98 0.08136878306476181
5 q 57 0.01118941783909344
5 r 103 0.0049265487149989795
5 s 69 0.009540963782255107
5 t 78 0.06595025393882703
5 u 74 0.010430973243919062
5 w 22 0.017181246435324593
5 x 9 0.016815007602391296
5 y 15 0.02238140719158377
5 z 35 0.02849202951256835
6 b 59 0.008598019640985277
6 d 9 0.05459957408234617
6 e 94 0.05171184212473745
6 f 15 0.05341862074171466
6 g 86 0.013775547110709274
6 h 95 0.06136444818914155
6 i 13 0.023632658203935897
6 j 4 0.054283645612255293
6 k 25 0.15848570147608176
6 l 36 0.014208523531738848
6 m 86 0.0008151787862629156
6 n 52 0.01291222649957402
6 o 29 0.00820754989215211
6 p 92 0.02019409901165914
6 r 105 0.011486340517421811
6 s 9 0.07666503407865966
6 t 54 0.004599016330680827
6 u 5 0.016555188420308897
6 v 31 0.05271366473845118
6 w 79 0.012185405476403566
6 x 70 0.027259074665423544
6 y 107 0.0016124719764692985
6 z 109 0.25999208499699134
7 d 65 0.10659535377976737
7 m 28 0.6846792976171442
8 a 92 0.08133977570046547
8 b 53 0.07583574680467486
8 c 84 0.013794301804428866
8 d 50 0.010518146320244837
8 f 82 0.010692816281588247
8 g 5 0.01325673675134742
8 h 57 0.01604091212303216
8 i 13 0.06799995370002443
8 j 112 0.0047496392837812484
8 k 14 0.07348818003829105
8 l 90 0.12080658484213569
8 o 25 0.10586592169032549
8 p 33 0.056453948624910044
8 q 99 0.13049072293467467
8 r 71 0.03625018753249387
8 s 38 0.06226133997534422
8 t 77 0.010661642452233111
8 u 56 0.07275477203441416
8 w 84 0.0008099614510113096
8 z 29 0.0031860944372172906
9 b 50 0.08362402141399894
9 i 6 0.15914294546548102
9 o 10 0.14942552080709326
9 s 17 0.1392837116076795
9 w 61 0.38645463307776384
9 z 96 0.05773424325084209
10 a 16 0.008404264983840948
10 b 62 0.10096762004718252
10 e 51 0.03067237978869819
10 f 109 0.019036492524328263
10 h 68 0.07855263910869015
10 i 97 0.0167670714433078
10 j 104 0.10354386794779968
10 l 26 0.12100369330070826
10 r 18 0.274505853654448
10 t 112 0.010533764422392178
10 u 45 0.087628512537275
10 w 46 0.11037547112350665
10 x 83 0.02870494410926905
11 b 16 0.06257858265268657
11 c 65 0.07896714878361744
11 d 96 0.05941780444868472
11 g 30 0.12953234288023419
11 i 23 0.05291678217468043
11 j 64 0.01445518996824624
11 k 63 0.04506676868809256
11 l 82 0.05149199289613926
11 o 107 0.01252070104016123
11 r 11 0.038323914199556386
11 s 78 0.0014999838325934212
11 v 92 0.011751703487588916
11 x 78 0.09353717135011042
11 z 48 0.3428717371365013
12 c 16 0.5598546168486135
12 i 54 0.3279308216715554
12 n 20 0.004015883450070534
12 z 99 0.06906728600826706
13 b 24 0.17679236320792313
13 c 26 0.06504185911417726
13 e 87 0.22322570413040255
13 h 25 0.06271678793875868
13 j 93 0.012691179418841125
13 k 37 0.09666184437519343
13 q 107 0.1403945402771073
13 s 46 0.01533467839029301
13 v 70 0.02905437971743552
13 x 110 0.04785906186826572
14 d 58 0.029928958606901812
14 k 81 0.31514076673484126
14 m 68 0.13535312743885197
14 v 92 0.3054602734038624
14 y 48 0.08326957717022465
15 a 98 0.0262982470029427
15 b 106 0.07606921971298253
15 c 33 0.00598250621371299
15 e 18 0.1497939483121894
15 f 66 0.008379077116944189
15 h 30 0.07962259276244033
15 i 77 0.028637221075489272
15 o 44 0.004802279662950104
15 p 6 0.031968823785593625
15 q 16 0.009173257116726119
15 r 61 0.09282160218533331
15 s 66 0.052040728155966165
15 t 4 0.092002025735888
15 v 26 0.11038273652550012
15 z 20 0.10515657042572157
16 c 31 0.06909887744828447
16 e 4 0.10228820402926675
16 k 111 0.3001047326662416
16 p 59 0.23704892534314215
16 q 22 0.052464004656204044
18 a 51 0.08208518930745468
18 b 109 0.059579199218684153
18 c 110 0.02574025888605591
18 d 85 0.03430498482425426
18 e 11 0.010573087789574886
18 f 27 0.05540271482106274
18 g 26 0.035510887854781625
18 h 31 0.08698825915959696
18 j 24 0.049705142248767986
18 k 54 0.09241379949856454
18 l 89 0.0264389218462997
18 m 87 0.09050905310311808
18 n 113 0.037284972038678865
18 p 66 0.06185769238908578
18 q 89 0.02017461257563058
18 r 93 0.07189490895249062
18 t 10 0.013873980925967477
18 v 93 0.05027908221337196
19 a 37 0.007490773407499374
19 b 78 0.03740746120565308
19 c 44 0.06526940382484892
19 d 54 0.09394081390056985
19 e 22 0.004314405974298885
19 f 3 0.02303709055434844
19 g 47 0.008191865709122892
19 h 91 0.008820482612045044
19 i 10 0.002458062152018048
19 j 108 0.0034624722784541984
19 k 102 0.013407820990921415
19 l 15 0.013084856381907928
19 m 21 0.031582636360558025
19 n 66 0.012299707686665995
19 o 113 0.03578462046915565
19 p 39 0.0051841839625995645
19 q 69 0.1066749072765284
19 r 78 0.0027224542477439773
19 s 19 0.01569320136185748
19 t 20 0.05577615876488473
19 u 108 0.1969658423263061
19 v 48 0.17763770464652362
19 w 77 0.03520086413023793
19 x 84 0.005802101786244851
19 y 12 0.004830800099273058
19 z 78 0.025803984896907828
20 a 35 0.005326471054361459
20 b 100 0.03294203606767221
20 c 75 0.093393323189777
20 e 34 0.0807169760999964
20 g 38 0.08658177996757699
20 h 25 0.11955189488192242
20 i 94 0.025298195760658615
20 j 102 0.11224078666252701
20 m 51 0.034014184909659906
20 o 1 0.016954562160452658
20 p 32 0.0948701841866667
20 s 90 0.03887501492095535
20 t 101 0.05319099927576387
20 v 46 0.04812611602718475
20 x 105 0.10725831788699647
20 y 64 0.006962959667395463
20 z 89 0.01923179544276521
21 a 76 0.0067264084679670155
21 b 34 0.057720564664974994
21 c 41 0.032451297294192605
21 d 60 0.10455087041038347
21 e 71 0.014559758394788846
21 f 90 0.06718850694096568
21 g 10 0.05468267803529292
21 h 14 0.07206676560944114
21 j 91 0.04688520865726664
21 k 113 0.013633398145471709
21 m 32 0.026158786872590656
21 o 20 0.0005803696062776087
21 p 25 0.014435157935054121
21 q 68 0.030263353525319614
21 s 92 0.1086004769565363
21 t 98 0.11703639350150119
21 u 94 0.17853967439941676
21 v 4 0.026743407328650326
21 y 75 0.0013600273314015032
22 c 53 0.017182939012206577
22 f 45 0.21980969200938394
22 g 59 0.2626054790475074
22 l 11 0.02650630561249201
22 p 80 0.010093920168001258
22 t 87 0.13900336946569614
22 w 63 0.17743616160307496
22 y 23 0.1367826701821171
23 d 91 0.02441338610442023
23 f 70 0.012481687012223963
23 h 56 0.03729855684868155
23 i 31 0.03784133681999857
23 j 76 0.15551426008944347
23 l 76 0.0721317678244
23 m 107 0.042879914755923565
23 n 76 0.21403983028022333
23 q 104 0.0212587296962774
23 t 0 0.22257353623740372
23 v 21 0.03929794457490121
23 w 63 0.0408782185208848
23 x 104 0.008812722803896222
23 y 49 0.041665543215021916
24 a 30 0.10097782635166563
24 b 52 0.057151383569520986
24 c 104 0.14585537707397866
24 d 67 0.05658487584485605
24 e 85 0.012081881001620998
24 f 3 0.03554273560306631
24 i 109 0.04261460459309696
24 j 73 0.022714756313185758
24 l 90 0.013464198527622928
24 r 28 0.010414845546473428
24 s 107 0.13500575572354
24 u 57 0.23067409539472616
24 x 80 0.01777448199401299
24 y 54 0.07803277255671193
24 z 97 0.03601094397760163
25 v 111 0.1911413620826098
27 a 59 0.007352354172313502
27 b 79 0.041663572786439396
27 c 83 0.015913973005419968
27 d 95 0.026843960504922326
27 e 98 0.006415520016932463
27 f 14 0.16427891179087828
27 g 81 0.02426711256312053
27 h 16 0.01616891154043576
27 i 66 0.013288301353390097
27 j 4 0.0062653772306497935
27 k 13 0.03850999148487966
27 l 15 0.012141903577128077
27 m 26 0.12150360993824372
27 n 66 0.07626040431299863
27 o 66 0.0703500603700623
27 p 51 0.10279653451759385
27 q 28 0.055972712026920224
27 r 46 0.008433248700593587
27 s 84 0.022781246561307866
27 t 35 0.0454807565952563
27 u 54 0.038033292674618524
27 v 36 0.02581694124964784
27 w 3 0.0030701771461359995
27 x 79 0.009947127127739042
27 y 106 0.015516866162595289
27 z 67 0.015108811450937343
28 b 35 0.005193091310087494
28 e 30 0.058037713215329356
28 f 66 0.00377325495696057
28 k 80 0.08787605471723481
28 m 39 0.08370815734646497
28 n 58 0.03455093859328373
28 p 17 0.3452001242597449
28 q 57 0.016876568753501853
28 t 66 0.01354830849849209
28 u 55 0.12620246177282102
28 v 103 0.03577904241541796
28 y 78 0.12957566087986416
29 i 111 0.08944235767775954
29 j 51 0.06095176883728215
29 k 69 0.14880647234861621
29 n 108 0.3586903356224055
29 q 86 0.070489963038466
29 s 44 0.016282401460975815
29 w 46 0.07448601239337571
29 y 99 0.15817869817948038
30 a 9 0.07380414081107722
30 b 31 0.045253025140160164
30 c 61 0.025113239854156033
30 e 63 0.09794883821962685
30 f 89 0.03243118579671411
30 h 52 0.15700740679443959
30 i 60 0.001572539467591727
30 j 32 0.026998679434524497
30 k 19 0.0019444183417661742
30 l 17 0.029095884029052388
30 m 86 0.07389478544772676
30 n 83 0.09913111832202648
30 o 53 0.0008318057040924698
30 p 14 0.036049331566015086
30 q 48 0.06715811018213191
30 r 88 0.022992044934541545
30 s 38 0.010832873456243508
30 v 25 0.044438221412086754
30 w 64 0.0015828859376706417
30 y 48 0.019769590165143458
30 z 63 0.11305212840246326
31 a 84 0.14556594450498583
31 c 29 0.0341325149372842
31 d 109 0.024110561188306234
31 e 74 0.0071846010183355125
31 f 60 0.11585701611942889
31 g 26 0.004697668678189215
31 h 43 0.0192991327108466
31 i 0 0.05714368355472099
31 j 57 0.03962411035499269
31 k 72 0.10182017997094672
31 l 15 0.01213998049255327
31 m 52 0.02599550511048776
31 n 37 0.025573448480041727
31 o 110 0.016427298317417738
31 p 70 0.028570932656814874
31 r 45 0.0006597592521289108
31 s 72 0.0793960930279447
31 t 100 0.12327611458557663
31 u 14 0.011556042019755908
31 v 50 0.09705351734989454
31 x 67 0.006730620433588186
31 y 110 0.002247164410648983
31 z 100 0.01648869424277899
32 c 1 0.22621202216716096
32 g 111 0.011483749021485634
32 h 27 0.04090526603966205
32 k 73 0.02529889675553265
32 m 36 0.36640369516413385
32 n 53 0.006529552135536076
32 o 11 0.006060699664196645
32 q 73 0.024561912941289177
32 s 10 0.022296929843217184
32 v 34 0.005224696632726178
32 w 59 0.019381417369427112
32 y 50 0.07901783977560028
32 z 35 0.14846876360905958
33 b 96 0.01704058674492015
33 d 112 0.09525785987065105
33 e 50 0.09375686428910146
33 j 62 0.060712253541276295
33 m 73 0.06939695584656891
33 n 75 0.02234203236357013
33 p 21 0.07826679216093468
33 q 26 0.09728517762499411
33 s 100 0.01881496731415533
33 u 93 0.021911815135121082
33 v 3 0.18187118435985372
34 c 61 0.02768414475458647
34 d 113 0.2692496459786351
34 e 55 0.10035360870088339
34 f 16 0.17969003837921205
34 l 47 0.3267702745623854
34 n 66 0.08913544824473185
35 b 18 0.05363315917726574
35 c 53 0.058987192549529555
35 d 20 0.03549529198223711
35 e 57 0.006520549896347982
35 f 39 0.06802081775266433
35 g 100 0.02490768102730423
35 h 51 0.02531509409384236
35 i 84 0.006184159460718597
35 j 64 0.053589965256299
35 k 26 0.009593566813013155
35 l 59 0.0239861528113694
35 m 90 0.006730789359909339
35 n 27 0.03144049531229243
35 o 53 0.034039887740277996
35 p 46 0.135096781169862
35 q 62 0.03769649499035965
35 r 9 0.022682374015419393
35 s 47 0.008339041410800996
35 t 67 0.05205626568842292
35 u 11 0.07366263583103194
35 w 10 0.024550194339925446
35 x 61 0.013200101383988194
35 y 112 0.03250355511788605
35 z 4 0.017397125722569018
36 a 0 0.031847575286136576
36 d 44 0.09888832409307902
36 e 43 0.03490501152495673
36 i 72 0.002294024074125489
36 j 1 0.024518773275069794
36 k 80 0.21678208783077146
36 m 88 0.020733385817087613
36 r 84 0.08853096551967687
36 s 16 0.05564913926082471
36 t 52 0.050490342531965715
36 v 72 0.00196949108435307
36 x 58 0.11327721453612882
36 y 109 0.1604792943895923
37 a 112 0.10407937702453574
37 c 89 0.07118866018556147
37 d 60 0.07696268341043644
37 e 80 0.06255577500216336
37 g 64 0.043233332755462595
37 h 44 0.04768385367837813
37 i 26 0.07667556335667303
37 j 46 0.016444710515717165
37 k 84 0.024631618902808627
37 m 84 0.003500016431463915
37 n 58 0.15071970912227828
37 p 15 0.0014499383196674431
37 s 46 0.03968319919633789
37 t 57 0.15019298875166187
37 u 79 0.04284179514123554
37 w 70 0.01195097124200406
37 x 74 0.02214298470460596
37 y 65 0.001655138943356449
37 z 83 0.030786750227986603
39 a 49 0.12065154167824876
39 c 47 0.04948650150853806
39 e 86 0.03785236895021904
39 g 24 0.008946163699615317
39 h 39 0.030080944180105318
39 i 0 0.02233773043985432
39 j 99 0.0017182142388781907
39 l 89 0.00043554412732560444
39 m 73 0.12178446907849694
39 n 1 0.039812435531139445
39 o 83 0.06808497227799815
39 p 17 0.0992892070700222
39 q 14 0.019960262651436467
39 s 11 0.0010027831085789307
39 t 51 0.06519871144930955
39 u 70 0.11727272436433345
39 v 25 0.020229370731056795
39 w 38 0.017124471825485488
39 x 109 0.013065833359327428
39 y 18 0.02822133048369746
39 z 1 0.07446507602056252
40 a 95 0.043439689629126144
40 b 13 0.029209394372298636
40 c 11 0.17474784353337725
40 d 70 0.0008442723583221845
40 e 84 0.002849965226888407
40 f 89 0.02120037184586654
40 g 8 0.004268745059952894
40 h 14 0.02485727170056251
40 i 101 0.006537645562235128
40 j 98 0.13457214702313058
40 k 96 0.007100092830633065
40 l 56 0.05641330092313013
40 m 87 0.025370882050479104
40 n 15 0.010400676006664167
40 o 52 0.027632646827846052
40 p 3 0.15660522261268994
40 q 102 0.003525721703528384
40 r 109 0.008129819307615471
40 s 75 0.09684943773650345
40 t 51 0.006639635912053299
40 u 13 0.012648253685279442
40 v 82 0.08740287070726138
40 x 81 0.012715772196145392
40 y 75 0.028437891034735818
40 z 42 0.012497548270704928
41 a 92 0.051764221291544676
41 b 35 0.06511841499301652
41 c 85 0.014837971630288438
41 d 65 0.03816151270854795
41 e 24 0.013307397770558449
41 f 56 0.02434889159535303
41 g 84 0.01355152986496777
41 h 16 0.031781935417668605
41 j 80 0.018550336803894396
41 k 6 0.015043154485800847
41 l 0 0.009329390551606087
41 m 99 0.019202065329913864
41 n 42 0.050550291520923274
41 o 77 0.023242080745379368
41 p 85 0.003105178463995384
41 q 103 0.0346640830781374
41 r 94 0.02258044912336843
41 s 35 0.07628589442372546
41 t 11 0.07924835912205797
41 u 17 0.009739368671136561
41 v 1 0.017559330012126506
41 w 27 0.09091078190757429
41 x 73 0.01624982023178867
41 y 107 0.15570722809241344
41 z 87 0.02269720821908494
42 b 87 0.06633654115702026
42 g 62 0.05088036415790875
42 h 81 0.005941691419675044
42 q 29 0.1401056972058311
42 r 84 0.16462295616357003
42 v 13 0.0007175628091901087
42 x 9 0.08774692999948674
42 y 74 0.15648848435171492
42 z 60 0.00956511070062327
43 a 75 0.05928642951465257
43 b 72 0.0334041724946752
43 c 94 0.018397653039523232
43 d 24 0.028207833430509366
43 e 99 0.0738926914098369
43 f 44 0.08618715103397323
43 g 100 0.05221497212625059
43 h 103 0.004990790459483141
43 i 99 0.029552725788686285
43 j 52 0.048700360446467195
43 k 108 0.03026909343520734
43 l 88 0.003860327621063253
43 m 33 0.006096678691003721
43 n 4 0.07352627275892165
43 o 28 0.0016680380148157425
43 p 5 0.05287845374751998
43 q 105 0.04848675024788829
43 s 76 0.01723450290225592
43 t 96 0.016606433048392044
43 u 5 0.04748526994050539
43 v 100 0.09918106207301303
43 w 66 0.09665059727551828
43 x 101 0.003106369465996961
43 y 86 0.0035730260412532022
43 z 98 0.03869314674599256
44 n 106 0.048153339740688694
45 a 79 0.24719375721770265
45 b 25 0.016561275907879036
45 m 36 0.4255056283844806
45 y 112 0.011955384057168894
45 z 86 0.08127129838820246
46 a 93 0.0020744546125096575
46 b 19 0.024535609677084902
46 d 95 0.0037479569543119595
46 e 14 0.05907333466554199
46 f 31 0.03816129404411894
46 g 103 0.19527156758370534
46 h 38 0.032394303761274834
46 i 98 0.05120649569002933
46 j 45 0.04842609750171245
46 k 47 0.04632342375857035
46 l 67 0.0468029743416466
46 m 14 0.03635826010886112
46 n 68 0.09786637975343959
46 p 60 0.02281637607693232
46 q 79 0.016404040787125096
46 t 97 0.02879664797087822
46 u 108 0.005633811260401966
46 v 68 0.0010661453902837126
46 w 55 0.11089377585677085
46 x 95 0.07022629570312022
46 y 49 0.0029716007188632654
46 z 24 0.01579488528801709
47 k 59 0.12905312851129358
47 s 111 0.7304898684147336
48 a 86 0.07853470690891917
48 d 13 0.07014095300924372
48 e 18 0.023253997758246325
48 f 85 0.017061779725467408
48 g 59 0.06753333355806068
48 j 47 0.019022882450604683
48 l 35 0.05367367118255484
48 o 98 0.028120337600993306
48 p 83 0.012505951532423176
48 r 111 0.07346272630862793
48 s 68 0.2760314300961545
48 t 67 0.1765694597635432
48 u 20 0.03570795200436827
48 w 17 0.012977104281046592
48 x 68 0.01707222389036911
48 y 73 0.012702316037315975
48 z 23 0.013959548780691833
49 p 10 0.39893265252898336
49 r 54 0.59198816773071
50 a 96 0.15160360228819736
50 e 40 0.12142651345565192
50 h 56 0.030849385434193466
50 i 52 0.20285448423477037
50 k 60 0.014267966834275225
50 q 32 0.02814866441234576
50 r 83 0.15388871080712108
50 u 83 0.03748964845549463
50 z 65 0.1289197242385004
51 a 19 0.1203661764053765
51 c 97 0.015078330261365847
51 d 32 0.020258511615704577
51 f 19 0.2927996771218371
51 i 78 0.052344652286990145
51 j 6 0.02017437588996096
51 m 17 0.08747518201510751
51 q 55 0.04891604137192451
51 r 80 0.2058570705664201
51 t 93 0.08819182269300219
52 a 86 0.1832130500231539
52 e 3 0.030274443829946374
52 g 80 0.3011416464724377
52 h 47 0.078141708777545
52 i 34 0.0009839126083579508
52 l 82 0.005072450488078362
52 q 104 0.15621005198587745
52 t 34 0.053429848767066246
53 a 20 0.07259731322778562
53 b 25 0.0019424941717337552
53 g 93 0.056400924992294765
53 h 74 0.1444750993219982
53 l 97 0.022224885456045174
53 m 105 0.037843577151652985
53 o 63 0.030201782501705243
53 p 5 0.03994098028025117
53 q 37 0.2590862340421931
53 s 43 0.05117743771803818
53 v 12 0.013152882144144451
53 y 21 0.09218251040873415
53 z 66 0.08707505446142216
54 a 106 0.022087596495453776
54 b 53 0.02963933843425881
54 c 91 0.01540604458121575
54 d 34 0.04582284451263274
54 e 18 0.06399148860392756
54 f 13 0.013650109685392486
54 g 6 0.034117121907566106
54 h 50 0.1567548079109654
54 i 87 0.10123716914512015
54 j 82 0.0052735102525416355
54 m 109 0.000839346227268889
54 n 41 0.16788795629000752
54 o 109 0.060218978179434446
54 s 22 0.009259109933065557
54 t 42 0.0785503101839623
54 u 15 0.058832088033602625
54 w 97 0.0038727784403070897
54 x 103 0.08546536853693787
54 y 104 0.037957236261988436
54 z 97 0.004821692473196304
55 d 49 0.03281705210318908
55 g 91 0.03398035980243519
55 h 35 0.10656256243956597
55 j 1 0.17757026179591295
55 m 24 0.07059926144195416
55 p 55 0.20487586329329965
55 q 80 0.07322027832488476
55 s 52 0.08159829274431396
55 y 70 0.09884802828761474
56 b 25 0.20090936403560045
56 c 81 0.39655883718353524
56 h 23 0.12249330448490492
56 l 68 0.19413408945626354
56 s 113 0.061956276878928795
56 x 107 0.02368517689417937
57 c 71 0.006957975704707353
58 a 106 0.15949160568321585
58 j 0 0.4193149720648506
58 k 20 0.09277803731610312
58 v 59 0.1875011086218462
59 b 16 0.007047958822475109
59 c 57 0.21765593037893538
59 d 1 0.03626352665893762
59 i 79 0.04112632429810725
59 j 98 0.03956379020562539
59 n 73 0.1856352612616201
59 o 47 0.2572431261485818
59 s 27 0.03632115575548567
59 x 16 0.12050519953395822
59 y 0 0.030833500715900852
60 h 57 0.054007341631360006
60 i 10 0.2570406581094712
60 l 96 0.021264874973126235
60 o 54 0.15120515325102302
60 q 88 0.16366294746512633
60 t 96 0.05170264398866142
60 x 27 0.13616907388996125
61 a 100 0.18778791123531002
61 h 54 0.016076146804668068
61 j 59 0.02503465133908067
61 k 89 0.005896003242360615
61 l 76 0.008199944540698056
61 m 98 0.04967021735252153
61 n 21 0.07782056748405353
61 p 1 0.022792837540255073
61 r 46 0.20015197195145518
61 t 79 0.011166280364950265
61 w 89 0.026498400208997408
61 x 88 0.02206988513694319
61 y 80 0.08539220602564168
61 z 17 0.15542269169290313
62 a 56 0.0682712781743865
62 c 47 0.006354776996460365
62 d 55 0.15100843879775105
62 f 29 0.08124478349596131
62 j 51 0.06660739478981426
62 m 84 0.021551845051689167
62 n 32 0.026018858085456564
62 q 97 0.06864957439845942
62 s 75 0.09065876187704347
62 t 46 0.2214904288129863
62 v 78 0.04755692619802421
62 w 48 0.016336061015635894
62 x 32 0.019657363425799046
62 z 31 0.05135384583051106
63 a 67 0.12143849415157759
63 d 31 0.3412399240214401
63 l 39 0.05147133786306446
63 m 70 0.14095878170573506
63 s 22 0.16389589101372914
63 x 113 0.053933607534306094
63 y 17 0.031546742859464905
64 a 11 0.0982203124395844
64 b 11 0.043556432377014564
64 c 76 0.04160435513263616
64 d 1 0.05278226955598986
64 e 108 0.006648102851997129
64 f 75 0.06096387179042517
64 g 111 0.005805136797410015
64 h 88 0.0351030295193977
64 i 26 0.10623450709359217
64 j 77 0.041793404993332395
64 l 74 0.046469982526683995
64 n 5 0.07268454525216528
64 o 15 0.04156848857267137
64 p 91 0.06225538224789395
64 q 20 0.00384515284013609
64 r 60 0.009269705615464585
64 s 85 0.0005276185182144788
64 t 41 0.005630736243824486
64 u 45 0.03448015188847031
64 v 64 0.037341829382319114
64 x 37 0.0675400155420014
64 y 65 0.1044288508136787
64 z 51 0.006576176027854208
65 a 50 0.04634871577896682
65 c 94 0.013900706086473091
65 d 75 0.02816106086000092
65 f 9 0.0407333587343538
65 g 102 0.02004411306466325
65 h 38 0.07833360849162385
65 i 95 0.06372544517327239
65 j 104 0.05282658183567146
65 k 108 0.11723187338844776
65 l 83 0.02894344935223203
65 m 1 0.00894540191927451
65 o 36 0.010987672177572905
65 p 40 0.03270310494849249
65 q 16 0.041199381593600704
65 r 80 0.03438381703319404
65 s 89 0.05386505653784801
65 t 80 0.014614381608358817
65 u 21 0.10294792468152325
65 v 17 0.03662653068695787
65 y 79 0.007247401133563924
65 z 99 0.11918708635276176
66 d 24 0.20802944778564803
66 e 106 0.16501554504124183
66 f 38 0.05497870326385024
66 i 91 0.07300722634153056
66 j 0 0.0016696231840122033
66 p 67 0.013016405248942542
66 q 4 0.01059189222857071
66 r 37 0.1819464983349468
66 s 86 0.005171722996056949
66 w 109 0.14001909436987658
66 x 57 0.0354812960452594
66 z 48 0.054673158298869984
67 b 101 0.09115407554982091
67 k 5 0.2774339044281785
67 l 37 0.010806289722457674
67 p 99 0.1502999271525648
67 q 39 0.07431969367395419
67 z 32 0.21149618528947156
68 r 42 0.07869202185765711
69 d 6 0.215309210418683
69 e 74 0.035243618098854346
69 f 14 0.06163906005804187
69 h 10 0.022360928090969456
69 l 30 0.07069905050064706
69 m 65 0.11431321131139738
69 o 31 0.24047501832765295
69 p 32 0.004524374933260189
69 t 68 0.14303605983839096
69 w 90 0.026023419854621865
69 z 58 0.043414557663896236
70 a 37 0.004789606013385406
70 b 45 0.0246564316650012
70 c 49 0.033209668149199234
70 d 27 0.0030819462398644637
70 e 87 0.0395112762441191
70 f 22 0.11263904190061325
70 g 59 0.0817759236254394
70 h 110 0.07029623034189869
70 i 89 0.041360811645447915
70 j 12 0.03633857390901263
70 k 26 0.012731903907004183
70 l 89 0.02680383426952926
70 m 19 0.04857500908401968
70 n 80 0.010999903555096058
70 o 68 0.04164509467624933
70 p 101 0.027995653529049647
70 q 85 0.035025685574563536
70 r 59 0.048601577898189086
70 s 89 0.07314110853115174
70 t 87 0.022635877720587727
70 u 110 0.017824034703602054
70 v 37 0.039484140599971074
70 w 84 0.025647030438891494
70 x 93 0.03579234734345538
70 y 94 0.0315395511127744
70 z 75 0.04304814140449076
71 e 49 0.0640916694064555
71 f 73 0.0007178833900239878
71 g 55 0.08556901392368277
71 l 93 0.010606475260765857
71 x 64 0.20990735516152104
71 y 7 0.35650768141989986
72 a 32 0.08588074705535598
72 b 51 0.013779008915869917
72 d 111 0.05098403023519915
72 e 0 0.05549912262216938
72 g 25 0.04180308154243839
72 i 79 0.039419501484077246
72 j 75 0.06880914775527847
72 k 97 0.0032041375200573263
72 l 0 0.08903188512922167
72 m 90 0.17060059067100874
72 n 112 0.055465489640214916
72 o 99 0.02575034117943853
72 p 75 0.019024142665397314
72 q 47 0.07857722709887005
72 r 99 0.007759805827575295
72 s 9 0.03748187332499964
72 t 106 0.035334548866663984
72 w 65 0.007300636082717249
72 y 108 0.016146703964860287
72 z 71 0.0699294301201665
73 a 84 0.04529829429534615
73 b 59 0.026285759599742886
73 c 83 0.03253527249061361
73 d 91 0.04373167860475846
73 e 42 0.06699094137983674
73 f 106 0.03900730327856827
73 h 90 0.008966729561522446
73 j 14 0.05021873937645305
73 k 8 0.0415734951204797
73 l 16 0.07371216882890408
73 m 24 0.0007727022278763984
73 n 103 0.1369406432400322
73 o 24 0.044054842500171554
73 p 24 0.04489483462643129
73 q 43 0.002295787079471867
73 r 69 0.06806226086398703
73 t 36 0.04131086021496011
73 u 112 0.029640489815454196
73 v 13 0.045113824447303275
73 w 95 0.08731404154888034
73 x 110 0.057191091988449294
73 y 52 0.010845185792564216
74 a 108 0.03817772267729769
74 b 59 0.0035108518364307395
74 e 3 0.02249052895160486
74 f 26 0.06839750905754838
74 g 109 0.03990962047726676
74 i 102 0.007699476842586206
74 j 46 0.051512576793922404
74 k 0 0.009688655631292398
74 l 101 0.1913443857873226
74 o 21 0.08670508273349364
74 p 94 0.023506219642952075
74 r 54 0.14341440985805076
74 s 62 0.03562153140865287
74 u 53 0.000767460252704133
74 v 98 0.04720601473771624
74 z 67 0.18029188481358394
75 i 24 0.030295101223944743
75 n 11 0.6123330231226964
75 t 71 0.20368055574465183
76 a 93 0.05274212034724979
76 c 40 0.11553812130466046
76 g 90 0.011895041629946479
76 h 103 0.057775762844163636
76 i 90 0.11991467667408817
76 k 104 0.0005827230167879671
76 n 83 0.04327246988570954
76 o 97 0.02918502781405463
76 p 108 0.07329314828294153
76 q 13 0.09607393444170897
76 r 9 0.10577136555377153
76 s 25 0.10881565095345214
76 t 100 0.06481600881005412
76 u 13 0.009884867677367959
76 v 70 0.032284679931827265
76 z 112 0.06375349088967863
77 a 34 0.007013809180650754
77 b 61 0.18527206218535686
77 f 23 0.05709356633520768
77 i 108 0.09012817505026638
77 k 113 0.009707181423591504
77 m 69 0.08943706987388522
77 n 15 0.05033868503572281
77 o 60 0.01259899767597894
77 r 3 0.007921711213923044
77 s 94 0.02185272700668961
77 t 8 0.1109873120740158
77 u 40 0.1614001867376118
77 w 43 3.2453306851865094e-06
77 z 113 0.01318481238095326
78 a 21 0.20489253333193724
78 d 101 0.24289610909560566
78 q 74 0.43584569856416466
78 r 71 0.07625895890573597
79 a 84 0.009321879547861345
79 c 81 0.2767462942927057
79 e 29 0.05367598365376769
79 h 109 0.03687957992312574
79 j 14 0.02701335550474715
79 l 40 0.08786547651082843
79 n 17 0.10497688512557746
79 s 55 0.16539788709583592
79 v 83 0.205562384144106
79 z 74 0.023247301408405474
80 b 78 0.08034063230312949
80 c 55 0.030469548088944642
80 d 78 0.023961114769147085
80 e 23 0.03078155260222515
80 f 49 0.05458497816046304
80 g 53 0.06242222958476973
80 h 4 0.06360959986528503
80 i 113 0.015976815108781905
80 j 42 0.0002701362732903112
80 l 7 0.002172612578051125
80 m 92 0.0058061085900131815
80 o 99 0.039762775529517014
80 q 41 0.010663687152953627
80 r 17 0.0816206466319056
80 v 7 0.11100187822585605
80 w 38 0.04116485491905442
80 x 43 0.03771605302217562
80 y 21 0.052319621624354884
80 z 37 0.09596382540180715
81 b 51 0.045323916141400855
81 e 87 0.07906243778941402
81 f 49 0.0951277374382461
81 g 26 0.07116299604634624
81 h 76 0.12534663343830554
81 j 69 0.023912243098275776
81 k 67 0.15529560301634293
81 l 50 0.005777647564115362
81 n 34 0.11886748697160887
81 p 83 0.061395375181582
81 q 46 0.02335826108244632
81 r 93 0.0023020595054658033
81 s 98 0.04739486640576407
81 v 105 0.07475339251998636
81 z 107 0.045890472365925694
82 a 113 0.05010556144331213
82 b 44 0.002361050384957375
82 c 36 0.09591193957291644
82 d 104 0.005980513231206519
82 f 32 0.09003811709547693
82 h 41 0.053739590748813404
82 i 77 0.009851938140360339
82 j 94 0.0699655418061903
82 k 61 0.005217799733133965
82 l 99 0.09634489736978191
82 n 11 0.015086203954794652
82 p 27 0.0025960450379035604
82 r 104 0.011384556465657614
82 s 69 0.053743712067516825
82 u 36 0.07158295495753919
82 v 98 0.1276222515211668
82 w 2 0.002282969495425946
82 x 102 0.025071399238425496
82 y 101 5.3648145034279615e-05
82 z 90 0.17675171454118965
83 c 9 0.02458535345290791
83 d 67 0.16736220813040326
83 g 52 0.059665103919750995
83 l 50 0.11088093134117327
83 m 42 0.2313710953204695
83 o 8 0.2248494304515074
83 q 110 0.07879760393779656
83 z 8 0.09769153409465692
84 f 113 0.045933946705627116
84 g 24 0.1179217771201041
84 j 89 0.025042210041674173
84 k 93 0.035124099968166345
84 n 92 0.13091206455421311
84 r 109 0.060106551174077816
84 s 18 0.0003899012843395777
84 v 52 0.47479662150073565
84 z 6 0.03348907232913423
85 a 67 0.029566107515718087
85 c 102 0.08983821411980408
85 d 47 0.003972241646541863
85 e 69 0.12111996770893185
85 f 63 0.006186099349625107
85 h 107 0.04911433726770198
85 i 70 0.2222123064959406
85 k 63 0.01247622310534613
85 n 77 0.0005393302288336788
85 o 65 0.11288097971825717
85 p 22 0.0034616842520727165
85 q 48 0.005490877479402356
85 r 3 0.050246367670507164
85 s 24 0.19162241760285903
85 u 43 0.01442009270053235
85 w 83 0.008095877961673992
85 y 41 0.0017390907603721528
86 a 5 0.06355959633649655
86 d 99 0.009985374864281749
86 e 42 0.014691669028619514
86 f 65 0.004880269188948239
86 g 84 0.0761686168759379
86 h 27 0.06262739511353188
86 i 30 0.06633184620543364
86 k 92 0.14976887686585116
86 l 83 0.010366752719341177
86 m 73 0.10647132035147533
86 n 8 0.04485770632427977
86 p 67 0.026547309766176586
86 q 80 0.02488784064268823
86 r 107 0.0368226040928441
86 t 53 0.018143919783075946
86 u 108 0.023907005590176778
86 v 90 0.04213672284092662
86 w 24 0.008902911243098943
86 x 93 0.10832070222091927
86 y 34 0.02027086232886277
86 z 97 0.023079124970265652
87 b 74 0.0023064799892459353
87 c 29 0.12477962983738933
87 e 69 0.03383475846205464
87 f 28 0.02845284415174376
87 h 61 0.046636074708234276
87 i 94 0.1694019678207177
87 n 71 0.0782699509260869
87 o 75 0.26454578075725965
87 s 42 0.05112905930755729
87 t 47 0.11669168521108464
87 y 94 0.045655138300363496
88 b 101 0.010826119315514582
88 i 106 0.11581292879665483
88 k 105 0.031081366591186543
88 m 9 0.058520050912123756
88 n 2 0.08898981678652396
88 r 103 0.09831139442616976
88 s 46 0.18237363525384032
88 t 68 0.039431657052561464
88 w 73 0.15971900120185123
89 a 76 0.5121905144859521
89 e 63 0.02695338040997952
89 m 65 0.030560969910876756
89 o 22 0.056195716514710004
89 y 3 0.05331116519484713
90 b 44 0.07202673168900897
90 h 62 0.3974732560481655
90 i 54 0.026978811316265894
91 q 99 0.24794229250919608
91 t 2 0.25402379916096596
91 z 82 0.09613764231089228
92 b 15 0.02290293703835755
92 c 22 0.33611636799991107
92 d 81 0.05235072165717469
92 h 91 0.1390579725875225
92 i 53 0.006418110107933361
92 l 4 0.1411360281966001
92 n 12 0.00851444861443218
92 o 9 0.1409726054324505
92 t 11 0.06543541067339831
92 w 41 0.036798820507725205
93 o 95 0.03857368394864891
93 z 92 0.7292173978231672
94 a 15 0.21700771009947162
94 d 30 0.022068952781799545
94 h 90 0.026606934166614193
94 i 113 0.047701233709601776
94 l 32 0.09319697445364561
94 n 70 0.09092380134885769
94 o 82 0.031881933155820996
94 p 6 0.004158908432042474
94 q 44 0.09969149714319736
94 r 61 0.01855847516818787
94 t 63 0.014434026111490028
94 u 106 0.0858213798824955
94 x 8 0.03755111677780443
94 y 80 0.012406855719310439
95 a 96 0.16333278679977303
95 b 10 0.03543429315009394
95 c 6 0.12591855404829555
95 e 20 0.00018520766753615803
95 i 29 0.16653192213584245
95 k 59 0.36433803891936756
95 n 54 0.0018171773340996955
95 q 30 0.04803015754588391
95 t 38 0.07647479030405302
95 y 65 0.009686753294654515
96 d 7 0.021654040185445922
96 f 41 0.2930500452693958
96 l 29 0.4512075021688343
96 n 58 0.1936880025618537
97 d 37 0.3695614667588196
97 u 66 0.2824127123906077
98 a 80 0.0447223667414155
98 b 34 0.04075768721187789
98 c 107 0.09172132555386758
98 d 74 0.015318507924165559
98 e 99 0.007376890539526615
98 f 0 0.09258327091588536
98 g 106 0.02449288864157695
98 i 108 0.026971903222495097
98 j 18 0.06933229145226938
98 k 112 0.023064514016027604
98 l 82 0.04117847761277804
98 n 8 0.1376004269166714
98 o 18 0.07904537598630168
98 p 47 0.005814680708498554
98 q 21 0.06852024843152893
98 r 63 0.03568521826199411
98 s 79 0.016840279782964873
98 t 40 0.031143004933235963
98 u 68 0.0012430625185719801
98 v 108 0.033444768907744726
98 w 93 0.0020546648856633043
98 x 62 0.02003915747784779
98 y 6 0.03976862355143673
98 z 61 0.022153245304854297
99 a 43 0.031413181957610115
99 b 47 0.37335503690949234
99 c 9 0.12262098139735389
99 e 105 0.024286240612621746
99 f 17 0.01793159252202081
99 h 46 0.07627293640697275
99 s 47 0.07989626286341589
99 u 67 0.07872243253155731
99 v 51 0.02790593796839358
99 z 30 0.13789263599764157
100 a 98 0.00035175213114746473
100 b 33 0.06722403815480138
100 c 10 0.01528958481757503
100 d 95 0.003666954873338346
100 e 29 0.0024121754869016465
100 f 29 0.05922871604862945
100 g 15 0.05137318028537052
100 h 91 0.03342699012339756
100 i 80 0.036680881788132114
100 j 6 0.161874317460858
100 k 44 0.04388659322797939
100 n 34 0.017693324177391445
100 o 66 0.01934740992447148
100 p 67 0.007347938915810648
100 q 25 0.153540353191139
100 r 9 0.05736412224742138
100 t 93 0.04123894834714659
100 u 39 0.0032376927360472374
100 v 82 0.006484720131663346
100 w 34 0.09152798704505505
100 z 91 0.09725493026002718
101 b 81 0.06181949160807454
101 c 36 0.04882500738664375
101 d 108 0.035016189696946975
101 e 57 0.026323458027972202
101 f 95 0.06291257098159786
101 g 53 0.004540380041726189
101 h 6 0.0046797424255505815
101 j 3 0.06711065442205655
101 k 64 0.3072638013983392
101 m 13 0.04212761188079883
101 p 24 0.019095887642848863
101 s 21 0.03802572898753498
101 t 79 0.1749015934141266
101 u 99 0.03214425165857193
101 v 36 0.0317853095124252
101 w 40 0.016683593572904276
101 y 17 0.00299047573321487
101 z 112 0.007377840886776399
102 a 69 0.004860000248579022
102 b 40 0.09381850194591967
102 c 86 0.06287245357385207
102 d 19 0.0036180715807758723
102 e 83 0.0001990551883082059
102 f 109 0.05676373582982763
102 g 24 0.039961246908440495
102 h 15 0.0745984275435172
102 i 11 0.006933299979085095
102 j 95 0.06539230157905274
102 k 95 0.055901177131569724
102 l 84 0.012823048956841165
102 m 56 0.05096081592330548
102 n 44 0.023415804302473253
102 o 45 0.11909527169592138
102 p 67 0.05093816787484262
102 q 81 0.042209410433859396
102 r 97 0.028815851391129077
102 s 25 0.044575537547471344
102 t 87 0.03428980749877575
102 u 20 0.02824325832704966
102 v 25 0.0012241827758797674
102 w 90 0.0072661437830804365
102 x 112 0.019088060518648864
102 y 89 0.0332468977330076
102 z 88 0.0197812333667734
103 a 112 0.012497295306029055
103 d 24 0.034044481013398964
103 e 33 0.07614014396490232
103 g 34 0.09537270734780545
103 i 105 0.01648564650698059
103 j 63 0.1882973112136359
103 n 4 0.32483366967049443
103 o 7 0.08921153932788328
103 q 67 0.009780059260314444
103 s 91 0.09792486101838327
103 v 76 0.0035245699531374353
103 z 109 0.04188743205835066
104 g 24 0.0929780480342679
104 o 77 0.23052448582648166
104 t 29 0.1782088713888509
105 d 74 0.10405505193607167
105 l 101 0.037859042837906864
105 m 47 0.12359345729398263
105 o 3 0.03331828141736426
105 p 1 0.07523714474441023
105 s 30 0.1012892317700761
106 a 40 0.1124964195816589
106 c 67 0.011819728947123354
106 d 109 0.0075628343821995125
106 f 106 0.04721817679315765
106 g 24 0.010409799809343645
106 i 38 0.0007963390821713601
106 k 73 0.010253944641809287
106 l 55 0.03697148327854427
106 m 43 0.10376007812944432
106 n 6 0.01555483167567695
106 p 61 0.15428998207406242
106 q 1 0.0015529782982779405
106 r 19 0.04089793081956816
106 s 108 0.0882360704779136
106 u 48 0.03375848188852526
106 v 100 0.023005816888977515
106 w 45 0.04670613775719923
106 x 51 0.07403604484689474
106 y 112 0.06717482552434872
106 z 99 0.05827009611894163
107 a 28 0.04083874733350834
107 b 60 0.006921079176669287
107 d 31 0.005873476505924402
107 f 69 0.0199798209331965
107 h 41 0.039809218569270666
107 j 64 0.09343299596526067
107 k 12 0.1605153811761768
107 l 80 0.009530380056448573
107 m 79 0.019473583123839622
107 n 108 0.0825309204528466
107 o 38 0.01736305853584208
107 p 50 0.06838623631107432
107 q 64 0.04879306157087493
107 r 93 0.05618241977877392
107 u 1 0.07238039482990566
107 w 56 0.13077271022992387
107 x 27 0.11070512698083779
107 y 4 0.014768922853077737
108 b 43 0.032369981359797184
108 d 44 0.12289100974016254
108 f 17 0.06347839171029035
108 g 73 0.24763337740943137
108 k 89 0.040031381333736515
108 m 113 0.008432318482516465
108 n 42 0.022291071550380792
108 o 33 0.004977536629937274
108 p 35 0.027961377651652186
108 q 72 0.062047121143627204
108 s 88 0.011563556644940909
108 t 107 0.019452569387808816
108 u 13 0.030638680527589
108 w 111 0.1469542707839201
108 y 97 0.017140999892967024
108 z 32 0.0691868512940238
109 f 31 0.1704494179809316
109 j 97 0.3090837108618737
109 o 38 0.07956886523585138
109 z 105 0.009296682077366336
110 a 47 0.06344330341888405
110 b 65 0.003433668503278531
110 c 93 0.09752845575216262
110 d 84 0.011984081675984748
110 e 97 0.011095569400474403
110 f 22 0.04453029096810157
110 g 87 0.06638009391234567
110 h 14 0.1662241082576036
110 i 45 0.017745427631277066
110 k 83 0.03817794263828722
110 l 10 0.03918732696399907
110 m 62 0.05474756829585892
110 n 11 0.049139532205822234
110 o 111 0.07770193682202431
110 p 31 0.011715700558946218
110 q 73 0.009850250546520556
110 r 3 0.009493386923878133
110 s 106 0.014914839412389913
110 t 50 0.01788134607973746
110 u 40 0.03513450585114786
110 v 56 0.021728951561339915
110 w 100 0.038910498051406006
110 y 73 0.06461282937529478
110 z 24 0.008356235695332948
111 c 87 0.10554312601686577
111 e 20 0.17005534881618056
111 f 73 0.14521413769360914
111 i 22 0.040109552660566705
111 j 78 0.05332113047413356
111 o 8 0.04428579744118388
111 r 0 0.06296628141736427
111 s 10 0.03581672644291678
111 v 40 0.028941967433620097
111 w 92 0.03702203006684346
111 y 15 0.136476264783833
111 z 108 0.03640331609787928
112 a 13 0.045492869977449724
112 g 89 0.09754415971094033
112 h 60 0.0696247133767931
112 k 107 0.026036740629603372
112 l 28 0.10351695139515293
112 m 101 0.023533649095413778
112 p 7 0.06142469977187459
112 q 32 0.18130402188091366
112 r 52 0.007236654681293531
112 s 16 0.15296336421112833
112 v 56 0.02717156732619752
112 w 66 0.039125002131454756
112 y 53 0.14155807363673834
113 h 84 0.008905757893948985
113 l 12 0.21560894368917005
113 m 108 0.6297809922621063
113 p 47 0.0001231044622508337
