183 26 2370
0 0.02069311808875529
0 0.1553891056953841
0 0.005406367006277724
0 0.1049570351856568
0 0.5988386385372225
0 0.021456760279199072
0 0.2918664618112605
0 0.04892688393543243
0 0.10989402530421688
0 0.39041084395967973
0 0.006410734676490448
0 0.11424491596097475
0 0.009884839967154058
0 0.1400796478910361
0 0.20259466884532562
0 0.04709470106976432
0 0.20566333657385805
0 0.01795272039991025
0 0.020913936256347188
0 0.031906817105746166
0 1.0
0 0.3990445450564116
0 0.2648165172940816
0 0.05609335364293655
0 0.0024975702391610843
0 0.12328425084034
0 0.12782663755545176
0 0.03211848030281694
0 0.041322920701524324
0 0.16625195655481118
0 0.05122586081203484
0 0.00869912511740345
0 0.04998135875583565
0 0.08343031891729058
0 0.05327475697815376
0 0.003662507064735143
0 0.004133404295656895
0 0.05605064505985591
0 0.056852551658935546
0 0.028368139428211037
0 0.05553546749232896
0 0.03799578690526806
0 0.05415349717730089
0 0.027109176437805305
0 0.0993929588993464
0 0.011424569010672458
0 0.00560292311786903
0 0.0143393944802368
0 0.785290340789157
0 0.07163418451819603
0 0.02673733806273393
0 0.10803503557054739
0 0.05393303087006063
0 0.01672155517356977
0 0.2299471435827648
0 0.038806798941389165
0 0.34795208599911265
0 0.058765395015844324
0 0.1625112276461007
0 0.13282990078470358
0 0.008414886635083052
0 0.8224649233310529
0 0.03368310479623393
0 0.005480657737168215
0 0.046803316249757865
0 0.0015781163149044541
0 0.017697805102156017
0 0.04177677390706469
0 0.030464562268553097
0 0.016465580319206308
0 0.09704931902509395
0 0.049861865865086674
0 0.1062957251611083
0 0.7808873925261344
0 0.004923470213267556
0 0.022558529721455223
0 0.1402149433909743
0 0.09128642104922291
0 0.07249949663809696
0 0.09356037720082888
0 0.3070003538143534
0 0.043158722508908065
0 0.05071058190241795
0 0.0881073751825433
0 0.013861392087291868
0 0.002372843324209173
0 0.172833087262089
0 0.011868256110147635
0 0.09332877021165753
0 0.01826746444106453
0 0.022967996661646284
0 0.0008589154317603098
0 0.05531369587456425
0 0.011038467697659704
0 0.03620652994274465
0 0.1917072246801903
1 0.20138775475684645
0 0.07668625454460676
0 0.08959850782882994
0 0.044118427539405425
0 0.08157321276005025
0 0.03208106002111766
0 0.02531469900917349
0 0.35513946663380447
0 0.04613730928024151
0 0.5129570927750011
0 0.019947068508447074
0 0.1959919093824528
0 0.04725860016708794
0 0.03565972774296955
0 0.1014536155118344
0 0.16279276459352654
0 0.010865692524493653
0 0.0017050368922750803
0 0.024153563615169515
0 0.027419949310443448
0 0.03264742969172052
0 0.08605334316479663
0 0.06958164882257722
0 0.0698223051768746
0 0.07208716113862801
0 0.07341653749775612
0 0.01108425099028032
0 0.054999325754755524
0 0.1080859767094775
0 0.04520457662717425
0 0.036215981116137885
0 0.2660761702572231
0 0.08670500521689883
0 0.03503006577416845
0 0.005465517715707802
0 0.2246871489595731
0 0.009618223931597947
0 0.046776658782088476
0 0.5643168882491111
0 0.0013730781762131272
0 0.04281036658836668
0 0.016681113857326846
0 0.016640403679993532
0 0.030102795361765078
0 0.012860415760768573
0 0.12240455382362536
0 0.10553919040529691
0 0.03353399941125479
0 0.11274224270262145
0 1.0
0 1.0
0 0.007777144290591953
0 0.21328463438222833
0 0.025254552081422132
0 0.04489598673025319
0 0.16226881787099634
0 0.14458298497501176
0 0.055708416692217155
0 0.2396445940594587
0 0.018944937429900777
0 0.10799521681811708
0 0.10004850173696767
0 0.13203762255764828
0 0.100751211929756
0 0.018551154736884956
0 0.04132776851907516
0 0.0607845060552501
0 0.17225405113278514
0 0.08305756735045733
0 0.02681017227500948
0 0.11813424293049457
0 0.08149683744765923
0 0.15326179833514997
0 0.007163840827136392
0 0.10098226128039589
0 0.030718062595199935
0 0.29501156008642293
0 0.0513161678376759
0 0.06474674092557386
0 0.015998724460879243
0 0.10517508327486413
0 0.012353258188925853
0 0.2880145456356198
0 0.009851033848024215
0 0.092383526127927
0 0.005102201648184312
0 0.20563528920543572
0 b 118 0.2313513402545928
0 c 118 0.04795604463644654
0 d 28 0.030343120228899734
0 g 37 0.04846294631372494
0 h 94 0.12323746743107367
0 i 155 0.03267524313196213
0 n 31 0.1313420964986295
0 o 176 0.02748739357836716
0 p 111 0.09426887264487671
0 s 161 0.07763998820110807
0 t 109 0.025166709868415293
0 u 96 0.005555012349308441
0 v 109 0.09915466336135026
0 z 132 0.004665983412489472
1 b 14 0.09265200547361208
1 c 180 0.13283879174088997
1 d 137 0.03752334409482827
1 e 141 0.0365401604546054
1 f 168 0.024582739518345775
1 g 92 0.01844348371881599
1 h 173 0.07986961880047927
1 j 46 0.0137533546562435
1 k 69 0.043918670976367924
1 l 117 0.06534838977883195
1 m 82 0.06689512989037238
1 n 169 0.019080610201898995
1 o 137 0.05106566285530567
1 r 100 0.018832487048894064
1 s 20 0.03203284149682384
1 t 50 0.0016404413127981687
1 v 73 0.04069951493768664
1 w 105 0.014050845091076791
1 x 42 0.04237877692319092
1 y 85 0.01076996378823547
1 z 30 0.0016940615453128194
2 a 63 0.005798181822276538
2 b 58 0.11378230393824196
2 c 128 0.07801217174523556
2 e 94 0.011219987014336796
2 f 120 0.047739524586593474
2 g 58 0.0037741218300353374
2 h 90 0.0026247287393860175
2 i 76 0.06237143208113449
2 j 10 0.0929160528001971
2 k 112 0.003654833691424386
2 l 14 0.0828621575176619
2 o 152 0.17247480005148597
2 p 7 0.01739231449154721
2 q 117 0.014648702671345881
2 u 95 0.07997710281352366
2 v 180 0.10200034265561886
2 w 25 0.016315169212766656
2 x 4 0.030592891008045964
2 z 42 0.056436814322864515
3 b 122 0.006636878428539772
3 c 147 0.15979625742851533
3 e 133 0.09303949090970198
3 f 137 0.04597019756016707
3 g 110 0.18768178298005733
3 h 106 0.010151601793468523
3 j 172 0.028885837875774145
3 k 146 0.0060599105197025604
3 o 120 0.044513693327185244
3 p 13 0.010191612984294718
3 r 165 0.028476924608335952
3 t 167 0.10950268559049003
3 u 20 0.03896811089855312
3 v 123 0.015597036905568462
3 w 78 0.04842391125612744
3 x 9 0.0220218844554525
3 y 113 0.03912514729240901
4 l 105 0.18834439064647734
4 v 89 0.12286005476504447
4 w 107 0.08995691605125566
5 b 19 0.04028074612522392
5 c 130 0.12240946754785043
5 d 35 0.0018827787366308968
5 m 134 0.0013654847709995144
5 q 138 0.18329689615439615
5 t 137 0.14948114156907422
5 v 98 0.335870254623425
5 y 124 0.1439564701932008
6 a 138 0.4321314689212702
6 b 39 0.17530043082290048
6 q 172 0.10070163844456881
7 a 179 0.01059943753129522
7 b 167 0.0507692187782004
7 c 28 0.0017729540537581023
7 d 48 0.045608184196516355
7 e 34 0.06327491232836424
7 f 27 0.015278665715380724
7 g 59 0.0003112252313581809
7 h 48 0.0005147559128039214
7 i 108 0.04593647371060394
7 j 60 0.02423647282039887
7 k 81 0.07107487464207196
7 l 157 0.057518976764314944
7 m 43 0.08314440112600652
7 n 95 0.03486005682189863
7 o 52 0.02837054973346198
7 p 161 0.007737934601947716
7 q 41 0.026410315594910805
7 r 67 0.010202485857955801
7 s 152 0.0392499267151154
7 t 44 0.0031049813543158056
7 u 161 0.031946831335636694
7 v 121 0.145042667332826
7 w 132 0.047620868930231985
7 x 88 0.04059834081435465
7 y 2 0.06217749458150357
7 z 25 0.0037101095793351524
8 i 18 0.027000827695411567
8 k 57 0.542299189071455
8 n 51 0.26489951590095084
8 p 116 0.055906442027965686
9 c 19 0.18035570834184478
9 h 144 0.08759155520088935
9 y 83 0.34164189249758614
10 d 103 0.05020184238423486
10 e 39 0.08410969134702662
10 g 156 0.03162237717377525
10 h 114 0.11029565886049686
10 l 0 0.01986148057080661
10 m 148 0.0027633099094347413
10 o 109 0.03926588291923594
10 p 0 0.09241485265937732
10 q 178 0.14337921313536373
10 r 2 0.012336634807370461
10 s 94 0.2367508497151305
10 t 51 0.04878239395682937
10 u 12 0.028764369585491223
10 v 9 0.002472989946250115
10 x 11 0.09056771835268596
11 l 167 0.18014490785083048
11 m 109 0.26308256683660824
11 p 57 0.07021470884440695
11 x 53 0.273487937343193
11 y 177 0.09185295418450445
11 z 160 0.006972008979482136
12 b 16 0.04166117162239691
12 e 137 0.026508949454684627
12 h 162 0.1602197810131104
12 i 166 0.12123729593281807
12 m 130 0.023404898897418924
12 o 5 0.04618625343528593
12 q 161 0.11597983722051408
12 r 68 0.006435028041818502
12 t 60 0.014439894016966104
12 w 67 0.07325925638580855
12 x 55 0.06299603802815024
12 y 33 0.0443529356817135
12 z 131 0.2534338203021601
13 f 0 0.08229217665467603
13 g 139 0.06546018225870631
13 h 28 0.03831009266249252
13 i 5 0.11021430597660109
13 l 112 0.13702615542873642
13 n 6 0.05044029955242524
13 o 89 0.07016613942504879
13 q 163 0.0093827837431395
13 t 17 0.029477091670176425
13 x 19 0.13221086219117362
13 z 118 0.13494026254578795
14 m 19 0.7974053311546744
15 a 118 0.09737093709383027
15 b 35 0.45505487844600534
15 f 143 0.007471357500122178
15 m 31 0.20688023088953778
15 v 54 0.1823463994060297
15 z 145 0.0037814955947104156
16 a 73 0.03372110776538961
16 b 22 0.1485816008772476
16 p 110 0.04599712753957652
16 r 145 0.12528123457686868
16 v 80 0.37736011589273943
16 y 71 0.06339547677432011
17 a 83 0.06936037155447194
17 c 80 0.04266932538412194
17 d 21 0.03601868628884175
17 g 182 0.15201948874812088
17 h 90 0.4049968596189599
17 l 34 0.0543915334293561
17 w 66 0.012226756257643467
17 x 160 0.12199671744074903
17 z 178 0.08836754087782472
18 a 42 0.01853921455655827
18 e 60 0.053821257166723147
18 f 72 0.022009881130914066
18 g 44 0.1325619067711965
18 i 140 0.08385755333008127
18 k 38 0.035581396053100955
18 m 84 0.049647740457706924
18 n 61 0.0030923632389250333
18 o 26 0.20645775747579065
18 s 76 0.011129118936673787
18 t 101 0.1782313962914085
18 u 76 0.07543366067838841
18 v 102 0.09848434854566779
18 w 20 0.010238469110517512
19 b 163 0.006728802393042965
19 c 51 0.0341501827851346
19 d 65 0.10114777224056049
19 f 162 0.05686126595051044
19 g 179 0.0002281514767156212
19 h 70 0.028305337553632848
19 i 156 0.06047132991235682
19 j 80 0.06406046134983123
19 k 144 0.011387354496246727
19 l 154 0.1506830898117515
19 m 175 0.07599765098473688
19 n 68 0.028369838276982362
19 o 92 0.0003435079285688536
19 p 182 0.0020276158387902976
19 q 113 0.06031806332384371
19 s 163 0.02253127310210634
19 t 4 0.03925657114222125
19 v 24 0.016927988276998596
19 w 34 0.0003753126029811815
19 x 41 0.17374516024547992
19 y 16 0.034176453201761214
21 h 79 0.11527646218700371
21 i 180 0.20369074732634063
21 w 181 0.027475970644676773
21 x 104 0.04611442447087333
21 y 28 0.19125570218467125
21 z 23 0.017142148130022683
22 c 48 0.02285773546566272
22 g 62 0.008849081238906042
22 r 180 0.20371456745539696
22 x 122 0.49976209854595266
23 a 86 0.0076743437824150496
23 b 98 0.007758998123810867
23 c 158 0.029554481086069062
23 d 53 0.011150270805684315
23 g 66 0.006103383220688596
23 j 85 0.011091165220494137
23 k 42 0.010657759555147472
23 l 178 0.038736913286602115
23 m 113 0.05316443963030704
23 n 67 0.21633012721528533
23 o 0 0.18118894239332806
23 s 1 0.10514422155779457
23 w 160 0.15265603152710594
23 x 25 0.09721807435200103
23 z 151 0.015477494600329877
24 d 128 0.24453808946652322
24 f 32 0.01114094426075829
24 i 180 0.11379981975706899
24 k 46 0.177888345269699
24 m 152 0.06919900571212578
24 n 15 0.0010352291614706965
24 o 43 0.030932604722122337
24 q 167 0.04754430827140643
24 r 67 0.03620685368621235
24 u 148 0.029917047076846393
24 v 140 0.19712325704048983
24 w 3 0.03817692533611561
25 b 123 0.005675618382648184
25 c 135 0.0763729862098862
25 e 101 0.1295731366693741
25 f 19 0.022136815370801144
25 k 28 0.045036222283913685
25 n 59 0.08033071711132522
25 o 54 0.08948768855260125
25 p 164 0.09832236528320937
25 q 56 0.11695987709141309
25 r 42 0.11096557437112053
25 u 48 0.014574712257024114
25 v 142 0.03800781571423173
25 y 118 0.044437146624250023
25 z 123 0.004835073237861365
26 a 26 0.0509950506357737
26 b 162 0.054726939665243
26 c 84 0.0058536087974722095
26 d 181 0.05545470991887225
26 e 60 0.0033572755133909338
26 f 78 0.03216395548441975
26 g 108 0.0643385787430798
26 h 89 0.01221694412418628
26 i 58 0.04505252192912401
26 j 74 0.003570782389057059
26 k 122 0.020107508957785125
26 l 125 0.15562315321676046
26 m 98 0.08896689962220483
26 p 169 0.02386700134048525
26 q 107 0.06461807962909527
26 s 156 0.015699450470685883
26 u 10 0.0035813804126683113
26 v 59 0.04914911411199652
26 w 172 0.05539643947238626
26 x 157 0.029022438551460583
26 y 54 0.03371326902107741
26 z 42 0.004698260437323354
27 b 26 0.367064173450964
27 f 137 0.03497556008318714
27 j 86 0.12466737456389687
27 k 77 0.06314709369364646
27 l 40 0.18965954068940705
27 m 88 0.09117016294582081
27 s 182 0.09719761427026075
28 a 153 0.008110440068078373
28 b 56 0.039757002664986496
28 c 7 0.06205816139830567
28 f 108 0.04140891425648918
28 h 43 0.11520725584410862
28 i 39 0.014648127244315856
28 j 48 0.006204134830947949
28 k 34 0.0034751724413790708
28 l 37 0.015835578421408925
28 m 147 0.04886290876907795
28 n 68 0.06794307131071631
28 o 147 0.12992534921263044
28 q 32 0.0764424314679839
28 r 56 0.06150092277369534
28 u 156 0.01858101348676755
28 v 158 0.17111351002755004
28 w 81 0.018251813992777643
28 x 54 0.04057024611284599
28 y 157 0.018781024974410365
29 e 7 0.07686398316329879
29 f 171 0.01210646085478373
29 j 10 0.03329221709414665
29 q 136 0.26659330447452534
29 x 111 0.4448920778584343
30 a 149 0.11619091177380836
30 c 78 0.005647429894776734
30 d 160 0.13795995589485255
30 e 32 0.01211468856602882
30 i 61 0.023651609430261455
30 j 33 0.08851230227569984
30 k 154 0.1684289202978574
30 l 132 0.031716222814744954
30 m 1 0.04653507652543043
30 n 76 0.02491092522366145
30 q 29 0.1635504288495916
30 r 16 0.00562075432365261
30 s 62 0.0065195748949179455
30 t 133 0.02511107341539276
30 v 30 0.005103699616364699
30 w 111 0.010312133739970752
30 y 54 0.006193310185540812
30 z 13 0.07069512146541201
31 a 133 0.07838778016537029
31 b 116 0.026942278744111592
31 d 77 0.05743968480205208
31 f 77 0.04090778911735171
31 h 111 0.03562576548344121
31 i 144 0.04979995037257556
31 j 112 0.039045684397961744
31 k 22 0.06876524846498733
31 l 132 0.012803245984915557
31 m 165 0.01704258219755106
31 n 95 0.15808564693873195
31 o 122 0.025021298520617852
31 q 21 0.012364686094945454
31 s 86 0.03892037087890854
31 t 68 0.026565354355835735
31 u 82 0.07587866401220411
31 v 122 0.018766506676560102
31 w 104 0.006377522850595341
31 x 140 0.1511976288895861
31 y 36 0.002051872461875548
31 z 179 0.049311313472417684
32 a 160 0.021724809195337258
32 b 104 0.01715035026315659
32 c 88 0.01772792540745083
32 d 125 0.0028496285778485397
32 e 124 0.00858271216846529
32 g 26 0.013279861580466679
32 k 129 0.008975284263005201
32 l 75 0.2366070496734599
32 m 28 0.03169379273442108
32 n 170 0.02776811720880812
32 o 123 0.008771373658836956
32 p 62 0.004619170622847446
32 q 139 0.03662598501897851
32 r 64 0.09330066252055036
32 s 168 0.02528778666212217
32 t 180 0.1025633615856757
32 u 76 0.04923744838445898
32 v 41 0.040907478830365274
32 w 39 0.051803451001278145
32 x 138 0.0441315761358092
32 y 127 0.09202020759618357
32 z 11 0.014390608154638551
33 a 10 0.023927586767398812
33 c 129 0.06785219547427979
33 d 95 0.007301948780528256
33 f 101 0.03240984025810045
33 g 95 0.008385050888847112
33 h 104 0.005226812830352534
33 i 29 0.06639051813068286
33 j 24 0.015103480356431387
33 k 53 0.037835363977371306
33 l 168 0.027236960791139686
33 m 135 0.010149248483623974
33 o 83 0.02310878538557093
33 p 65 0.06799301492900667
33 q 109 0.07865269676667619
33 r 21 0.01714163157214177
33 s 173 0.012933889853475766
33 t 159 0.014438954357837708
33 u 179 0.018028700608861303
33 w 18 0.01723653569635719
33 x 177 0.14983651295574962
33 y 182 0.1382216254629871
33 z 55 0.077158326755289
34 b 37 0.09792307850187776
34 d 163 0.04361346826343271
34 e 56 0.2543137236096976
34 g 165 0.11762141799282844
34 h 130 0.11862700599797671
34 n 111 0.024954853594684967
34 o 142 0.004514160059753469
34 q 166 0.008772603881586405
34 u 110 0.03422364771270725
34 v 30 0.23627084819460664
34 x 69 0.005890435212694278
35 a 0 0.053075487734886795
35 b 94 0.10126915588616736
35 c 131 0.08747167239256348
35 d 101 0.039930175945769975
35 e 130 0.08163931836791227
35 j 55 0.008167657712158216
35 k 49 0.11549902929055622
35 o 149 0.1008908525535237
35 p 127 0.02131859730652086
35 r 19 0.10159638938514348
35 s 153 0.010554485278465697
35 t 181 0.09284671740249573
35 u 121 0.11635524629736937
35 x 157 0.0037534895130406642
35 y 13 0.06196921786869103
36 c 35 0.01234845838594023
36 e 101 0.023235455046743625
36 f 95 0.16173602234104734
36 i 48 0.01897359767333806
36 j 152 0.03011272003121679
36 k 127 0.033385941988173684
36 l 24 0.11768921667312793
36 m 173 0.04668481316749151
36 n 154 0.05171975957578745
36 o 97 0.007346617549682799
36 p 11 0.22684582995260416
36 q 23 0.02258989105344167
36 s 161 0.03294456647809574
36 u 81 0.02584791589208557
36 w 160 0.09061853085115723
36 x 63 0.011713950314303556
36 y 157 0.08207330873010577
37 a 48 0.030399407770675957
37 b 32 0.013444541914483077
37 d 56 0.0772746555944045
37 f 18 0.046101806537863554
37 g 97 0.06432180571119361
37 h 56 0.003246560618861749
37 j 114 0.004325562354694501
37 k 2 0.015455879971399522
37 l 64 0.016235168438821335
37 m 7 0.14508805406648106
37 n 120 0.15776344127906894
37 o 118 0.011320353437558217
37 p 47 0.01268019373294993
37 q 54 0.13343808536425483
37 r 40 0.01634111138116212
37 t 41 0.013472105013633717
37 u 86 0.023650828127478873
37 v 25 0.049611251692375125
37 w 53 0.08707847118434708
37 x 60 0.022700070748436385
38 a 147 0.01934796503802394
38 f 35 0.2985266398984934
38 g 121 0.021969335862609518
38 k 11 0.010388818145443124
38 l 104 0.31590046000645855
38 n 98 0.0015811760756868631
38 q 28 0.02523300900332437
38 u 168 0.026863705011561878
38 v 105 0.06318293419536603
38 x 118 0.06327331011502513
38 y 64 0.04654548986009999
38 z 48 0.0503346051289717
39 a 23 0.04363831216982972
39 d 31 0.017041409470366475
39 h 135 0.01403899653522278
39 i 147 0.020611418397020964
39 j 2 0.1339924952178766
39 k 89 0.04369709874333172
39 l 42 0.021253515813410395
39 n 39 0.30370499392149164
39 o 120 0.07832946394387097
39 p 37 0.05732366715438675
39 q 100 0.047859064994742906
39 r 76 0.06538851876452301
39 s 85 0.035727003932363166
39 v 72 0.001333734432661715
39 w 147 0.01885506367258971
39 y 167 0.06883710340810045
40 f 100 0.01603410741516398
40 n 94 0.5275463493446604
40 q 35 0.4008840757478467
41 d 57 0.10871225746456259
41 j 67 0.044664397443265
41 p 122 0.32256748375456834
41 t 48 0.3149435835777099
41 u 56 0.10739230943043121
41 x 172 0.06372418142419489
42 a 137 0.09124919997249725
42 c 74 0.10902548846145033
42 d 152 0.05575853454678903
42 e 9 0.02730232668786181
42 f 24 0.0580594711074206
42 g 119 0.006553671480680312
42 j 99 0.0587116430142971
42 k 20 0.036583417663892503
42 l 62 0.06316238301506516
42 m 144 0.08811116843111733
42 n 72 0.009047476858411674
42 o 15 0.10247659838889767
42 q 120 0.03290012284228039
42 r 93 0.03524784565560102
42 t 3 0.024248959041205942
42 w 58 0.03748551690504298
42 x 124 0.038667321058350246
42 y 158 0.01442570410526467
42 z 36 0.0568296535865731
43 a 158 0.0007177287167550173
43 b 105 0.0015005846910760567
43 c 70 0.11867145102134902
43 d 120 0.03381340549074219
43 e 31 0.007446300376565906
43 g 37 0.23583065264315328
43 i 25 0.02394840935887821
43 j 165 0.004843936967972029
43 m 95 0.04102302225282106
43 n 139 0.044525492715232984
43 o 24 0.06562186283065452
43 p 27 0.008345160914667638
43 r 107 0.00677705824840924
43 t 165 0.09935613102364749
43 w 112 0.11903803260148205
43 x 110 0.022715336256445062
43 y 62 0.047363801864947486
43 z 104 0.09135245558739546
44 c 1 0.20287470433596932
44 i 7 0.09866116225253119
44 k 40 0.08200461647145596
44 t 147 0.23291635514348785
44 u 80 0.28415020289720927
45 a 10 0.0246311782023102
45 b 37 0.02410254578033455
45 c 84 0.003681445173551512
45 d 72 0.06824129611658214
45 e 170 0.048478745934292466
45 f 149 0.1052034839079441
45 h 133 0.024799044159728778
45 i 93 0.030803554151644263
45 j 118 0.013550390579379124
45 k 84 0.014532938798633155
45 l 16 0.05921526671867483
45 m 90 0.10012903950110008
45 n 20 0.1061557991521278
45 p 63 0.0038945379838367655
45 q 12 0.037105371169431356
45 r 99 0.004898703008296201
45 s 78 0.010061047239680043
45 t 127 0.04041896932250433
45 u 125 0.0647166601608854
45 v 41 0.13692311115193745
45 w 168 0.026600493904347933
45 x 159 0.017637617877479084
45 y 8 0.015356871512133163
45 z 96 0.007437319482492821
46 a 134 0.05243407795338462
46 c 138 0.06929520098293307
46 d 54 0.003427507410942887
46 h 72 0.09901623579745422
46 i 153 0.014908364478032787
46 l 76 0.1761525022983148
46 m 105 0.07259006545676461
46 o 148 0.035077222173819256
46 r 128 0.07428785416327377
46 s 57 0.0362452011941542
46 u 181 0.008417549712379069
46 w 15 0.09789779210835892
46 y 78 0.12209828015730373
46 z 97 0.13254922299501504
47 a 105 0.09794983259709711
47 c 98 0.12738150146502714
47 d 151 0.016339844318666308
47 e 5 0.012152032075844144
47 n 168 0.2341415067368583
47 p 19 0.2260657655211541
47 u 163 0.023017619046919235
47 w 22 0.04710445387556994
47 z 171 0.20150804988262694
48 o 149 0.21470965921084295
49 a 52 0.03419419930999523
49 b 3 0.0418682388526469
49 c 3 0.26320812099565494
49 f 154 0.0029166040042489794
49 g 26 0.033071594459721076
49 h 82 0.07098608747907598
49 j 9 0.037347504944876264
49 k 162 0.07482833787550058
49 l 109 0.041603356802506264
49 m 44 0.0340758938418142
49 o 70 0.023405759248596225
49 p 142 0.08316241414978454
49 q 108 0.02285863130889021
49 r 15 0.007972325547563441
49 s 157 0.02768612596497344
49 t 65 0.03819081388032497
49 u 12 0.05114402641170157
49 w 99 0.027844933817992024
49 x 91 0.006349895207887979
49 z 147 0.005650951378049163
50 a 142 0.02433911583222026
50 b 142 0.125192037704984
50 c 168 0.014753621198035805
50 d 48 0.008486981833821905
50 e 124 0.001048181938100412
50 g 117 0.03898762410161749
50 h 35 0.06924802898145888
50 i 41 0.025789896701448156
50 j 124 0.050660761937088794
50 k 72 0.01513527106040502
50 l 115 0.004639514698840164
50 m 142 0.022918450732277607
50 n 166 0.032646984267484136
50 o 0 0.015006374462691041
50 p 111 0.010161281589546212
50 q 122 0.08917060850943692
50 r 93 0.07122562395879584
50 s 158 0.014671180173664866
50 t 47 0.001208415477865321
50 u 126 0.03595601389659897
50 w 143 0.0035048463376436967
50 x 87 0.21819730711575325
50 y 64 0.08031453942748734
51 b 22 0.03555114449519203
51 c 25 0.00852098301890436
51 d 135 0.088679066890198
51 e 69 0.05004111014510737
51 h 103 0.00622611764687897
51 k 124 0.03578605532551904
51 l 38 0.10340959519971238
51 o 176 0.005597124607215953
51 p 114 0.018807477484061086
51 q 54 0.08202933732151951
51 s 56 0.12281436209871799
51 t 116 0.023056484731874383
51 u 149 0.017840743870604747
51 v 136 0.15055772778096077
51 w 15 0.08111330628682245
51 z 76 0.06193432752616357
52 b 103 0.03496465105234425
52 c 144 0.01876009968621961
52 e 14 0.01814936488428287
52 f 51 0.0018341604684039003
52 g 107 0.002129177345328248
52 h 122 0.11958633422571174
52 i 23 0.035215414992163296
52 j 46 0.01599223381594128
52 l 35 0.014238057078602484
52 m 53 0.0846208617755958
52 o 130 0.06436799981441854
52 p 63 0.12340881984293739
52 q 169 0.05731427280797097
52 r 85 0.05805905293976377
52 t 54 0.09230620422699776
52 u 27 0.025606363319991887
52 v 89 0.045241473982048475
52 w 155 0.016614183913188696
52 x 56 0.0016595064926070435
52 y 36 0.11599873646542136
53 a 91 0.0010547506274936058
53 b 154 0.02601956979984643
53 c 79 0.03339827226203551
53 d 174 0.04700994494641941
53 e 60 0.057988034059289206
53 f 18 0.06467188177730498
53 g 174 0.018398391185949103
53 h 134 0.011087176608977733
53 i 44 0.003937110280447076
53 j 145 0.038333529586165205
53 k 95 0.037938161789923375
53 l 7 0.01185778325858955
53 n 168 0.04910093008095329
53 o 130 0.051202332304308484
53 p 27 0.06952441181559632
53 q 137 0.021446908030593237
53 r 51 0.13047179814741905
53 s 175 0.004218783298533424
53 t 149 0.05121215186708106
53 u 147 0.04209599052210666
53 v 174 0.03588039483355843
53 w 109 0.023951385091953825
53 x 102 0.07472941773927533
53 y 42 0.0624363686021413
53 z 57 0.015312966310468634
54 j 16 0.5978904588540808
54 p 102 0.15245443952799353
54 z 26 0.0197079580351609
55 a 70 0.07892768042343656
55 b 121 0.04156998956452829
55 e 174 0.02202319274029052
55 f 45 0.04239586189764699
55 g 134 0.07382983747970884
55 h 113 0.0033313134343921913
55 i 85 0.01152597183644355
55 j 66 0.08585913302918269
55 l 102 0.03723653339316346
55 o 139 0.12682226091949034
55 p 37 0.3020087035266359
55 q 156 0.05381206324790966
55 r 48 0.045504613112879344
55 v 178 0.008318850256753274
55 y 51 0.02802719619614924
56 c 112 0.050761166134956515
56 g 144 0.023319186678409376
56 h 37 0.08951662063806154
56 i 75 0.11729720256096532
56 j 65 0.08649572180704923
56 m 149 0.047479045727406244
56 n 159 0.0290193266896398
56 p 120 0.024389116192276794
56 r 43 0.03768290215468839
56 s 70 0.010238081587844117
56 u 26 0.03460036056701077
56 x 150 0.04733405241217792
56 z 82 0.05391513085040134
57 a 133 0.00416941900016965
57 b 44 0.01631777419368663
57 d 8 0.020637471616039016
57 f 128 0.013857661792982867
57 g 175 0.01295049223036826
57 h 33 0.06495730451620207
57 i 52 0.05415453980696161
57 j 177 0.02372559992301637
57 k 53 0.06991842946539306
57 l 176 0.008811972321830952
57 m 117 0.23719884462356444
57 n 163 0.037158313807514554
57 o 43 0.010439431604021387
57 p 84 0.030893140089821358
57 q 125 0.021064983897464584
57 r 78 0.05822679485991966
57 s 143 0.01951677682328168
57 t 75 0.08184146451354035
57 u 93 0.07585469750724994
57 v 86 0.001058018287334317
57 w 153 0.006805609960039427
57 x 116 0.006003501308862957
57 y 7 0.03447922480596288
57 z 2 0.031193138028927647
58 t 158 0.07805763712559599
58 w 115 0.36864140839097204
58 z 151 0.39078972683733126
59 k 168 0.8671700992152964
60 a 55 0.03163879381642365
60 b 120 0.004661476024385491
60 c 83 0.05938014107187195
60 d 181 0.059118693625831664
60 e 152 0.0008673817320176136
60 f 88 0.10548767504933132
60 g 6 0.043853460678987544
60 h 30 0.07026132195872703
60 i 55 0.034101358770784795
60 j 119 0.012935457825958951
60 k 38 0.008928450561344392
60 l 28 0.04254457032171621
60 m 173 0.02962957054902049
60 n 75 0.022474998304170546
60 o 166 0.025128751573701202
60 p 172 0.0003157326308267372
60 q 49 0.0610245913834877
60 r 113 0.05462163660957042
60 s 76 0.016133214086863412
60 t 5 0.08421327530242306
60 u 152 0.04786992510542676
60 v 97 0.03093375826197875
60 w 38 0.060836241658677626
60 x 178 0.029468369922643123
60 y 40 0.03786254612748097
60 z 136 0.017293720411265534
61 n 167 0.17753507666894708
62 a 168 0.001412007397878945
62 b 166 0.010114670748281873
62 c 156 0.039949211706112986
62 d 129 0.045708659006335806
62 e 91 0.03517617247536642
62 f 108 0.03216436190368921
62 g 64 0.01092109010303044
62 h 128 0.03177194109352355
62 i 54 0.07288392478264227
62 j 89 0.07779752873802881
62 k 154 0.039998132211709114
62 l 179 0.017800602948773947
62 m 51 0.0025499264032734503
62 n 125 0.06261148904820935
62 o 181 0.003110213820627261
62 p 72 0.02058476761452699
62 q 165 0.04750623115742647
62 r 152 0.06586888532116397
62 s 11 0.010951725655166
62 t 14 0.03674337603180189
62 u 117 0.03537908630174924
62 v 123 0.031858187615296574
62 w 6 0.06239123416167158
62 x 140 0.02485970611694288
62 y 181 0.0699884990623153
62 z 59 0.07621526377822174
63 a 57 0.013662052381496648
63 b 23 0.026306411131248986
63 c 93 0.026143662746140328
63 d 153 0.10205313412345618
63 e 112 0.01405687383878318
63 f 85 0.014713265112653362
63 g 20 0.060062245293997396
63 i 82 0.08545184013240714
63 k 154 0.04961288915590589
63 n 144 0.025694481056207974
63 o 171 0.014741516172610325
63 p 59 0.017057447009438453
63 q 15 0.11042952041471221
63 r 147 0.1445124545246952
63 s 9 0.0036461605418756093
63 t 84 0.03974720457270653
63 u 90 0.061049021976602114
63 v 117 0.007269285594120545
63 w 69 0.09283542319411375
63 x 105 0.05484685727440153
63 y 21 0.015566278114401477
63 z 84 0.015061317900856963
64 a 145 0.037559389764148854
64 b 3 0.06465040505734587
64 c 99 0.08047354523500039
64 d 166 0.14938395323466724
64 e 77 0.01353664197738258
64 g 135 0.060653807991011166
64 h 44 0.07379279032656949
64 i 140 0.020411498293101293
64 j 113 0.0005591443138800445
64 k 109 0.010667734736315881
64 l 127 0.033794942243601134
64 m 68 0.00800472265501373
64 n 158 0.028479820758625984
64 o 107 0.0049953721732381995
64 p 89 0.04375587860265595
64 r 39 0.01754349755225204
64 s 96 0.13409560974739887
64 t 47 0.038985385587011256
64 u 95 0.0013995085810846186
64 v 10 0.06484441858076928
64 w 73 0.019659017473536933
64 x 26 0.0012828705744081237
64 y 15 0.009428044953682102
64 z 157 0.0352386833375411
65 a 18 0.04579759366731517
65 b 140 0.028707989780952903
65 c 43 0.012525921182467648
65 d 84 0.09571543867443244
65 f 47 0.021584714290100004
65 h 128 0.0033346270241024767
65 i 162 0.13511459476970578
65 j 118 0.021714592510894692
65 k 135 0.019823443486798875
65 l 140 0.0025505673689365516
65 o 100 0.04481835373165555
65 p 51 0.01891305305017099
65 q 72 0.02850373616928481
65 r 19 0.17910900240257843
65 s 65 0.03654804394746736
65 t 137 0.07723137656556744
65 u 46 0.14494010284982972
65 w 111 0.022279373417903203
65 x 178 0.018942710409434182
65 y 17 0.013641593442946243
65 z 14 0.026625054942551074
66 a 44 0.053475325645667815
66 b 104 0.013197339710655953
66 c 44 0.05642564308865583
66 d 143 0.08362102119696013
66 e 105 0.03509462099247296
66 f 173 0.044839692641639006
66 g 2 0.13213064178333356
66 h 117 0.024241436948998607
66 i 15 0.03850252017147804
66 j 133 0.0032259215885798165
66 k 118 0.05147667031340619
66 l 67 0.027250632861270385
66 m 98 0.009828415559255732
66 n 20 0.011684857663619042
66 o 36 0.016748516408131353
66 q 94 0.014564433484351325
66 r 159 0.011629386730820812
66 s 122 0.0643493414439753
66 t 11 0.00013620563851091116
66 u 108 0.05197814172918591
66 v 133 0.12629028108379547
66 w 46 0.04051443398820531
66 x 177 0.02888800880167819
66 y 179 0.042185783735891325
66 z 45 2.292168730499977e-05
67 a 36 0.25690813001294543
67 b 113 0.08895665149378218
67 d 96 0.05679832387768835
67 g 123 0.007463550908211158
67 h 146 0.01379359623861054
67 k 145 0.05287642932578862
67 m 7 0.014749002734247285
67 p 56 0.008904056517772485
67 q 160 0.035920383999566874
67 r 151 0.023517318020019107
67 t 163 0.026244625155258716
67 v 54 0.2307858438639283
67 w 67 0.008512647025747722
67 x 140 0.04890394286476929
67 y 49 0.04242456119164584
67 z 61 0.0414641628629534
68 a 141 0.0723686636562012
68 b 43 0.027745004695627795
68 c 182 0.06320292933444493
68 d 31 0.022415977137368537
68 e 136 0.02752904419586255
68 f 53 0.0018647110688508883
68 g 77 0.011550137462970733
68 h 21 0.004418493180278427
68 i 148 0.08370446788517472
68 j 0 0.03438232857862433
68 l 55 0.05084544219807996
68 m 19 0.08601258005427737
68 o 149 0.029576451716390117
68 p 22 0.12728402268977046
68 q 33 0.0011164766461279063
68 r 15 0.16487291214754585
68 s 14 0.02346074168382095
68 u 140 0.003059054663834715
68 v 147 0.03156785097148718
68 w 167 0.02075877846595764
68 x 135 0.009385489474462383
68 y 139 0.0012504457565607474
68 z 141 0.07116343406772752
69 a 104 0.04428624492593991
69 b 136 0.058065388234706194
69 c 115 0.11148239587479214
69 d 9 0.024284245583134356
69 e 143 0.023622127164863893
69 h 11 0.1332896443323851
69 j 24 0.009710202529374712
69 k 47 0.0027756437911102827
69 l 152 0.02310190329501549
69 m 2 0.008548411230239306
69 o 116 0.03764715113551065
69 p 57 0.06779296279448876
69 q 72 0.02330644923094105
69 r 146 0.07996903562671975
69 s 26 0.1995844030696221
69 u 8 0.06999041284277874
69 v 70 0.0029595139648083135
69 w 45 0.049616912659569135
69 y 174 0.00939214777088826
69 z 10 0.0041092236239055335
70 a 36 0.03172093822061994
70 b 151 0.008426021110390813
70 d 21 0.00984099703087904
70 f 45 0.004407038103478866
70 g 125 0.010851560066700183
70 h 27 0.12531127026400324
70 i 20 0.07783191495506903
70 j 152 0.06880775504802727
70 k 147 0.1094773194585521
70 l 151 0.07699552230417206
70 m 99 0.06385517814117547
70 n 175 0.04812607493023724
70 o 128 0.002496071338948358
70 p 128 0.02356954136888889
70 q 2 0.01085611580848278
70 s 136 0.027511388970842487
70 t 118 0.05427764956503578
70 v 143 0.005771319857601931
70 w 84 0.1353726586403633
70 z 126 0.007444345791437268
71 a 117 0.11741106327246775
71 b 56 0.01644901323640613
71 c 44 0.002611433512313077
71 d 46 0.06443277167852324
71 f 30 0.031067631304680488
71 h 166 0.014299912084089983
71 i 178 0.05884209655208816
71 j 130 0.02887169892180219
71 k 53 0.018340494148536668
71 m 19 0.02779941162570987
71 n 38 0.017046731067132836
71 o 8 0.12889856048010695
71 p 155 0.037915967364675174
71 s 47 0.03023595434708537
71 t 54 0.04297546529957241
71 u 116 0.1037005009268005
71 v 133 0.010128856396444563
71 w 122 0.011088243240489737
71 x 177 0.14089379121299805
71 y 128 0.045283356281253906
71 z 169 0.0018451811817362662
72 a 172 0.006784915904250122
72 e 120 0.0045755878876867495
72 g 161 0.03592704579191641
72 h 145 0.018980804442703336
72 i 37 0.14587766529765223
72 j 27 0.03675509052277148
72 k 21 0.06198388336620053
72 l 65 0.08482514537982311
72 m 0 0.007166442188236144
72 o 73 0.06767062802934354
72 t 25 0.058626171423589946
72 u 53 0.10421444144122538
72 w 173 0.07081708997853897
72 y 69 0.0864693092221186
72 z 135 0.10303005396283516
73 i 154 0.21911260747386563
74 g 132 0.10140559580727249
74 h 11 0.006999624104423452
74 i 18 0.017815988536431515
74 m 2 0.06837543028999193
74 o 170 0.00048031602331866097
74 q 122 0.03378797232129649
74 r 59 0.6480417935515574
74 t 95 0.11816980915244046
75 b 82 0.42333393989466706
75 c 154 0.06886720657463885
75 f 4 0.2247805636167377
75 k 121 0.0018932005682876785
75 l 152 0.011358242317994649
75 m 160 0.063252881282015
75 r 67 0.15006682741842003
75 t 182 0.008091015771005128
75 w 49 0.02579759283477867
76 b 122 0.006165611966809981
76 c 181 0.02018696625727623
76 d 80 0.017270767033147005
76 e 21 0.012310156812299189
76 f 75 0.049993313003936835
76 g 99 0.00044092794764194476
76 h 5 0.03665070781040203
76 i 150 0.09758998765109383
76 k 143 0.024138556609169415
76 n 127 0.09890018796793265
76 o 25 0.0009361582935478729
76 p 23 0.032706311697653256
76 r 18 0.024406029522003103
76 s 166 0.2843651222053106
76 t 8 0.09202383411725912
76 x 37 0.012389182778052898
76 z 175 0.04931123493548972
77 d 106 0.11603952347874247
77 g 28 0.06978661924143703
77 k 6 0.43365298187899515
77 n 131 0.14984996325952715
77 y 139 0.1393844910920753
78 b 21 0.05218904161676052
78 d 121 0.14880798869024758
78 e 72 0.05113262671971586
78 h 83 0.047187917684704206
78 j 7 0.016683208904106683
78 l 1 0.10790546194462824
78 n 144 0.1971571605986534
78 v 47 0.1578304060058341
78 w 167 0.14860669119725245
79 c 95 0.094881787043409
79 d 181 0.15204554696622408
79 e 60 0.16346194796921776
79 h 116 0.023910794550045855
79 i 7 0.056876847363032224
79 m 83 0.0030552337866580626
79 p 120 0.024744192019101607
79 q 144 0.007987591071607514
79 r 81 0.03939831827638529
79 s 18 0.01554552424205502
79 t 135 0.042303021604062296
79 u 52 0.004847537510057176
79 x 146 0.15098107134139105
79 y 142 0.03234946023483365
79 z 139 0.09405074882109055
80 m 157 0.4629776347318936
80 z 132 0.230022011453753
81 b 179 0.04656872893849584
81 c 23 0.016572266916511702
81 d 63 0.0032022817450559904
81 e 45 0.02498309220953354
81 h 170 0.002719047366691152
81 i 122 0.018683034415746147
81 j 159 0.17615456530089169
81 k 97 0.10842402884975122
81 l 153 0.028667175367607656
81 m 68 0.06625527227251093
81 o 43 0.06042680617339069
81 p 179 0.009040380116625002
81 q 60 0.03452270316212669
81 s 67 0.025005378182661797
81 t 136 0.013838571535866206
81 u 49 0.14923584882902352
81 v 151 0.017482384752774305
81 w 15 0.03131333343553855
81 x 55 0.035385848324382296
81 y 17 0.028456639392155925
81 z 35 0.05990389020375109
82 b 162 0.576293659252022
82 j 13 0.09979566109137761
82 k 18 0.24898936644995096
82 q 98 0.02421073130423146
83 x 42 0.3410579071216093
83 y 118 0.5708347176958474
84 a 116 0.1424990557332666
84 b 143 0.030261836442183276
84 c 7 0.03428173176756977
84 d 37 0.02020598808480434
84 f 59 0.03763943021594185
84 h 143 0.19310580934810262
84 i 98 0.008777056302131991
84 j 132 0.20257111035279762
84 l 127 0.051751664331621816
84 n 47 0.05137326178417445
84 o 158 0.07260762423575928
84 p 143 0.004111109445724126
84 t 67 0.025152842821034582
84 u 167 0.015229315354666761
84 v 97 0.07090880854044712
84 x 142 0.021802769040254022
84 z 28 0.003859194112227904
85 a 9 0.2232702893190427
85 b 105 0.10221808961789847
85 c 173 0.016379976898858173
85 d 63 0.061955958678317824
85 f 159 0.018934017163457217
85 h 89 0.03945023882401588
85 m 66 0.06994924778768852
85 n 138 0.00030751036088172423
85 p 160 0.0034184408876013483
85 r 63 0.07582886269825295
85 s 36 0.02551044838453842
85 t 25 0.02687922528916653
85 u 174 0.08255174022610534
85 v 52 0.11435061134605451
85 w 166 0.04891490786670949
85 x 150 0.009020650282101195
85 y 3 0.010145321844588384
85 z 90 0.06854161920051216
86 d 99 0.5075439246083947
86 j 161 0.3196229881295163
87 a 81 0.07715001699526702
87 b 43 0.03857783015569327
87 c 9 0.013075469879181068
87 d 151 0.20548652771627918
87 e 24 0.06777984458669939
87 f 119 0.007700621696760335
87 g 62 0.05637529803471919
87 h 18 0.016034207741291717
87 i 110 0.027623377512119296
87 j 115 0.05268302412145187
87 k 56 0.008429923866974831
87 l 32 0.006381657814565345
87 m 56 0.024042374273164024
87 n 52 0.06115777126216537
87 o 170 0.010820914881736088
87 q 64 0.06348208121992927
87 r 142 0.015476771453317939
87 s 18 0.02275373161208538
87 t 67 0.07408418787261717
87 u 89 0.0013909322457003048
87 v 105 0.06361248639368255
87 w 59 0.04867643874955174
87 x 105 0.01010978223934822
87 y 136 0.008185851501345764
87 z 113 0.007040620064206027
88 b 17 0.06497802487126791
88 c 138 0.07727244019695012
88 d 127 0.06463396121664566
88 e 78 0.0010840556569178261
88 f 178 0.018040598831096655
88 g 34 0.06617088495244827
88 h 77 0.08918891040077648
88 i 146 0.05635255658116112
88 j 66 0.05500515419946861
88 k 79 0.001875336596461219
88 l 43 0.0637235324822022
88 m 156 0.009714243167641134
88 o 103 0.016113999765845488
88 p 182 0.0037556601720695193
88 q 118 0.013177929367108487
88 r 174 0.013827975799323267
88 s 65 0.02397388149738844
88 t 103 0.1381610032569046
88 u 164 0.013012097848905668
88 v 146 0.032275616697155285
88 w 84 0.016166582147121633
88 x 39 0.01826815755575384
88 y 59 0.0414324188584384
88 z 102 0.008466207669290626
89 a 37 0.036860824199886566
89 b 15 0.11638492665933631
89 c 110 0.002247831878042894
89 d 59 0.10412807390729661
89 e 38 0.004000768978728919
89 f 177 0.009286019011560231
89 h 7 0.08885673695685392
89 i 6 0.02481154609743197
89 j 137 0.1359806246621662
89 k 155 0.011225476069940177
89 l 136 0.07170317064034393
89 m 73 0.03042600957343866
89 n 142 0.0067392416870458716
89 p 143 0.046959992843134124
89 q 20 0.047671613165111704
89 r 172 0.025326812363200446
89 t 153 0.05248009070932491
89 u 162 0.0526971301045307
89 x 30 0.06990457323109422
89 y 135 0.0440410728204671
90 a 136 0.007961466664036188
90 b 156 0.03974951814150407
90 c 8 0.008383745001098508
90 d 4 0.06006108692322765
90 e 67 0.05287497665646923
90 f 69 0.0038175187033766544
90 g 0 0.06795268818832745
90 h 152 0.046628960185356116
90 i 157 0.006626644241486179
90 j 162 0.008690509292488269
90 k 128 0.00829621197685515
90 l 171 0.009898342238831681
90 m 150 0.08225709716969476
90 n 3 0.0014450920649494714
90 o 142 0.031162512328136938
90 p 65 0.10453377641782446
90 q 172 0.007084967600574976
90 r 10 0.0905422493336524
90 s 135 0.048275459702064705
90 t 139 0.04736482428728539
90 u 124 0.10853525533177644
90 v 107 0.028922358477189936
90 w 122 0.003430148141883027
90 x 13 0.02538167210900355
90 y 22 0.04619009439429578
90 z 116 0.030964827766964742
91 b 21 0.009281799998629103
91 c 78 0.017006436706868855
91 e 82 0.023842539599504553
91 f 21 0.10808535068125613
91 g 50 0.01532879711956292
91 h 73 0.020498263585434384
91 i 160 0.03372538168679717
91 j 16 0.08748037283344057
91 n 30 0.09353047219012878
91 o 112 0.0014432793482969108
91 p 169 0.18226145632899793
91 q 54 0.03528671167578723
91 r 66 0.08347263087052614
91 s 7 0.03675108925661075
91 t 30 0.04206017629369174
91 u 7 0.029663953869454196
91 v 50 0.068714224144798
91 w 109 0.009781120193192105
91 y 73 0.07364044232712108
91 z 144 0.027286585858141144
92 b 125 0.07949955739068981
92 f 154 0.045920846937502535
92 h 119 0.11382320124185352
92 i 37 0.08197628877334995
92 j 92 0.10042211022222536
92 l 0 0.12849507847965336
92 p 32 0.04499057423935349
92 q 75 0.06325825551525754
92 s 126 0.07992759888226297
92 t 160 0.022908362745131527
92 u 96 0.12535738092500592
92 w 115 0.02811591548832526
92 y 41 0.0299911332848245
93 a 61 0.06598889602582214
93 b 14 0.0485162757219576
93 c 136 0.08753329156712997
93 d 62 0.005348044503978966
93 e 21 0.0760994970797062
93 f 65 0.03042021565675157
93 g 70 0.0030433526210417172
93 h 41 0.04729839394551738
93 i 147 0.015229206253659533
93 j 5 0.0016248012684639823
93 k 55 0.18183415130260383
93 l 45 0.031336138203888475
93 m 40 0.03207641642277059
93 n 33 0.04753467934627553
93 p 141 0.0008366341799239674
93 q 10 0.035457753657207824
93 r 58 0.007095671693839067
93 s 41 0.0568017782379413
93 t 21 0.0036861415803607356
93 u 163 0.0029165611423412896
93 v 74 0.04272221164497836
93 w 1 0.06436564425802949
93 x 79 0.023516273544150534
93 y 52 0.07767950244400024
94 j 98 0.13849758981467564
94 n 24 0.13045822145342745
94 q 47 0.09210882296895295
94 t 129 0.1835958254541773
94 x 128 0.2426705200866448
94 y 110 0.17646249027937722
95 a 99 0.4545853497226148
95 b 6 0.00877935807061958
95 g 96 0.03786996502089679
95 n 16 0.010792290862758569
95 o 121 0.12048061889308959
95 t 52 0.1757851927498304
96 d 34 0.041131505516711186
96 k 87 0.030065577960431966
96 o 14 0.05265365237940489
96 p 100 0.39991038293061876
96 q 68 0.14412032161560295
96 s 6 0.07591695423122657
96 v 91 0.051303083701839114
96 y 72 0.003510766907318108
97 d 149 0.42938288946666603
97 p 155 0.2243386992864066
97 u 176 0.2695921567023206
98 a 98 0.10308776112416917
98 b 85 0.08474212342168941
98 d 44 0.10471200622873567
98 e 126 0.003647836957196504
98 h 39 0.16929820420389785
98 i 102 0.04341228400678576
98 k 1 0.024044789106531295
98 p 59 0.01525780627982598
98 q 102 0.03840799795932126
98 s 171 0.05676330226889548
98 t 143 0.024776506582787072
98 u 176 0.0023768646992813336
98 v 52 0.10313180729687177
98 w 70 0.025238558904785435
98 x 136 0.05767882239337563
98 z 63 0.05382482073702044
99 c 60 0.0006586521598610506
99 f 168 0.05635002489470531
99 h 176 0.037620332828093406
99 i 168 0.056931903549605534
99 k 96 0.1325720797358867
99 l 173 0.2756823648471348
99 m 174 0.07518638595601068
99 n 153 0.0036817909477580013
99 o 0 0.019287863620861545
99 q 45 0.0802758229016759
99 r 93 0.005239006000695934
99 s 10 0.05826204377941502
99 t 76 0.056716032749588696
99 u 180 0.04011181868984903
99 x 29 0.05727866967984163
99 y 95 2.678011961132487e-05
100 c 144 0.006140633239161697
100 e 87 0.19946211778006617
100 f 143 0.3990840023148071
100 h 94 0.12353970749899779
100 j 112 0.02039586846370245
100 k 153 0.006620499862524443
100 n 142 0.01676362844587931
100 x 155 0.11257060150269427
100 z 36 0.03384972813211651
101 b 173 0.15168700605672358
101 d 75 0.026778816949439177
101 f 126 0.20480547530109894
101 m 27 0.007296611949049514
101 n 5 0.018734839508210088
101 q 59 0.07943640375283734
101 s 39 0.26637178074577783
101 u 82 0.14620442977893955
101 v 178 0.033610150511395265
101 y 29 0.03299342542541106
102 a 136 0.3520096730817467
102 k 10 0.13314060250704374
102 u 6 0.23994786503524734
102 z 61 0.24958716036678874
103 a 122 0.05299373647668071
103 o 24 0.3100781751570705
103 q 102 0.18559786884959462
103 t 152 0.09619075288284973
104 a 179 0.009980020367497566
104 b 171 0.05293303543115413
104 c 58 0.017699786692878305
104 d 44 0.14931394289226585
104 e 89 0.011382744732639671
104 f 144 0.016212139113279345
104 g 92 0.047039780772523354
104 h 134 0.10450533717511812
104 i 171 0.02354128892175844
104 j 81 0.03804813811712415
104 k 27 0.03641331044783891
104 l 160 0.07364303376045311
104 m 116 0.023481717243443945
104 n 95 0.10853275655625505
104 o 70 0.007351455690291053
104 p 42 0.0024231974075912266
104 q 99 0.028977097729677048
104 r 165 0.005584639799891211
104 t 135 0.0609402958558346
104 u 167 0.001187282259533462
104 v 94 0.002074961752125959
104 w 128 0.003042866416954837
104 x 149 0.05012362162312067
104 y 45 0.03418659164392679
104 z 138 0.045243648316581675
105 g 18 0.47577948453010044
105 k 100 0.006999165516658801
105 y 90 0.004264257178239639
106 b 171 0.19029975482006822
106 d 175 0.07047272208775157
106 h 86 0.1118403240978546
106 n 88 0.331802903749855
106 o 100 0.03718193809732451
106 t 92 0.17139521407521385
106 z 72 0.06706007456348517
107 d 52 0.8040080906175472
108 b 105 0.13133383593870307
108 e 144 0.054330517175278925
108 l 58 0.20036292700178027
108 p 129 0.17319634131147665
108 r 178 0.18083048951047875
108 u 37 0.2126872888951944
109 a 116 0.10823124663348338
109 b 97 0.04912849467332436
109 c 32 0.16995807730406298
109 d 71 0.03373865914674201
109 i 2 0.07386372322711787
109 k 89 0.05166811709766561
109 l 140 0.11432159845726753
109 o 108 0.02628426326733857
109 q 39 0.024673411471245132
109 t 126 0.13204361414004862
109 u 175 0.021559488118324754
109 v 132 0.060760856930547225
109 w 81 0.04176192886693153
109 x 38 0.019000859661834735
109 y 0 0.03734593326109614
110 c 67 0.2029123393172091
110 k 28 0.0247814207712852
110 l 181 0.009494175652498327
110 o 69 0.013339144653473078
110 p 129 0.25392426562789083
110 r 4 0.12545824204421652
110 u 7 0.12422362706617995
110 x 38 0.06347700343752438
110 y 138 0.08093616591788821
111 a 71 0.11652606293160073
111 b 127 0.0057981738719139475
111 c 124 0.03794223127664198
111 d 78 0.0830375069762973
111 e 103 0.03195670050982846
111 h 31 0.010254420129258146
111 i 125 0.0038211803190374427
111 j 127 0.0045203473976390685
111 k 113 0.02573525789392006
111 l 116 0.06709326280546746
111 m 57 0.010616989792685327
111 n 41 0.07299815309076796
111 p 28 0.023498921376668314
111 r 31 0.04564452521546991
111 s 136 0.09170598638381311
111 t 62 0.03492096828160607
111 v 81 0.1129726515331747
111 w 126 0.02792061556257397
111 x 104 0.0302432800581095
112 a 4 0.12217240074328428
112 b 87 0.019276814455056246
112 c 161 0.01763579086764322
112 d 152 0.014603078832793437
112 e 106 0.01451410388163521
112 f 33 0.08038892834622857
112 g 151 0.011758094755272674
112 h 155 0.020790152444008836
112 i 151 0.01217813204790874
112 j 80 0.010388088618280333
112 k 9 0.06784995032242713
112 m 111 0.05761430248814814
112 r 126 0.009015863867140816
112 s 100 0.004565554776995495
112 t 91 0.03026959808874463
112 u 53 0.008895915709346447
112 v 48 0.15138567122096236
112 x 46 0.19937597061026657
112 y 148 0.1364558953993632
113 a 69 0.0012156383455783626
113 b 55 0.013170046319394335
113 c 104 0.023142779875466424
113 d 109 0.006107070944647686
113 e 92 0.021220894700891724
113 f 148 0.023155238221499563
113 g 9 0.011996654901272885
113 h 6 0.08059266035066037
113 i 131 0.003913766348529579
113 j 0 0.03236088035588636
113 k 68 0.030624197958546095
113 l 178 0.0843255825384518
113 m 34 0.09325666324327608
113 n 25 0.004594240227669633
113 o 157 0.10602005215269905
113 p 95 0.007362099296538749
113 q 67 0.15355374526996002
113 r 40 0.023901937235196957
113 s 11 0.022207944434049387
113 t 160 0.0837000197000003
113 u 47 0.028092795083892064
113 v 17 0.005250942778594614
113 w 33 0.01089785670877308
113 x 181 0.04052208970334936
113 y 115 0.0772807143164932
113 z 145 0.009828452096407259
114 d 103 0.046121586488053534
114 k 150 0.6658393122065832
114 r 162 0.040613314663166755
114 v 53 0.22327222302702698
115 c 116 0.11245828823774728
115 p 181 0.25857303354555816
115 r 154 0.27418197222608376
115 w 6 0.14257235919730515
115 y 54 0.009823207540084478
115 z 45 0.17497118994277772
116 a 174 0.0011825325179847246
116 b 125 0.029449687675851433
116 c 180 0.041938604307005245
116 e 101 0.08918946952081985
116 f 95 0.04088229579397795
116 g 116 0.01411266035414982
116 h 11 0.010928856597769099
116 i 101 0.007010444930323212
116 j 36 0.01249226979069884
116 k 84 0.00658614362254395
116 l 29 0.07811336841982075
116 m 49 0.02979835836159117
116 n 159 0.021197455664857645
116 o 131 0.006892220889759271
116 q 21 0.08202516630685663
116 s 111 0.0006129649377312196
116 t 14 0.00756144363156952
116 u 10 0.16818995480295862
116 v 23 0.011005160815540815
116 w 137 0.0038786077520701623
116 x 51 0.17601879119316166
116 y 73 0.0035006765979975762
116 z 164 0.12478543582324031
117 a 14 0.13845126789327955
117 b 158 0.07139912088071487
117 d 113 0.19643255824254635
117 h 72 0.0762451661501562
117 n 158 0.13023451125836216
117 o 32 0.019397169315914398
117 q 8 0.021148323955189285
117 r 4 0.11788858398005853
117 v 4 0.003915285079369335
117 y 65 0.12878253096686654
117 z 75 0.010052139112746161
118 b 152 0.049405038009296964
118 c 64 0.017211832468778887
118 d 163 0.011049585288790631
118 e 100 0.01230311951974239
118 f 48 0.0741562768565891
118 g 99 0.00807448689716228
118 h 174 0.045635427866653866
118 i 82 0.0023174054995598325
118 j 60 0.018548678202000568
118 k 50 0.006061567478560126
118 l 104 0.010180092135106733
118 m 182 0.04148092280108984
118 n 87 0.02335395269588081
118 o 72 0.018641494380117196
118 p 63 0.0016813980936578599
118 q 20 0.053719086089553225
118 r 156 0.0608077438064909
118 s 96 0.09952902164471955
118 t 44 0.1037355546189872
118 u 153 0.023979802687069562
118 v 67 0.032010783533887865
118 w 16 0.007503766545872481
118 x 159 0.06105160614737892
118 y 59 0.04529071482930902
118 z 76 0.10268899308116697
119 f 84 0.04931770856113771
119 u 135 0.19365249037662058
119 x 178 0.4162550767547989
119 y 158 0.2387049602712179
119 z 118 0.03224745885935032
120 c 137 0.1184417642096871
120 h 152 0.027389048956803164
120 i 19 0.05469521598623395
120 l 33 0.005265388296979534
120 m 182 0.055606168507148834
120 n 20 0.12107118776600445
120 p 148 0.02799686151103864
120 q 38 0.039454147285773566
120 s 4 0.025301135581133227
120 t 164 0.07325159700182338
120 u 84 0.10611419308880476
120 w 80 0.11877327563439843
120 x 44 0.04019071049008194
120 y 47 0.11436214454546101
121 p 84 0.8082810603414986
121 t 7 0.11830240216074528
122 c 5 0.3913113463585737
122 g 96 0.05929680420144545
122 j 56 0.03999215429452885
122 l 40 0.1161432285824574
122 q 106 0.13908721563007953
122 w 19 0.1993015164603319
122 z 69 0.043783483482302876
123 a 26 0.03342188378535682
123 c 39 0.03975937009457142
123 e 22 0.021077386181419855
123 f 90 0.17396521742275206
123 g 162 0.08300818990912173
123 m 171 0.08205227435398743
123 o 77 0.07927599473944669
123 p 126 0.05055782657903485
123 q 25 0.0320950915988889
123 t 132 0.2450971313618716
123 u 141 0.02208249347009228
123 w 34 0.037931067437192434
123 z 147 0.04467674731150839
124 a 153 0.05755833654770215
124 b 124 0.045163656013090026
124 c 32 0.043529906202383506
124 d 152 0.0847247267774639
124 e 20 0.0730360878862607
124 f 6 0.016405502749432754
124 g 111 0.01289895733668256
124 h 84 0.09052190556197315
124 j 37 0.016556065602761905
124 k 72 4.6383713543707294e-05
124 l 109 0.02889702165265884
124 m 175 0.008160323131823355
124 n 3 0.041134790571235924
124 o 78 0.0386548578293735
124 p 20 0.050165428099870346
124 q 108 0.03080885764583985
124 r 79 0.0007016205640153483
124 s 145 0.06981814844034584
124 t 66 0.033847686549072775
124 u 166 0.014779404913865424
124 v 129 0.02863923889887754
124 w 46 0.035809366524302666
124 x 127 0.02429005541277507
124 y 129 0.03978876245315932
124 z 117 0.0059769322120123425
125 d 178 0.17375844501776427
125 e 160 0.6024397258941604
125 g 127 0.05258666925014577
125 i 24 0.06641553633472663
125 s 118 0.05959504687602868
126 a 104 0.00047624120941713866
126 b 53 0.060357389066739375
126 c 76 0.007220866853798746
126 d 176 0.0005987222158654326
126 e 10 0.013028042154544006
126 f 80 0.040169948018725976
126 g 49 0.05391067498228952
126 h 25 0.04200358580811814
126 i 44 0.011845373881010812
126 j 112 0.002399207228233502
126 k 114 0.14203575791555378
126 l 45 0.002287423378936726
126 m 40 0.00015457800553975165
126 n 7 0.011897789532854253
126 o 53 0.04826633230543076
126 p 53 0.0037306466785895775
126 q 112 0.0030152392647394555
126 r 123 0.008897489532753267
126 s 19 0.03272495849905366
126 t 32 0.07729300309476217
126 u 93 0.041290610686457674
126 v 5 0.08919797416016229
126 w 123 0.011295886080019746
126 x 116 0.13537221997000415
126 y 152 0.047374117209308175
126 z 145 0.07693994115095404
127 j 161 0.41578570878683174
127 u 36 0.3181381209559452
128 g 82 0.07148253493211587
128 j 153 0.28719481207321496
128 l 108 0.04168801246070797
128 r 175 0.011104221747224696
128 s 16 0.03401288332611074
128 v 162 0.22042206025139688
128 x 143 0.24739046999233005
129 b 51 0.07970610521259769
129 d 101 0.02304731661751902
129 h 179 0.0749807445171381
129 m 122 0.09450841605803284
129 n 89 0.2835639122706545
129 o 150 0.03268150877755471
129 r 180 0.27042274029030566
129 s 52 0.005262413552058365
129 u 170 0.06020343307752751
129 y 12 0.040593343852443176
130 a 45 0.0032105230616776836
130 b 36 0.026144915010634207
130 c 103 0.01259886050542014
130 d 93 0.06372929266266025
130 e 68 0.001750416454083914
130 f 69 0.016469344084125703
130 g 92 0.02958258522612367
130 h 0 0.0225179953095187
130 i 112 0.04149681525211102
130 j 17 0.0560554401995893
130 k 98 0.02319457111654466
130 l 45 0.06567790838382359
130 m 120 0.043407264303035764
130 n 1 0.06673146080756087
130 o 142 0.14862089915388133
130 p 18 0.04328356775616038
130 q 26 0.028987086142374774
130 r 49 0.012097706487944948
130 s 48 0.027180653233932706
130 t 147 0.02700100955395568
130 u 84 0.10298031994830559
130 v 70 0.004768071682140329
130 w 181 0.018744333469241092
130 x 114 0.06584592463664674
130 y 181 0.012926702552905733
130 z 81 0.02953081528989343
131 a 56 0.13351525000784248
131 o 86 0.1034491938786749
131 q 91 0.18864042847081708
131 r 125 0.015432183075868466
131 w 8 0.16747945991754642
131 x 38 0.14116885787675104
131 y 142 0.025627477812926514
132 a 143 0.034673902307440496
132 b 22 0.17039183904137267
132 c 173 0.00437350025175387
132 d 166 0.01112192253982136
132 f 5 0.1449793838481206
132 g 152 0.009893083978397721
132 h 68 0.021192072373119042
132 i 21 0.004000830863638449
132 j 92 0.00831663720355591
132 k 170 0.10032247422645457
132 l 141 0.07348270032444737
132 m 35 0.03168805120495133
132 n 50 0.005121542646251198
132 o 48 0.06397131552488722
132 p 14 0.0766054479099425
132 q 142 0.07254266437279444
132 r 105 0.008689155996023712
132 s 42 0.010584446799052016
132 t 174 0.001227465769849334
132 u 175 0.00016425394586827569
132 v 114 0.03444764141630863
132 w 150 0.052101044525583395
132 x 75 0.0008034564338751382
132 y 74 0.03903521205979599
132 z 10 0.010651730505096824
133 a 27 0.034709733343202154
133 b 131 0.12489163130923919
133 c 31 0.034611878792711215
133 d 3 0.003408783682462113
133 e 181 0.06032340428390692
133 f 115 0.025055064103713387
133 g 31 0.060371032589937035
133 h 144 0.04522942355777204
133 i 44 0.09968120579391404
133 j 81 0.014910062286752401
133 k 25 0.02625317719011444
133 l 64 0.0024283095002771704
133 m 169 0.033262002325699314
133 n 150 5.8425628301161936e-05
133 o 167 0.04477827785006816
133 p 28 0.00041777407364373964
133 q 71 0.007483580144116431
133 r 30 0.10449648908291731
133 s 164 0.0022113642129446553
133 t 10 0.055404497702885136
133 u 109 0.011153146277368964
133 v 148 0.016866595650268712
133 w 131 0.13178065395918437
133 x 138 0.011705907201722376
133 y 31 0.0017309206747890826
134 d 116 0.04529371915699065
134 j 69 0.02124749723732522
134 s 3 0.12924802449656747
134 z 152 0.23989387086000558
135 b 73 0.10299077376487076
135 c 1 0.06068062938601371
135 f 174 0.02513665269634402
135 g 5 0.09454608342565418
135 h 38 0.0759831396108046
135 i 72 0.09137845591266214
135 j 179 0.04146120714777568
135 k 107 0.06832116836658919
135 l 59 0.014114975486977377
135 m 32 0.04383794019341736
135 n 76 0.07059961771958678
135 p 138 0.09456958968145579
135 q 103 0.04091897872731931
135 r 65 0.01299573909541396
135 s 75 0.0005677322338860646
135 t 104 0.004674359412724316
135 u 135 0.010310483535197479
135 v 147 0.005988074143222777
135 w 105 0.01955054728588068
135 x 158 0.009731328664153605
135 y 174 0.06794780880446094
135 z 47 0.04232163652937615
136 a 130 0.12035943197132204
136 b 120 0.003312359862455372
136 c 44 0.0006319394196172556
136 d 117 0.0060442815235234315
136 e 79 0.06085815406099604
136 f 57 0.004163335541199742
136 g 79 0.09678619024910207
136 h 142 0.02150308181221028
136 i 63 0.05374363180465058
136 j 50 0.0579642267770516
136 k 17 0.051138341986872726
136 l 136 0.012472088563134531
136 m 86 0.013028346240633426
136 n 50 0.0032554372584300273
136 o 161 0.010135821447466165
136 p 137 0.016518195719391837
136 q 59 0.09223968438238628
136 r 145 0.0003951704848395021
136 s 110 0.0020655204631500057
136 t 19 0.08200833331993729
136 u 130 0.01909554406752223
136 v 72 0.09209356905385835
136 w 48 0.008846559193787296
136 x 137 0.12222818463519447
136 y 15 0.006302203572900789
137 a 153 0.05678578785848287
137 b 61 0.10012540524297953
137 c 130 0.014298860969144567
137 e 159 0.017128181054619218
137 f 144 0.10157574885569587
137 h 102 0.002242036210643672
137 i 35 0.0713919283492872
137 j 71 0.07735191837352196
137 k 71 0.033560570308175164
137 l 92 0.00995477173647985
137 m 85 0.001420373793170504
137 p 180 0.010563659634980849
137 q 169 0.003343990710552691
137 r 27 0.03706056060105234
137 s 98 0.03398139830509672
137 t 25 0.032378855761773684
137 u 100 0.11966654551885325
137 v 155 0.04205472337017779
137 x 138 0.05416432699633367
137 y 152 0.08319799969905117
137 z 172 0.08107124279260058
138 a 78 0.009144325018853872
138 b 154 0.017383471605240675
138 c 63 0.15951414458473567
138 d 114 0.07292489878129638
138 e 105 0.033706967848948555
138 f 74 0.0066950123613020995
138 g 39 0.03897888798525617
138 h 64 0.05900332601617597
138 l 180 0.0012125500193390648
138 n 102 0.3200344626840044
138 o 124 1.2696638288289819e-05
138 p 149 0.054396252792180966
138 q 16 0.006799648550819715
138 s 67 0.008437358152444063
138 v 181 0.09841264224100454
138 w 90 0.0037796018958091704
138 y 2 0.03086055125950038
138 z 41 0.06206279788480651
139 e 43 0.01115089236776512
139 g 152 7.2641758572356e-05
139 h 98 0.045982408293057775
139 i 84 0.017196380550003387
139 j 130 0.029225970380533206
139 k 58 0.09707417549713593
139 l 48 0.028272631235687573
139 m 70 0.07591245952883197
139 n 13 0.008546760478057136
139 o 3 0.13583392803990035
139 p 149 0.028458329116003434
139 q 83 0.1166470235842868
139 r 133 0.04622757867926386
139 s 150 0.04044849880107715
139 t 176 0.008475693906887738
139 u 170 0.02464234679009969
139 v 109 0.06804435518059981
139 w 155 0.03559479232038032
139 x 132 0.04829760434655095
139 y 105 0.04586918124933814
139 z 132 0.05792355253420223
140 c 73 0.033833384212700435
140 f 32 0.2990764593554833
140 g 73 0.049281919228999604
140 i 149 0.17353094630340193
140 k 130 0.09977690791233196
140 m 169 0.006943404155820954
140 p 147 0.06705171107216801
140 q 177 0.04251687305772722
140 s 84 0.07945614398941181
140 t 88 0.06520924700818098
140 u 63 0.0704625879430052
141 e 23 0.015635713985848843
141 l 10 0.26259825755166644
141 q 23 0.023928514931264577
141 t 155 0.01288565091350824
141 w 48 0.2938260031969121
141 x 23 0.1597754145234349
141 y 37 0.007423532321758297
141 z 129 0.10152235875198123
142 a 37 0.1005818047969631
142 g 118 0.0020931198615523616
142 k 7 0.014775586348913294
142 m 121 0.14112269281060308
142 n 85 0.10440582927516784
142 p 150 0.08293085639694187
142 q 157 0.05985884669542507
142 r 110 0.057266976417793325
142 t 134 0.037726699240903216
142 v 29 0.007809431064673911
142 w 135 0.10449209006984783
142 x 138 0.03914950625608771
142 y 41 0.11532775234550707
142 z 175 0.02691961801432341
143 g 66 0.045120108326149544
143 u 166 0.9213458922625957
144 c 94 0.07780860467388151
144 f 73 0.1716405685467669
144 g 40 0.18036496632773735
144 h 118 0.014101116334425678
144 k 22 0.257095634000269
144 m 15 0.15410594678884848
144 z 42 0.0321409206254496
147 b 142 0.006525218967935897
147 f 102 0.050728645928654004
147 g 166 0.054776621076609855
147 i 41 0.37356662139801855
147 k 181 0.13192941747614872
147 l 80 0.00485699871293277
147 o 166 0.0813507093710013
147 s 148 0.061664675950397485
147 u 132 0.08180752796064039
147 y 78 0.06782467930934777
147 z 78 0.0771917395577213
148 a 60 0.09736319535873306
148 b 63 0.0130478939634594
148 e 41 0.1738030630830134
148 h 63 0.0622071406355863
148 i 24 0.025480917243331236
148 l 113 0.031168237648863895
148 n 103 0.034201920654015394
148 p 143 0.05473518628423579
148 t 174 0.06813335041984503
148 y 108 0.22657446032668815
149 a 173 0.21448116238207804
149 b 56 0.1786910323708948
149 c 5 0.10149434361145038
149 e 137 0.0004138464005810638
149 h 64 0.23764264919538614
149 m 158 0.11321845798358832
149 s 152 0.012220513285093326
149 t 88 0.1157274217879205
149 z 181 0.0008560209015853193
150 b 169 0.14565515906543436
150 h 54 0.8094488542043125
151 c 135 0.21108620120107702
151 e 134 0.007826689406170484
151 f 142 0.017408768490389415
151 h 71 0.00926961975589824
151 i 125 0.07325712293447217
151 k 111 0.10767828188061401
151 n 89 0.049986027161795565
151 p 6 0.038009153633781656
151 q 130 0.16449701660621918
151 t 171 0.04945762515396679
151 u 149 0.017543697599117447
151 w 95 0.08648471872926244
151 z 54 0.005226259576239234
152 a 86 0.22155802507336253
152 g 134 0.6338589899516257
153 a 34 0.03161534580345837
153 b 143 0.08666090374216562
153 c 108 0.02955737297267269
153 f 100 0.00576758801658761
153 g 66 0.09525654398137695
153 h 11 0.022470877626346364
153 i 146 0.02916643418589282
153 j 138 0.17547527215065628
153 l 19 0.09065286638475145
153 m 150 0.018574390348108816
153 n 99 0.022238865320002854
153 p 2 0.025245677891703622
153 q 58 0.07374883298645984
153 r 58 0.014878372319295785
153 s 77 0.005604070678110973
153 t 38 0.07944187300569905
153 u 175 0.0019634527777396826
153 v 101 0.03577792844427563
153 w 90 0.011400289443104006
153 y 138 0.0222937684762885
153 z 99 0.06650085675308592
154 h 136 0.05283280397105272
154 l 58 0.5309389569388123
154 z 176 0.17658364503067625
155 b 67 0.07111864564254278
155 d 174 0.10862342093745703
155 f 140 0.04675883707972339
155 k 50 0.10767586089272163
155 u 67 0.07050993661469962
155 v 24 0.4235105593108289
155 w 16 0.040333130767375214
155 x 45 0.11252467132475064
156 h 144 0.2058630302914699
156 i 114 0.09828236665740919
156 k 97 0.2651044231752455
156 m 179 0.07274193805712803
156 v 105 0.07539342202805477
156 w 45 0.09035177775763303
156 y 111 0.08426782521494247
157 a 167 0.03429747054118881
157 e 103 0.068480492111328
157 h 140 0.09293398376270345
157 i 125 0.2921058310966753
157 j 143 0.10372164846334275
157 k 112 0.11329812286699126
157 q 70 0.06875288770973587
157 s 169 0.010828503898362762
157 v 92 0.1155325578127041
158 a 161 0.05877730377450108
158 b 39 0.15186902889657616
158 e 140 0.2741518827885452
158 k 56 0.17239788840264902
158 m 62 0.1687897376646319
158 p 106 0.041976535915448365
159 b 157 0.08590156324999842
159 c 158 0.2227986432352279
159 g 61 0.08149653369223386
159 i 60 0.013149550546961097
159 l 18 0.06975501263820483
159 n 18 0.11812518201132538
159 o 156 0.005330727758528497
159 r 4 0.02512696348042265
159 s 89 0.17177569969170392
159 u 145 0.04735789423962333
159 w 150 0.058431017526014095
160 a 106 0.0489700499864415
160 b 90 0.03824990294690944
160 c 59 0.03470130055324294
160 d 127 0.011776747732429094
160 e 134 0.045168360880389335
160 f 1 0.1489360849875927
160 g 112 0.004512766583860683
160 h 94 0.02127715821466658
160 i 89 0.12269056873843964
160 j 17 0.026589812496580656
160 k 164 0.0011486714292954225
160 l 119 0.07588227182938767
160 m 156 0.003821622232117239
160 n 66 0.0022446163344141956
160 o 96 0.06802848933270367
160 p 170 0.007551937151428767
160 q 23 0.0024058257391113003
160 r 110 0.0372685402756614
160 s 72 0.04085853616352286
160 t 136 0.003741677662652876
160 u 50 0.0922027572658295
160 v 87 0.004076164014530481
160 w 180 0.034633257289115926
160 x 107 0.058287061766453374
160 y 104 0.027360531180033232
160 z 156 0.019064132476304563
161 a 56 0.10445151763015725
161 c 169 0.027641919804961668
161 e 22 0.4119451483342075
161 k 146 0.10061331082352432
161 o 145 0.010717071562744263
161 s 53 0.12510494154963658
161 t 76 0.17819832177569328
162 a 89 0.05259178921922869
162 b 12 0.07447325559411244
162 d 167 0.0915732079270819
162 e 2 0.014184464478926517
162 f 76 0.2285524510616156
162 g 25 0.021370563178052526
162 h 42 0.018873452786015932
162 i 51 0.09641033685140243
162 j 174 0.01924082263351723
162 k 58 0.02785056472075398
162 l 167 0.0016278834485980997
162 m 56 0.04793286061960311
162 n 37 0.03253065908854591
162 o 2 0.00881628631882636
162 q 137 0.023670221463622076
162 r 73 0.011641347727780804
162 t 65 0.009211459208164019
162 u 2 0.04547957706765615
162 v 170 0.0008277487215487822
162 w 28 0.0206256753700641
162 x 25 0.044606100808115445
162 y 52 0.03822320066014351
162 z 122 0.008901564991374289
163 c 120 0.23392327258536716
163 g 80 0.06909945205938994
163 n 71 0.5247232242224578
164 a 61 0.027630076507438317
164 b 15 0.0050697219386495185
164 c 164 0.01707478280884911
164 d 132 0.00811496465198236
164 f 76 0.0590333687743797
164 g 159 0.027854732653000536
164 h 64 0.0017856651817447222
164 i 130 0.0032001218381018104
164 j 45 0.2243925787461788
164 k 93 0.0001557512887621071
164 l 94 0.06408263520975965
164 m 129 0.01666761715284648
164 o 39 0.03464633577076459
164 p 57 0.012316216538579283
164 q 117 0.020959323923539386
164 r 159 0.11686099334682498
164 t 141 0.002488342120073539
164 u 14 0.01129205053737059
164 v 136 0.08930972587915464
164 x 90 0.014969229901147352
164 z 75 0.1590381978803952
165 f 39 0.03347129616911948
165 j 44 0.365190599961536
165 k 86 0.013989840103116546
165 r 119 0.07817399520522061
165 x 147 0.48236409628599786
166 e 60 0.037715441819344164
166 h 85 0.08544631984553352
166 i 143 0.26340335167646156
166 l 116 0.09223248794842753
166 s 156 0.08673335469137855
166 x 94 0.29543906863299396
166 z 2 0.020895732455366134
167 a 140 0.016009722847333374
167 d 81 0.054088030146119404
167 e 102 0.08724613728477537
167 f 160 0.005026562069344043
167 g 118 0.03788934283141043
167 h 147 0.010303983233599934
167 i 107 0.009714776394299296
167 j 110 0.025124166842125373
167 m 66 0.05672809087874486
167 n 19 0.02822381169449173
167 o 97 0.19380290293517366
167 p 153 0.09460684016130139
167 q 84 0.07563529081481002
167 r 67 0.03050715461230591
167 t 8 0.005479376434289751
167 u 108 0.06520966299567899
167 w 66 0.02608164731054763
167 x 96 0.014606927116543322
167 y 86 0.01877282392091273
167 z 21 0.06344591202853356
168 e 124 0.030304753638111248
168 f 167 0.0817898118767566
168 m 151 0.33722087226544195
168 o 85 0.22311097795665258
168 p 48 0.0030577339515091007
168 r 69 0.0151998704848888
168 s 32 0.05246593880808137
168 t 155 0.004261006832920633
168 u 47 0.02110582169060171
168 w 76 0.045581954852028095
168 x 104 0.03263945930785794
169 a 171 0.1244340612662479
169 c 88 0.0016101886148581768
169 f 124 0.0711505970732852
169 g 156 0.0847524637586573
169 i 63 0.04192638772269408
169 k 62 0.06752328866860025
169 l 45 0.04519518018026847
169 m 125 0.038569463512451385
169 n 5 0.03295863080953343
169 o 59 0.07278394392216547
169 q 127 0.00227865049721665
169 r 123 0.07025534074885065
169 s 35 0.02010061191651258
169 t 0 0.08697255657246716
169 u 6 0.05084826377674334
169 v 8 0.047418674154107054
169 w 83 0.021328768787003294
169 x 163 0.016632997252528647
169 y 32 0.07816445955272011
169 z 32 0.01793163038595247
170 d 108 0.025090294709109617
170 i 167 0.21691703050615418
170 j 79 0.06137133205983447
170 m 9 0.003589955391713029
170 r 59 0.30927760245654135
170 t 13 0.035916059394485056
170 w 140 0.14398637057098007
170 x 39 0.10286909363078633
171 b 147 0.013532737210204981
171 d 6 0.0012138619980620602
171 e 86 0.041688703349037515
171 f 1 0.05435383787242143
171 g 29 0.07098775049358041
171 h 93 0.010158501303579426
171 i 152 0.08059003654526264
171 j 181 0.011112717733168687
171 k 73 0.0638556201728272
171 m 108 0.024045298557578643
171 n 145 0.05269588584309637
171 o 161 0.03669282230352244
171 p 4 0.010345148242928204
171 q 136 0.03347286639230762
171 r 99 0.06512254116789418
171 s 132 0.16872973002074865
171 u 120 0.10947890034577179
171 v 55 0.0024715758955206057
171 w 153 0.014813267021559717
171 x 127 0.06543038112441635
171 y 33 0.038489753811311145
172 f 112 0.2291064022311805
172 l 129 0.47588203768239656
173 b 44 0.08959818546246456
173 d 99 0.0695262285319539
173 f 16 0.05544600294364188
173 h 92 0.004513826310719726
173 i 60 0.002184323429302193
173 j 151 0.039701205326606814
173 k 74 0.18851106598430767
173 l 108 0.05173996689763738
173 n 8 0.02099819988402618
173 o 91 0.004355789066655791
173 p 19 0.031311453208854534
173 q 153 0.003729121094039445
173 r 64 0.04705738050365005
173 s 1 0.04626187384710123
173 t 177 0.043726916515054115
173 v 78 0.005732404183084072
173 w 159 0.07192308007518677
173 y 58 0.12926535881918388
173 z 97 0.04310145007885391
174 a 8 0.006602115107723905
174 c 14 0.15636607616057097
174 d 7 0.02615562771548019
174 e 44 0.02985456447371615
174 f 152 0.0025082320436217165
174 g 73 0.06511695731975586
174 i 107 0.17454423020177523
174 j 125 0.06556699911266894
174 k 3 0.07229634878268987
174 l 161 0.01603110821268816
174 n 164 0.029531141667469396
174 r 78 0.03503948943061297
174 t 0 0.019373861621562738
174 u 149 0.11521101691672164
174 v 64 0.051544464157218695
174 w 35 0.021151624754255693
174 x 124 0.020640483034267243
174 y 43 0.024269196752178868
174 z 154 0.0034497216094478977
175 c 112 0.016752981648729626
175 e 105 0.03812331047617823
175 f 11 0.18467346142174257
175 g 51 0.03692654045972277
175 j 13 0.008868895741802718
175 l 48 0.11684175368249727
175 n 176 0.034244952898807246
175 p 53 0.03971088188721639
175 q 76 0.028066944009922046
175 r 171 0.012504173357414827
175 t 108 0.017949173876722013
175 u 79 0.2963069519329822
175 v 68 0.01617764581787895
175 w 102 0.12137602731172625
175 x 121 0.0022957515940628115
175 z 2 0.013181829421714863
176 a 70 0.03236775571246442
176 e 42 0.1764683653904462
176 f 34 0.02731170762671964
176 g 54 0.007747558820113909
176 i 85 0.012476675254167513
176 j 175 0.02240398059216897
176 m 178 0.018171745778686854
176 p 64 0.08972584988761456
176 t 93 0.03266923685026446
176 u 48 0.28857161783376195
176 v 115 0.15937119522990006
176 y 106 0.027539227748827333
177 a 33 0.03590801295445312
177 b 179 0.00035860567175582947
177 d 166 0.01716991875232765
177 f 82 0.0072349978630521505
177 h 114 0.0031119728953298287
177 i 166 0.17343530193801338
177 k 42 0.0034190093823139867
177 l 5 0.02490508914702705
177 m 2 0.07418999543649929
177 q 176 0.201357829321145
177 t 83 0.013650274942852869
177 u 53 0.007866040037576849
177 v 96 0.30475380256353135
177 y 53 0.003761454279064491
177 z 4 0.11652443662613132
178 a 61 0.013924712268072348
178 d 143 0.019307829135339127
178 e 10 0.20601080954944873
178 i 73 0.12072604625017058
178 j 92 0.030286249620216976
178 q 96 0.02271802425803826
178 v 32 0.014877009247767137
178 x 24 0.2135872593402245
178 z 120 0.07054751469510256
179 a 122 0.06545547570418053
179 b 70 0.0014071542791358471
179 c 163 0.012986866490128146
179 d 46 0.058564538819190215
179 e 61 0.024834754935547432
179 f 47 0.0302845086960023
179 g 148 0.19247662487062578
179 h 2 0.01756006503831231
179 i 116 0.025317260839662903
179 j 104 0.0400613948807248
179 l 86 0.021447547219704655
179 m 68 0.0417746183425346
179 n 88 0.02011186761948358
179 o 93 0.003781315023030918
179 p 154 0.01125730109483114
179 q 59 0.01362612072220093
179 r 29 0.02751956526612309
179 s 99 0.029743961209553915
179 t 153 0.024979220149389025
179 u 2 0.07453521214930203
179 v 23 0.021586427575747802
179 w 121 0.11677820568225705
179 x 84 0.07972392141197904
179 y 9 0.025608249557419915
179 z 148 0.008726788574907829
180 b 73 0.06192337771235523
180 e 137 0.2929099479834315
180 h 9 0.02684662668218285
180 n 127 0.001447160856674068
180 q 127 0.5244893606374293
181 b 108 0.06568726586304596
181 e 88 0.030583199835425345
181 g 22 0.03800642031411694
181 h 67 0.12035308270297207
181 i 144 0.01507810272372112
181 j 114 0.14311498568014003
181 k 118 0.05897684479364984
181 l 129 0.06312868906520963
181 m 32 0.055432730043614376
181 o 6 0.06987453278765388
181 q 112 0.02809947501800303
181 r 52 0.13567348433188098
181 s 106 0.08837085990298243
181 t 42 0.012654184699573134
181 v 2 0.01676423913269065
181 y 81 0.04165931822070845
181 z 135 0.01144038323642782
182 a 41 0.05115391335581898
182 d 47 0.06463740863006817
182 e 81 0.10872965488405706
182 g 15 0.007178793034560371
182 j 121 0.02161593963914865
182 k 156 0.05800844224271129
182 n 134 0.07078189910959465
182 o 147 0.21963549983689545
182 p 30 0.028676431829997018
182 r 60 0.08154479910246448
182 u 38 0.04004244685727032
182 v 48 0.04235948227197783
