70 26 790
0 0.00012295742906531792
0 0.06339396943199493
0 0.006668619859392266
0 0.3649893312653666
0 0.04430932039284563
0 0.12017322809193354
0 0.013707853369299805
0 0.10735908512618964
0 0.07288811088618441
0 0.0035065393485443908
0 0.10522690825189418
0 0.025725274266245823
0 0.021247772024181488
0 1.0
0 0.10484262112368425
0 0.00011556124756439967
0 0.028568791060886167
0 0.030590556552803627
0 0.04401830767155712
0 0.05091015983965497
0 0.23225434882937224
0 0.1169578369465124
0 0.008971063900659493
0 0.17899583694746746
0 1.0
0 0.17299221654381913
0 0.4923250026097974
0 0.5899167195257661
0 0.08774484797640447
0 0.12376850403998207
0 0.18185234015778096
0 0.023098484868860347
0 0.22105393360517311
0 0.018415344425263158
0 0.11545016492564608
0 0.4845693320506902
0 1.0
1 0.11293537534999765
0 0.023795586154948256
0 0.02852793900753292
0 0.05999460536699053
0 0.039470496287137835
0 0.054542839640634
0 0.01036302786069665
0 0.04432118092967119
0 0.018288491510755844
0 0.011515035001218976
0 0.12888436135366044
0 0.016467202125514335
0 0.08605528641603954
0 0.01927695553083686
0 0.17285425337899019
0 0.08614890548187426
0 0.0705189578219203
0 0.34091938930647925
0 1.0
0 0.034212857131385443
0 0.08091776115280835
0 0.2694026626463075
0 0.14135611187765862
0 0.0562424273060772
0 0.04050867921265
0 0.006665201834958556
0 1.0
0 0.1058514707291669
0 0.04820478530747274
0 0.7107216902512473
0 0.6880249935212234
0 0.021341308098529188
0 0.05031354820147138
0 a 57 0.04275909430002489
0 b 21 0.11438864638690982
0 c 19 0.029668383193119263
0 e 47 0.1328015643423034
0 g 58 0.030782463474153254
0 h 10 0.046881643493320024
0 k 28 0.2414329157980637
0 l 4 0.06561446437209306
0 m 31 0.020829156853933717
0 p 34 0.0198145668918156
0 q 49 0.05000184024005383
0 t 41 0.07025280823870594
0 v 61 0.1346494949864382
1 b 38 0.07593958199501116
1 d 48 0.006467921322583781
1 e 51 0.028885282339700002
1 f 16 0.1161270177295175
1 g 11 0.00931923768929166
1 h 6 0.000915008843527354
1 i 26 0.023467799233779063
1 j 61 0.0017323539771324503
1 l 42 0.028619792081709727
1 m 37 0.13795772313850407
1 n 26 0.03936013761012391
1 o 11 0.00952129050820305
1 p 8 0.02705691671994459
1 q 1 0.011237543536842254
1 r 63 0.021608234469351784
1 s 16 0.03796362700633504
1 t 47 0.15236513563378373
1 u 61 0.021398689259091497
1 v 5 0.11324924901250655
1 w 40 0.04247207977799705
1 x 29 0.02746345714922127
1 z 1 0.0034779515338475564
2 d 50 0.08120935665904228
2 e 17 0.01108604985611883
2 f 10 0.07719523590472332
2 g 43 0.18959263716332275
2 h 2 0.00025293244026114436
2 i 13 0.043280999938520304
2 j 58 0.035731067522298376
2 n 33 0.21300609821084426
2 p 11 0.09293909636776176
2 q 45 0.05889400408227463
2 w 38 0.11629489889337019
2 x 33 0.06694116888901669
2 y 5 0.006290151145684764
2 z 13 0.0006176830673684242
3 c 33 0.06839649614119148
3 f 2 0.30509188689066136
3 n 15 0.2615222857027806
4 b 12 0.10647985896569556
4 j 52 0.048803826125460525
4 l 38 0.08013976729630934
4 m 58 0.11423516406262957
4 u 55 0.11241909344324441
4 v 18 0.17121134153589057
4 w 52 0.3224016281779244
5 a 3 0.010466422530398978
5 d 26 0.020150566993934915
5 f 54 0.1656174409908845
5 g 47 0.05193054323530599
5 l 22 0.020866350580972415
5 m 57 0.048378081812447626
5 n 64 0.18471408280949075
5 o 18 0.03108612548744505
5 p 28 0.10541402263439592
5 q 61 0.06349736334784306
5 r 0 0.0034531530919750253
5 s 9 0.026178195079778255
5 t 7 0.04170414458387173
5 u 25 0.045569493495674296
5 v 56 0.0007674462368814083
5 y 58 0.0373060253192985
5 z 37 0.022727313677468053
6 a 2 0.05259265642922106
6 b 4 0.016142747814305913
6 c 1 0.0491449453881182
6 d 52 0.03295142525747852
6 f 18 0.09084407643302783
6 g 27 0.04499047134495493
6 i 49 0.03674588763135678
6 j 35 0.09356051072879967
6 k 21 0.010790569309591103
6 l 11 0.002370415581957719
6 m 21 0.08090324334463983
6 n 28 0.008715392302323766
6 p 36 0.02748829167792277
6 q 63 0.005416745968838899
6 r 5 0.124853000041661
6 s 63 0.09163912161056387
6 u 20 0.051283926119980894
6 v 28 0.03710346507381146
6 w 48 0.0083586922876977
6 x 27 0.018955646776011692
6 y 16 0.035073227588000466
6 z 9 0.06636768792043612
7 a 58 0.01472744085690647
7 b 9 0.004066468852763738
7 f 4 0.09259785743779647
7 g 50 0.02864502826809956
7 l 14 0.15272651574602658
7 n 69 0.09880883086924075
7 o 32 0.10898624958694603
7 p 19 0.0735257693156407
7 q 48 0.12499069497023985
7 r 43 0.08659082908494586
7 s 1 0.005582830955502827
7 t 52 0.008747665128791327
7 u 54 0.08267255747144142
7 w 15 0.0027138237130063247
7 x 44 0.00725835261646246
8 b 44 0.047356817642582705
8 c 24 0.05961456330236814
8 e 68 0.09553667645188346
8 g 67 0.04719507520743316
8 i 15 0.021836966786169087
8 m 61 0.0784912063323121
8 o 54 0.27476851730844476
8 q 6 0.08391522959241604
8 r 22 0.01287259162904264
8 u 40 0.13884205764624158
8 x 26 0.01836092828264424
8 y 53 0.04832125893227768
9 a 41 0.00029351767132124174
9 b 12 0.05110213614490933
9 c 49 0.005249291616685525
9 d 16 0.0039283045134185235
9 e 12 0.10381386411179416
9 g 32 0.038446104570215245
9 h 23 0.0027432569921066463
9 j 4 0.014671942886854139
9 k 34 0.025585399152349364
9 l 40 0.0049489255919501485
9 m 10 0.002934084355510458
9 n 50 0.04602653182925687
9 o 38 0.020632940817642886
9 p 45 0.022276462587666468
9 q 32 0.029044267387893785
9 r 26 0.04808471622195731
9 s 39 0.03015266242144765
9 t 59 0.05649447860949519
9 u 37 0.02200385719785003
9 v 9 0.09914823141105711
9 w 39 0.13274485400780434
9 x 27 0.08771089047066671
9 y 41 0.14845674008160248
10 a 42 0.1252726275286502
10 e 10 0.07152623300871586
10 j 57 0.0698321374126829
10 k 40 0.05043179575113288
10 l 61 0.04074162399623604
10 m 11 0.07462924792423997
10 r 58 0.07014099826790332
10 t 7 0.23660260836614422
10 y 14 0.15559581949240042
11 a 2 0.0751228903933503
11 b 3 0.12638569952416234
11 c 13 0.004980121633360923
11 d 10 0.045870414005119264
11 f 57 0.006340050617422488
11 g 1 0.0033558870273772134
11 i 37 0.00419843197887293
11 j 19 0.05333806323084267
11 k 38 0.0164597562754788
11 l 51 0.0808877980446654
11 m 32 0.16984397983758948
11 n 51 0.0015731460065210312
11 o 39 0.0927398946745579
11 p 2 0.07932051991195854
11 q 27 0.06260449851442706
11 s 3 0.017439937828957364
11 u 24 0.02178500864732258
11 v 8 0.028841742291091155
11 y 65 0.02753406629045585
11 z 26 0.0556528190002209
12 a 2 0.00011857593869246674
12 b 26 0.05566588793707927
12 c 41 0.0011040903152608195
12 d 45 0.01244023344219225
12 e 35 0.0151957487744524
12 h 3 0.019863682461539023
12 j 51 0.03515694549436632
12 l 43 0.1460951830017274
12 m 0 0.006638130840994738
12 p 49 0.06747854884818894
12 s 8 0.1844384294324669
12 t 31 0.0008027113039524858
12 u 56 0.15757175300182658
12 v 16 0.02881725969490334
12 y 39 0.2338100473660204
12 z 35 0.013555000122155159
14 f 12 0.18372300994584811
14 j 7 0.08936258254159857
14 l 1 0.06707009972453737
14 m 32 0.18358370879363117
14 n 28 0.03431216135215431
14 p 29 0.005522612308992869
14 q 16 0.05720809397385718
14 s 52 0.02384175301511926
14 v 11 0.002500955264851834
14 w 11 0.13757799105692847
14 x 2 0.10546000750061812
14 y 43 0.004994403398178471
15 b 47 0.018340273365271886
15 c 58 0.023409729213599073
15 e 36 0.006022651361575981
15 f 16 0.10772738250267688
15 h 22 0.06926271891723579
15 i 27 0.10933781377606655
15 j 15 0.0037818490272278904
15 k 60 0.05052467351714529
15 n 60 0.02619222556177936
15 p 11 0.22095657204478614
15 q 44 0.0005042801191120772
15 r 4 0.008058894705307629
15 s 64 0.13706990888397375
15 v 23 0.1105576220101484
15 w 37 0.0897323740205449
15 y 62 0.018405469725984003
16 e 24 0.05999650228096565
16 f 5 0.0837588644447198
16 i 40 0.1904325033963402
16 l 11 0.005786605987533111
16 m 64 0.36989223980512265
16 n 56 0.05193191346935322
16 o 42 0.1960597963881704
16 r 43 0.013572783166908797
17 a 6 0.012345110511398416
17 b 3 0.03168246859851298
17 c 43 0.03219826570321449
17 e 59 0.06947032426121413
17 f 15 0.009972088641585386
17 j 8 0.063537270042898
17 k 48 0.01041369424717542
17 l 53 0.06253616821706043
17 m 50 0.11014696847371752
17 n 35 0.008088317674560641
17 o 3 0.09849396777182395
17 p 69 0.03443645091010339
17 r 61 0.08529063944674597
17 s 0 0.014952843433102436
17 u 31 0.002131869849783641
17 v 31 0.14815224494749724
17 w 15 0.040211493594310754
17 x 54 0.00470465853626767
17 z 11 0.1306445985862239
18 a 42 0.06617815252721193
18 b 24 0.006922471627747062
18 e 14 0.11075393451468774
18 f 30 0.01527459592119329
18 g 23 0.0714681854568453
18 k 44 0.004657171004483929
18 l 32 0.036977166628781366
18 m 14 0.04161204257828022
18 n 38 0.07205839702004002
18 o 43 0.01056017497091466
18 p 24 0.10473855818426159
18 q 68 0.04898229621074357
18 r 37 0.0535441318485127
18 t 10 0.010219594096560702
18 u 61 0.05628707903889785
18 v 42 0.04949627767511189
18 x 21 0.19625146302416907
19 a 44 0.5949407813183607
19 j 27 0.26892155407480967
19 t 41 0.08522750476717467
20 f 20 0.03140723799522427
20 k 28 0.11818246783448161
20 n 13 0.01596059024153207
20 o 21 0.15020619400191115
20 r 60 0.03143204919676457
20 s 51 0.032664209485431805
20 t 68 0.04899233162918459
20 w 29 0.1804313530760564
20 x 1 0.1584692177100413
21 d 60 0.03511409013050537
21 e 64 0.010234866895895589
21 f 59 0.022148070512186813
21 g 7 0.16006500649012756
21 h 1 0.08520203551125849
21 l 49 0.019052374766606484
21 m 32 0.011745460906681604
21 n 0 0.003188343136173666
21 o 51 0.08627699099607744
21 q 6 0.05917485605777284
21 s 49 0.12458153189179444
21 t 12 0.003369412674225858
21 x 26 0.14457556018379525
21 y 28 0.1183135629003862
22 c 44 0.001535229059976717
22 g 4 0.30059698481713515
22 h 66 0.007263950908811823
22 k 33 0.022906763236944072
22 l 55 0.04643514798129078
22 m 39 0.10750539641062284
22 r 20 0.0065532195602072685
22 s 51 0.013289283684171926
22 u 62 0.0185753750356199
22 v 43 0.08164271310779814
22 w 15 0.08014558092954938
22 x 54 0.1283218594946679
22 y 58 0.11539664105928116
22 z 21 0.060860790813263455
23 a 57 0.5928375194992357
23 g 41 0.20279689792874178
23 x 13 0.025369745624555073
25 c 40 0.060954368175049733
25 d 50 0.006633977375398392
25 g 45 0.13500873866281393
25 h 10 0.027498652457631168
25 k 55 0.07699748359893832
25 o 29 0.0355060203634503
25 q 30 0.026685016481096446
25 s 0 0.08634557439051593
25 t 31 0.1576103302442614
25 u 63 0.01165260971929527
25 x 5 0.11217894809723794
25 y 5 0.02967671142251105
25 z 5 0.060259352467980976
26 p 44 0.5076749973902026
27 f 2 0.1351365655749004
27 q 43 0.1805010003302907
27 t 22 0.09444571456904283
28 b 56 0.11519391425733327
28 e 12 0.012985614009537794
28 g 6 0.29695590145247397
28 h 12 0.029657201562700353
28 k 41 0.04360748907139689
28 m 65 0.2591775293238737
28 q 11 0.04394146021815526
28 s 8 0.0576452497009059
28 y 1 0.05309079242721837
29 e 16 0.05470800582007007
29 h 35 0.24835547668660662
29 i 40 0.017198352663286176
29 j 48 0.01739960177073463
29 l 56 0.030380506676107255
29 m 39 0.18585351044683507
29 n 68 0.18935316063633
29 o 34 0.009289467766720683
29 u 59 0.013119997696418362
29 v 46 0.11057341579690905
30 e 3 0.31417039672672076
30 g 62 0.04570075683798436
30 p 13 0.13264483672643734
30 t 63 0.11242049400945564
30 v 4 0.06055681195395901
30 y 47 0.14754071555682435
30 z 40 0.005113648030837581
31 d 20 0.4630113509493503
31 g 6 0.0838573984973574
31 l 23 0.04957468083266048
31 p 21 0.14204413167291674
31 s 68 0.07414961574439005
31 u 20 0.16426433743446467
32 j 45 0.3444031019419702
32 n 6 0.42043668935757117
32 v 64 0.014106275095285503
33 c 62 0.026446100149025376
33 e 27 0.33409784531263087
33 g 61 0.07234220398684266
33 j 26 0.07850390529411055
33 n 47 0.08299839116384966
33 o 42 0.3821522166679374
33 x 42 0.005043993000340308
34 a 35 0.053895339015726074
34 c 28 0.01258425296896315
34 d 69 0.06251887450843785
34 e 28 0.025642878610330877
34 g 2 0.06103067539276297
34 h 43 0.27708064405606003
34 i 57 0.05744213785077956
34 j 36 0.030034786221968646
34 m 64 0.006225683680601168
34 r 18 0.013287471573472764
34 v 27 0.17377208674156563
34 x 36 0.0890397203331248
34 y 24 0.0219952841205604
35 b 29 0.18913099258987998
35 l 68 0.32629967535942983
37 a 7 0.2998869851683006
37 b 69 0.3016469541893022
37 r 6 0.28553068529239956
38 a 66 0.484577540284049
38 c 19 0.2748026961052349
38 e 45 0.020950341696605812
38 w 26 0.04129865205707817
38 z 9 0.1545751837020839
39 d 11 0.0935126933485606
39 f 64 0.14736741671311426
39 k 42 0.00653930085491039
39 l 28 0.005853063695343774
39 m 36 0.005189470308319399
39 n 64 0.18585014160806734
39 p 33 0.14792633733697336
39 r 12 0.04963753570449103
39 t 17 0.05630300878537242
39 u 13 0.2439332458841107
39 x 22 0.0293598467532038
40 b 42 0.03690592334791565
40 d 63 0.16591514363671023
40 f 15 0.06831320715776967
40 g 21 0.06595142053297032
40 j 30 0.0016756537321658271
40 k 16 0.011992227681940304
40 l 38 0.05305056253121876
40 o 65 0.008496956553081247
40 p 65 0.360120206973216
40 s 10 0.09334766995021204
40 u 6 0.05851479506220281
40 y 45 0.015721627473606614
41 w 7 0.9605295037128622
42 a 12 0.030780246398651956
42 b 5 0.0178711899997136
42 c 59 0.01947811374424957
42 d 38 0.021698128982564957
42 e 30 0.025487818627474734
42 f 41 0.006011491282712167
42 g 30 0.03387747640378058
42 h 52 0.007870133965118375
42 i 55 0.01932902395410019
42 j 54 0.04907273124303946
42 k 61 0.002622253562789112
42 l 29 0.001031743309150901
42 m 25 0.07690328068880414
42 n 8 0.12396173907793318
42 o 41 0.010027091824010292
42 p 9 0.045447496351092465
42 q 20 0.04532435778009336
42 r 31 0.009187521950920097
42 s 5 0.008427173755769624
42 t 60 0.0017617465045088876
42 u 38 0.04848315176768936
42 v 26 0.004000313880524908
42 w 0 0.28769631674658724
42 x 44 0.024642585761000646
42 y 21 0.0244640327970862
43 a 40 0.1367233093033895
43 b 33 0.05211695972340369
43 c 54 0.015742788070103875
43 d 10 0.012667443612087381
43 e 14 0.0028481249336756997
43 f 45 0.03352951219575517
43 g 14 0.007587179948584044
43 h 67 0.019361902596904734
43 i 59 0.008146428779235881
43 j 58 0.026088104664354295
43 k 24 0.004276049143056793
43 l 26 0.001281065170369633
43 n 1 0.10798020325579871
43 o 9 0.009338990468127362
43 p 5 0.051232311994062085
43 q 25 0.02984634386261964
43 r 61 0.010582558015258758
43 t 7 0.1152964164574668
43 u 6 0.0027417060062783216
43 v 3 0.09295351536370067
43 w 34 0.08414970971919578
43 x 68 0.023939372286920335
43 y 42 0.14003686310937402
43 z 44 0.0011701134595801799
44 a 17 0.11177896300445522
44 b 7 0.005089425679568937
44 c 63 0.06643001860856279
44 d 50 0.08827081604668263
44 f 56 0.15125452333234246
44 h 57 0.18277945808130913
44 j 55 0.00907294198226094
44 o 1 0.018883763295546085
44 s 49 0.07013270251443604
44 t 20 0.16750656245456974
44 v 39 0.01030225923280137
44 w 50 0.02418917635975537
44 z 35 0.04998820847803809
45 a 63 0.0026689067144067824
45 b 51 0.21319209201449407
45 c 49 0.15569102623642306
45 f 67 0.009205735970367113
45 i 37 0.005099174643368176
45 j 59 0.0004167690134285751
45 k 53 0.005015109584372346
45 l 28 0.03940995292786709
45 m 37 0.08472846673025769
45 n 6 0.019003187251865006
45 p 25 0.05933522029294214
45 q 65 0.001670798307797372
45 r 39 0.0840165101534478
45 s 12 0.07466503905602162
45 t 50 0.11821648000434437
45 x 8 0.054428685804837396
45 y 20 0.0464785834329684
45 z 37 0.008469770350035155
46 a 15 0.0580823409532043
46 b 46 0.040637245561746305
46 c 30 0.005371291973130132
46 d 6 0.018744366176510874
46 e 17 0.2666995186551432
46 f 38 0.022301373495607124
46 g 37 0.009836020289809233
46 h 52 0.04672954447617761
46 j 25 0.04150093325922344
46 k 0 0.07009414625686927
46 l 11 0.025806602583161697
46 n 56 0.017821189127262715
46 o 22 0.012191676113475158
46 p 42 0.026301182597369244
46 q 33 0.018442483024944778
46 t 22 0.014753851585018185
46 u 24 0.05096613276629591
46 v 29 0.00951076296116582
46 w 16 0.014178250252179336
46 x 26 0.07517881896407874
46 y 21 0.10756560328356912
46 z 5 0.035771630642838836
47 e 47 0.23123145529929223
47 l 31 0.17890918176591775
47 m 30 0.12241831397873126
47 q 12 0.03811615741608987
47 u 54 0.012867767727509749
47 v 69 0.2875727624587987
48 b 27 0.08100055758009095
48 c 6 0.012534358702760096
48 d 16 0.08792644159578489
48 f 62 0.10986855738881618
48 g 28 0.011465006989203608
48 i 29 0.014099230780079353
48 m 66 0.05217199564859887
48 n 4 0.010442385201861026
48 o 51 0.001279041818030513
48 q 58 0.10555946052015985
48 r 4 0.08780918321311515
48 t 53 0.14876623716016246
48 w 6 0.08182393489987339
48 x 64 0.10107948583179704
48 y 46 0.023467034287585786
48 z 63 0.054239886256566505
49 a 19 0.17857469166387663
49 b 46 0.004866920725445922
49 c 16 0.03348682557763205
49 d 55 0.024074937723190137
49 e 24 0.015682466315692922
49 f 14 0.007842159789574366
49 g 57 0.013096385266348376
49 i 34 0.05656504012138264
49 j 65 0.00926939437462826
49 k 58 0.019723584015701512
49 l 37 0.009010886229111503
49 n 49 0.01303889302963146
49 o 44 0.03079996420251707
49 p 30 0.0007975666427535444
49 r 31 0.006168025796263743
49 s 21 0.10692120245663983
49 t 2 0.1484200957509405
49 u 5 0.05915778297328955
49 v 66 0.015267055328704426
49 w 19 0.01340825702311077
49 x 11 0.0393300930037187
49 y 22 0.10667246879669157
49 z 12 0.0017700167771149689
50 a 68 0.02232567349052017
50 b 43 0.03447135863150086
50 c 8 0.05943555706555381
50 d 23 0.03468765490437564
50 e 13 0.09284861100841446
50 f 69 0.003325583115096009
50 g 12 0.0915832246816689
50 h 61 0.06827241842365217
50 j 64 0.019507255667139844
50 k 54 0.00804104725251753
50 m 56 0.015058691963317883
50 n 29 0.03883929775272865
50 o 59 0.0311131510718633
50 p 12 0.0017771679869985624
50 q 69 0.1398932780382649
50 r 36 0.031462603684431545
50 s 5 0.003183912934869748
50 u 38 0.06544096541626943
50 v 59 0.0042726908390446905
50 w 56 0.013300566767898037
50 x 11 0.08296618577078885
50 z 13 0.11891614800224815
51 l 49 0.36887972775928124
51 x 50 0.4582660188617286
52 a 54 0.035091483361973874
52 d 49 0.25778344285319243
52 e 9 0.027310480138233006
52 f 33 0.07252669888528684
52 g 56 0.0240409029836528
52 j 2 0.1922717456693509
52 k 31 0.0075718648810103595
52 l 50 0.07094195407996362
52 o 10 0.028945095325660364
52 p 55 0.08651034971377514
52 t 65 0.035930174275115245
52 y 4 0.07492690235091115
53 a 25 0.10264123199517172
53 b 26 0.04674402513813769
53 c 5 0.029378061719027238
53 f 5 0.03333262049379937
53 h 27 0.0012915953498979782
53 i 8 0.011573003466038734
53 k 63 0.01108364849059329
53 l 30 0.11609834787349138
53 m 3 0.08079248342222767
53 o 8 0.08326746772436922
53 p 45 0.02445825787529199
53 q 41 0.015811420603043413
53 r 2 0.0768646999475977
53 s 12 0.04648597158561363
53 t 21 0.12273665674924328
53 u 39 0.02340783716336392
53 w 53 0.06885432040886885
53 x 59 0.03465939217230263
54 a 67 0.44488110502121003
54 f 59 0.049955770304976
54 i 47 0.0014328087164279246
54 o 53 0.11259136131454717
54 r 1 0.034061408009403715
54 v 24 0.016158157326955913
56 b 30 0.004450464133371801
56 c 34 0.14893396677785609
56 d 4 0.05697854372258726
56 e 51 0.054789986924905665
56 f 34 0.004755431971327773
56 g 55 0.04675385840824442
56 h 36 0.0349441734865773
56 i 43 0.009127621461975433
56 j 22 0.02085813062150177
56 k 28 0.17648510972961173
56 l 1 0.018638871457392847
56 m 53 0.04886391923861888
56 n 33 0.0006781746210143824
56 o 3 0.07635514325910797
56 p 56 0.0061262677198051785
56 q 25 0.05840500542089444
56 r 10 0.002911794074922369
56 s 64 0.05044720540772074
56 u 33 0.01696253701341166
56 v 69 0.005038768590727827
56 w 64 0.07125275842658085
56 y 6 0.031091995994607657
56 z 61 0.020937414405850507
57 a 40 0.000521981572559227
57 b 28 0.06430476848093536
57 c 30 0.0027550939027527477
57 d 37 0.003621454276235836
57 e 19 0.03794584805101209
57 f 7 0.018771296096473655
57 g 3 0.04948591359091159
57 h 61 0.13428677816187407
57 i 30 0.02620219017512926
57 j 63 0.08809990999630912
57 k 21 0.0027789348231234134
57 l 55 0.005559285047710527
57 m 54 0.009800804995219403
57 n 25 0.003996779960552033
57 o 28 0.02111467702375669
57 p 34 0.006095241613183755
57 q 37 0.0144560254198709
57 r 68 0.05886598144443567
57 s 45 0.07650813221176567
57 t 40 0.13289700977480645
57 u 15 0.0029215797772442764
57 v 54 0.04329444068113075
57 w 0 0.041355754930673005
57 x 46 0.018071896065108062
57 y 65 0.05087666378670053
57 z 25 0.004493796987717569
58 e 55 0.06159123030461444
58 g 0 0.0033047030072822503
58 j 14 0.07043270045505601
58 n 32 0.22175189426222275
58 t 10 0.23071523848066233
58 y 27 0.1428015708438547
59 h 35 0.38117793265635413
59 l 32 0.03583250741838573
59 m 48 0.020763252974233204
59 r 47 0.2389044896436352
59 s 64 0.06759059818685498
59 w 43 0.11437510724287814
60 a 48 0.0038528088594833587
60 b 45 0.001408279015133851
60 c 66 0.018134504196822165
60 d 18 0.015326132094130807
60 e 9 0.0041516786688080565
60 f 58 0.1057063100500587
60 g 40 0.014279567133232307
60 h 33 0.03663717076403583
60 i 26 0.006518395881619399
60 j 5 0.0014796597462405359
60 k 31 0.0042028996622558434
60 m 57 0.012255024941664083
60 n 60 0.025774023590119377
60 o 65 0.0032471744543773884
60 p 8 0.005286503256992536
60 q 31 0.021529710219066134
60 r 32 0.09284096280603449
60 s 7 0.13510590939206768
60 t 1 0.01663026463749606
60 u 23 0.11017031962438995
60 v 17 0.09485747075979123
60 w 12 0.025907352146744222
60 x 64 0.04002620857742767
60 y 52 0.060583494629418255
60 z 59 0.08784574758651287
61 b 6 0.13597034961697974
61 c 20 0.04678848401431357
61 d 68 0.11660001665056707
61 g 58 0.01549723869960662
61 h 21 0.0015378013409741431
61 i 62 0.015547047872045527
61 k 46 0.07580181466075242
61 l 21 0.010837623492005122
61 n 53 0.1108595215985807
61 q 1 0.006945506372074806
61 r 64 0.0321499207017909
61 t 13 0.0008189979677892811
61 v 30 0.035825313004872905
61 w 60 0.11497060712840457
61 x 22 0.19950174641256746
61 y 62 0.03983933125402517
62 a 18 0.3207271958405191
62 c 52 0.17779873469098928
62 f 66 0.060990354660258705
62 g 39 0.0063391247110773374
62 k 46 0.024176741079212527
62 m 27 0.048557438459708835
62 n 47 0.10450080578010223
62 o 25 0.09971474083732945
62 r 51 0.021332659726018055
62 w 1 0.03599168982961631
62 x 52 0.022070253099566894
62 y 6 0.024799321407443453
62 z 1 0.04633573804319924
64 a 8 0.13027122457184503
64 b 11 0.011806706802044986
64 e 40 0.04571927454083213
64 g 57 0.02761185653589948
64 h 64 0.025270963594713924
64 j 18 0.02999605437590447
64 k 26 0.006783765012090104
64 m 25 0.06333368671211859
64 n 46 0.2145144585563069
64 r 26 0.014413163652158278
64 s 12 0.013797816028322196
64 t 34 0.02188410121638129
64 v 66 0.08008200989904257
64 y 10 0.16577843257159297
64 z 48 0.04288501520158017
65 c 59 0.03098806875067528
65 g 57 0.4011556455308183
65 k 66 0.3934541647053683
65 n 52 0.05667024429770051
65 v 10 0.06952709140796487
66 p 3 0.2892783097487527
67 j 12 0.11008127326398398
67 q 68 0.17004092212737765
67 z 8 0.031852811087415
68 b 16 0.045824414370716604
68 c 66 0.003434181765843869
68 e 42 0.07255091000156555
68 f 13 0.06996886063490348
68 g 27 0.06558264082954701
68 i 33 0.03895558362322027
68 k 42 0.051975829073309
68 m 11 0.178126956716131
68 p 29 0.06429099297342966
68 q 7 0.04404060544547439
68 r 6 0.15608731609367765
68 t 34 0.03196407094218012
68 u 30 0.0721364061677997
68 w 26 0.02042319680943072
68 y 69 0.06329672645424178
69 a 28 0.041084212868300996
69 b 32 0.08178394652845555
69 d 29 0.013165712910904848
69 g 45 0.00017265282508083235
69 m 55 0.03820179830083004
69 n 39 0.02387209786707123
69 o 48 0.19700542597406745
69 r 7 0.07388152256053082
69 s 25 0.13100395194320769
69 t 37 0.0679241837929151
69 u 59 0.09115045238228703
69 v 16 0.021697473065875106
69 w 32 0.02234302428011825
69 x 2 0.03192428735476549
69 z 40 0.1144757091441182
