142 26 1663
0 0.09650965105962683
0 0.12112996196870796
0 0.2896713995069774
0 1.0
0 0.02002193402568031
0 0.09604219354818877
0 0.25891242820808746
0 0.027661103254039587
0 0.20002030817155847
0 0.00622657406332372
0 0.04449520343684643
0 0.011443377517293074
0 0.0005765889483607678
0 0.06996998550460254
0 0.20638230504503496
0 0.03641665470224986
0 0.26579152087836666
0 0.053415771355520336
0 0.05885596609485577
0 0.3592608899780706
0 0.022772600893509964
0 0.11004938572849954
0 0.01715999228672105
0 0.3901613827370798
0 0.4541853752111219
0 0.004544201797198388
0 0.031462328794904515
0 0.0116786270449738
0 0.0021528466270390734
0 0.0804389470284057
0 0.0019329813463434542
0 0.09603645262080907
0 0.23412194314751233
0 0.01600960470793167
0 0.043925041349716976
0 0.0003811924028198632
0 0.5247311917539731
0 0.35790809731616835
0 0.0318635645045251
0 1.0
0 0.004186242489163328
0 0.013289949931454714
0 0.0476831268737109
1 0.23646958436094379
0 0.3007217067365451
0 0.028359199807881597
0 0.052217646190499956
0 0.12873300417601075
0 0.030385668158357526
0 0.041799685395566666
0 0.06253938701110673
0 0.25073062437908133
0 0.010886730492758567
0 0.2930608900826057
0 0.4503126655514481
0 0.01936630601907019
0 0.17022177126014437
0 0.012350173023731648
0 0.13195517164482828
0 0.537785773979851
0 0.05565109112425193
0 0.10405597339995387
0 0.03741459427189442
0 0.1796080161949516
0 0.13779886779648653
0 0.10838764588142624
0 0.17265982034922878
0 0.006848998995027333
0 0.24569983352730584
0 0.03447906268498213
0 0.24856576136822517
0 0.2542660872979151
0 0.030150277860824803
0 0.002376597305453476
0 0.14284308490457764
0 0.06519866670989538
0 0.0031503622388621144
0 0.10678775320089273
0 0.02976103561832011
0 0.37888900447328855
0 0.19436981982325463
0 0.030852034143530105
0 0.09643835400056677
0 0.18368956811933157
0 0.13699792594741989
0 0.1699046581262682
0 0.05185801531358403
0 0.022948151442999998
0 0.015367710225360653
0 0.03553832784213007
0 0.019922893858460244
0 0.0004815711932089073
0 0.029785600381847743
0 0.04774809234868693
0 0.0030529690790733754
0 0.004061847313363787
0 0.4424378837828742
0 1.0
0 0.08592313159484521
0 0.0022437834012534186
0 0.00017834558036222692
0 0.044228045887869105
0 0.025562443666036994
0 0.023593216470315093
0 0.03491825461534381
0 0.41037681115078073
0 0.003929036049486578
0 0.013740119332109724
0 0.07600103653927237
0 0.04571531858082556
0 0.12707586390545522
0 0.0701539477315346
0 0.07749805489558748
0 0.0019252774119179472
0 0.06686349766320376
0 0.055277006484217184
0 0.12365895193842324
0 0.021741684127732808
0 0.09986032533553324
0 0.29895187547547075
0 0.07025578973145508
0 0.008155841911869022
0 0.040447419758482095
0 0.8412621418510536
0 0.1387893853478469
0 0.05803491719597109
0 0.014708500603046848
0 0.11692716123923763
0 0.25996730656411515
0 0.00630172211317781
0 0.030986119554616942
0 0.0522486057675281
0 0.2499874559116868
0 0.07825762439572537
0 0.031326470281147656
0 0.06733860141443149
0 0.1752421210623627
0 0.0061542538284315995
0 0.011503049645048558
0 0.12644611750995172
0 0.018362743605339626
0 0.3137840557028869
0 i 5 0.011302481000915132
0 j 77 0.14522811869839214
0 m 99 0.20294016210779697
0 n 80 0.12034426491303385
0 t 24 0.05861536316384286
0 u 90 0.128385666635633
0 v 122 0.10477132700247405
0 x 141 0.13190296541828517
1 b 3 0.4938974156689093
1 f 24 0.10050277848414246
1 i 136 0.13406257643312358
1 r 67 0.003730875696388969
1 s 96 0.10285356311461658
1 x 116 0.04382282863411113
2 d 129 0.25340876910601884
2 e 76 0.19472807938046488
2 n 57 0.2621917520065389
4 a 80 0.01729004907124887
4 b 51 0.009561205535545736
4 c 21 0.04127003001008933
4 e 141 0.041805439847376835
4 g 75 0.17943736966696955
4 h 55 0.18245500896194666
4 l 9 0.05323228633198518
4 n 8 0.03518469510251132
4 o 78 0.14142851164832282
4 q 116 0.1005009624336195
4 s 56 0.026830100968377235
4 v 45 0.053537330006992234
4 w 14 0.018258589510768863
4 y 127 0.011593627478198698
4 z 47 0.06759285940036686
5 b 23 0.18225988249665592
5 c 97 0.2454230209406072
5 i 20 0.42479233261687
5 j 122 0.05148257039767812
6 a 66 0.1676170996760451
6 e 96 0.5734704721158674
7 b 19 0.04455635408792824
7 d 109 0.05109173537996403
7 f 131 0.10928640189530459
7 j 98 0.02532136122552142
7 m 111 0.007769692443150622
7 n 133 0.0026890315118887065
7 o 91 0.074179095845887
7 p 94 0.03750805081961839
7 r 59 0.01406495682245723
7 t 11 0.19657858664250072
7 u 78 0.005261707911741742
7 v 73 0.172591580135394
7 w 22 0.024780415910836462
7 y 89 0.08503287759127365
7 z 101 0.12162704852249362
8 a 29 0.010581188077477321
8 b 92 0.018688577290900676
8 c 65 0.00985613983063971
8 i 32 0.04369239051685325
8 j 71 0.0042889212673205
8 k 107 0.016980676952761287
8 l 110 0.07906397574624446
8 m 55 0.05720049647737557
8 n 73 0.09429981038739943
8 q 75 0.0301141620767017
8 r 13 0.014347772468639164
8 s 104 0.08501558448687885
8 t 41 0.10813673393360623
8 v 72 0.04146546924056138
8 x 23 0.186247793075082
9 c 79 0.017850008788889205
9 g 54 0.1004360139699636
9 h 107 0.03083818012281836
9 j 44 0.028924953511366036
9 k 93 0.15359708674824912
9 m 18 0.2719984048003008
9 n 128 0.15811679299235148
9 o 54 0.06843896489713408
9 t 121 0.044639404881334444
9 x 120 0.10272752313371691
9 z 43 0.016206092090552238
10 a 38 0.047319427711572715
10 c 137 0.018298568819427596
10 d 52 0.060947611820248104
10 f 4 0.056702949529792934
10 h 59 0.013152079913841375
10 j 74 0.030254015084631103
10 k 118 0.02345345844773028
10 m 76 0.21797009200876727
10 n 29 0.2767950083573695
10 r 21 0.010523385639175431
10 s 53 0.05813618779618257
10 v 132 0.03573821375681052
10 w 138 0.0002007829506798231
10 x 32 0.06166389816864726
10 y 87 0.03511564961867786
10 z 52 0.009233466939599255
11 a 62 0.03602283893407354
11 b 66 0.017673516082413854
11 c 67 0.024742662769602464
11 d 141 0.05976016290883823
11 e 107 0.027584205397974237
11 f 28 0.11253944242487846
11 g 58 0.20087765628327559
11 k 59 0.028818622307801633
11 o 125 0.19208675398841468
11 p 8 0.0055684220104667
11 q 104 0.006739977133670916
11 r 61 0.05220603595936846
11 t 1 0.016973580974297242
11 u 111 0.05256280196886087
11 v 51 0.0387159908481689
11 w 80 0.011502044236791908
11 y 79 0.06748993145125282
11 z 36 0.036691976802556425
12 a 116 0.06772095531024958
12 b 0 0.10174449171093614
12 d 68 0.0903796637496872
12 e 5 0.0443040878647033
12 h 37 0.05713342957625489
12 j 23 0.05578118838720936
12 k 12 0.012058012363894366
12 l 131 0.029127875898135258
12 m 15 0.05715605778970445
12 n 34 0.01740180374503375
12 o 2 0.13137893040028747
12 q 129 0.025228265465736976
12 r 37 0.005095556696439241
12 u 138 0.05185612556345065
12 w 24 0.17423767656781464
12 x 135 0.012732917194585136
12 z 103 0.06608637276751683
13 c 10 0.16096720110355844
13 e 127 0.0658391175216797
13 i 140 0.1654898740448939
13 j 34 0.18773237626116146
13 n 85 0.09994194708923443
13 v 21 0.08526329311591385
13 w 112 0.06516439660899243
13 y 90 0.09963180874996325
14 b 74 0.05913233360646386
14 c 109 0.03779078707104311
14 d 76 0.14357982198540997
14 f 62 0.0479034138362634
14 i 26 0.0035504984948950824
14 k 10 0.08139130167954989
14 n 137 0.003912619213559232
14 r 86 0.026570931919356666
14 t 101 0.14917701610577627
14 u 107 0.03096300623039472
14 w 100 0.04659562282954488
14 x 73 0.09274872384080779
14 y 101 0.024639823372788805
14 z 70 0.045661794769111363
15 a 131 0.052338348879941377
15 b 108 0.08605272637955863
15 f 58 0.13368672445396346
15 g 99 0.03967733615496116
15 j 135 0.006726329160981481
15 k 51 0.01699348087660313
15 l 71 0.12297276481773889
15 n 24 0.03486883408833741
15 s 6 0.105537036779485
15 v 6 0.06721280353495274
15 w 78 0.06946328771280874
15 x 12 0.0026765813280448247
15 y 135 0.2253770911303733
16 n 124 0.47368240559415187
16 o 120 0.042259433213401754
16 w 25 0.21826664031407972
17 b 131 0.010878886814214894
17 c 22 0.007898165492668197
17 d 20 0.11030275101890008
17 h 96 0.17523908484585538
17 i 51 0.0002519950693576911
17 j 100 0.11840325373967708
17 m 136 0.022136625296700907
17 n 127 0.23088691969469177
17 o 27 0.004487484566510269
17 q 138 0.031008540688567288
17 s 110 0.010803888254119709
17 t 100 0.19424947545079807
17 v 111 0.009362834202990444
17 z 123 0.020674323509427883
18 a 27 0.032108225162469695
18 b 118 0.012964208613141626
18 c 53 0.03368382585356877
18 d 41 0.02371106095627984
18 e 8 0.011912153160820393
18 f 19 0.035417082944244505
18 g 23 0.010999926552744399
18 h 38 0.021128380630115018
18 j 16 0.01331384838958194
18 k 97 0.033310748996374206
18 l 87 0.008144269881794397
18 m 60 0.032182284628414326
18 n 15 0.08237875683123785
18 o 32 0.1604609740435895
18 p 48 0.018254702061409
18 q 73 0.0018557799175503709
18 r 123 0.036384817979602024
18 s 29 0.0033585271911964476
18 t 12 0.023607351439465685
18 u 2 0.031888381871655214
18 v 55 0.17308764581202685
18 w 15 0.04325567529703345
18 x 81 0.02350597813977362
18 y 1 0.008969714858856115
18 z 86 0.06525971269219899
19 a 25 0.05222185719743566
19 l 76 0.09159649717170737
19 m 19 0.2000388281713491
19 p 64 0.026142235824084148
19 s 28 0.09567180548003162
19 w 124 0.03191714852496563
19 x 116 0.14315073765235586
20 d 57 0.033267837543950574
20 e 117 0.10429120419673754
20 g 81 0.17135227143207665
20 h 60 0.012129903703639644
20 i 49 0.05055083814962724
20 j 127 0.03257428120194117
20 l 15 0.06511926365468246
20 m 33 0.01640821541468529
20 o 134 0.0063830717409627535
20 p 5 0.05156169278611655
20 r 103 0.037939107109858705
20 s 125 0.08249324128123237
20 v 42 0.055438020094818685
20 w 135 0.16531029013938048
20 x 53 0.01641886494496614
20 y 41 0.07598929571181379
21 b 110 0.0046280205645656824
21 d 24 0.08282986140416226
21 e 99 0.03873640391755617
21 j 15 0.4838892016299009
21 k 114 0.06513610907191725
21 o 30 0.05486777508354479
21 r 18 0.06441915796282827
21 s 91 0.0028664427720097585
21 u 88 0.021593449585713853
21 v 72 0.025167399221413755
21 w 80 0.021542397561446824
21 z 93 0.024274395496440948
22 a 43 0.0391059006473915
22 c 128 0.04817254240895519
22 d 81 0.08019101842424614
22 f 49 0.03419025028401368
22 g 98 0.07631620522989813
22 h 94 0.031583206390471186
22 i 124 0.17411535789383237
22 j 93 0.02817041452107416
22 k 119 0.014853451590055133
22 l 67 0.015037448727204028
22 m 42 0.03344437243086629
22 n 89 0.024881982536990144
22 o 9 0.046905924708721125
22 p 133 0.022485749570068214
22 s 104 0.053422690335525935
22 t 83 0.07953999500462394
22 u 53 0.018552441993618718
22 v 74 0.11625022996888901
22 w 2 0.0002755276084333014
22 x 40 0.006588727515015047
22 y 88 0.017607954715742502
22 z 103 0.021148615207643218
23 e 80 0.2352045454902053
23 h 7 0.05428174575425859
23 j 64 0.06582629731081868
23 k 113 0.146521629188616
23 m 94 0.032327890482120036
23 n 15 0.004132933354131896
23 u 78 0.0715435756827697
24 e 72 0.09756730375817624
24 l 111 0.012329926233013988
24 m 134 0.1990108356853293
24 w 53 0.1532624818802566
24 y 33 0.08364407723210199
25 d 61 0.47220867739927264
25 j 36 0.19174707616752562
25 m 1 0.24302632483531394
25 s 42 0.08847371980068941
26 a 112 0.044552646556160425
26 c 23 0.009186072289857017
26 e 92 0.010978029335605655
26 f 27 0.057172772933591576
26 g 92 0.15249901183734926
26 h 82 0.14300680463358395
26 i 34 0.034942244289348
26 j 45 0.000622834900649516
26 k 28 0.0494389256598069
26 l 81 0.04077854999572772
26 m 122 0.03265875626502435
26 n 137 0.06140685948862756
26 p 33 0.030466586138534812
26 r 101 0.13137281564928593
26 s 76 0.00456361764592883
26 t 93 0.011120857334766754
26 u 9 0.009741383445511453
26 v 49 0.05740840815859427
26 w 37 0.04503929166377263
26 y 38 0.011958670073090816
26 z 61 0.029622532910278054
27 a 47 0.3062523504827621
27 c 78 0.0419014409124171
27 h 104 0.16109201644049298
27 i 121 0.0019230088214973184
27 j 135 0.18372465239469327
27 k 69 0.14351699679117158
27 m 8 0.01336723648563476
27 n 79 0.011703538525772772
27 q 43 0.04366853317776176
27 y 21 0.08117159892282255
28 b 106 0.1640530469098147
28 c 108 0.08792472655888917
28 d 118 0.012894951406356103
28 e 4 0.0293387983835649
28 f 85 0.02288660838353207
28 g 31 0.07607037762643509
28 h 95 0.014093601325295135
28 i 54 0.014873966342956457
28 j 126 0.10054186309317126
28 k 3 0.03847529813984907
28 m 88 0.05447656444955096
28 p 23 0.10058353421021415
28 s 139 0.03140213340022591
28 u 87 0.06436325914371976
28 v 67 0.06018652056982465
28 w 17 0.01180132559570335
28 z 106 0.11388057783385819
29 a 66 0.04304395913937564
29 b 28 0.022215158779106403
29 e 52 0.048964252266637254
29 h 0 0.02186099518081286
29 i 62 0.05303728865278212
29 l 84 0.011986840941171195
29 n 30 0.28589397122241134
29 p 59 0.1069196532525084
29 r 59 0.06970173018054981
29 t 10 0.10872735264083211
29 u 77 0.06336103857802378
29 v 7 0.05865469831578973
29 x 58 0.025194113821593644
30 a 138 0.03257685470921734
30 c 69 0.07991502891490965
30 h 128 0.1181304609991708
30 j 76 0.2012896103324685
30 m 30 0.08679172916274802
30 p 128 0.006151198657344037
30 q 117 0.10571831421317635
30 s 31 0.36749382166462186
31 a 130 0.034518624212254934
31 b 3 0.05602056631208563
31 c 48 0.010152730756780026
31 d 110 0.031442795055625306
31 e 29 0.08246178385966063
31 f 40 0.02545858389885125
31 g 125 0.03738428437440222
31 h 51 0.10595568471306471
31 j 90 0.07192814458951702
31 k 28 0.025246679031600272
31 l 102 0.051337684763459235
31 m 35 0.027657351510911976
31 p 64 0.12306761757151508
31 r 99 0.023960680321531425
31 t 132 0.005377321211316954
31 u 109 0.004856565869949536
31 w 56 0.06322088148198335
31 x 23 0.03729009558161711
31 y 50 0.01820936729196454
31 z 99 0.06841610497109973
32 i 76 0.7658780568524877
33 a 29 0.040380750403123056
33 b 111 0.09936072421150666
33 c 57 0.03488611268872854
33 d 115 0.04158247170515672
33 e 53 0.014485411473779353
33 f 56 0.013204591554255019
33 g 3 0.00664514616935441
33 h 99 0.10828928839705709
33 i 119 0.0007725275616852212
33 k 53 0.17589475893322926
33 l 58 0.039464631175950005
33 m 98 0.014775063587478932
33 n 46 0.011855321045523781
33 p 39 0.035789662503306174
33 q 28 0.005524266627770391
33 r 51 0.05502278610369249
33 s 80 0.007787876322260079
33 t 76 0.028592897938527484
33 u 141 0.09399759540839858
33 v 37 0.009349385154704182
33 w 50 0.022756821704651986
33 x 101 0.036834348662670324
33 y 113 0.005739348234436337
33 z 74 0.08099860772482226
34 e 1 0.15417152977858006
34 f 67 0.07596278079049146
34 g 19 0.04248907382007028
34 m 36 0.12250884068206747
34 o 0 0.48147405017753475
34 q 3 0.04101445091686229
34 u 32 0.03845423248467672
35 a 109 0.007009164635491172
35 b 63 0.008918028387047916
35 c 54 0.020477157406373347
35 d 137 0.0169435404466719
35 g 111 0.02217039358117534
35 h 55 0.016930500549796168
35 j 4 0.2045322646295228
35 k 72 0.05741416577511249
35 l 79 0.05316443278597216
35 m 60 0.05729491276862919
35 p 0 0.02130205866134327
35 q 26 0.09778094993550968
35 r 105 0.019753776711034732
35 s 99 0.06538022240491836
35 t 125 0.026647981518529762
35 u 99 0.04509482923954633
35 v 34 0.004344657142355657
35 w 118 0.019470514063724798
35 x 67 0.12621961642898682
35 y 110 0.06758513595482107
35 z 15 0.041184504570617175
36 g 126 0.040500884114953783
36 i 25 0.07980511632962717
36 p 33 0.009043458625782819
36 r 76 0.2831685918116974
36 x 87 0.04966119203119246
36 y 89 0.013089565332773279
37 a 105 0.26283651058647095
37 j 38 0.320405609360634
37 o 34 0.0588497827367267
38 a 21 0.0188445576107944
38 b 6 0.10360656310376104
38 c 117 0.10796119829095363
38 d 12 0.0595388109542303
38 e 0 0.04612033367392632
38 f 6 0.0716688909647909
38 g 47 0.05348186607651806
38 h 52 0.010078748538211113
38 i 113 0.04337404142340273
38 j 94 0.006652816625582592
38 k 28 0.07080475747315207
38 l 106 0.0034753007932870617
38 m 126 0.002664599261704703
38 n 45 0.04272626804513047
38 o 98 0.012688661773134213
38 p 3 0.014075482028448882
38 q 73 0.04144083175479285
38 r 77 0.04387099425275143
38 t 35 0.08561537395245433
38 u 80 0.09532561369598547
38 v 88 0.0038872191805382483
38 x 32 0.009112586581146331
38 y 51 0.00841789872727694
38 z 120 0.012703020713500823
40 a 48 0.025015973912648093
40 c 123 0.004178471767536718
40 d 98 0.02311844435859567
40 f 97 0.010787049811566862
40 i 61 0.0008986329644484758
40 j 141 0.039991409328720806
40 k 92 0.06734134797510183
40 l 12 0.02687205599699538
40 m 116 0.07610979237736071
40 n 125 0.01728532878750688
40 o 129 0.1822445032970087
40 p 129 0.24752133352516004
40 s 109 0.08333884600368446
40 t 42 0.030297316172852473
40 u 15 0.029655792737539932
40 v 92 0.008354315355927344
40 w 138 0.053056358803835635
40 x 64 0.0050134444066152195
40 y 71 0.037137693815379014
40 z 140 0.027595646112352434
41 a 88 0.01565107459257331
41 b 41 0.09579983554005056
41 c 83 0.006242806694981895
41 d 81 0.04018649708448785
41 e 26 0.00076631845134012
41 f 32 0.02451222613270032
41 g 123 0.002069577574753123
41 h 29 0.024341996613371886
41 i 59 0.04613853125480272
41 j 131 0.11219527514048011
41 k 105 0.03436970477209722
41 l 77 0.011631442830892014
41 m 33 0.0365215405539695
41 n 71 0.02560110813148675
41 o 124 0.014719459907762578
41 p 2 0.04531045608897499
41 q 45 0.02783569999414448
41 s 46 0.031678631511018795
41 u 122 0.034138745898167566
41 v 107 0.09242508686169693
41 w 129 0.13274793230011905
41 x 87 0.023379615658583153
41 y 45 0.04324277151363476
41 z 131 0.0652037149664556
42 a 102 0.007842970161132667
42 b 13 0.027076766307794764
42 e 135 0.0844048100361876
42 f 32 0.06845332518479008
42 g 79 0.1176549174372683
42 h 134 0.0381768425778406
42 i 109 0.08298617253618656
42 j 76 0.015525364501006056
42 k 102 0.13167575008881827
42 l 10 0.07561807292887701
42 n 83 0.019301936951014786
42 o 38 0.07477170033770286
42 p 32 0.011717652878764029
42 r 23 0.03256689481103803
42 s 52 0.04205911163829068
42 t 114 0.02168956763433627
42 u 138 0.014474474462720655
42 v 58 0.004147444967863678
42 z 81 0.0821730976846562
43 b 41 0.055425805978570275
43 h 42 0.06769905052247682
43 i 15 0.6322401555362236
43 v 60 0.008165403601785526
44 c 84 0.4533209360422561
44 u 122 0.2319503864846132
44 y 78 0.014006970736585633
45 a 137 0.15215401417920382
45 b 86 0.09233690220494284
45 c 24 0.06417219791624684
45 j 105 0.36915822701434287
45 k 36 0.07156237887743411
45 l 31 0.032635670516274806
45 n 133 0.18241259664335752
45 q 100 0.007068381636312515
45 v 57 0.00014043120400308862
46 a 121 0.03779753015728926
46 c 61 0.024349509239656508
46 f 94 0.1598150500126453
46 g 26 0.19245394728201248
46 h 123 0.012647251387206015
46 i 6 0.016509205877615285
46 j 20 0.03697732294358458
46 k 81 0.032900421486936726
46 l 140 0.08213077752575837
46 m 71 0.018475315594902786
46 n 67 0.04051761977993107
46 o 111 0.006498453440040963
46 p 0 0.0002574358695089929
46 q 81 0.04208729781726728
46 r 37 0.048434521739585956
46 t 50 0.004754544980961284
46 u 112 0.05708242687635512
46 w 89 0.009138618417099065
46 x 91 0.009667929888236393
46 y 127 0.11528717349290662
47 c 33 0.06596955660498205
47 g 85 0.3978529396202266
47 k 122 0.15135604385421386
47 l 91 0.16055094698499628
47 p 102 0.04858911116335707
47 q 92 0.026631430661365085
47 v 137 0.020316966934848302
48 b 100 0.008407727510680196
48 d 72 0.01623946129761178
48 e 32 0.013715617042406425
48 g 43 0.1409925055567567
48 i 95 0.019618215478417245
48 j 134 0.10799093577026486
48 k 94 0.060295275311869734
48 l 61 0.16005891692309704
48 m 8 0.04909418465995108
48 o 51 0.03268080514130278
48 p 85 0.004478129381072504
48 q 113 0.02496014791490775
48 r 43 0.15938756272395127
48 t 114 0.09436466965043333
48 u 51 0.03568769751774392
48 w 64 0.01712292697090856
48 x 98 0.007917599986878798
48 z 32 0.016601953003388514
49 c 74 0.06951337638443966
49 d 36 0.08990119178725231
49 f 13 0.07306290293577
49 g 33 0.039535795994204204
49 h 138 0.0773767405227287
49 i 6 0.05364368105365103
49 k 23 0.06890370143798041
49 l 44 0.009267977237003455
49 n 74 0.023304396296168872
49 o 78 0.009870408178988543
49 r 25 0.11968727709504234
49 s 127 0.030825014031096498
49 v 116 0.008922511416537326
49 x 97 0.03300300751103413
49 y 53 0.20541094793483672
49 z 105 0.04597138478769913
50 a 126 0.049939156610049995
50 b 122 0.0059611031433817185
50 c 54 0.020022973091935903
50 e 26 0.033121176989462264
50 h 44 0.0856385531422571
50 i 97 0.003681117484480856
50 j 66 0.1681785405763746
50 k 100 0.024697734512509784
50 l 97 0.1419405138329386
50 m 78 0.002948394751523975
50 n 70 0.04960775248434279
50 o 125 0.03521321881300987
50 p 25 0.03541321441054479
50 q 8 0.017912847495487716
50 r 66 0.04682918359162269
50 s 115 0.10430462626481618
50 w 14 0.029465643285227272
50 y 138 0.06561168341807022
50 z 91 0.016973179090856938
51 a 139 0.1481944673690031
51 c 11 0.07609073707965086
51 g 103 0.05500328001154242
51 k 134 0.24685300378640052
51 n 45 0.13717666508065152
51 p 136 0.08595122229367025
52 c 54 0.0697429170742393
52 d 71 0.007972787335757126
52 f 1 0.15740301330873263
52 h 71 0.034474139285932126
52 i 2 0.04122220877460647
52 k 24 0.07092507429655703
52 l 73 0.16449316830080407
52 n 68 0.022926712920854464
52 o 118 0.20788450006799153
52 p 121 0.030218104358674114
52 t 33 0.039232586817949056
52 v 136 0.028108656126930698
52 w 59 0.0887661319751003
52 y 22 0.02574326886311251
53 d 122 0.017932186602493294
53 e 58 0.17914903601893029
53 f 101 0.1380258145465223
53 i 47 0.07841847711276817
53 o 57 0.0031621868590570035
53 p 119 0.00496698622589653
53 q 137 0.17879190506488418
53 v 129 0.10649251748684252
54 f 44 0.24080562032160735
54 k 140 0.010369276880246803
54 t 40 0.010906419155201297
54 z 23 0.28760601809149644
55 a 132 0.0016078556944512101
55 b 107 0.0841337834740934
55 c 70 0.08771811882617542
55 e 5 0.13665516620973683
55 f 83 0.06193630141723028
55 g 33 0.047099350276005425
55 h 74 0.04628431863911364
55 i 36 0.008909847457554187
55 j 21 0.07203287820098725
55 k 43 0.00961693605187297
55 l 12 0.04457930635304208
55 m 20 0.02001838454440108
55 s 2 0.18736855758085225
55 u 54 0.10478901165621868
55 w 68 0.06788387759919512
56 e 102 0.07254872782488841
56 f 60 0.012657146838066291
56 i 84 0.17904320275960417
56 l 79 0.27826981248073646
56 m 2 0.06506023308137354
56 r 99 0.008261728415128733
56 v 111 0.1393534212808505
56 y 111 0.07458395605920753
57 a 91 0.0003698502697727646
57 b 1 3.3378493098812356e-05
57 d 45 0.014871278824487355
57 f 83 0.038636725855450194
57 g 4 0.1585196183986297
57 h 37 0.08401086911475586
57 i 38 0.028016889217129637
57 j 62 0.04542743636841584
57 l 88 7.536526663387555e-05
57 m 46 0.1033726275708613
57 n 15 0.07548423004119043
57 p 100 0.01816178465636764
57 q 16 0.009517271762008672
57 r 138 0.16806207420203578
57 s 49 0.06283762383964664
57 t 126 0.018326827882181762
57 u 128 0.06108209324151603
57 v 84 0.026109384891858767
57 w 94 0.02502729116478608
57 x 37 0.022825585432128093
57 z 71 0.026881620483313107
58 a 135 0.04508203261912014
58 b 79 0.19964962311035972
58 h 9 0.12194754549612141
58 j 79 0.03191702509662697
58 l 121 0.056634348134800505
58 o 54 0.11188460398998645
58 p 7 0.09041586816740488
58 s 8 0.04467256605996994
58 u 116 0.1295524694206015
58 w 6 0.036271855882798354
58 y 37 1.6890377381839627e-05
59 t 71 0.12720026747263324
59 y 85 0.09281737205477858
59 z 78 0.24219658649273723
60 a 32 0.011359041803329362
60 c 130 0.009889836474674119
60 d 75 0.0711450229857602
60 g 34 0.09649321958296408
60 j 133 0.04017594568786231
60 o 14 0.12956919154802693
60 q 60 0.041833535805788524
60 u 27 0.2669058145884655
60 v 136 0.17487584419615954
60 z 70 0.10210145620271749
61 i 100 0.4804375214619462
61 o 85 0.41550650513809995
62 g 132 0.3640132272647163
62 i 122 0.23383751340369574
62 j 108 0.1615328260312897
62 l 135 0.018000281383538153
62 q 46 0.12054507455419905
62 v 110 0.006690304235896449
62 w 36 0.010126761882413238
62 z 33 0.04783941697235694
63 b 42 0.02641007132450135
63 g 89 0.4411701444638465
63 k 9 0.05222286087073458
63 l 81 0.09173222865095065
63 n 45 0.08809957439821414
63 s 63 0.12075710409680118
64 a 82 0.01935337296818529
64 c 61 0.24509540658617868
64 m 74 0.07324280969279073
64 w 52 0.41054258757969
64 z 97 0.11396695537666879
65 a 4 0.005454999693439544
65 b 53 0.006853448075103574
65 c 59 0.06177493056194716
65 d 50 0.05532585154800884
65 e 12 0.057565005182987794
65 f 137 0.018036636561444497
65 g 127 0.029675102049754987
65 h 58 0.04593645623201981
65 i 70 0.014002350964149257
65 j 22 0.060856377374288395
65 k 33 0.006845868560534818
65 l 14 0.01470322332144769
65 m 56 0.07092442506768526
65 n 135 0.011099700033551207
65 o 42 0.1277159301532491
65 p 6 0.014680999019560437
65 q 22 0.0809425091396142
65 r 118 0.003974266051556152
65 s 138 0.05551692338525749
65 t 20 2.8441383416177857e-06
65 u 36 0.0032563334974787805
65 v 78 0.0526386593501057
65 w 71 0.01741853495799428
65 x 98 0.0011528409333845246
65 y 23 0.0007867215743716516
65 z 26 0.07447141669129698
66 a 49 0.015493065728339195
66 b 35 0.018185933975283453
66 c 94 0.015253121185047847
66 d 0 0.044338876219821355
66 f 114 0.05440183890413686
66 g 39 0.04707946491448378
66 h 23 0.012059870710800946
66 i 125 0.030043793973879573
66 j 37 0.07868000966187538
66 m 14 0.00015732813868118978
66 n 129 0.02353393115179525
66 o 52 0.0066870265954027674
66 q 90 0.08346908174625944
66 s 119 0.044685064710331734
66 t 48 0.05185206564589406
66 u 114 0.07498269097575505
66 v 55 0.04409428889522271
66 w 91 0.019316156886894253
66 y 56 0.14870192273207206
66 z 124 0.014324646898794313
67 b 132 0.03251154466193773
67 c 40 0.018025075820489733
67 d 0 0.07558955538657597
67 e 15 0.00617709681116696
67 f 78 0.06257567343590131
67 g 23 0.08212060635599039
67 i 115 0.029080564336223746
67 j 83 0.05177413358315508
67 k 83 0.007545412474998403
67 l 128 0.031928637131804605
67 m 101 0.008594344117029418
67 n 40 0.013201986002939092
67 p 71 0.08975939185460924
67 q 13 0.04760835421560383
67 r 57 0.06865943401623698
67 s 114 0.030560448566938958
67 t 85 0.1392296350379757
67 u 42 0.0591363073482436
67 v 141 0.0228467804804523
67 w 34 0.07381862333224931
67 x 20 0.04240739603445032
68 c 10 0.13192306660437503
68 k 22 0.16192626079455508
68 o 80 0.2497648163232511
68 y 137 0.21068602275051296
69 a 84 0.006764411867235975
69 b 76 0.01759449833435489
69 c 82 0.009574848379928391
69 g 108 0.0295745346553008
69 h 137 0.0315885876417783
69 i 106 0.09173688415112746
69 j 8 0.03068932468711516
69 k 111 0.051280964065993695
69 l 86 0.009820633893882436
69 p 134 0.08260553245606062
69 s 69 0.020815927373093346
69 w 24 0.29206550636252604
69 x 134 0.017516411339686955
69 y 116 0.18502580815302783
69 z 125 0.08886706395390598
70 a 105 0.012738218627877496
70 b 74 0.06721905924162808
70 d 65 0.040680233500744345
70 j 114 0.04197109419332379
70 n 103 0.192569048109148
70 o 9 0.03901155179947968
70 r 74 0.01141519412335723
70 t 132 0.07009490346641434
70 w 15 0.09118976676519963
70 y 46 0.09404757970042155
70 z 46 0.09049758910418071
71 e 56 0.2243008892271493
71 h 101 0.2085354615087177
71 i 43 0.02434449805820993
71 j 123 0.009767309443345251
71 s 91 0.008112119431311626
71 t 104 0.002385420540562677
71 x 127 0.20947265253482494
71 y 98 0.01899886119133698
71 z 141 0.03981670076662647
72 j 55 0.051624134484443585
72 n 131 0.1167499684633968
72 v 9 0.6908513023179755
72 x 97 0.11062431687335927
73 d 112 0.49248641680656113
73 l 9 0.5051369858879854
74 a 121 0.022603115090591652
74 c 3 0.19710535548712615
74 i 119 0.05513948435066951
74 k 52 0.1359011650629639
74 l 134 0.05787538178405682
74 m 77 0.0647528026132691
74 p 95 0.002771941460228966
74 q 68 0.014026533153683518
74 u 41 0.06954171004760423
74 v 108 0.12349726264722038
74 w 81 0.0824028843155803
74 x 35 0.03153927908242782
75 a 126 0.03081398302350291
75 b 2 0.0709506551134288
75 c 32 0.07239836435430969
75 d 100 0.008320799690142877
75 e 107 0.011897465359390957
75 f 104 0.07816687138072276
75 g 62 0.01953840263927964
75 j 123 0.03817657802663088
75 k 102 0.0251536869947665
75 l 127 0.029650934630943038
75 m 118 0.04547745922824975
75 n 38 0.06091486063483964
75 o 94 0.0036537627425549113
75 q 111 0.0403325395431382
75 r 21 0.027764125155770758
75 s 140 0.07214903279324181
75 t 21 0.06269831527503467
75 v 102 0.049487740020082494
75 w 125 0.015578818374095693
75 x 60 0.012797848606441065
75 y 90 0.058796344514323584
75 z 15 0.100082745189214
76 b 8 0.013521660362779131
76 c 72 0.042331462394602615
76 d 128 0.00649940203493371
76 e 82 0.12731203992290674
76 f 108 0.010897944002238091
76 g 75 0.07855607422617039
76 i 70 0.032104653206008194
76 j 47 0.04274995208841248
76 k 6 0.08753674755229479
76 l 46 0.04892461031467821
76 m 0 0.03090061634091046
76 n 138 0.08391350414082122
76 t 110 0.010637172824473962
76 u 101 0.16060311471195965
76 v 14 0.013582349183244746
76 w 30 0.09371216073271316
76 x 141 0.111179680712302
76 z 104 0.0018864930096883503
77 a 57 0.10297390193978995
77 c 42 0.16552259267233815
77 d 114 0.01597950298956541
77 l 77 0.19321575927359547
77 o 29 0.03413165384779848
77 q 5 0.21580167022570584
77 r 81 0.10729430656336492
77 s 96 0.05829285928694905
78 a 2 0.04931737908429057
78 b 92 0.07222835224173196
78 c 63 0.013643662375384169
78 d 74 0.013051454724464895
78 e 114 0.03972388262793136
78 f 134 0.0030016076048186013
78 g 21 0.05209907700304328
78 h 97 0.0033018553384541738
78 i 124 0.0389513144448691
78 j 65 0.10660260346738715
78 k 131 0.0696384672161442
78 l 2 0.003209977847670853
78 m 55 0.02332134101972405
78 n 62 0.03334398298166763
78 o 66 0.019368527904298438
78 p 88 0.0011671105223681755
78 q 65 0.12341958002052211
78 r 139 0.12303733257874017
78 s 54 0.024387078227652514
78 t 90 0.029310104677834792
78 u 131 0.03886941125984633
78 v 136 0.0021317348684288806
78 w 52 0.01720257635323874
78 x 62 0.02664432611297307
78 y 95 0.028780628058615587
78 z 105 0.014485595819579089
79 x 55 0.41697010208355967
79 y 134 0.20414089344315178
80 b 98 0.038066831210461394
80 d 56 0.014187986260121077
80 g 86 0.020897968459588245
80 j 35 0.08971739105041021
80 l 102 0.11570817644904063
80 m 75 0.02487037657597868
80 n 31 0.08642239195061074
80 o 85 0.1940049770606187
80 p 41 0.026834739671755425
80 r 77 0.028006364213326918
80 t 65 0.004819917413502406
80 u 136 0.08735313584213333
80 y 38 0.03909593661418653
80 z 64 0.03564398740501107
81 a 115 0.042939198513340826
81 b 115 0.0486423167938691
81 c 132 0.02504665969146358
81 e 45 0.12831420549599226
81 g 109 0.021368740764812322
81 h 132 0.024422896855217813
81 j 120 0.2539987125951071
81 m 90 0.03825626698576967
81 p 111 0.030937296386383095
81 r 53 0.16168232882734335
81 t 4 0.022187775724858527
81 v 24 0.12620564916773713
81 y 23 0.04514591805457513
82 b 24 0.10765461471406024
82 d 116 0.10081527558774495
82 f 49 0.02541879936158009
82 g 49 0.0011169546193027236
82 h 131 0.04092786015973637
82 i 32 0.014338927781144761
82 l 12 0.14792075633441848
82 n 31 0.084137310828439
82 o 128 0.06949700305890205
82 p 15 0.0053110441911813355
82 q 61 0.024622226858712515
82 t 37 0.05946587595570707
82 u 76 0.06952149195916513
82 v 63 0.006943946172484949
82 w 9 0.049307046333930904
82 z 54 0.09656251208292266
83 d 62 0.3490973188333323
83 f 96 0.08359976134326574
83 l 49 0.07108675449493418
83 o 112 0.06966172911838797
83 v 14 0.028966734483811818
83 w 66 0.18600615041139623
83 x 11 0.027891983195540204
84 a 89 0.025784211479319308
84 b 125 0.09924384764383953
84 c 133 0.09877652705304418
84 d 44 0.014159390061000643
84 e 10 0.003007133429930753
84 f 14 0.04715844573711914
84 g 56 0.024751516061365275
84 h 68 0.03954773767057096
84 i 50 0.007110431351250002
84 j 27 0.038657787903757845
84 k 125 0.038132995754109444
84 l 69 0.03798786816355049
84 m 99 0.0064430939186836955
84 n 92 0.04626889012275337
84 o 62 0.043695181362100044
84 p 79 0.012591472683038618
84 q 28 0.05974039544023113
84 r 134 0.13717572577611192
84 t 133 0.002753447486263494
84 u 8 0.01510400638253484
84 v 59 7.93148286610812e-05
84 x 97 0.028813886183003734
84 y 79 0.0034092020576904636
84 z 86 0.03260956550265015
85 b 57 0.2530406362822538
85 c 20 0.06343550928890496
85 k 69 0.0171692343511185
85 m 52 0.11628347541099027
85 n 83 0.1480760029234336
85 r 139 0.08335765950834029
85 t 135 0.03972843808753479
85 v 106 0.04957741212966549
85 w 91 0.0594269738914901
86 b 37 0.013876680180533785
86 c 134 0.026502400125065995
86 d 106 0.001900423830141773
86 f 1 0.009258347771571085
86 g 50 0.18509048156283936
86 h 13 0.020134208713721957
86 j 61 0.1486706229746314
86 m 115 0.34112690589464145
86 o 140 0.009732753320842669
86 p 126 0.010593870135524597
86 t 116 0.016117370360562933
86 v 25 0.0029720272719510055
86 x 75 0.1192435493543389
86 y 71 0.04227484635327994
86 z 30 0.0006474968367691236
87 a 93 0.004745872724209899
87 b 70 0.03568730938249243
87 i 15 0.03484786494902259
87 k 32 0.026869052122829973
87 o 10 0.05564098858010258
87 p 6 0.07858176525946137
87 q 114 0.05955241607619233
87 t 18 0.30511871300704463
87 v 128 0.3231042703381076
87 y 92 0.016958025663361576
87 z 53 0.03594557045417501
88 a 118 0.16710863403916554
88 b 137 0.0024371655749749754
88 c 93 0.10516471685864082
88 d 102 0.034648720564727564
88 e 117 0.0020416374171638996
88 h 28 0.06812744524337433
88 j 81 0.010978366479424628
88 m 48 0.012048876919727447
88 q 27 0.12436212843048888
88 r 82 0.015734696265227388
88 s 0 0.09072735160654677
88 u 58 0.040075452938965084
88 x 90 0.21266803628675968
88 z 21 0.09850906114945235
89 a 7 0.010641166844507222
89 b 49 0.0012861355006739128
89 c 73 0.05847492258479503
89 d 63 0.033587191796770166
89 e 9 0.03992604951296852
89 f 96 0.05262911332053599
89 g 6 0.03401682280954055
89 h 46 0.0014272242694706172
89 i 116 0.08502221400639576
89 j 24 0.032901912769652486
89 k 124 0.03340533794728784
89 l 96 0.052283139078246554
89 m 106 0.054308930973045566
89 n 137 0.05769177643457701
89 o 37 0.03995231148642309
89 p 75 0.0932527176252157
89 q 65 0.003972371771013172
89 r 36 0.0051843940930337284
89 s 66 0.009178809228775786
89 t 30 0.04831724492060152
89 u 114 0.026139642719695377
89 v 126 0.023229007221681197
89 w 101 0.11647719532593248
89 x 74 0.006340108001233746
89 y 44 0.04467302506103876
89 z 126 0.00014290685475815135
90 a 1 0.004949158454236602
90 b 102 0.055211399022130236
90 d 2 0.020944556912975365
90 g 122 0.025308166733683746
90 h 64 0.045902640808192285
90 j 84 0.06998461026067693
90 k 111 0.044369699488707615
90 l 107 0.021478133991731374
90 m 75 0.04011626474420904
90 n 44 0.16131582208424122
90 o 99 0.01660567010997438
90 q 48 0.041662124847076765
90 r 39 0.013651145418091537
90 s 137 0.15560972672019435
90 u 33 0.013320347487324802
90 v 114 0.021119750131686987
90 w 84 0.07330071171918129
90 x 19 0.02418387649383935
90 y 135 0.031117230502754833
90 z 91 0.09992607021063105
91 f 100 0.03507729267160531
91 j 33 0.11058831029650229
91 r 126 0.22338611684266185
91 z 46 0.6304667089960216
92 a 138 0.003172922907279996
92 c 20 0.6191382215365294
92 l 126 0.24084499773955592
92 m 87 0.018044283992505683
92 o 82 0.016035018951458313
92 r 65 0.0028320628711349105
92 w 45 0.008824548514216324
92 y 6 0.06132234310547169
93 a 46 0.09782283864704877
93 b 116 0.014783290934291649
93 d 71 0.012681463206373422
93 e 120 0.12063774922983705
93 f 112 0.03223247294126852
93 g 130 0.028190831062545163
93 h 91 0.01872822848062705
93 i 94 0.0446475358489854
93 j 13 0.004296327297175662
93 k 23 0.025815322427371168
93 l 140 0.06542800748793731
93 m 67 0.008653599052597327
93 n 59 0.053384778283128265
93 o 121 0.10973943174699285
93 p 44 0.066967908730859
93 q 29 0.026532767951691127
93 r 136 0.008671563150693729
93 s 34 0.007038011239460795
93 t 44 0.02490534781039433
93 u 40 0.04079357748272039
93 v 0 0.010518879204030829
93 w 20 0.05529772198610505
93 x 1 0.04741386239209777
93 y 55 0.008280569515396463
93 z 59 0.01878982154168396
94 a 45 0.0333391963568076
94 b 77 0.2697377754719422
94 c 39 0.2028226562698503
94 d 90 0.02921244395085798
94 e 83 0.004116013182540179
94 f 22 0.03088793054449368
94 g 65 0.007208827400085882
94 i 60 0.0005133192723643099
94 j 126 0.00047280354007150915
94 k 50 0.014194226994708625
94 l 140 0.007621971624103052
94 m 75 0.006259036943462748
94 n 130 0.028994091408027334
94 o 12 0.04530259654069946
94 p 21 0.021034617321227023
94 q 6 0.01168644726092305
94 r 109 0.011379980119642918
94 s 39 0.00772979881292668
94 t 53 0.00891521255604577
94 v 63 0.0785160106840852
94 w 44 0.040892184021008915
94 x 72 0.02475072938953815
94 y 63 0.10622144034600856
94 z 20 0.005137720909505483
95 a 102 0.015950686062255692
95 b 98 0.006420018680285189
95 c 114 0.1709516085956917
95 d 18 0.04464059476295301
95 e 98 0.05516279039120531
95 f 134 0.003057347826744383
95 g 37 0.025557732284586132
95 k 0 0.04948712443998815
95 l 7 0.0390002975478595
95 m 66 0.17308114204856828
95 n 5 0.001942614182476321
95 o 79 0.026699348526731614
95 q 99 0.04153331929646309
95 r 68 0.02285201504179679
95 s 84 0.044454639705268306
95 t 123 0.13367499652466508
95 u 3 0.02056628702075869
95 v 15 0.08977322697069179
95 y 133 0.031132362777647193
96 f 11 0.5575621162171258
98 a 31 0.9140768684051548
99 d 130 0.041684721393211666
99 g 140 0.18360435072892933
99 k 117 0.06797015566342313
99 l 106 0.03558259252759732
99 m 77 0.1387321786617446
99 p 61 0.18431730556528092
99 r 96 0.15999463479072062
99 t 78 0.110838806142605
99 u 19 0.05924198399199798
99 w 50 0.015789487133236024
100 a 116 0.15793983906107179
100 e 97 0.022439142184954353
100 f 10 0.267058785005571
100 i 67 0.025352122316751324
100 j 91 0.1509688284953108
100 n 120 0.11880479348028916
100 r 20 0.0667684408171424
100 u 51 0.15526698544388506
100 v 26 0.03522271761466189
101 a 26 0.06389095621110696
101 b 86 0.010101246335827097
101 c 119 0.019769389549654015
101 d 75 0.018568577915199724
101 e 53 0.0710774196439703
101 f 90 0.008478412568353577
101 i 121 0.0016823403850768637
101 j 51 0.0018797906122521857
101 k 119 0.057752968748193245
101 l 92 0.1154358614572607
101 m 16 0.06355445471875554
101 p 126 0.010223135527376748
101 q 118 0.07399941602332194
101 r 88 0.07649999816035058
101 s 31 0.0729576186917682
101 t 26 0.040104983416280326
101 v 112 0.05887377035639585
101 w 70 0.008658654150187073
101 x 75 0.001271715072741042
101 y 105 0.1299612948568718
101 z 138 0.05102994971118713
102 c 18 0.05499345335400985
102 d 107 0.1858979648772402
102 h 101 0.20347214600979224
102 i 10 0.07060598161669585
102 j 85 0.07733907148174635
102 k 31 0.016821053792441587
102 l 63 0.06610431538674788
102 m 89 0.0017853933537669286
102 n 134 0.008442899483041555
102 p 86 0.044015403163306654
102 r 47 0.01122231530722384
102 s 36 0.21761401200676223
102 w 32 0.0009271312809091548
102 y 79 0.015196415220278703
103 a 52 0.13029390229217086
103 b 21 0.016710065042333966
103 e 26 0.0043785722995204335
103 g 93 0.12148673126614151
103 h 84 0.0009675921433149881
103 i 42 0.06638721970528938
103 j 8 0.03311721685611968
103 k 122 0.027298794036147545
103 l 33 0.11731725289040684
103 n 118 0.013657707349541637
103 o 88 0.03524333671408242
103 p 70 0.006976498924072372
103 r 50 0.025527785542608816
103 s 105 0.0005266118655157248
103 t 134 0.02704907452419436
103 u 54 0.022684553807499785
103 v 40 0.040643370697815095
103 w 124 0.056803718685891846
103 x 54 0.10508857843448327
103 y 8 0.05670234925290252
103 z 48 0.06754585119963186
104 c 128 0.25413623827749354
104 k 136 0.17138468296831622
104 l 103 0.30937823339360704
104 p 141 0.2301825907452394
105 b 11 0.08844055104215309
105 c 33 0.0053788259052123255
105 r 48 0.1521724794481677
105 t 99 0.25111461288721604
105 z 17 0.09251671956647012
106 c 18 0.05438827018529713
106 d 106 0.002409388471622864
106 e 62 0.031681676958263405
106 f 25 0.005820939572074968
106 h 87 0.10917387600713868
106 i 87 0.005240186485707676
106 k 130 0.16911732065773466
106 l 17 0.03147427908806166
106 m 5 0.01444441567301935
106 n 73 0.15626994033363273
106 q 125 0.017821880574830584
106 r 122 0.027502778009388384
106 s 135 0.13444178743879887
106 t 17 0.04464857263060684
106 u 33 0.016688735416815148
106 v 62 0.030803253191177604
106 x 13 0.09545650493494418
106 y 48 0.005399011823722821
106 z 28 0.04328814649767587
107 c 104 0.0539213386685119
107 g 117 0.45689090330279547
107 i 122 0.0030400032171241653
107 l 43 0.0008237099466463782
107 n 98 0.10616093123909376
107 o 41 0.10833524266165617
107 p 41 0.06769581835784255
107 s 113 0.035094489834711085
107 u 52 0.025108677368241294
107 x 141 0.1106564511842012
107 y 19 0.018532314887066303
108 a 38 0.13808402185054003
108 f 68 0.027443916603901553
108 g 116 0.2635488651740483
108 l 70 0.1369745438101646
108 o 20 0.05651669715527741
108 p 96 0.016743551019004932
108 r 137 0.08983237292072788
108 s 78 0.09647171380003294
108 x 109 0.09838328112702999
109 a 113 0.09479220398638899
109 b 97 0.2630748884567323
109 c 18 0.01241220837923318
109 d 111 0.08092459240829641
109 e 102 0.008848942868853293
109 f 6 0.004360663001982346
109 g 29 0.023687534216666473
109 h 113 0.007127674036752185
109 i 85 0.08895419087559642
109 j 88 0.06578534693379368
109 l 25 0.03277171367689469
109 m 100 0.017830752707569508
109 n 32 0.0383189383062813
109 q 52 0.02097466870117959
109 r 120 0.003791245076980254
109 s 127 0.012235922163886137
109 u 23 0.005767987602945279
109 v 0 0.035687994452946015
109 x 22 0.008027688369540709
109 y 3 0.08926402176283454
109 z 103 0.039645503433821117
110 c 55 0.047538982976240374
110 e 109 0.04213804336985505
110 h 64 0.0338808683360845
110 i 137 0.020636859907440908
110 n 67 0.0611050795997542
110 v 51 0.0031126987017299212
110 w 73 0.35238461176282754
110 y 132 0.3121269914406123
111 g 112 0.0825441157223723
111 k 35 0.07488823914519893
111 m 64 0.3169190431611688
111 p 114 0.30907680487887423
111 q 129 0.06354441482768791
111 z 31 0.0828734345331632
112 a 117 0.14051601473671238
112 b 122 0.06673380334036294
112 g 105 0.09597685347393792
112 j 106 0.12625397227490998
112 k 70 0.021819964576214046
112 m 84 0.18720880633704873
112 r 38 0.03372744827631702
112 s 19 0.011972921066415676
112 u 128 0.018469223338744012
112 v 31 0.11557780945238472
112 w 125 0.003230540404868032
112 x 9 0.10101458782649708
113 a 33 0.01841760871456899
113 c 19 0.005329533133320408
113 e 14 0.09953052849611044
113 f 39 0.0035060588168008833
113 g 45 0.16177091915853403
113 i 136 0.010467029522519433
113 k 113 0.00016436272199860102
113 l 27 0.07705664156989167
113 m 79 0.21998948769513071
113 n 124 0.037411871845700384
113 o 82 0.007386447799758722
113 q 87 0.01983555239125301
113 r 35 0.043278371725410714
113 s 136 0.08816368225895121
113 u 120 0.038959632554309453
113 v 66 0.018562448074243232
113 w 7 0.06348623534864317
113 x 39 0.029199733286373708
113 y 13 0.015294207245946434
113 z 75 0.04026437022861684
114 a 86 0.0040317161726406425
114 b 2 0.02862522117377697
114 d 132 0.009404027158548045
114 e 37 0.03670742382697256
114 g 122 0.06583317116401755
114 h 45 0.04104662811974824
114 i 115 0.08622207757904499
114 j 1 0.12128538079868023
114 k 75 0.018707565509888724
114 m 9 0.0007858928494887119
114 p 51 0.0324833165634868
114 q 104 0.047403140961972956
114 t 56 0.016121313883113664
114 u 88 0.04786018551756366
114 x 112 0.2290300603958042
114 y 110 0.1332914278863252
114 z 71 0.0142979527757231
115 a 130 0.2329921063900512
115 o 52 0.6783985767548473
115 z 6 0.033332310370884355
116 a 119 0.04057637901606703
116 c 88 0.04584278096384142
116 d 51 0.0023151831442945747
116 e 1 0.08476991727432848
116 f 100 0.00962875837579924
116 g 86 0.004661212042420204
116 h 89 0.12236566883459388
116 i 113 0.005469732253139403
116 j 62 0.15486271926144746
116 l 92 0.03579769347395945
116 m 82 0.04886961521276567
116 n 80 0.06345863730493928
116 o 22 0.06585676493597414
116 p 111 0.04596909014824857
116 q 87 0.035974220959163694
116 r 63 0.014829533493787128
116 s 48 0.0631582325667901
116 u 54 0.025941117015706228
116 v 37 0.0053546987877003405
116 y 105 0.00018067209582095511
116 z 126 0.0004584209007895135
117 a 64 0.00743582787379915
117 c 25 0.14912709017138537
117 e 126 0.1821280551310095
117 f 99 0.1255766768188571
117 g 96 0.005684810388660644
117 h 51 0.01945328144826053
117 l 114 0.013314274003471294
117 m 72 0.05108479908829322
117 o 35 0.007737760723475984
117 p 58 0.020154643615182044
117 q 113 0.09748918764740877
117 r 15 0.06848851682743362
117 s 0 0.004202756219398696
117 t 123 0.0009320864293739239
117 u 61 0.06379218952613763
117 v 116 0.08601583083719444
117 w 87 0.03882206964439516
117 x 91 0.020505007109175688
117 z 80 0.016313452369354442
118 l 16 0.5682482556318704
118 q 137 0.33189141903259634
119 j 129 0.05253154215573297
119 o 99 0.6485165823687963
120 b 63 0.018319668290721625
120 e 37 0.03080564114406037
120 i 139 0.18593952744285058
120 j 131 0.0428905326876744
120 k 92 0.059171547346783426
120 l 32 0.049372085617259365
120 n 138 0.006807693090382982
120 p 118 0.027538754646719732
120 s 83 0.012112920432986396
120 u 8 0.23213447476995297
120 x 30 0.20583819075017162
120 z 3 0.058813174048981454
121 g 74 0.33024896002959336
121 j 95 0.45258180349932076
121 l 58 0.16743262034245754
121 m 71 0.03874170414148859
121 y 31 0.002839070075270733
122 b 121 0.10640342657760415
122 c 2 0.003979402537562904
122 d 127 0.21210793304048436
122 e 58 0.01903378931010291
122 f 116 0.010209716296237348
122 g 19 0.08368700000993967
122 h 86 0.018740415262735732
122 k 61 0.024890713786265062
122 l 44 0.07044345987020195
122 m 75 0.0806806103038038
122 o 18 0.04682450736838206
122 p 95 0.034988315431459416
122 r 83 0.021409820338011976
122 s 139 0.06033065807050919
122 u 137 0.012691613355194309
122 x 112 0.016915932785717125
122 y 15 0.056545486503834064
122 z 125 0.07966977939347186
123 q 17 0.15836348584446813
123 x 127 0.0003743723044782321
124 a 30 0.03489259418060886
124 b 97 0.0035264110373488533
124 c 114 0.005100632916345438
124 d 55 0.012891661834195767
124 e 6 0.047665234392043176
124 f 57 0.014158169929978981
124 g 100 0.10904853100555245
124 h 136 0.030970703004818523
124 i 63 0.04062007691995695
124 k 26 0.01853191597382342
124 n 135 0.006761638910323664
124 o 54 0.052188337247256356
124 q 100 0.150472343733972
124 r 131 0.009573048219149616
124 t 38 0.014485243895170696
124 u 55 0.05746352248246944
124 w 21 0.021765645427848757
124 x 42 0.07462788937126086
124 y 62 0.0833816708525077
124 z 75 0.07308534331752159
125 i 70 0.42829367132333507
125 s 36 0.5136714114806938
126 a 95 0.02239839802196253
126 b 35 0.06856443522728395
126 c 119 0.06184646008534456
126 d 47 0.11100407471508356
126 e 118 0.001333626252587372
126 f 98 0.01316713334235442
126 g 110 0.0007499187732303847
126 h 85 0.05999530415590337
126 i 55 0.053990386319817896
126 j 24 0.007206347648113787
126 k 88 0.013199111927620133
126 l 25 0.001537376593835127
126 m 89 0.0009901050263093625
126 n 86 0.19976264317326886
126 o 121 0.050935573924303146
126 p 46 0.008397339035968954
126 q 19 0.017654338093430866
126 r 62 0.0417250750787036
126 s 135 0.05823960790219107
126 t 119 0.04576305275617909
126 v 133 0.02001000062858327
126 w 60 0.06091798861722153
126 x 104 0.009167557291093753
126 y 19 0.04133557525979992
126 z 10 0.015400069546762651
127 d 135 0.012261449874878316
127 f 26 0.14553436526838892
127 g 133 0.05502693306278872
127 i 95 0.014844021302506283
127 m 99 0.0015176123847274736
127 n 48 0.21869770804624922
127 o 14 0.07440938070827474
127 q 95 0.09323888473947073
127 s 9 0.12691218355266087
127 x 40 0.07318597694200302
127 z 75 0.06744432287881408
128 l 24 0.16462977712091653
128 o 103 0.07387168692283408
128 q 86 0.5015312293921342
129 a 15 0.037880738307500494
129 b 135 0.030349107489334948
129 c 95 0.024089885697661573
129 g 106 0.11318340404184413
129 m 4 0.08800093307174373
129 n 67 0.08880392246390412
129 o 124 0.0076550368981560535
129 p 53 0.01534042051974549
129 s 92 0.17244293446608416
129 t 35 0.03091334169203308
129 w 41 0.25247806359414315
129 z 35 0.13256048964467126
130 b 81 0.09435050122619426
130 c 22 0.10100324521142345
130 d 4 0.009122600642097356
130 g 82 0.15683734498970403
130 h 124 0.13161761985392262
130 k 98 0.019229720903965353
130 l 52 0.01964194408612885
130 q 136 0.06221964549394465
130 r 19 0.007885202453217888
130 s 4 0.12348644441825318
130 t 44 0.05798407980432929
130 u 106 0.10526746042696666
130 y 88 0.08036807093523546
131 a 133 0.058333843676961705
131 b 39 0.05393572252614498
131 e 53 0.010024867704008344
131 h 10 0.072670881050933
131 k 72 0.14803694339436935
131 n 40 0.21351223171863676
131 p 8 0.06872931600825405
131 u 17 0.000988848251054164
131 v 21 0.06400559916580195
131 x 51 0.004940230974618931
131 y 45 0.1461100212831833
131 z 75 0.10646288847850538
132 h 111 0.17008452612879843
132 k 122 0.06901468765412333
132 u 36 0.23435897498125546
132 y 48 0.08215434187292847
132 z 132 0.1944000134512075
133 b 114 0.06103205622711405
133 c 69 0.015640415750940218
133 d 6 0.05728945522533113
133 e 69 0.05236939902192783
133 f 34 0.09443625080944817
133 g 120 0.037362821762509824
133 h 0 0.013427336248694521
133 i 52 0.09572558132993392
133 k 79 0.051773454250744866
133 l 139 0.007602813618491577
133 m 34 0.006906185638840823
133 n 97 0.034637890091722356
133 o 109 0.057435668587303645
133 p 14 0.026134226271349092
133 q 84 0.0008510625526084725
133 u 101 0.14048148533844307
133 y 2 0.16863627287887106
134 a 30 0.1306000499765897
134 b 32 0.40813421837603847
134 h 11 0.0221569713558446
134 l 50 0.13723745144422117
134 o 8 0.052559911856326025
134 v 124 0.10738108547975045
134 y 48 0.11060384123008193
135 a 63 0.0004521342218430924
135 c 67 0.05242779985362245
135 d 81 0.3345061520173934
135 e 6 0.026090054387133077
135 g 21 0.04804374185037563
135 i 114 0.04145717412876493
135 j 45 0.12516854568617353
135 k 137 0.07144993761106788
135 o 106 0.03267970295385514
135 p 36 0.09651689294250998
135 t 118 0.057596708901524574
135 v 16 0.035453271580684564
135 z 106 0.010819282450620249
136 b 12 0.062128807318896695
136 c 123 0.02872776594527493
136 f 63 0.052712329835088
136 h 80 0.2036842042345648
136 j 121 0.01586243383489805
136 o 90 0.09231257840974882
136 p 44 0.01132466097952789
136 r 120 0.005528295130818983
136 s 74 0.04171896165340905
136 t 108 0.17168935318403633
136 v 58 0.13906848841137376
137 e 4 0.12850645162310526
137 i 18 0.025845657711047743
137 l 0 0.1572475006889552
137 m 53 0.11558650032270534
137 n 14 0.041355813823039544
137 q 113 0.11007756083695097
137 r 112 0.02276468129361009
137 s 131 0.06529981478083247
137 u 78 0.026876612133122313
137 w 102 0.05803708314124245
137 z 107 0.242248069816957
138 s 54 0.1329913223347795
138 t 49 0.7786514148608096
138 y 120 0.07685421315936236
139 a 41 0.11489847608010995
139 e 5 0.09363044761131456
139 f 42 0.12840243591848277
139 l 85 0.10804069471219324
139 n 128 0.17045404180083767
139 x 100 0.11011611682693268
139 z 126 0.14801166954017742
140 d 73 0.01075910869911001
140 g 73 0.054071068582898896
140 i 119 0.07809913377476962
140 j 34 0.076574250343868
140 l 1 0.03304546927229579
140 m 5 0.0641684813771155
140 o 127 0.3559402884037548
140 t 126 0.011300211548250338
140 u 76 0.0340140309830691
140 v 132 0.07898781129603005
140 y 134 0.17894360588025304
140 z 26 0.005733796233245214
141 c 66 0.10012913950192148
141 k 76 0.5860868047951916
