12 26 165
0 0.030838849412733405
0 0.10347319026572455
0 0.10128530296216232
0 0.20000290651717978
0 0.03565000135056584
0 0.008129906796835229
1 0.05400764666527946
0 0.10012366461189715
0 0.028905459273473322
0 0.01977317069744433
0 0.08747513837686138
0 0.47014950061246685
0 a 1 0.009555696731548435
0 b 11 0.013470260347516305
0 c 6 0.005449103852814607
0 d 0 0.06491195000500494
0 e 10 0.017131989708153106
0 f 4 0.12119431027433991
0 g 5 0.02792368278401447
0 h 6 0.004155656275870445
0 i 6 0.01989646018500635
0 j 0 0.011223547366558395
0 k 0 0.05521465328692854
0 l 11 0.050714865611838134
0 m 11 0.045207106843347056
0 n 11 0.039343331502891266
0 o 9 0.021446890144961483
0 p 1 0.025522814800671534
0 q 0 0.04168330343895643
0 r 6 0.018753586834615033
0 t 5 0.06415252288749218
0 u 10 0.07077740116368747
0 v 2 0.0009277287096249864
0 w 2 0.017162606961118376
0 x 0 0.110686581541805
0 y 3 0.010088900964724146
0 z 2 0.102566198363778
1 a 3 0.049954826164612776
1 b 8 0.015378498717937061
1 e 1 0.2048481028409107
1 h 4 0.13953641164472108
1 j 11 0.0746993963163286
1 n 8 0.04616944662490896
1 r 3 0.10714317118845673
1 u 11 0.015635432251167924
1 v 11 0.010082983368773557
1 w 9 0.01734968729452535
1 x 4 0.2157288533219327
2 w 2 0.8987146970378377
3 b 9 0.01000269650322827
3 d 10 0.09192297708975539
3 f 0 0.0018027102411329876
3 g 2 0.017954307957863014
3 h 10 0.07241123563170815
3 i 6 0.047957081287404946
3 j 11 0.015195376249685144
3 m 11 0.014467389834974087
3 n 1 0.1660785110643207
3 p 2 0.034301912389439804
3 r 6 0.04604922709594139
3 t 1 0.028881044284743473
3 u 4 0.22341769889432095
3 v 6 0.008620587503332389
3 w 2 0.02093433745496953
4 j 5 0.4144816868029463
4 m 5 0.065791691542469
4 x 3 0.4840766203040189
5 a 8 0.01235651387283132
5 b 7 0.006675686927935964
5 c 7 0.024099026534504575
5 d 6 0.002446400744963273
5 e 9 0.03331277700672697
5 f 3 0.010731691199273419
5 g 4 0.030660228789301303
5 h 0 0.010344742976461263
5 i 5 0.041474531894826416
5 j 4 0.12162220166956539
5 k 7 0.027819960264351185
5 l 2 0.03747756273323899
5 m 9 0.009183994708858667
5 n 2 0.09955195015317087
5 o 1 0.040003840987910544
5 p 8 0.03934895591204679
5 q 0 0.10480447072559806
5 r 9 0.010201735954597502
5 s 10 0.00020895563471623468
5 t 7 0.00803655107920176
5 u 6 0.02619957015208807
5 v 1 0.0051788485203727586
5 w 7 0.10854461433898188
5 x 8 0.02754446201952332
5 y 5 0.13041393132513368
5 z 10 0.02362688707698457
6 j 7 0.12518443749012187
6 s 6 0.15666574250611442
6 y 10 0.38365174673576385
6 z 11 0.2804904266027204
7 a 8 0.11216766504513553
7 d 5 0.026383178150852005
7 e 10 0.05458215158280899
7 g 9 0.10541044734721827
7 h 1 0.007138798220036158
7 j 9 0.050775037263095735
7 m 8 0.026999784916697744
7 n 5 0.1012254158036413
7 r 2 0.009867489067261204
7 t 4 0.13386130296476273
7 w 7 0.12239856625677459
7 y 7 0.062122567245786575
7 z 7 0.08694393152403201
8 a 3 0.07962894117153396
8 b 4 0.09280465293940787
8 c 1 0.04731393548309659
8 d 4 0.07396734985542042
8 f 2 0.03160582995859329
8 g 8 0.0652427091969996
8 h 6 0.06028329672027344
8 j 3 0.05340790626169023
8 k 9 0.0130404310592106
8 l 1 0.024906467539655308
8 m 9 0.017971880670165197
8 n 10 0.014255974548389116
8 o 9 0.027524869623653636
8 p 11 0.03955516134514936
8 q 6 0.025438755335836283
8 r 6 0.0018012712101624917
8 s 4 0.08242194166625183
8 t 9 0.03508629578567579
8 u 0 0.00514401416766519
8 v 2 0.04920573607125922
8 w 0 0.07640922549560492
8 x 8 0.014305114785642115
8 y 4 0.03646565842695071
8 z 5 0.0033071214082395217
9 d 6 0.041442243320708116
9 f 11 0.012818839951648342
9 i 0 0.04451620426545355
9 k 10 0.13686980344716537
9 l 3 0.11116799977862957
9 p 5 0.06332194272382508
9 q 10 0.0014203374377670386
9 r 2 0.0659939768150618
9 s 10 0.15863958453620808
9 t 5 0.03856708510499618
9 x 4 0.007129337285166848
9 y 2 0.12680603137558466
9 z 3 0.17153344326034103
10 a 10 0.01321008482463526
10 b 1 0.003997623893157276
10 d 11 0.06845220373732586
10 e 7 0.025952554239664694
10 f 4 0.08291625903588151
10 g 0 0.013836448880426455
10 h 6 0.016122007711745434
10 i 10 0.07899123279974485
10 j 7 0.025564615906172095
10 k 8 0.0410234643899976
10 l 3 0.0412476863990997
10 m 7 0.004478789634378089
10 n 10 0.08581645494755685
10 o 0 0.12206805106892649
10 p 1 0.023456095176748293
10 q 5 0.012975343524114225
10 r 5 0.011111310341844094
10 s 3 0.019864082423038387
10 t 6 0.038366308429664486
10 u 0 0.0169064112029651
10 v 7 0.009834740606228243
10 w 0 0.08797943960735843
10 x 0 0.0025759683065859074
10 y 4 0.04312896139966216
10 z 9 0.02264872313621713
11 c 2 0.028455224520433697
11 f 5 0.07267168936916246
11 k 0 0.07964515698613706
11 v 11 0.08664147393194721
11 x 3 0.2624369545798527
