52 26 611
0 1.0
0 0.10402449477649223
0 0.18000068484882037
0 0.0804015204179579
0 0.0031640301390025716
0 0.23953088655372412
0 0.4407422586338141
0 0.7749041741727886
0 0.14505687859669303
0 0.035451238727314816
0 0.012286599216770888
0 0.00781291323935085
1 0.023060656586145645
0 0.05498256044334171
0 0.07826852294573117
0 0.0368562860867192
0 0.09538553844590436
0 0.05669991571672828
0 0.06749242504961561
0 0.012265018339755018
0 1.0
0 0.03679473752008022
0 0.15491413093716444
0 0.5598439056809424
0 0.039448624678208866
0 0.42153832675800906
0 0.034375847200160736
0 0.14831405654937857
0 0.008896031891768574
0 0.0872956259677683
0 0.21045691648858567
0 0.13926063057514848
0 0.004088642851832525
0 0.4435941819206026
0 0.010571216510423254
0 0.02110746224647575
0 0.016575031601523404
0 0.032352190146587634
0 0.051701174691964114
0 0.08912410737730736
0 0.004320315575263134
0 0.09827613307803873
0 0.06638471050555617
0 0.05537212193446184
0 0.1677090552320053
0 0.09498361329015192
0 0.45505316535784135
0 0.3274617324774973
0 0.4315202922480399
0 0.008586113340864898
0 0.013119565621384832
0 0.1844717739188304
1 d 30 0.10086550409245154
1 e 1 0.01978583141337209
1 f 16 0.014640484190786451
1 g 27 0.07480304710048247
1 i 39 0.09739524561934798
1 j 2 0.024483226183021012
1 k 32 0.03782685804066144
1 l 16 0.05281227702533309
1 m 7 0.05003496024330445
1 o 20 0.006245300783830232
1 p 23 0.010795868975607137
1 q 10 0.0699891162384575
1 r 46 0.053279250677156775
1 s 6 0.02268523021325941
1 t 41 0.06122135859399702
1 u 32 0.05060788976440167
1 v 46 0.030734273589145267
1 w 9 0.010047273211141294
1 x 13 0.0400675754388502
1 y 39 0.032962417576291814
1 z 34 0.03469251625260894
2 d 18 0.06052003111674087
2 j 5 0.04181849632648704
2 n 51 0.06151306011087865
2 p 10 0.057463671904268376
2 q 16 0.3594458258437123
2 r 0 0.01417794450718246
2 v 34 0.18950643748745777
2 x 5 0.019942653317310155
2 y 47 0.015611194537141992
3 a 2 0.08800506363300198
3 b 24 0.15723083337333954
3 g 30 0.06450025295582895
3 m 48 0.0020124883106773517
3 q 38 0.14873963046294492
3 r 13 0.03165138106186405
3 s 13 0.037983396274360204
3 x 32 0.041238971198525265
3 y 18 0.34823646231149985
4 a 7 0.01836571571953083
4 b 29 0.04865650604458105
4 c 47 0.03284281048778026
4 d 30 0.01073530770442721
4 e 36 0.035591108426021534
4 f 18 0.003059034231068569
4 g 46 0.01627468140762678
4 h 22 0.04034712376743854
4 i 41 0.01378817020985501
4 j 15 0.05105411188622
4 k 3 0.09376476413353774
4 l 20 0.006755611490124602
4 m 0 0.007723144896483292
4 n 30 0.05956187476488628
4 o 49 0.0750388655547869
4 p 36 0.02149953967016971
4 q 40 0.20142106883599264
4 r 18 0.02719066586580099
4 s 5 0.015049729124957167
4 t 10 0.11291689312089159
4 u 48 0.014606515253697383
4 x 40 0.022704455828065573
4 y 3 0.02602996438669558
4 z 33 0.0418583070503582
5 f 49 0.042922982067527315
5 t 22 0.23289518446650648
5 u 2 0.1414661105616114
5 x 3 0.06926413205234905
5 z 14 0.27392070429828164
6 e 4 0.17614600171325467
6 h 43 0.03454237392016546
6 l 28 0.08302889473790187
6 m 39 0.14549411162595982
6 v 15 0.043180109713434
6 y 26 0.07686624965547006
7 j 2 0.22509582582721144
8 c 46 0.29828040715755677
8 e 30 0.008659898905169605
8 m 6 0.1075415077671199
8 o 9 0.005511563932855568
8 p 49 0.08112893419662048
8 r 23 0.0006390287347953771
8 x 31 0.0764719833983627
8 y 25 0.09192995936198367
8 z 41 0.1847798379488429
9 a 14 0.050868650664131154
9 c 30 0.029188916089138872
9 d 1 0.042952395127271004
9 e 43 0.039295355864104486
9 f 45 0.07904780005735113
9 g 49 0.04939469219792059
9 h 49 0.04385982876526506
9 i 25 0.006555872387208672
9 j 38 0.03190611794597764
9 k 49 0.06659800937425531
9 l 38 0.017928501361231697
9 m 48 0.10912477817161648
9 n 28 0.06546925094742562
9 p 25 0.05927196990949912
9 r 10 0.007491500092165482
9 s 32 0.00977745678370312
9 t 15 0.10687889730414601
9 u 29 0.004126844372606131
9 w 16 0.028887798877121895
9 x 37 0.06111380633395236
9 y 13 0.03439078186634348
9 z 13 0.02041953678024988
10 a 19 0.21438680857002546
10 b 28 0.007268043021382842
10 c 27 0.1670290350665503
10 e 4 0.11485126963037007
10 g 46 0.023405241170192714
10 h 48 0.09654903737272391
10 n 16 0.046572222710784206
10 o 28 0.018881547870357562
10 u 15 0.13618622290294835
10 v 32 0.11230551955720502
10 x 21 0.050278452910688665
11 b 44 0.04911662836840369
11 d 43 0.029119642996856765
11 e 30 0.06957703693220019
11 g 4 0.23535447144264465
11 h 10 0.06771936622442964
11 j 33 0.07030347562089789
11 n 29 0.09504810630319949
11 o 0 0.004543968641948615
11 p 11 0.05461695981826409
11 r 12 0.040321182387661914
11 t 43 0.03436081950483061
11 u 9 0.07998261198384382
11 v 44 0.030616186854701688
11 w 5 0.010024004883565807
11 x 2 0.1179085476219146
11 y 38 0.0035740771752856837
12 j 40 0.8118803064681984
12 x 16 0.16505903694565593
13 c 5 0.15108017838390042
13 d 43 0.05378382330118503
13 f 31 0.3329749098856356
13 i 18 0.03781575581069885
13 m 18 0.03986945442703249
13 p 50 0.04542046622714502
13 q 1 0.16489982840895556
13 r 49 0.06054638526251166
13 s 38 0.058626637849593655
14 a 48 0.04571119339729668
14 b 44 0.01468440753835476
14 c 51 0.011323893785703865
14 d 17 0.03583003240530602
14 e 23 0.022390644119545167
14 f 14 0.03146258131733448
14 g 22 0.004630209879662672
14 h 44 0.003037183940394761
14 i 32 0.024906145392731505
14 j 13 0.045507611461435116
14 k 7 0.030819823912616506
14 l 9 0.07239748178638017
14 m 28 0.05605396138699059
14 n 50 0.06499517884972439
14 o 37 0.025240881640726687
14 p 23 0.019505928917823212
14 q 14 0.006360129332862119
14 r 8 0.0439276543591649
14 s 46 0.015478348341107062
14 t 37 0.008526549422555707
14 u 5 0.020084149419708264
14 v 49 0.0025529972787570188
14 w 15 0.025624513985184727
14 x 21 0.03219630712012811
14 y 50 0.007415988290877307
14 z 19 0.25106767977189703
15 a 22 0.08204666388013448
15 b 43 0.01787325849630239
15 c 16 0.00476191290534711
15 d 46 0.028044222739139202
15 e 48 0.009220500032138368
15 f 35 0.0231087888751762
15 g 45 0.0361684678489117
15 h 0 0.012640790934676183
15 i 46 0.10129465219121858
15 j 33 0.02637168237397869
15 k 8 0.012855524366238269
15 l 22 0.0022184638342827023
15 m 45 0.009531653780734395
15 n 43 0.043181165538541455
15 o 29 0.06254830258542743
15 p 43 0.11715758344019189
15 q 29 0.01424642758375827
15 r 21 0.033466000900932436
15 s 22 0.02355180514401123
15 t 14 0.05910976927281408
15 u 18 0.018716218320985578
15 v 44 0.05419668840851899
15 w 24 0.021878166461292814
15 x 21 0.12005975322949247
15 y 47 0.015062720836078292
15 z 26 0.013832529932957582
16 e 51 0.0641042911386045
16 o 10 0.04687332852235693
16 r 8 0.23472065880990978
16 t 1 0.05441609125977387
16 u 24 0.4063151389409815
16 z 19 0.09818495288246909
17 k 11 0.39100723033987284
17 s 28 0.5522928539433989
18 f 9 0.4437325810713124
18 v 44 0.488774993879072
19 a 31 0.07236775148720065
19 b 51 0.010283239734264815
19 d 51 0.08949230930555863
19 f 0 0.12648125504200658
19 h 33 0.025863683442414964
19 j 6 0.07095302942099058
19 m 12 0.014550222308520322
19 o 17 0.023964382864112954
19 r 27 0.017750035499338845
19 s 47 0.004831725309706436
19 t 44 0.16540952315150548
19 u 22 0.22148920504479408
19 x 1 0.0790441970140896
19 y 40 0.06525442203574106
21 a 34 0.045858731329471714
21 b 14 0.03324445616575222
21 c 6 0.007833749913824462
21 d 34 0.00941438649343107
21 e 3 0.02241525722864124
21 g 41 0.0071999037333361215
21 h 35 0.011461312703965554
21 i 5 0.017821488934143703
21 j 19 0.1364551176642782
21 k 40 0.015315620651663142
21 l 6 0.05987971297992534
21 m 1 0.013582674567569564
21 n 7 0.016568727068774658
21 o 16 0.008738321472317012
21 p 33 0.06822543648797619
21 q 45 0.11659490451713606
21 r 15 0.03407763900115357
21 s 44 0.011861863915660353
21 t 0 0.03525897069380213
21 u 19 0.001411120504051122
21 v 29 0.032076073577549935
21 w 32 0.123103042542693
21 x 29 0.04869485050021238
21 y 40 0.014217289010011736
21 z 17 0.07189461082257931
22 a 6 0.07497493768977948
22 b 0 0.0408397628292867
22 c 28 0.03386817524373764
22 d 24 0.026530752081608933
22 f 21 0.020274876323856827
22 g 27 0.04170155490956795
22 h 46 0.02746922457465395
22 k 41 0.020162245903604048
22 n 39 0.034643427177725505
22 o 46 0.086040078298807
22 p 14 0.03796974950319032
22 q 40 0.04776520580809718
22 r 8 0.07925474074041083
22 s 13 0.036998477660215245
22 t 3 0.07032078778438389
22 u 22 0.0810379894901555
22 v 42 0.04844972701727901
22 x 1 0.0032051623747398894
22 y 49 0.03357899365173567
23 h 39 0.44015609431905756
24 q 19 0.33780779282046913
24 r 27 0.36233877037903317
24 v 3 0.23260364814864964
24 x 39 0.027801163973639187
25 g 45 0.16027003565163267
25 j 46 0.033734149469474506
25 l 8 0.00841676286272186
25 m 22 0.0929272924579998
25 n 17 0.004113001541205197
25 o 39 0.05238545558834318
25 p 10 0.07548563700521038
25 r 30 0.01550075345478552
25 u 2 0.08569793843953089
25 w 17 0.01937395508023454
25 y 7 0.0305566916908524
26 b 41 0.08996561640802059
26 d 22 0.25615445933301373
26 e 18 0.028211663464493997
26 g 38 0.0954576778698566
26 i 25 0.17024731756562972
26 j 24 0.027450016394194976
26 k 16 0.02381638139726472
26 o 34 0.14606746715194407
26 p 15 0.01701335202169596
26 s 0 0.07656842976476874
26 v 32 0.016996711965414413
26 w 22 0.0047988331490551595
26 x 48 0.012876226314486594
27 a 19 0.008428359968128185
27 c 10 0.013635153567461256
27 d 37 0.08495942392858302
27 e 50 0.008333832360329696
27 f 28 0.009620346318662598
27 g 20 0.014490744385278642
27 h 21 0.021376599980200917
27 i 16 0.11422478692756788
27 j 37 0.026472399426529236
27 k 14 0.011143356368673696
27 l 34 0.025641430992823566
27 m 18 0.05366268575684241
27 n 30 0.014321875551652874
27 o 12 0.03283764657139332
27 p 30 0.08180756549786694
27 q 49 0.04628346278406004
27 r 24 0.019811368315824196
27 s 10 0.06391938424141996
27 t 13 0.004583991941721655
27 u 36 0.025151023057328192
27 v 27 0.0183690700100545
27 w 48 0.020940572846090078
27 x 16 0.010986095752845149
27 y 13 0.027951894227304153
27 z 44 0.09273287267197927
28 a 28 0.06302956097465484
28 b 26 0.027670856952744294
28 c 38 0.0010479888787028324
28 f 43 0.23300065448871554
28 g 13 0.16321944173590508
28 h 27 0.016550227667126105
28 i 34 0.002825628142127501
28 j 48 0.009406939479975396
28 k 9 0.06720462069945121
28 l 34 0.0819618694848615
28 m 5 0.011109870798567067
28 n 20 0.0078113203026913824
28 o 0 0.022503797111440682
28 q 40 0.030413917328904083
28 r 6 0.0693137068903299
28 t 7 0.02270085626205931
28 u 36 0.0035174648847070555
28 v 31 0.0009689556656022891
28 x 18 0.004054067700459241
28 y 27 0.01683094167240229
28 z 47 0.13596128098680382
29 a 32 0.1244609150824505
29 b 16 0.019674248443787845
29 c 19 0.14092520996472613
29 h 0 0.09629193288645743
29 j 44 0.021949883119168456
29 k 43 0.009836453478897944
29 l 43 0.05319205773781599
29 o 5 0.05582748332551901
29 p 28 0.12533330793209163
29 q 25 0.18294985661558727
29 r 40 0.008230533650012029
29 w 28 0.07403249179571747
30 b 39 0.13515758572190906
30 d 35 0.11272729704384854
30 e 41 0.012148897120864643
30 f 15 0.027544323879446386
30 g 12 0.2597570523844692
30 i 30 0.08158333140591456
30 m 49 0.01007729970050908
30 p 34 0.01008374811644841
30 u 7 0.1296274704004753
30 y 50 0.010836077737529148
31 b 48 0.16385582211704908
31 c 23 0.09049117625479186
31 k 17 0.018831904647199083
31 n 18 0.06565285305876423
31 s 4 0.11112612375407194
31 u 31 0.09731998936844521
31 v 36 0.13714241490537138
31 x 40 0.17631908531915874
32 a 48 0.10546000900251973
32 b 50 0.0301513691284242
32 c 1 0.09047410126712352
32 d 6 0.00025124458592351573
32 e 20 0.017921997668861822
32 f 14 0.05337396793749505
32 h 35 0.018012967635551935
32 i 23 0.0792558279355734
32 j 12 0.0025025553809231438
32 k 26 0.037505883099369974
32 l 23 0.10679255188913572
32 n 50 0.006201310410300476
32 o 0 0.054283798108185066
32 p 16 0.10107485018972351
32 q 51 0.010196375533481628
32 r 16 0.011173837729932412
32 s 20 0.008425033981993235
32 t 20 0.0512286879993219
32 v 15 0.04426139147757935
32 w 14 0.09936992416634349
32 y 46 0.026066720343601357
32 z 17 0.04192695167680305
33 b 12 0.12222399314317922
33 g 4 0.2875034299792989
33 j 8 0.012964407846853154
33 l 7 0.13159389106801866
33 n 40 0.002120096042047437
34 a 23 0.020936038261191503
34 b 23 0.02416467038200454
34 c 48 0.0005249073663275983
34 d 21 0.0004931506312719769
34 e 39 0.004905905346291206
34 f 46 0.049767136709651716
34 g 42 0.17613243134564793
34 h 41 0.038838859644657275
34 i 41 0.046783009454200775
34 j 20 0.002255335700521832
34 k 2 0.055905072154319724
34 l 23 0.016124404121108937
34 m 25 0.0059365612826493
34 n 51 0.054384093717365634
34 o 12 0.059751007585844174
34 p 20 0.0006016499553013199
34 q 26 0.060006661794317684
34 r 13 0.04464292407793613
34 s 20 0.002707703714571408
34 t 19 0.007902992916511864
34 u 28 0.0018469955462647736
34 v 27 0.09820895701369614
34 w 51 0.0077816005617374895
34 x 10 0.00991976114968518
34 y 20 0.0038210670717309103
34 z 39 0.19508588598476972
35 a 38 0.013055518196662619
35 b 29 0.05457255588943177
35 d 23 0.03356171588843304
35 f 22 0.18214628125716403
35 g 31 0.03598249903648287
35 h 13 0.07218905157871136
35 l 41 0.03709499651999759
35 m 15 0.03279063677392691
35 q 8 0.036875913915440206
35 s 49 0.08512448025259156
35 u 5 0.16148473115096418
35 w 45 0.11023904346941449
35 x 46 0.08365738232987496
35 y 4 0.03712553639165539
35 z 7 0.002992195102773265
36 a 17 0.00902901062018202
36 b 12 0.003175674753242097
36 c 43 0.0054050396050003835
36 d 30 0.05582004649311634
36 e 7 0.041190665142859295
36 f 36 0.04573825367037554
36 g 34 0.11854891754921204
36 h 22 0.02290928891475441
36 i 34 0.06352941529916789
36 j 32 0.0467801423868488
36 k 34 0.027139087252578298
36 l 42 0.009425257548386301
36 n 28 0.12076241902383233
36 o 16 0.006639081348820963
36 p 38 0.003183840101925628
36 q 39 0.026230247394369077
36 s 13 0.07686020611297661
36 t 7 0.03232939210685193
36 v 22 0.010221237354838153
36 w 36 0.019232953285622245
36 x 23 0.151006470034456
36 y 44 0.0031888053560756857
36 z 28 0.08507951704298455
37 a 16 0.024497357330763525
37 f 27 0.015265400444888444
37 i 24 0.17124810056983641
37 k 46 0.10081475826989728
37 l 43 0.1593343126311716
37 o 9 0.010393161495954373
37 p 30 0.08993088676547867
37 q 45 0.06487472939819772
37 r 2 0.06634433573401521
37 u 24 0.01514709080632548
37 v 28 0.006670666728485486
37 w 35 0.01030932171067167
37 y 3 0.11783417453786704
37 z 28 0.11498351342985946
38 b 13 0.035714609703439426
38 c 31 0.0224006578186422
38 d 6 0.04350871960116254
38 e 21 0.11123316336371003
38 g 13 0.021793625251176674
38 h 42 0.0008510398432833854
38 i 21 0.03259223996214866
38 l 35 0.24305768131385697
38 n 19 0.13078390301278098
38 o 17 0.06602698181336553
38 p 13 0.014909979965563647
38 r 33 0.02368552572319904
38 s 20 0.009293396680463695
38 t 39 0.12198276426453303
38 u 29 0.0126751578540103
38 w 16 0.011154746279757544
38 y 14 0.04663463285694225
39 f 24 0.07929312259587296
39 i 16 0.06288409282314233
39 k 33 0.043379700457292336
39 n 8 0.10082222789921869
39 q 40 0.030721371529019215
39 s 4 0.05803310651677185
39 t 7 0.33987384398363363
39 u 21 0.06652457172121196
39 x 42 0.12934385509652968
40 a 30 0.0010404051062090636
40 b 1 0.06422816848358504
40 c 30 0.0864119452725971
40 d 48 0.059418648172148925
40 f 35 0.022198212056097955
40 h 27 0.019039399902600285
40 l 26 0.07167039565682387
40 m 6 0.10529638569456845
40 p 41 0.12783658021027078
40 q 20 0.07117007593346525
40 r 27 0.049060204820353115
40 s 5 0.09187494545673136
40 u 24 0.1482048534560304
40 v 46 0.03328528322703539
40 w 21 0.017931287858555134
40 z 41 0.02701289311766475
41 a 50 0.043659972190824736
41 c 20 0.011757390864477468
41 d 50 0.009442958690747627
41 f 51 0.0403562604351978
41 k 2 0.07124311138015604
41 m 43 0.028640650828393954
41 n 21 0.2636931879150698
41 q 37 0.05731922161582803
41 r 16 0.12239519360957984
41 s 33 0.00859091627083497
41 v 7 0.1451761570074821
41 w 34 0.08905402964584641
41 x 37 0.010394816467522494
42 t 10 0.9336152894944438
43 a 21 0.017677843116803982
43 b 31 0.01914538694317447
43 d 4 0.003031065221995588
43 e 31 0.12150215177993107
43 f 4 0.0019201845310825583
43 g 6 0.06255683318768712
43 h 47 0.0062224095377948485
43 i 28 0.03458983354520773
43 j 51 0.002726290294754685
43 k 13 0.018027413961711036
43 l 10 0.03054240368978256
43 n 3 0.04048766432094586
43 o 20 0.0008426786264477126
43 p 22 0.018907654080315472
43 q 22 0.07247936069419103
43 r 20 0.03197269711554185
43 s 12 0.10080843471146173
43 t 35 0.02208028511069493
43 u 0 0.03780631640150689
43 v 28 0.07418113352894584
43 w 50 0.02112884945677085
43 y 11 0.1462755139740446
43 z 40 0.05971547423474577
44 c 35 0.07666372463737692
44 e 25 0.03955880275991319
44 g 35 0.008170432162059482
44 i 42 0.06518610081757992
44 k 27 0.2071787804490861
44 n 25 0.07062047725724163
44 q 39 0.12496934724448383
44 r 28 0.02801075262146191
44 t 50 0.05298025164931952
44 w 14 0.1589522751694722
45 b 1 0.08965689848025038
45 d 18 0.2279191610254505
45 j 5 0.1694338716183662
45 k 1 0.04873833748613787
45 n 50 0.09223500993549016
45 s 4 0.1124517995257387
45 t 2 0.16458130863841425
46 c 51 0.00242766020789309
46 n 40 0.36260467521845374
46 z 12 0.17991449921581182
47 c 24 0.2657033634724886
47 z 23 0.4068349040500141
48 a 40 0.021640993394572372
48 g 41 0.21808452442010418
48 u 8 0.32875418993728356
49 i 9 0.12559156382030856
49 j 5 0.5774149718855531
49 r 43 0.12733141221612165
49 x 6 0.16107593873715176
50 a 4 0.031554407127761364
50 d 30 0.03237648269788562
50 e 16 0.30676753446657523
50 f 8 0.05195336778379145
50 g 35 0.04418936313404653
50 k 40 0.030358929224438835
50 l 44 0.04006967997147892
50 m 27 0.04634449372325444
50 n 8 0.03420106914451848
50 p 15 0.012064782106958938
50 q 47 0.05406471445581085
50 r 21 0.01492017240595267
50 s 7 0.06747960278937859
50 u 19 0.15670478914967179
50 w 2 0.002115651930597706
50 x 0 0.0057567787264439785
50 y 27 0.05595861554004977
51 a 6 0.0405412890910144
51 b 28 0.07007878238707788
51 e 40 0.05771874093564833
51 f 10 0.0161518397294802
51 j 16 0.05047103654383989
51 l 42 0.25657213454330907
51 o 4 0.006811465546438744
51 q 37 0.059921368860885726
51 t 20 0.12276507849779084
51 u 42 0.01809088049599794
51 v 46 0.012702710917327553
51 w 28 0.10370289853235903
