128 26 1665
0 0.033924787622030994
0 0.02397812718974579
0 0.08993347382609562
0 0.03998672459215169
0 0.8504768548316028
0 0.047316455562859794
0 0.06433133947822434
0 0.00015204453261741246
0 0.051685397218489526
0 0.0081717937961584
0 0.041232719561021036
0 0.43750933583838625
0 0.06785288982968962
0 0.10142543691215578
0 0.049105415533139074
0 0.22388999714532687
0 0.0017640125465195888
0 0.026622630480033105
0 0.16062058720189443
0 0.004068566439593302
0 0.1238578143696305
0 0.06250792148820028
0 0.009880558923309968
0 0.05511261630601327
0 0.08119245641756223
0 0.3399561269624004
0 0.013546246942440443
0 0.047349510809978956
1 0.060496857087643185
0 0.2719899712944669
0 0.1501528950492641
0 0.034993932084055435
0 0.7351484001278275
0 0.0863601971013559
0 0.04874222659772909
0 0.3378832655545141
0 0.00903634686518029
0 0.01806672013354138
0 0.0805833398129574
0 0.05892718772813521
0 0.21492656201674798
0 0.05403416029649011
0 0.054143702530695226
0 0.0059348890374258945
0 0.08444721669461863
0 0.09751086424308764
0 0.19688734309836597
0 0.1891349456593373
0 0.3142483645408283
0 0.004088116431527955
0 0.055687041960803096
0 0.020091602923977825
0 0.0056791024951198255
0 0.06669634576748695
0 0.32727717430097003
0 0.031925685116207636
0 0.04556927615622708
0 0.00710306703115593
0 0.053311022977236
0 0.0015817449090461677
0 0.020160787063857155
0 0.16593579745056608
0 0.013189309878952948
0 1.0
0 0.02134799293323375
0 0.024238282077357565
0 0.06912044138161422
0 0.001971568361290199
0 0.04953533216372519
0 0.17547867226656688
0 1.0
0 0.05879043562185737
0 0.04525963594883875
0 0.1694689161862235
0 0.038695837879841655
0 0.1014599870948395
0 0.07035807437492614
0 0.12357538698325621
0 0.06480221371305273
0 0.0925766844252417
0 0.06465611209367383
0 1.0
0 0.31580573489516006
0 0.6362133198590308
0 0.03354518701173037
0 0.35888913427781266
0 0.02552553446413819
0 0.06210599095599456
0 0.1771603299842851
0 0.001042532230953186
0 0.12705794812955207
0 0.08187674575668191
0 0.00705971811263284
0 0.018021715785345838
0 0.08523160328473778
0 0.0020831578415352325
0 0.008463794212826281
0 0.040260000637508564
0 0.0739221995305116
0 0.1170882981845035
0 0.9056997739029463
0 0.15555700809566042
0 0.006682184242699174
0 0.009685864088056273
0 0.05046746397661972
0 0.00438591728515092
0 0.009671271260030423
0 0.07098864737838928
0 0.17620313813888477
0 0.016634871061362855
0 0.0033819593694603967
0 0.7471675992915733
0 0.08563515594311599
0 0.02413195675738289
0 0.05385762573270991
0 0.029340830354199765
0 0.059429939564933254
0 0.23299619360634904
0 0.018420571814881992
0 0.0019580545297668284
0 0.03843086520690886
0 0.03631809803879649
0 0.04971413872818076
0 0.07142720303196015
0 0.23578526895551744
0 0.035687576921081154
0 0.018491355932361286
0 0.007094200081437685
0 a 120 0.14690806981840898
0 b 82 0.04486598437226441
0 c 3 0.035474565011290426
0 h 24 0.08182599263289436
0 i 52 0.05718581172585324
0 k 108 0.016567623423546896
0 m 29 0.03769944455553065
0 o 25 0.038231671001888845
0 p 47 0.01281923466733681
0 r 24 0.007902011425872102
0 s 4 0.012294645799067805
0 t 17 0.09108344865047546
0 u 7 0.18738714387257527
0 v 112 0.030693200609138827
0 w 4 0.10695827987560524
0 x 75 0.041245648627004416
0 z 99 0.01693243630921526
1 a 38 0.012298649980972187
1 b 67 0.059585437666992536
1 c 95 0.009882488568678016
1 d 95 0.06206375470541359
1 e 99 0.07932856908084274
1 g 55 0.003607269145809666
1 h 77 0.04036269356719946
1 i 36 0.00031373224532438293
1 j 7 0.0360798253614425
1 k 66 0.11587493750175848
1 l 106 0.02366134663874364
1 m 32 0.07081917044153407
1 n 24 0.032638881580750345
1 o 69 0.02460287191883559
1 p 77 0.01699290313397206
1 q 75 0.11767069085559523
1 r 61 0.004596420892775344
1 s 96 0.03139349008892289
1 t 67 0.09391678661669556
1 u 50 0.0073734503125795214
1 v 83 0.046714122229596255
1 w 78 0.002413089223385567
1 x 103 0.019862425255136817
1 y 22 0.049293690822605596
1 z 109 0.014675174974692173
2 b 64 0.08780956189442746
2 c 101 0.1349292017682674
2 h 114 0.028990665805086913
2 i 56 0.009812665025939693
2 j 57 0.25786921204057833
2 k 0 0.01569027069700757
2 m 110 0.020208609686199308
2 t 101 0.024581363434541537
2 v 63 0.015645158399987924
2 x 106 0.09908825130252452
2 y 53 0.018063104114568573
2 z 18 0.19737846200477516
3 b 1 0.003957424534859588
3 d 25 0.015107829295560649
3 e 95 0.0067861917816774975
3 f 17 0.04563886219018365
3 h 49 0.0548989262706695
3 i 45 0.2814791527370003
3 j 36 0.028189262829435457
3 k 42 0.022570119743075878
3 l 12 0.09328942554170905
3 n 47 0.03642174814833521
3 p 78 0.15165600235035637
3 r 26 0.10656086240213647
3 u 28 0.06639821217001696
3 y 37 0.005287295549658122
3 z 110 0.04177195986317361
4 m 67 0.14952314516839715
5 a 103 0.05476373506535581
5 b 8 0.010889306766042273
5 c 1 0.028834137995288667
5 d 93 0.0012596494136158931
5 e 103 0.047393569488997866
5 f 44 0.04807323790306728
5 g 61 0.006529661784672736
5 h 38 0.03972146966619339
5 i 113 0.02540607828386543
5 j 53 0.10347554347042232
5 k 48 0.01423087460195216
5 l 70 0.008643618005612086
5 m 118 0.025227101868813384
5 n 110 0.014617307327765783
5 o 107 0.0056407426930717985
5 p 68 0.04617790189405868
5 q 29 0.0033313252756408396
5 r 31 0.0637757411818991
5 s 1 0.012763783776962856
5 t 122 0.05200519838338624
5 u 12 0.07899770078971402
5 v 9 0.03547218840548805
5 w 1 0.06510685771262903
5 x 36 0.03152026608167302
5 y 56 0.055488356364678415
5 z 110 0.07333819023627308
6 a 19 0.03729033724877173
6 d 6 0.06289416037933993
6 e 64 0.09637230820617382
6 g 30 0.01674102129529631
6 h 82 0.046748339915470116
6 i 10 0.037279032430959425
6 j 25 0.06655028013488273
6 k 97 0.024351629218530846
6 l 12 0.010612729782532915
6 m 115 0.041400429226331026
6 o 50 0.06594111651443779
6 p 99 0.04894803980830642
6 q 91 0.14349968774763278
6 r 64 0.03595986161120557
6 u 79 0.006303968847189534
6 v 102 0.019833319927564208
6 w 124 0.02653393788826308
6 x 51 0.03944662831151213
6 y 18 0.03529696002362093
6 z 116 0.07366487200375438
7 a 86 0.09852833737754763
7 b 89 0.0016481248865520826
7 c 73 0.124814855731333
7 e 40 0.028294586079443684
7 f 99 0.060792644515455074
7 g 95 0.08161245785128235
7 h 113 0.025740172197787792
7 i 65 0.011154813084627624
7 j 124 0.07508065446375634
7 k 91 0.028755938100510692
7 l 8 0.005273447776309781
7 m 77 0.02328729911360461
7 n 100 0.017860249501246428
7 o 98 0.014629570270099257
7 p 78 0.04211296888679472
7 s 12 0.07628870142970723
7 t 34 0.19786004545313607
7 u 82 0.06978334341845693
7 v 9 0.008633382289051639
7 x 60 0.006056660528130031
7 y 6 0.0016397025125496345
8 a 5 0.009402734835617155
8 b 102 0.06295296193850453
8 c 127 0.02213898093559319
8 d 35 0.018202988668843734
8 e 81 0.0076558295469563165
8 g 119 0.0602294512207453
8 h 32 0.006428513566142158
8 i 70 0.027433611689232418
8 j 51 0.00800399225899362
8 k 1 0.029186158484805547
8 l 1 0.19909869314412143
8 m 25 0.006486847215177893
8 o 96 0.005290720368110513
8 p 114 0.032945498205931734
8 q 84 0.01878490949634959
8 s 123 0.12304758568335705
8 t 91 0.03748842221843063
8 u 97 0.04097402488584578
8 v 85 0.09708666474211658
8 w 15 0.07009766713417576
8 x 106 0.04378148816007377
8 y 30 0.01735782083581261
8 z 68 0.004239037546573177
9 b 13 0.01652227272721174
9 c 63 0.07265491668300295
9 f 5 0.00638485553575352
9 g 78 0.08354770881272422
9 i 3 0.03276512506939688
9 k 98 0.01795572183415295
9 l 28 0.10958368703094323
9 m 94 0.06145024076482586
9 o 31 0.033219015119111295
9 p 20 0.03324186429398701
9 q 22 0.25822547780524174
9 s 30 0.02337630714808514
9 t 103 0.02860722977143293
9 u 125 0.03191650376349753
9 v 13 0.05874072038831113
9 w 13 0.013181643797925857
9 x 83 0.11045491565823762
10 b 100 0.17827538123736175
10 c 32 0.011156799650765103
10 e 29 0.07554269086219545
10 f 33 0.030925169322259083
10 g 51 0.045367658017979484
10 h 30 0.0191271613082431
10 i 20 0.08362235527739448
10 j 51 0.003400712900351044
10 k 90 0.057334502881423166
10 o 65 0.006982250864104644
10 p 115 0.023072260190281413
10 q 27 0.03699432447864648
10 r 81 0.12055399094309016
10 s 110 0.016444379469555903
10 t 29 0.09457589442627623
10 u 27 0.001725560195483422
10 v 31 0.00952151188007
10 w 80 0.0725397321899739
10 x 104 0.02990869359783721
10 y 42 0.03798430458678437
10 z 31 0.0037119461589025793
11 c 114 0.0018071181886836207
11 d 81 0.07510513026613586
11 f 91 0.018219765758834328
11 g 22 0.17202727411952023
11 j 121 0.1918417398719653
11 v 30 0.010132830876419252
11 x 80 0.0026690773360737996
11 y 71 0.09068772774398137
12 b 59 0.15953426364558787
12 c 31 0.01592182465824865
12 d 92 0.22695909867055242
12 e 112 0.039152764632628845
12 f 74 0.022938084496916034
12 g 51 0.08913741607324599
12 h 30 0.021362706483169625
12 i 54 0.021622192218852754
12 m 70 0.00807011057269913
12 n 82 0.01721105998958683
12 q 86 0.02171410376675864
12 r 5 0.003907679641193096
12 t 68 0.11964792119491907
12 u 13 0.02722821847476853
12 v 16 0.006885563460551025
12 x 119 0.01566857971610147
12 z 75 0.1151855224745304
13 b 125 0.0860406651485216
13 c 57 0.027233073410714903
13 g 74 0.13130250833368484
13 k 84 0.025595619830565797
13 s 81 0.22902471475393593
13 u 106 0.05422476785183705
13 w 28 0.22630353702731199
13 x 97 0.09185912174070276
13 z 90 0.02699055499056935
14 a 106 0.04450942817390735
14 b 101 0.0033634726947787685
14 c 56 0.017235341308370677
14 d 60 0.09403527161055736
14 e 40 0.01286731395162477
14 f 66 0.011100264597163845
14 g 56 0.025762081874952547
14 h 64 0.05137441245114216
14 i 87 0.034439405887519925
14 j 45 0.03400345043253894
14 k 16 0.002249525492543647
14 l 50 0.027349376368333567
14 m 112 0.022883068359756953
14 n 95 0.04265694511781615
14 o 87 0.14922300614786455
14 p 24 0.2531934079367171
14 q 30 0.013200972168011083
14 s 62 0.047624183856709634
14 t 114 0.0009288245457831357
14 u 127 0.03267519333546309
14 v 5 0.00956363416524586
14 w 85 0.011085337706379095
14 z 123 0.009570666283680751
15 c 40 0.20220952147956284
15 p 6 0.0660180136074282
15 q 38 0.5078824677676821
16 a 19 0.022150137338866838
16 c 58 0.05247406877256511
16 e 9 0.07511919385404686
16 f 64 0.03866673967725853
16 g 21 0.018771672938961426
16 j 92 0.001623408899996459
16 k 51 0.07997842847703396
16 l 22 0.03779513910191834
16 n 61 0.0471678757661379
16 o 76 0.054014648200898074
16 p 31 0.07661228757953154
16 r 101 0.007957800195153242
16 s 108 0.005836261263296838
16 u 31 0.0054127124773269975
16 v 51 0.1073591009186281
16 w 50 0.2531823409234999
16 x 60 0.03060056745150097
16 y 85 0.04751293988324734
16 z 54 0.03600066373361199
17 a 109 0.047856176112962445
17 b 26 0.19695858064287863
17 c 53 0.020154266160927747
17 d 74 0.026871903434071975
17 g 32 0.10192173735301924
17 i 9 0.02683395012831069
17 j 33 0.009326067681578398
17 l 31 0.39849212723208216
17 q 35 0.0702195230741558
17 y 72 0.07474303769997981
18 l 52 0.6178302576908397
18 z 61 0.22154915510726592
19 a 114 0.004296366708828381
19 b 95 0.04858488386448878
19 c 22 0.10199537345409393
19 f 57 0.11554214317161826
19 g 100 0.00645995003690758
19 k 30 0.05625472256099062
19 m 78 0.012622165451641965
19 n 85 0.05134441661990918
19 o 57 0.19724356737721815
19 q 83 0.05338129331459285
19 s 93 0.04319202378224385
19 t 123 0.06899063107214831
19 v 22 0.03692581772806536
19 z 39 0.19909807841765947
20 b 16 0.054441562068881955
20 e 86 0.012837467276474612
20 f 15 0.3262075491125622
20 k 43 0.017791200388910355
20 n 27 0.11773910453249614
20 p 29 0.08259551687359656
20 s 23 0.20424360631861505
20 w 56 0.028715336630845134
20 x 66 0.03157084242798747
21 k 43 0.49815646214002385
21 v 63 0.43933561637177587
22 a 105 0.07445637698080931
22 c 25 0.02501121344666768
22 d 18 0.06048864775153162
22 e 24 0.015960569124449098
22 h 107 0.0662370097939623
22 i 112 0.09457990549720707
22 j 29 0.028716371503575422
22 l 112 0.01269048883116175
22 m 24 0.025465582493144567
22 n 59 0.03183193503896897
22 o 126 0.1303196133934933
22 p 36 0.03647632473200424
22 q 81 0.02685366346753215
22 r 118 0.007406304069454084
22 s 106 0.005314382024909858
22 t 38 0.04950325447070203
22 u 81 0.00816859440016049
22 w 67 0.029420881394939813
22 x 43 0.06750665082431007
22 y 79 0.13413719961455606
22 z 69 0.059574472223150154
23 a 125 0.009513764851587947
23 b 11 0.05010978145149281
23 c 84 0.012506203453220621
23 e 120 0.026226996077974518
23 h 58 0.06770079924565697
23 j 81 0.03682300911441028
23 k 116 0.08025455826581096
23 l 15 0.0655124525789893
23 m 122 0.29882359619111754
23 n 25 0.04320560013230179
23 o 59 5.876266620508108e-05
23 p 18 0.0061774623845231025
23 r 47 0.006758309039484045
23 t 33 0.020289619140288595
23 u 115 0.07198796463550461
23 v 94 0.026738217506055317
23 w 121 0.01625950055867309
23 x 53 0.045051666249431244
23 z 19 0.06088912015125891
24 a 14 0.01095111344880284
24 b 29 0.021410356663087216
24 c 68 0.003603598835981048
24 d 22 0.0014498900667311299
24 e 70 0.05961518184931702
24 f 94 0.037377780046495945
24 g 97 0.00758569059445291
24 h 4 0.02577412536207291
24 i 119 0.04413543042079193
24 j 111 0.13329727950030001
24 k 107 0.028322028392950283
24 l 68 0.009532823145507296
24 m 19 0.0003797267089042933
24 n 93 0.09354272374876949
24 o 56 0.06807910669710882
24 p 72 0.00644618627662874
24 q 85 0.05720161441835514
24 r 1 0.010278575359494724
24 s 68 0.05938820285639557
24 t 12 0.15472287119855554
24 u 81 0.02283561865132311
24 v 111 0.01402165467994354
24 x 82 0.004146204434403167
24 y 39 0.04254452314948609
24 z 5 0.0021652370765790074
25 b 91 0.0998842045739643
25 d 89 0.03869330803358029
25 k 10 0.08724493554912216
25 s 27 0.0999941228534359
25 v 26 0.10890547371400194
25 w 118 0.10399996481342832
25 x 73 0.07185421028753569
25 z 80 0.04946765321253099
26 c 47 0.13265725309081944
26 d 5 0.03782330143200441
26 f 55 0.22764342949958438
26 g 118 0.29235610553182556
26 m 2 0.014458134640784603
26 u 53 0.01888798178819695
26 v 95 0.07186395440907445
26 z 91 0.19076359266526977
27 b 119 0.0538436887346494
27 c 59 0.003565528126797446
27 d 20 0.012312354390463298
27 e 21 0.07110824037506158
27 g 42 0.04662426355468019
27 h 72 0.04337782571929949
27 i 11 0.04459637700307262
27 j 26 0.2325027419266621
27 k 79 0.13903745998426986
27 m 44 0.04651547788498844
27 n 89 0.058757625194706065
27 p 53 0.02510565177260704
27 r 5 0.04145454367690482
27 u 110 0.003596243305852287
27 w 34 0.007110152318085539
27 y 29 0.12314231522192087
28 a 75 0.04222013179832684
28 b 1 0.007152141735278339
28 c 78 0.005546066464473753
28 d 15 0.03964862863583152
28 e 0 0.004959136860526625
28 f 14 0.0017656166208315227
28 g 123 0.01978959824989579
28 h 76 0.004470345512124885
28 i 34 0.11976878734821617
28 j 61 0.06088734494748016
28 k 26 0.09569120407896403
28 l 73 0.008081634216804412
28 m 37 0.026790616984783133
28 n 52 0.07759061454478555
28 o 116 0.044433459769479544
28 p 70 0.01984944394215926
28 q 4 0.015202417744377805
28 r 70 0.031269314575273044
28 s 127 0.059311591040374645
28 t 66 0.11755068833115256
28 u 2 0.03852250355555209
28 v 69 0.01089992988032562
28 w 56 0.030462577060541007
28 x 104 0.024008188020317678
28 y 60 0.010633894160549051
28 z 102 0.022997266833931773
29 h 56 0.34143041172818056
29 j 33 0.1328434479332984
29 x 70 0.25373616904405416
30 d 23 0.05737261866217713
30 j 32 0.12960906053949262
30 n 125 0.34180786667322716
30 r 118 0.09739973920601597
30 v 65 0.09634883270112526
30 w 63 0.12730898716869776
31 a 66 0.18425621313407858
31 d 52 0.03320856468654887
31 g 30 0.5079460925258079
31 k 115 0.038570249450596394
31 n 7 0.032453948408218136
31 q 125 0.014642560265561766
31 t 36 0.1539284394451329
32 j 96 0.26485159987217255
33 d 76 0.02965603704722386
33 g 73 0.003330863844290821
33 h 58 0.045425196961850656
33 j 12 0.08398030482596774
33 k 60 0.13193711847797485
33 m 61 0.2106519021118337
33 s 54 0.009200499659139605
33 v 73 0.06308799729795367
33 x 105 0.121442420051314
33 y 2 0.16926749867247504
33 z 70 0.04565996394862015
34 a 31 0.04540552883573823
34 c 70 0.021496722922623057
34 e 82 0.26740259066854155
34 j 81 0.04596689336132431
34 l 107 0.09423027474143242
34 u 80 0.3129716769357064
34 w 48 0.16378408593690497
35 a 108 0.32716983015138346
35 h 39 0.33494690429410245
36 a 60 0.06156106710090903
36 b 39 0.01160278010678717
36 c 108 0.07009759117285475
36 e 92 0.10441882957093362
36 f 17 0.005074959297694526
36 h 120 0.015357979495912666
36 i 103 0.16310358681409087
36 j 109 0.053501852381751536
36 k 41 0.18980548229273686
36 m 18 0.048233872937821
36 p 31 0.018283988018731323
36 q 81 0.04840658031686884
36 r 68 0.06220956570582126
36 s 120 0.06501561471887563
36 t 56 0.0026816302353902532
36 w 98 0.05278312828422349
36 x 82 0.018825144683416895
37 a 69 0.1021894984259113
37 b 97 0.014265907004310963
37 c 126 0.009606951682762599
37 d 1 0.03338714428139433
37 e 109 0.07096860498033641
37 g 34 0.07878684050749118
37 i 55 0.08506931612101909
37 j 40 0.05740579032278004
37 k 110 0.01853241191970134
37 l 29 0.03521195141476774
37 m 88 0.00344352858850161
37 n 70 0.011930679354403284
37 o 81 0.08523724493519425
37 p 49 0.022266802296414867
37 q 45 0.05487602531985292
37 s 59 0.0336667992011257
37 t 81 0.10303983121593574
37 u 118 0.009429720337048808
37 v 3 0.05104077171931243
37 w 83 0.010917626094160693
37 y 39 0.07554849769121097
37 z 32 0.015111336452822366
38 c 39 0.003278420562068951
38 d 115 0.018238467220945798
38 f 63 0.010424497937166044
38 g 27 0.0794136267995722
38 i 58 0.030743487003712322
38 j 51 0.027837096813586593
38 l 43 0.05161384789012091
38 m 78 0.008236870078439318
38 n 31 0.07145023718075527
38 o 63 0.04400266470325731
38 p 97 0.01149289028647471
38 s 63 0.04644327545934657
38 t 4 0.06463209274904491
38 v 116 0.02508392089019862
38 w 46 0.08878892426897567
38 x 57 0.015874539603610627
38 y 82 0.3218618007397668
39 m 16 0.17864431191361163
39 r 110 0.7624285003582532
40 a 50 0.028105700373036613
40 h 32 0.037511401405455835
40 k 16 0.5189931060305217
40 p 22 0.20046323017423784
41 a 26 0.05759978005562294
41 b 53 0.08934140207105246
41 c 54 0.11896194085353295
41 d 40 0.02055649382579572
41 e 47 0.04808480394094172
41 f 58 0.008245802855847084
41 g 17 0.002361719056093059
41 h 100 0.021502310104607236
41 i 39 0.0033795817824210372
41 j 27 0.09925337968248094
41 k 18 0.017845670523596202
41 l 108 0.032068498340307006
41 m 59 0.014984495112245533
41 o 103 0.010037181992362254
41 p 51 0.06080426109699366
41 q 61 0.04569485649004823
41 r 23 0.03740904240160159
41 s 82 0.038972855535048256
41 t 67 0.01907362398875423
41 u 27 0.0036687511687876206
41 v 19 0.06512209968583416
41 w 25 0.03379882611512286
41 x 52 0.007165795605075687
41 y 27 0.00737166466212813
41 z 123 0.08266100275720933
42 a 101 0.06558351208673618
42 c 90 0.007327901348528232
42 e 22 0.06724133920959807
42 h 93 0.08401892545877265
42 m 99 0.17430761228886948
42 p 57 0.04988918815117194
42 s 35 0.08977402750069907
42 u 51 0.28203287872515614
42 v 117 0.006756064220286739
42 w 23 0.07568793226163373
42 z 12 0.04323691621785253
43 a 98 0.00867316832282694
43 b 110 0.009844774931155209
43 c 86 0.01677479245232738
43 d 106 0.07803868023291916
43 e 2 0.03357135077063289
43 f 117 0.047387815778838105
43 g 90 0.003205641527580849
43 h 42 0.1203234345466937
43 i 87 0.04941578888646858
43 j 77 0.02177361488928342
43 k 16 0.025041831001001547
43 l 49 0.11244619332392358
43 m 1 0.006273840807596742
43 n 89 0.06091908180608974
43 o 82 0.046364663953777696
43 s 87 0.09549855668988805
43 t 81 0.017632176867370397
43 u 57 0.08543422802855416
43 x 56 0.059873068043776456
43 y 31 0.08946480985824223
43 z 41 0.006107598243627277
44 b 111 0.18253717780783252
44 c 78 0.10117674454797354
44 g 82 0.007430330338709323
44 h 108 0.028427099107363296
44 j 43 0.02342671774818339
44 n 15 0.05374705158654758
44 r 48 0.1284917833676359
44 t 69 0.06355762600512005
44 u 3 0.13466040502304488
44 x 46 0.06081088746618646
44 y 35 0.13128696030678444
45 d 13 0.37057445697914815
45 i 75 0.17358890533779958
45 p 34 0.1841221736128662
45 y 96 0.17420359982709843
46 m 44 0.08172521806193678
46 r 43 0.31620225768805865
46 t 54 0.16628417863677813
46 w 4 0.23890100251486046
47 s 51 0.1279510610817185
47 w 64 0.4396090778709443
47 x 3 0.24330491538799992
48 a 22 0.03027729413166469
48 c 75 0.08643047368789425
48 g 70 0.10823708234580165
48 h 101 0.015582828573157292
48 i 107 0.04859231901683381
48 j 18 0.08087335547387209
48 m 31 6.708236733965478e-05
48 s 12 0.001210021512788484
48 t 36 0.05018505002107143
48 u 102 0.00857654052475354
48 w 52 0.12662743331522186
48 x 67 0.11797706896526017
48 y 110 0.011115085523512813
49 a 17 0.995911883568472
50 b 105 0.06931422154890698
50 d 32 0.09199562341488654
50 e 92 0.006216481438752863
50 g 108 0.3529257521898934
50 h 118 0.006476358670223337
50 m 32 0.08416290253289271
50 r 66 0.011445263254925786
50 s 91 0.19855222762806324
50 u 118 0.04793022253672585
50 z 55 0.07529390482392617
51 a 35 0.06735792005610952
51 b 12 0.21754439934594805
51 d 22 0.02994780284197973
51 f 53 0.044873422008267494
51 g 107 0.06214570065188041
51 l 32 0.10650050221058327
51 n 66 0.1128154872185817
51 q 54 0.11198468867089129
51 r 11 0.13158942196950185
51 s 105 0.010431490787877529
51 u 63 0.052298263070570394
51 z 96 0.03241929824383094
52 a 42 0.04960480415359614
52 b 117 0.1146018567819782
52 c 23 0.035929773340247495
52 e 39 0.05653419274738036
52 f 54 0.051282972373561386
52 h 56 0.04655136631834611
52 i 61 0.0865794943498801
52 j 84 0.009040607707823
52 k 63 0.0037120929912805023
52 l 23 0.02156289713131776
52 m 87 0.009556694501200558
52 n 118 0.017713077668451538
52 o 67 0.006036671173201502
52 p 85 0.008070161882972715
52 q 86 0.043494839712012956
52 r 115 0.09224036557178283
52 s 23 0.005561024051320751
52 t 11 0.03083263667692071
52 u 107 0.0489028045963954
52 v 63 0.04766326166710133
52 w 6 0.05870383444937877
52 y 90 0.12725314639364393
52 z 14 0.022892321265086113
53 a 97 0.19694705221719933
53 h 1 0.2804739403446588
53 t 82 0.14983263906463085
53 v 41 0.3060500226060241
54 r 11 0.67272282569903
55 d 111 0.060080507657950144
55 g 86 0.050601224957132485
55 j 39 0.010519560645708137
55 l 103 0.2680683179300932
55 n 51 0.10210641921152963
55 s 44 0.0799755216352902
55 t 23 0.12186544658011722
55 w 100 0.037834733909944074
55 y 41 0.23702258235602724
56 a 12 0.03995881911472032
56 b 71 0.012096867197267103
56 d 61 0.04144425423164133
56 e 56 0.006900032746381846
56 f 69 0.01098592144317001
56 g 64 0.06337120040067801
56 h 57 0.015073732471558188
56 k 126 0.07868508114716577
56 o 83 0.05915831933321136
56 p 9 0.01872513991255953
56 r 123 0.0032983578887623155
56 s 24 0.1349364754013499
56 t 41 0.02949770796191875
56 u 115 0.016305956447794756
56 v 32 0.2334803885674127
56 w 28 0.09490329366430883
56 x 31 0.037195052980771526
56 z 90 0.058414122933100665
57 a 42 0.069698587392377
57 d 97 0.0025167146304578836
57 e 38 0.018297452398899794
57 f 29 0.09926181871722639
57 h 65 0.07831156918721194
57 i 76 0.002546598864100691
57 k 59 0.14093997981278517
57 m 7 0.00704302724425343
57 p 78 0.01776845782035208
57 q 109 0.028222458831197006
57 r 62 0.03836117178201981
57 s 80 0.035347972616340484
57 t 61 0.35205309509267335
57 x 80 0.10252802857894905
58 a 86 0.0067318627809735965
58 b 114 0.017187048653476755
58 c 27 0.005895883021397208
58 d 69 0.00537618636941839
58 e 38 0.1330891226355908
58 f 15 0.027738188792645557
58 h 110 0.018048811988169433
58 i 92 0.017701329092305707
58 j 59 0.014772249470635601
58 k 32 0.06337289912417488
58 l 3 0.002370605855807506
58 m 74 0.20987863352161684
58 n 106 0.0675331606395323
58 o 17 0.011158130853424653
58 p 110 0.021083405899889884
58 q 59 0.0037900809866826535
58 r 45 0.013543995049084545
58 s 70 0.02218162282560343
58 t 106 0.10361678853795553
58 u 39 0.010923594925008828
58 v 76 0.00611774975287116
58 w 93 0.0795082168402177
58 x 118 0.016426624382475996
58 y 110 0.01101685391213103
58 z 87 0.05762593111167402
59 a 70 0.0019209691422255037
59 b 80 0.08091430099725494
59 c 37 0.026854165068953995
59 d 121 0.04517591864538739
59 e 104 0.04982396272139822
59 f 22 0.016932173700730302
59 g 25 0.009539810721089115
59 h 44 0.019074387926660608
59 i 66 0.007829762288565578
59 j 112 0.04443025580593207
59 k 11 0.0991938637313502
59 l 125 0.06999926536289558
59 m 19 0.016698515523070667
59 n 30 0.05480944881763661
59 o 3 0.015524475667863635
59 p 19 0.041181817885362015
59 q 8 0.04808934236989282
59 r 48 0.04904641541237098
59 s 22 0.011940152125845427
59 t 2 0.03240007676954548
59 u 31 0.02331345973072274
59 v 112 0.02974027361288578
59 w 71 0.05611765338380781
59 x 91 0.06078351552419481
59 y 110 0.05981981398433911
59 z 48 0.02726445817097245
60 e 17 0.029450567996588073
60 g 59 0.41274358135072087
60 h 87 0.00910556247029648
60 j 124 0.08191654962243045
60 k 14 0.1683898942185693
60 l 125 0.05503202078576608
60 n 77 0.041184611448330743
60 o 119 0.012182584329434865
60 q 37 0.0009055994907942733
60 r 4 0.0901390009509393
60 t 86 0.017624438502106377
60 u 78 0.005076375005121148
60 y 114 0.056088426765044885
61 b 91 0.3413560965463964
61 d 113 0.09951592073761462
61 h 72 0.11071440669130206
61 l 91 0.052302665924052305
61 m 29 0.16850740536812991
61 t 51 0.0616677072819386
62 a 81 0.03776461661784991
62 f 35 0.09155688066663792
62 i 67 0.09340740835793893
62 l 73 0.33068154803511085
62 o 10 0.06424081377222679
62 p 124 0.06328933404765502
62 r 40 0.138842108503485
62 t 92 0.059749711306471
62 u 44 0.03562596513059846
62 x 46 0.02221551366407415
62 z 60 0.04943679001899903
64 a 34 0.006332092837941339
64 b 123 0.12799923935929858
64 c 72 0.026468904428253337
64 d 87 0.023537898932291745
64 e 114 0.11242856869184137
64 f 82 0.08544867796796785
64 g 68 0.014249765970701267
64 h 79 0.06452539480740405
64 i 78 0.11832489324904993
64 j 74 0.059377848822240176
64 l 84 0.04438743758493768
64 m 4 0.03473484545162808
64 n 67 0.03652349838381219
64 o 53 0.09897839788116969
64 p 16 0.002871294010833525
64 q 117 0.0152639713666608
64 r 6 0.009784263996624243
64 s 35 0.013287815737858866
64 t 80 0.0006048857805072139
64 u 67 0.013342841808501649
64 v 90 0.014515379892940383
64 x 113 0.006811140442941954
64 y 47 0.029902906521367956
64 z 17 0.01895004313999238
65 b 53 0.006152680851924774
65 c 122 0.0015097686466472027
65 d 48 0.038458905985017555
65 e 106 0.1816768682096701
65 f 17 0.015213677081094557
65 g 1 0.003735018342373664
65 h 74 0.07920516178552306
65 i 114 0.05759763510401794
65 j 76 0.04930151665126925
65 l 27 0.0055828985769516
65 n 17 0.0841683101763252
65 o 121 0.15366640265800302
65 p 2 0.008786727545024187
65 s 19 0.0863526482425957
65 v 74 0.05766387638820569
65 x 78 0.025430332215181317
65 y 93 0.11601927182894956
65 z 118 0.005240017633868055
66 a 39 0.1015419830708949
66 c 81 0.013710464340171757
66 d 6 0.0657723984584827
66 e 53 0.07043046081756776
66 f 75 0.002464435642570817
66 g 103 0.0014960221727444711
66 h 126 0.03205383377780846
66 i 69 0.15293417763835127
66 j 120 0.011634140319131236
66 k 7 0.010722724102151804
66 l 69 0.005817966751766268
66 n 9 0.11823570467765698
66 o 75 0.07397546567026192
66 p 58 0.03893746619078553
66 q 125 0.020927914421906224
66 r 33 0.010833494535352428
66 s 120 0.05696163206043736
66 t 6 0.04352131465149711
66 u 36 0.01578714160185546
66 v 120 0.015025320493561978
66 w 22 0.06278481973180705
66 z 83 0.005310677491622284
67 a 51 0.023970557426506778
67 c 94 0.059791865592508486
67 d 86 0.024145362256733027
67 e 53 0.01690431019333216
67 f 14 0.014140267314453836
67 h 83 0.028459131394484527
67 j 25 0.06210956391177136
67 k 72 0.042895276398360105
67 l 36 0.0667836048198126
67 m 107 0.02397917088854884
67 n 75 0.06841416352623675
67 o 66 0.03409110585157127
67 p 63 0.012205036426021332
67 q 56 0.0065025172211418125
67 r 72 0.08591636873125752
67 s 25 0.00045510101959034266
67 t 7 0.08387874185635913
67 v 102 0.011685301271352921
67 x 91 0.06139595751183813
67 y 102 0.09462053249575597
67 z 63 0.1756844955310729
68 c 18 0.08614247613809722
68 f 53 0.12760436457146151
68 g 103 0.025258487482067493
68 h 95 0.01889460191866854
68 j 33 0.045209540137955084
68 n 64 0.08098594257262293
68 p 49 0.0023944378787075227
68 q 75 0.1570883082009914
68 s 14 0.041777895755592764
68 t 27 0.14471573117634595
68 u 48 0.07809663636327313
68 v 105 0.0249578339172154
68 x 83 0.006009870261719286
68 y 24 0.06434633195121076
68 z 55 0.04698220951034582
69 j 85 0.6227926342232971
69 k 55 0.017440872847608202
69 o 101 0.1727076692043792
69 x 68 0.011580151458148613
71 b 25 0.027050415573739328
71 c 6 0.0032274515474595145
71 e 74 0.036346802729772976
71 f 43 0.04997377841035122
71 g 79 0.10554005312273707
71 h 92 0.028545708617494836
71 i 44 0.049877523066784946
71 l 93 0.012587250606336475
71 m 101 0.06065327079071303
71 n 106 0.007834220407696102
71 o 33 0.08518459190188632
71 p 34 0.13437234939939946
71 q 47 0.07130109394829243
71 r 36 0.011316934329672068
71 s 50 0.029646602338918804
71 t 8 0.039051907339286984
71 u 76 0.13543503172708293
71 v 34 0.028040196768874592
71 w 61 0.0046074413866665775
71 x 51 0.00940229377892643
71 z 17 0.011214646586050536
72 a 69 0.030833268732313512
72 b 72 0.024276693164793195
72 d 26 0.0602325090219622
72 e 71 0.061129348746313705
72 f 38 0.10571118791491585
72 g 17 0.005110568863991083
72 h 43 0.08268702196548727
72 i 102 0.1990472846826299
72 j 13 0.031419258176787146
72 l 113 0.03143668408353584
72 m 81 0.019295402126405126
72 q 20 0.01075505378228736
72 s 108 0.00538438188845658
72 t 115 0.011145111069525204
72 u 124 0.014358700179660455
72 v 94 0.028155168250674656
72 w 82 0.12294268969204813
72 x 87 0.012505609894396863
72 y 61 0.09831442181497718
73 c 24 0.024061931404461112
73 d 23 0.14857718345882198
73 o 60 0.5021482870792742
73 q 7 0.04928133228340992
73 x 55 0.10646234958780931
74 a 87 0.11303521432112484
74 b 123 0.054719719347265494
74 d 56 0.09708865161700264
74 g 92 0.020001716401852887
74 h 27 0.0059184001633848515
74 i 73 0.00860574802111369
74 j 102 0.010354053744972891
74 k 73 0.09497713608880853
74 l 93 0.02189048363551671
74 m 93 0.00133352557889177
74 o 98 0.008243976688305343
74 p 54 0.05837652043291752
74 q 18 0.07487437105059191
74 r 105 0.07971788819876802
74 s 109 4.591695314237754e-05
74 t 81 0.10486032673464218
74 u 18 0.028008066925384822
74 v 23 0.03998043359758363
74 w 8 0.06283991257353727
74 y 3 0.06612659079046057
74 z 117 0.010305509254890377
75 a 24 0.0031224141753757317
75 b 97 0.004598173869298394
75 c 102 0.034408238140195
75 d 94 0.024298967201005106
75 e 83 0.03356900653401562
75 g 2 0.016206596195689427
75 h 88 0.017830888838619052
75 i 62 0.004431637905605079
75 k 80 0.021737680856394825
75 l 87 0.05973078633825968
75 m 84 0.016421705195392544
75 n 80 0.01896478248079614
75 o 68 0.10930482697406874
75 p 117 0.186888671382621
75 q 116 0.003771698024199188
75 r 72 0.12432165716169263
75 s 67 0.006644103516675881
75 t 10 0.05505204057327395
75 u 14 0.003185368153443058
75 v 53 0.044908629525571286
75 x 119 0.0048833152656515555
75 y 73 0.07061992305062947
75 z 85 0.03363890154668714
76 a 23 0.02402128692730443
76 b 113 0.003925107060129829
76 c 110 0.22413631120064204
76 d 1 0.005882939647568475
76 e 31 0.02859672157562909
76 f 66 0.017580411999831402
76 g 69 0.03699931431265535
76 i 115 0.0723042776128271
76 j 48 0.0255630805509659
76 k 97 0.03102805965226907
76 m 57 0.03994813034028921
76 n 103 0.06211409451081129
76 o 114 0.05202057255801784
76 p 87 0.053192629962401816
76 q 60 0.008683937942482345
76 r 108 0.07283772472730876
76 s 68 0.030968444526034866
76 t 120 0.014953448074329967
76 u 109 0.0028792646551795142
76 v 44 0.008075165259891715
76 w 32 0.030685470134555692
76 x 97 0.009756366110205916
76 z 76 0.07348916628374225
77 e 103 0.038809763729169444
77 j 40 0.5062122697027952
77 p 50 0.20412291171458652
77 q 62 0.008452352279827768
77 r 41 0.072051962579613
77 s 116 0.04677535301075186
78 b 40 0.03827559679396875
78 c 85 0.26625281651279387
78 d 76 0.10486142589446046
78 e 46 0.07097589932659931
78 h 73 0.050319728673229314
78 i 15 0.07845483667571351
78 o 109 0.06097796176673409
78 p 3 0.01716726910524602
78 q 66 0.06305192793568959
78 s 74 0.008584453331319297
78 u 97 0.00314012613280934
78 v 5 0.029846599135903817
78 w 73 0.01037716467489569
78 x 115 0.07700429799894126
78 y 24 0.05590768232864296
79 d 92 0.11043018835045859
79 g 50 0.017660415076594105
79 j 115 0.3046877597761407
79 k 29 0.08860672587702678
79 w 12 0.05046432216654073
79 x 81 0.3355739043279974
80 a 22 0.033374992109853285
80 c 87 0.04587482048448499
80 e 85 0.023118125373863485
80 g 73 0.035260850000043864
80 j 87 0.018281423365596905
80 l 28 0.06074991263052232
80 n 17 0.05800890886795995
80 o 40 0.09226727060750273
80 s 59 0.2666480788121792
80 t 46 0.06283867917158037
80 u 55 0.08492704599147805
80 x 35 0.012700191333580357
80 z 54 0.14129358915768064
82 l 73 0.012760747624318891
82 m 72 0.0577011072408008
82 o 71 0.08903296495731505
82 t 105 0.1944150732409522
82 u 71 0.0822324119096276
82 v 24 0.23474079858864894
82 x 93 0.013311161543176464
83 b 35 0.36378668014096915
84 b 45 0.0025270567085988738
84 d 61 0.04516217356514196
84 g 75 0.20693582551217293
84 h 121 0.042548851786375574
84 j 82 0.029880353157970996
84 k 23 0.04543014575323778
84 l 16 0.011967273480096075
84 n 96 0.040050438496396
84 o 8 0.03932159392424606
84 p 72 0.10952399805635715
84 r 96 0.013898681679239466
84 s 45 0.03316293753475874
84 u 25 0.04283926542239369
84 v 14 0.23894820075278989
84 w 7 0.04904542936022205
84 y 17 0.013964896318708786
84 z 72 0.0012476914795636063
85 c 120 0.5678008716970275
85 n 112 0.07330999402515981
86 b 22 0.1682243700428283
86 c 30 0.09641332155678461
86 e 76 0.060501557691115426
86 g 80 0.10186538658495559
86 i 37 0.0026031659552806508
86 k 48 0.0016775994096447366
86 m 100 0.002070335424727454
86 n 95 0.11898094671366977
86 o 103 0.024083228933538203
86 p 72 0.1481372615505886
86 r 40 0.009432668895709151
86 s 45 0.06102895611087311
86 t 57 0.015093077710023661
86 u 48 0.01183991597477052
86 w 116 0.07092777168747033
86 x 89 0.02978476271395747
86 y 57 0.03392509020014112
86 z 13 0.01788504837978311
87 a 64 0.046458112113256345
87 b 68 0.02963644889758954
87 c 21 0.08499495039633198
87 d 6 0.005908918027028087
87 e 103 0.00387438399282658
87 f 51 0.011336562663312066
87 g 7 0.30930038848162067
87 h 58 0.04679426242816498
87 i 124 0.019084463920845063
87 j 29 0.03748571371022158
87 k 34 0.05689728165318153
87 l 35 0.013391919485252979
87 n 43 0.009568318273759813
87 o 67 0.04257517531213506
87 p 29 0.008137305603236444
87 r 121 0.08589657473693912
87 s 99 0.014577329104288439
87 t 29 0.044089967696753884
87 u 103 0.024140527797597455
87 w 23 0.020885523414729157
87 y 94 0.022859881334934662
88 c 103 0.02172403427287617
88 i 119 0.12799735675122448
88 o 114 0.171886950774098
88 p 66 0.1418468283677281
88 q 20 0.1605358717284695
88 s 45 0.026069900028687476
88 u 59 0.17277872809263117
89 a 89 0.13296005061897287
89 b 41 0.06926335273434092
89 d 41 0.1902571972776913
89 e 40 0.0007856935735788273
89 f 100 0.16305121715851745
89 g 121 0.053143038566773604
89 h 21 0.02119697443559032
89 j 19 0.05878548766237124
89 k 31 0.010315536912520629
89 m 92 0.003913815985493563
89 o 34 0.0476855229485621
89 q 103 0.06383652900880676
89 u 112 0.029472681609134077
89 v 79 0.07412274503542582
89 x 41 0.08016762424126733
90 a 85 0.2643515710109938
90 b 124 0.09327783175215731
90 e 15 0.06584096161824815
90 g 108 0.04366302474787853
90 h 74 0.050769974037445875
90 o 84 0.1887618531275601
90 r 80 0.04733723123104083
90 t 81 0.014177792379495457
90 w 14 0.10476181196562784
91 g 65 0.36663617254362824
91 i 0 0.03282951937477563
91 n 114 0.014098529862340947
91 o 44 0.014655212708164167
91 q 108 0.17982145644433956
91 u 54 0.31008236331006955
92 a 81 0.050744530838359836
92 b 46 0.31063338812018637
92 c 81 0.006635123777251506
92 d 104 0.003917062992393694
92 f 69 0.027665431863185264
92 g 90 0.019085189465081642
92 h 59 0.024119352310381315
92 j 33 0.12883398507256716
92 k 120 0.0725091829430492
92 l 87 0.02945721889471342
92 m 105 0.007074968013422667
92 n 41 0.024826682164577285
92 o 111 0.02035170260206509
92 p 124 0.05645178573739551
92 r 67 0.0018837610614029776
92 s 90 0.025856322350789607
92 t 61 0.040908514078940694
92 w 31 0.0390418547092497
92 x 58 0.015339014465649448
92 y 81 0.04547332249328229
92 z 11 0.042131887933422485
93 a 30 0.041650652605806915
93 b 123 0.033400641788654095
93 c 114 0.03749705691514682
93 e 100 0.03430180569249419
93 f 63 0.05146620891500209
93 g 28 0.014108353684118446
93 h 119 0.2252536758464332
93 i 105 0.04677144141828404
93 j 45 0.025897719128814112
93 k 65 0.002499341026339752
93 n 61 0.10809621035428951
93 o 65 0.0008347604399090436
93 p 73 0.01724913590231203
93 q 122 0.014324757537547916
93 r 89 0.05702681201289683
93 s 92 0.033998415562690565
93 t 125 0.053667068857205624
93 u 113 0.04321218579863084
93 v 48 0.12768497150576308
93 y 45 0.013037069222315067
94 a 114 0.014110024998299053
94 b 75 0.02982158717114103
94 g 12 0.016699210450817237
94 i 59 0.0036184674465322697
94 j 35 0.23093598729269482
94 m 43 0.035801084686887474
94 n 44 0.13629505737942582
94 o 68 0.018454382643957934
94 q 85 0.053539939678052595
94 r 37 0.0485287895619827
94 s 1 0.2224520703484174
94 t 85 0.0052517430590399705
94 v 87 0.03383365634184221
94 y 26 0.0654263956561717
95 a 89 0.03048089034160728
95 b 95 0.05469354634047585
95 c 10 0.03254319184248877
95 e 95 0.11124061781099392
95 g 88 0.08239598612349153
95 h 62 0.0432818287851926
95 i 117 0.02360672367607608
95 j 106 0.021780162573240003
95 k 97 0.0019975444108026874
95 l 18 0.00046335351218229626
95 m 2 0.054430332911390766
95 o 33 0.025509678548758852
95 p 88 0.07510047652974428
95 q 47 0.008896255799114017
95 r 85 0.028835110034325817
95 s 98 0.10980754167696327
95 t 122 0.020121424803918653
95 u 28 0.014486082366586328
95 v 14 0.19430005976632236
95 w 70 0.04938338276478105
95 y 99 0.014562651540008353
96 a 126 0.05456861034920779
96 b 93 0.003589692141349188
96 d 122 0.037244625840558876
96 e 46 0.09607034686319471
96 f 42 0.05104416165532799
96 g 40 0.19217518145007684
96 h 35 0.008493956487746757
96 i 76 0.0003616389122783614
96 j 76 0.024380481391949926
96 l 13 0.05783319013521826
96 n 41 0.005438509338475228
96 o 111 0.005775319693493208
96 p 85 0.019708794182812905
96 q 21 0.07635243322494023
96 r 31 0.004653375632207579
96 s 34 0.09387375516510321
96 t 28 0.004847468788103937
96 u 3 0.00598382010140297
96 w 98 0.07579822921870227
96 x 39 0.12885032348220193
96 z 85 0.04449229173282154
97 c 63 0.050249748881828316
97 f 0 0.04665781271065694
97 g 18 0.0755223737864773
97 h 46 0.09137182235909702
97 i 101 0.23166754613977103
97 l 61 0.07261714357819016
97 m 57 0.024500592348854155
97 n 86 0.17640495022761293
97 p 37 0.038351028957410604
97 q 19 0.04553501259207482
97 r 104 0.006162825338282829
97 t 44 0.011804451141901984
97 v 81 0.06361360793191173
97 y 67 0.02528108336842161
98 g 2 0.20438868693831846
98 o 55 0.7216891135311699
99 a 6 0.06436306419691462
99 e 26 0.008471133114051455
99 g 110 0.1645397275183269
99 i 76 0.19688556915554634
99 k 12 0.0010696422865907884
99 l 10 0.02430862640367859
99 m 13 0.0012243475359513534
99 o 105 0.19274774619502155
99 q 106 0.07936549930267123
99 t 106 0.09427213930049216
99 u 92 0.01892883947516588
99 v 93 0.00526569737645588
99 w 19 0.005398974618051056
99 x 103 0.026070695336578686
100 g 66 0.09430022609705369
101 e 101 0.22993673320794095
101 f 28 0.01669390884940447
101 j 124 0.03507385045365807
101 k 99 0.09401899448475026
101 m 47 0.142947931849003
101 p 32 0.06551643040776922
101 s 22 0.01693539048738768
101 u 116 0.10854729346008407
101 w 24 0.13477245870434185
102 e 103 0.4621903737285311
102 t 45 0.3180327319617813
102 x 42 0.21309471006698844
103 b 107 0.05321276359007632
103 c 123 0.010799346921088304
103 f 102 0.12098208907029484
103 g 118 0.053123619838381875
103 h 95 0.06963684978166818
103 j 58 0.018621021291768347
103 k 105 0.05388508318339147
103 l 10 0.0340120807497265
103 n 10 0.04185869818368215
103 o 93 0.30792776493676444
103 q 75 0.04008848201801718
103 s 119 0.0017423193362928746
103 t 120 0.04302734701222222
103 w 76 0.059707252853207216
103 x 7 0.007260672781218447
103 y 121 0.05508457194644456
103 z 94 0.019344172417698813
104 a 102 0.043773727255551065
104 b 19 0.1906819074456424
104 c 18 0.04022206810016049
104 d 20 0.007452864167577067
104 f 9 0.02364538514405623
104 g 36 0.04768382580846908
104 j 81 0.08904770301589626
104 k 50 0.004187517228298909
104 l 115 0.18957611424453857
104 n 85 0.04107894547917923
104 o 23 0.02527608869860032
104 r 127 0.010991580536597434
104 s 0 0.03972151076638586
104 t 38 0.03388830716503677
104 u 18 0.13096327607389524
104 w 100 0.004656963391984181
104 x 78 0.026684751501511172
105 b 21 0.11155018462740585
105 c 91 0.005136861402523785
105 d 112 0.04675130532535676
105 e 19 0.16789262476487754
105 f 46 0.010902972648947795
105 g 19 0.003213208244302046
105 h 105 0.07605082095388582
105 i 123 0.024360650332340472
105 j 31 0.0025112531209097178
105 k 114 0.06757981788641221
105 l 90 0.028336476301512814
105 m 12 0.03009912493759892
105 n 42 0.032865182469465015
105 o 11 0.0996107468352827
105 p 65 0.05840812301815079
105 q 105 0.0019075810252574543
105 r 118 0.005442865722938617
105 s 0 0.010030617055960422
105 t 59 0.024299077593942786
105 u 36 0.057096139913498045
105 v 26 0.01699108166843455
105 w 25 0.03582343503911223
105 x 27 0.005235655941471462
105 z 19 0.07351827588526127
106 a 110 0.041305018023453544
106 b 80 0.0018758825698620418
106 c 0 0.08092372549647031
106 d 42 0.056050455258256804
106 g 30 0.015561827478943413
106 i 52 0.05577465675244542
106 n 74 0.07124155303833668
106 q 126 0.03438916547119697
106 r 35 0.03780394614205729
106 s 9 0.3633233498426679
106 w 98 0.23115180374368305
106 z 122 0.0009273449225961627
107 a 126 0.018267506148483825
107 b 90 0.017420645076185015
107 c 120 0.03121233963815695
107 d 29 0.0053335232323439286
107 e 6 0.08332087403415389
107 f 39 0.020943455624473528
107 g 111 0.04679622736824396
107 h 78 0.0776127313074868
107 i 61 0.08345871709862651
107 j 73 0.0063730723850127236
107 k 109 0.023002043089362822
107 l 28 0.0552759309642783
107 m 81 0.03069662791180483
107 n 6 0.009569913760474225
107 o 56 0.044493758221166524
107 p 123 0.06264817961115354
107 q 109 0.07322013641891145
107 r 23 0.08697354196015517
107 t 107 0.004870869554911894
107 u 94 0.018185380959564346
107 v 87 0.013695079724658665
107 w 90 0.03502901675438197
107 x 59 0.005629908053386368
107 y 41 0.07022035314802633
107 z 79 0.004761520576207157
108 c 28 0.8034075006402042
108 o 102 0.020389361220911062
109 a 15 0.09030541696492445
109 d 87 0.024092566816841576
109 e 99 0.017234717355646634
109 h 76 0.05766536597103611
109 i 23 0.04844273693986567
109 k 93 0.020529692182251202
109 l 69 0.07270790806290772
109 m 51 0.1453823462399243
109 o 85 0.01964124986476734
109 p 22 0.08194809470748476
109 r 69 0.044464087289301624
109 s 13 0.02894310738970962
109 t 64 0.0712496590261984
109 u 22 0.019858019411466254
109 v 46 0.04591569812828944
109 w 90 0.02228413414450403
109 x 108 0.07977590354828223
109 y 61 0.08445287976486737
109 z 48 0.008471545130368408
110 a 101 0.12515900318748796
110 d 5 0.06751937524555707
110 e 52 0.11742648631602381
110 h 111 0.05535065799437722
110 n 113 0.15519973234221973
110 p 34 0.007597392450795271
110 q 45 0.05118732514268787
110 u 26 0.06855557638147125
110 v 99 0.028476965321495462
110 w 109 0.045138875916097665
110 x 27 0.2750066503323263
111 m 122 0.2528324007084267
112 c 97 0.131877335624336
112 e 82 0.07092164926534672
112 l 62 0.06490449076735305
112 m 59 0.18222174545959235
112 p 83 0.13457451491369754
112 q 9 0.08266598091149191
112 r 44 0.010482957055415576
112 v 104 0.10406379898875984
112 w 39 0.05867160077803224
112 y 18 0.07398077029285877
113 a 40 0.04152562607816013
113 b 1 0.010816461431702562
113 c 120 0.011869287183846056
113 d 96 0.05023189787684912
113 e 14 0.026684042813919562
113 f 61 0.002721871884381777
113 g 122 0.16703437000092558
113 h 6 0.026891271900704505
113 j 67 0.028253272406290053
113 k 98 0.00533664426736713
113 l 117 0.12053006304223235
113 n 15 0.04544113171831221
113 o 69 0.03606447660940015
113 p 119 0.0032077875729850103
113 q 66 0.04264529544104745
113 r 49 0.011558346104491135
113 s 110 0.030372959205506644
113 t 65 0.1747695627197674
113 u 93 0.055645232469156536
113 v 94 0.0207221791936133
113 y 76 0.06345448168996126
113 z 67 9.17816319971898e-05
114 d 102 0.08520424445112396
114 e 90 0.09195743358840769
114 h 60 0.05028780511448738
114 j 72 0.07140897327277007
114 k 53 0.05587412776622769
114 l 96 0.030539109137056153
114 m 24 0.16875865169106752
114 n 35 0.05523714044329098
114 r 0 0.05526709358176396
114 s 4 0.08488522442443847
114 v 56 0.19672257079665623
115 a 35 0.0926219969600981
115 b 13 0.013373749736488416
115 c 6 0.04006213934177283
115 e 13 0.04835630696636595
115 i 44 0.07984665711921224
115 j 28 0.1339176981806951
115 k 108 0.08120729155265127
115 l 5 0.024249627762445214
115 m 125 0.14839512205819028
115 n 69 0.10128671020718971
115 o 4 0.006488197966734499
115 p 29 0.04781566543992022
115 r 14 0.027916115469455494
115 s 125 0.05119346567136507
115 u 38 0.034308697918605024
115 v 18 0.00701720288970531
115 y 124 0.03260252440490552
116 a 117 0.04437094882472459
116 b 29 0.03500365115689996
116 c 76 0.001021440843864685
116 d 97 0.0021534037136925477
116 f 66 0.01765878764945017
116 g 4 0.0617573728297689
116 h 5 0.017744895524301252
116 i 114 0.019515231786398912
116 j 10 0.0025289808968189664
116 k 106 0.06760711556388144
116 l 39 0.005217399706343717
116 m 111 0.005082814441578765
116 n 48 0.09704903699242717
116 o 37 0.04465001238250621
116 p 20 0.03676360555999725
116 q 84 0.07110592429306062
116 s 120 0.009693441893935395
116 t 78 0.005904420016317746
116 u 95 0.1065268807547628
116 v 13 0.03806137044008728
116 w 17 0.008951121351572389
116 x 109 0.04437473874612774
116 y 63 0.06866334495373416
116 z 25 0.12916412011281408
117 e 97 0.12096346983178785
117 i 115 0.012472752944569843
117 j 32 0.13153752145168773
117 l 42 0.10208050241360112
117 n 16 0.07922244920821664
117 s 102 0.09624666700595585
117 t 110 0.06420681921408145
117 w 24 0.16027362432375047
118 a 118 0.08973628691880964
118 c 76 0.16940100223481136
118 e 120 0.22137892092776468
118 i 87 0.0728260337496005
118 n 115 0.025570901940665247
118 p 18 0.17353434976421545
118 r 100 0.028344602642691674
118 s 98 0.1787495237325074
118 w 25 0.022037806274052052
119 a 112 0.07839718444708277
119 b 12 0.07134492424316352
119 c 88 0.01630506753069627
119 d 2 0.049659483488784684
119 e 88 0.003584404586641554
119 f 109 0.021942992540131767
119 g 127 0.0027339320416949198
119 h 122 0.015381151221430023
119 j 89 0.0731942544130395
119 k 87 0.04459242304427957
119 l 80 0.03814115304999732
119 m 3 0.032045048210293636
119 n 7 0.08867000074316989
119 o 119 0.01564257502128097
119 p 118 0.048376078875837836
119 q 105 0.00953983553011184
119 r 27 0.10249375248033665
119 s 46 0.044901740458611394
119 t 44 0.00749475071708694
119 u 90 0.018139015585289187
119 v 91 0.07233493613161956
119 w 104 0.029272881632547376
119 x 118 0.061220252880021864
119 y 45 0.030159740789597045
119 z 42 0.022474365807487073
120 a 63 0.02691763539058656
120 b 108 0.01746342205168494
120 c 68 0.04881475608948427
120 d 95 0.03146807374382399
120 g 77 0.011011151711469602
120 i 126 0.08446612477573534
120 j 56 0.015212146319200537
120 k 70 0.01400698456346161
120 l 69 0.029863003077274297
120 p 112 0.3121377399097497
120 q 22 0.1634821229045842
120 r 0 0.11954163200871604
120 s 58 0.027004866894168922
120 t 96 0.019495402703645137
120 y 54 0.04068407264950602
121 a 83 0.040457971964458106
121 b 123 0.0009249662485845134
121 d 27 0.026758799873941586
121 f 87 0.05937230824104611
121 g 98 0.010713222639373354
121 i 81 0.029879190290565183
121 j 80 0.00524500412008555
121 k 110 0.211515084745178
121 l 119 0.11327422152494016
121 m 18 0.0013475734985989307
121 n 115 0.0036639132902623883
121 o 52 0.014355242801099233
121 p 38 0.0745992522197162
121 q 65 0.04138755494033852
121 r 51 0.02578058236812275
121 s 27 0.036398419542802984
121 t 107 0.007488284731133721
121 u 102 0.008169202042140444
121 v 91 0.08561934590150755
121 w 34 0.12063443254605055
121 x 45 0.02607856987562629
121 y 127 0.006353550570811661
121 z 116 0.013665207984819738
122 a 73 0.6161237834829979
122 g 27 0.058731474533607164
122 t 11 0.09462382240877087
122 w 40 0.02014743506196459
122 x 127 0.11866700646298112
122 z 104 0.041992339321497596
123 b 42 0.016509219295790634
123 e 87 0.06959628434732146
123 h 31 0.20155994682576883
123 j 86 0.03766764534868705
123 p 2 0.0748569218029902
123 q 58 0.22569664138758028
123 r 64 0.0019848486123161813
123 t 24 0.07766051446914046
123 v 37 0.02250443479280817
123 w 124 0.07546476738572738
123 y 63 0.06969105756296734
123 z 50 0.055380515136941866
124 c 63 0.01699707660817884
124 d 26 0.1524325392304252
124 g 44 0.005393196768364916
124 h 98 0.18956657403315025
124 i 121 0.021839335108549518
124 j 15 0.043881504736347554
124 l 49 0.08385742450657463
124 m 106 0.0874913521868208
124 o 70 0.008997645128311915
124 r 119 0.014121878357479689
124 s 127 0.07922535720004098
124 v 68 0.014693958914870131
124 w 118 0.04571688826536813
125 b 97 0.012963531786927107
125 c 10 0.15001619814274225
125 d 108 0.09647601630310376
125 e 0 0.03750039122562743
125 f 76 0.049066121522733264
125 g 95 0.05265983076449987
125 i 66 0.02708942583167262
125 j 66 0.01229487933933826
125 k 26 0.08422525983751827
125 p 18 0.03570927637369126
125 q 4 0.22876606449860226
125 r 105 0.00981831793392307
125 t 66 0.008717578887206368
125 v 36 0.0355279337039498
125 x 105 0.12348159692738325
126 b 69 0.061227730540865055
126 c 83 0.018841037381250314
126 d 81 0.05728166983319438
126 e 18 0.009337038563372868
126 f 87 0.10029556212070245
126 h 10 0.004263987711440764
126 i 65 0.044042968864555165
126 j 5 0.005057472892995629
126 k 107 0.06945922277393302
126 l 18 0.02430731126891883
126 m 92 0.019482279676867775
126 o 39 0.1273821507701106
126 q 38 0.15724259059543422
126 r 4 0.113670228873604
126 s 52 0.01484177127963704
126 t 40 0.053600927832288425
126 u 114 0.018472249115907613
126 v 86 0.010445546428547892
126 x 24 0.015996161964453304
126 y 7 0.05626073557955935
127 b 55 0.02710008463363689
127 k 125 0.12892432406265397
127 m 43 0.08449442693349163
127 n 4 0.22870018791709867
127 o 1 0.13425332130735634
127 s 96 0.3810340703890681
127 w 97 0.008399384675256694
