17 26 235
0 0.04229451017318431
0 0.0034545172259542456
0 0.05938341593842478
0 0.16096536824860885
0 0.0065074098676254355
0 0.12932140885175825
0 0.015170557167558774
0 0.4263013162319621
0 0.008993591287806746
0 0.04351960898655716
1 0.14808085932381876
0 0.022621377352335492
0 0.004762662880645641
0 0.025028386491767418
0 0.023717225564985123
0 0.13267545317939067
0 0.20163512303696352
0 a 12 0.025596487116217315
0 b 15 0.007544192969916708
0 c 10 0.040821513076302884
0 d 15 0.014383319315544929
0 e 3 0.024233545944882473
0 f 10 0.06578190725864819
0 g 11 0.026934168785667012
0 h 0 0.05151076800553489
0 i 13 0.014131170315913266
0 j 12 3.881798755767107e-06
0 k 15 0.008487318213050488
0 l 16 0.04549731793873801
0 m 16 0.07426637729959973
0 n 1 0.02953036057156344
0 o 6 0.11348836207995971
0 p 5 0.02061325127758873
0 q 0 0.006209746673367489
0 r 8 0.07400163430381246
0 s 10 0.051819472153238455
0 t 2 0.07029570555516007
0 u 8 0.02671364360746531
0 v 10 0.08404179209358664
0 w 7 0.0044230645456587725
0 x 10 0.021262816108433502
0 z 8 0.05611367281820945
1 a 7 0.04468744227517907
1 c 15 0.03666477357736353
1 l 7 0.04061903708744874
1 m 13 0.1033035478076092
1 u 16 0.10551476894338851
1 v 0 0.6512043585252676
1 y 13 0.014551554557789115
2 d 4 0.020182854708645892
2 e 3 0.15680299380048257
2 h 4 0.10412357243663584
2 i 2 0.022032816135827193
2 k 12 0.19515693568725168
2 m 14 0.08580126804451316
2 p 9 0.16051277731219238
2 q 6 0.022758235761889734
2 u 2 0.06107077456998411
2 y 0 0.11217435560415268
3 h 1 0.5605435726629564
3 i 14 0.27849105908843474
4 a 8 0.011992727711383377
4 b 12 0.04971938902199913
4 c 14 0.023738308705720246
4 d 15 0.008591835312482976
4 e 12 0.003608125852565758
4 f 10 0.00919710462636325
4 g 8 0.007746347520230734
4 h 14 0.15779154370689064
4 j 2 0.006270032144394366
4 k 6 0.07415052201141925
4 l 10 0.0066197300303743045
4 m 7 0.05221121468752821
4 n 6 0.03296666313598895
4 o 15 0.06387406008576257
4 p 12 0.11137029066225901
4 q 8 0.012506660068251074
4 r 1 0.02359293872250534
4 s 9 0.07539660374027646
4 t 16 0.03097776918513584
4 u 8 0.02156772127444684
4 v 12 0.0267687287184597
4 w 4 0.023923325855584432
4 x 4 0.010355081962273749
4 y 9 0.11944016867179419
4 z 12 0.02911569671828418
5 h 10 0.4377169793854362
5 j 4 0.15007060370388592
5 r 1 0.0016713881389459617
5 w 13 0.054486655336396184
5 x 0 0.0674447202204852
5 y 1 0.06871441151015201
5 z 8 0.0905738328529403
6 b 15 0.2325141579924489
6 c 3 0.05139942979311152
6 d 1 0.19157776369526047
6 f 4 0.001172788986878559
6 h 8 0.07312768018809768
6 i 4 0.0633984016737571
6 j 6 0.0066044206450246445
6 k 2 0.07314308870516573
6 l 9 0.040451461456299076
6 n 4 0.01177326672828849
6 q 11 0.009293938379742794
6 s 6 0.01379922554611912
6 t 2 0.004619311856042918
6 u 7 0.09450272886945976
6 v 14 0.0502945800012633
6 w 12 0.05597428010007166
6 x 0 0.01118291821540951
7 c 3 0.029150945014811303
7 d 1 0.036975048059375015
7 g 5 0.2801384006903238
7 k 5 0.09151269252428551
7 s 10 0.11486525063596131
7 w 6 0.02105634684328095
8 a 10 0.0062827800435237835
8 d 12 0.11877570470045973
8 e 1 0.12587141818079517
8 f 10 0.029514196638025014
8 g 15 0.003979984788333835
8 h 16 0.006565911864146345
8 i 1 0.21500406650613357
8 m 12 0.10861773017776888
8 n 6 0.028426741943802458
8 o 4 0.012329722999914416
8 r 1 0.06405291924644307
8 t 7 0.002750419063332732
8 v 5 0.07277184186187358
8 w 15 0.045974504992347454
8 y 13 0.13154469578940053
8 z 5 0.018543769915892683
9 b 9 0.08628397361336015
9 c 16 0.0041694978334891886
9 d 10 0.05362270648293477
9 g 12 0.050743415703146666
9 h 11 0.021169444191696307
9 i 2 0.08808825915575036
9 j 8 0.05154606648376536
9 k 3 0.04530579434779913
9 l 2 0.10842940395742406
9 m 11 0.05258396886364236
9 n 12 0.15855406330531618
9 p 11 0.03394766525631565
9 r 16 0.0431994450885157
9 s 9 0.06765780577544811
9 u 8 0.03122473448799923
9 v 0 0.0009285724421284058
9 x 9 0.0590255740247112
10 a 6 0.04635546503253252
10 b 5 0.006802021662041691
10 c 1 0.014237426419462684
10 d 0 0.006983892203447972
10 f 5 0.03278818747397161
10 g 11 0.016874907525201155
10 h 4 0.02918649382708438
10 i 12 0.06333977025498372
10 j 11 0.10001056296391742
10 k 10 0.07362485054892931
10 l 13 0.02557650118084831
10 m 6 0.002152534546052687
10 n 14 0.02130525991280341
10 o 1 0.02557145515366621
10 p 5 0.005379990513728949
10 q 4 0.019662974556547752
10 s 4 0.07286189562629686
10 t 6 0.043237902380742654
10 v 14 0.019164390008171273
10 w 0 0.05913845036182808
10 x 1 0.06049394286261911
10 y 14 0.06841292952540368
10 z 1 0.03875733613589982
11 a 14 0.002195626094792069
11 b 4 0.01610268644957724
11 c 6 0.04788063100363449
11 d 15 0.026293930416514066
11 e 4 0.11115844482145221
11 f 15 0.012924815997008787
11 g 13 0.035313933040359236
11 h 7 0.06096728722045086
11 i 16 0.01644150641360309
11 j 3 0.0038440741176315463
11 k 14 0.18495685374365867
11 l 12 0.07134199535287578
11 n 4 0.01011530173437003
11 p 16 0.05367212287004519
11 q 5 0.05331347819130594
11 r 12 0.04300974589913065
11 s 16 0.02792705165976761
11 t 10 0.002081805160108363
11 v 6 0.023857849966513522
11 w 8 0.10442306956105085
11 x 2 0.002900997057136534
11 y 2 0.046877377847261315
11 z 10 0.019778038029416467
12 b 6 0.21960124065609932
12 c 16 0.02790539951198412
12 g 13 0.014299677079552042
12 h 3 0.054531998038049756
12 i 10 0.1563084206512153
12 m 0 0.26929805311392796
12 p 10 0.04601329825782208
12 s 0 0.12486846160962528
12 w 10 0.04670621412189524
12 x 4 0.03570457407918326
13 a 13 0.040426547566063786
13 c 9 0.018772438694134808
13 d 14 0.007265112954362829
13 e 10 0.1249967108573673
13 f 1 0.18369272922563218
13 h 15 0.09727076677819513
13 j 13 0.06312728002889323
13 k 0 0.06572427565105254
13 l 14 0.001994606455311798
13 n 0 0.052864210191710725
13 o 8 0.004378599271957384
13 q 12 0.03157849185194617
13 s 15 0.02163431424734996
13 t 14 0.15135500514746458
13 w 10 0.02035567457094134
13 x 15 0.08953485001584882
14 a 10 0.000977637483418059
14 b 4 0.007257782760793585
14 d 8 0.054546866555822526
14 e 1 0.007874393846178496
14 g 2 0.06963436049845395
14 h 10 0.03907346247261556
14 j 13 0.14555994548050244
14 k 1 0.044683914888231646
14 l 6 0.10195382131468567
14 n 7 0.05707049225607752
14 o 0 0.056821699945104776
14 p 15 0.22941229222718973
14 s 14 0.0005836068050885101
14 t 13 0.005165284478495069
14 v 12 0.0030143787076601924
14 x 0 0.1417484371998632
14 y 3 0.009548589495368853
14 z 13 0.00135580801946511
15 f 10 0.08560347203988838
15 h 3 0.03940967452034061
15 m 15 0.057702360198796265
15 w 6 0.3606336770920976
15 x 13 0.3239753629694865
16 g 1 0.1209314417146572
16 h 11 0.09670191173297249
16 i 1 0.11540457368143209
16 j 12 0.007367908813381563
16 k 1 0.24216948223004642
16 o 9 0.10809543195988336
16 v 15 0.08054717894179686
16 z 2 0.027146947888866513
