42 26 486
0 0.27881068273086385
0 0.12847009901809414
0 0.036353104958427696
0 0.01666913773843437
0 0.28817352223215464
0 0.20643645288857215
0 0.011323211605261396
0 0.1812905519621294
0 1.0
0 0.12032407085733632
0 0.027552913109921584
0 0.0011831821859275005
0 0.1422845213560835
0 0.09576079391961223
1 0.04793740138378644
0 0.14072955911841922
0 0.09618044684309901
0 0.006743758525954102
0 0.030005981811375926
0 0.07669177856937892
0 0.23793071206503857
0 0.044491412049012635
0 0.10981638986261077
0 0.5467029689806063
0 0.1935942918400213
0 0.023640094022549962
0 0.041450761320769636
0 0.030151746043349803
0 0.026724279003187523
0 0.018996890368634056
0 0.06817870877986087
0 0.06706606694267514
0 0.18471852230233976
0 0.01144352323641229
0 0.010274652124219519
0 0.6054823647859757
0 0.011520631066036402
0 0.07663475630825756
0 0.005460245084931037
0 0.08877431641707556
0 0.6477742322222888
0 0.05450701710476624
0 b 19 0.0975615541217647
0 i 40 0.04890078415296317
0 j 13 0.12054656548982778
0 p 26 0.027289192922245298
0 s 18 0.018025104850686646
0 u 31 0.1971428673222454
0 x 24 0.21172324840940315
1 d 12 0.09458383737035836
1 h 32 0.05364885000167097
1 i 7 0.10904453409163717
1 j 36 0.011477798286111507
1 l 25 0.06370646098424249
1 n 27 0.07432408877265606
1 p 1 0.00809991304267943
1 r 26 0.13672832388780387
1 t 7 0.19517189334606422
1 v 3 0.06147351820964875
1 x 19 0.04376143461354576
1 y 16 0.019509248375487287
2 a 18 0.004982364166279063
2 b 17 0.12082217122902661
2 c 33 0.052066894722540336
2 d 4 0.01658841978854375
2 e 38 0.006582369246938891
2 f 10 0.016468330527684816
2 g 40 0.031147692291623397
2 h 38 0.0675177487659766
2 i 3 0.04244131781634153
2 j 35 0.06397614550370745
2 k 7 0.030020048715239
2 m 32 0.001185135111546054
2 n 8 0.0898196059907963
2 o 39 0.08094390763892867
2 p 7 0.06562279092108503
2 q 32 0.04735024832716672
2 r 10 0.06739637571807167
2 s 14 0.004756276444966456
2 u 29 0.01262848183310128
2 v 30 0.006211167573753729
2 w 28 0.0020039078550904144
2 x 37 0.011367272938092698
2 y 41 0.02874669212917469
2 z 17 0.09300152978589715
3 e 11 0.04282330002662649
3 g 40 0.05039163979437178
3 j 18 0.13376769675531963
3 p 24 0.25297509920132066
3 s 15 0.039071481616166914
3 t 15 0.029826023731657103
3 u 31 0.10334941299508016
3 v 20 0.09893041684141402
3 w 35 0.06812524270911546
3 x 2 0.03560976775880309
3 y 1 0.12846078083169032
4 f 7 0.2712005648438013
4 k 3 0.07351588935068831
4 u 34 0.21717864572765355
4 v 4 0.1499313778457022
5 d 22 0.24206790312588145
5 g 31 0.034990813871548676
5 h 17 0.03271928639107291
5 k 4 0.020124735332259114
5 l 6 0.051960517239731496
5 m 12 0.019327831734913703
5 n 16 0.02817965488396934
5 p 41 0.15615326041269129
5 q 26 0.011577683493657398
5 u 16 0.014574592978878087
5 v 24 0.061235491693841126
5 w 41 0.09375229085387515
5 z 3 0.02689948509910811
6 a 12 0.1587040505278946
6 b 17 0.10712957429156467
6 c 40 0.013912282415753707
6 e 31 0.03297644885233442
6 f 31 0.002805928771326016
6 g 6 0.08512762637312277
6 h 40 0.04409755503427992
6 i 10 0.013176304344686973
6 j 12 0.005422440979172438
6 k 22 0.02085516109564367
6 l 34 0.016784133690322278
6 n 4 0.08736890395626751
6 o 20 0.04500602445570834
6 p 37 0.01068726135513054
6 q 21 0.09349328439340698
6 r 23 0.004138782755989112
6 s 8 0.01577138985278803
6 u 39 0.015089033344072522
6 v 34 0.17009585617495404
6 w 39 0.004182196027090357
6 x 30 0.00866788643054106
6 y 2 0.029504561248178685
6 z 33 0.003680102024509968
7 d 5 0.07840541717393967
7 h 17 0.10674633154118174
7 k 21 0.38881408537683937
7 m 28 0.01257959474924153
7 o 24 0.015111160580294603
7 w 40 0.11127819016062757
7 x 25 0.014519827832065069
7 z 25 0.09125484062368105
9 g 4 0.3195503213935005
9 h 20 0.06398081147471124
9 m 28 0.04391936118070339
9 o 35 0.005841298680566043
9 p 22 0.14220904662895084
9 q 41 0.061418540899169094
9 r 34 0.18595226431023837
9 y 30 0.014536195133469487
9 z 1 0.04226808944135474
10 a 37 0.049663052333612456
10 b 12 0.02437414068532473
10 f 6 0.16079989413835782
10 g 30 0.08037045665137776
10 h 10 0.006261580773362474
10 k 3 0.051308310253817546
10 l 14 0.09411315269769704
10 o 15 0.02814402431615992
10 p 4 0.11311265658865988
10 r 35 0.01568537230851541
10 u 28 0.1814359134730532
10 w 38 0.10514341379334524
10 x 26 0.055259986059742916
10 y 10 0.006775132817051999
11 a 41 0.07541042817978671
11 b 14 0.04899000802348652
11 c 38 0.022115999598008473
11 d 2 0.004247977340760212
11 e 9 0.10179069667957685
11 f 36 0.011322298579333423
11 g 8 0.13326506764360835
11 h 14 0.022955259113450532
11 i 8 0.07687169696938378
11 j 2 0.072500625987165
11 k 19 0.02633284137673131
11 m 39 0.05039501389076961
11 n 28 0.016180539659339632
11 o 22 0.014308439012844176
11 p 35 0.008346553682954228
11 q 21 0.012334913281385362
11 r 37 0.05615069425840635
11 s 18 0.0011133214453007412
11 t 37 0.039571609012676756
11 u 24 0.056469491845402287
11 v 37 0.09496035285309645
11 w 32 0.033435409040658004
11 x 26 0.010875986589226505
11 y 38 0.0022952391184545284
11 z 9 0.00657635463226669
12 b 24 0.047442219268195474
12 k 9 0.03567476947445669
12 o 37 0.2779494527968832
12 p 19 0.07966656684099072
12 r 19 0.053963166143356056
12 y 9 0.36301930412003436
13 a 20 0.1355379408705969
13 e 35 0.1524208945469795
13 f 16 0.024110234255740326
13 g 25 0.10540152033975325
13 r 6 0.12741564555815532
13 t 1 0.03471196593418813
13 u 29 0.12823554228913236
13 y 17 0.196405462285842
14 a 10 0.03809484671603425
14 b 23 0.08583954985616915
14 c 25 0.0872737318940292
14 d 0 0.00797495802367576
14 e 12 0.06081675072668791
14 f 9 0.010623021517791709
14 g 17 0.0145940329628792
14 h 27 0.07482584196180408
14 i 26 0.056186658460289474
14 l 30 0.0033363482893136176
14 p 38 0.027487644442654724
14 q 1 0.003269301118058343
14 r 31 0.03573054090255323
14 s 23 0.1084333741684792
14 v 5 0.05075029080805593
14 w 21 0.24169211009416836
14 y 41 0.04513359667356942
15 d 17 0.03464924772629019
15 i 11 0.32988334220528803
15 l 9 0.2189445767342557
15 y 34 0.01845217176134728
15 z 36 0.25734110245439956
16 b 23 0.022939982137108794
16 c 27 0.0860898180458638
16 d 33 0.03912543615062203
16 e 24 0.028371109080111312
16 f 1 0.28666313015317635
16 i 32 0.0017283270655598093
16 k 30 0.10300065157353433
16 n 11 0.043998004925452694
16 o 25 0.022522711355476233
16 q 1 0.14495018626372325
16 r 15 0.02100638338072358
16 v 9 0.10342381302554882
17 a 25 0.1276097046642779
17 d 2 0.21780658479880632
17 e 11 0.04851862696193465
17 f 1 0.051452573894253284
17 h 2 0.020457937093661283
17 j 37 0.13615526352048746
17 k 14 0.05059984409830287
17 m 34 0.003207765350903724
17 q 41 0.1622221008729161
17 r 5 0.05142329616733421
17 u 1 0.06016129718151075
17 v 35 0.007273242841320249
17 x 8 0.026728411884232472
17 y 25 0.02782389713995248
17 z 27 0.0018156950041521291
18 b 38 0.045485688722253226
18 g 37 0.012265376074202305
18 h 40 0.019986279724658496
18 i 24 0.17329165864125984
18 l 18 0.15226873028554977
18 m 14 0.0677386156737072
18 n 22 0.1321814112060279
18 q 39 0.022014862600120533
18 r 32 0.07329424088443359
18 s 10 0.013609282704618586
18 w 10 0.14678420213490295
18 x 18 0.11107366953688969
19 d 21 0.6336072830270333
19 k 11 0.11676962701116056
19 w 12 0.16006757760551338
19 x 35 0.012863733786913856
20 j 10 0.0011836203475258378
20 k 12 0.049385679632800716
20 m 9 0.08971247303520513
20 p 32 0.027301884632938478
20 q 28 0.29448136056675167
20 t 41 0.05219732740250871
20 u 11 0.10887684856085122
20 x 7 0.04989750491789369
20 z 31 0.08903258883848597
21 e 19 0.15868845446935342
21 j 12 0.024520134552058925
21 y 20 0.772299998929575
22 f 10 0.3803923728456151
22 v 5 0.5097912372917741
23 h 12 0.2763698557793056
23 w 4 0.15791135539457102
23 x 7 0.019015819845517035
24 q 25 0.6342000375225787
24 r 9 0.1722056706374
25 b 7 0.06778927107414978
25 c 4 0.07371649314845219
25 e 38 0.010151373709526346
25 f 5 0.03923534350389235
25 g 9 0.007504559024284374
25 h 22 0.01974563633947779
25 i 7 0.07733111982642227
25 k 5 0.057684002215325214
25 l 10 0.07799049126771751
25 n 33 0.05502640251269075
25 o 39 0.02587026579942553
25 p 17 0.017843866295659816
25 q 28 0.09259914549637194
25 r 34 0.0900684467702082
25 s 0 0.0028102440795231276
25 t 31 0.14743706059700112
25 u 20 0.01879239355211093
25 v 19 0.013188348960610385
25 w 1 0.00432733359308668
25 x 34 0.026939997017792816
25 y 40 0.05030811119372092
26 d 1 0.025894032278062973
26 e 9 0.2146171348980429
26 i 31 0.02710510647636466
26 k 24 0.009037012872094907
26 l 34 0.023607370559800778
26 n 6 0.18708163515679943
26 p 24 0.005637716710438556
26 q 1 0.059246394106968525
26 s 22 0.09801831312001186
26 v 18 0.08548034950283068
26 x 36 0.05326635766182608
26 y 27 0.014807931161244237
26 z 9 0.15474988417474478
27 c 19 0.009819700967477196
27 e 26 0.0662762988755069
27 g 34 0.03469388511390592
27 h 26 0.05239832269737432
27 i 21 0.10849658226115788
27 j 14 0.07790681476768724
27 k 20 0.06814047029395498
27 l 22 0.07639075187568689
27 m 8 0.0544885626993844
27 n 5 0.00675901243776289
27 p 0 0.12253806558506397
27 q 27 0.033512622395294844
27 t 8 0.10595853032746572
27 x 7 0.13198013638142958
27 y 20 0.020488497277497464
28 i 6 0.2079869258065672
28 k 14 0.25719161816889047
28 m 19 0.16904280913494485
28 r 27 0.11418491584536572
28 v 21 0.1401649385476037
28 y 40 0.0011794554155698522
28 z 15 0.0835250580778707
29 a 13 0.024842788885510503
29 b 15 0.04082948178595369
29 c 8 0.05598298611281982
29 d 30 0.022228142618369362
29 e 15 0.08771478812629396
29 f 9 0.007990851934390308
29 i 31 0.095951995533469
29 k 14 0.00894280210817966
29 l 39 0.02392026915234735
29 n 28 0.008550692923877778
29 o 28 0.07943486819880685
29 p 33 0.08090404507329352
29 s 8 0.27887400987962485
29 t 22 0.009342057903115042
29 u 35 0.0007600870264229398
29 v 12 0.00012394504581869636
29 w 18 0.08864299289732724
29 x 36 0.016494892084474744
29 y 1 0.049471412341270615
30 d 39 0.7029321444614378
30 g 4 0.0365148904921585
30 p 33 0.045303825172196444
30 r 32 0.009225295463320737
30 s 8 0.049879554923017655
30 t 20 0.08796558070800797
31 f 34 0.40110028067405634
31 q 21 0.08625093296009578
31 r 8 0.28469992620120854
31 t 32 0.013546103483602967
31 w 40 0.04792025806138356
31 x 22 0.09941643167697767
32 a 19 0.014464728326121445
32 b 16 0.08186297964250211
32 d 38 0.05368187849938544
32 g 1 0.0167481966792562
32 i 26 0.06485584293218516
32 j 8 0.05843503889526991
32 k 12 0.009797619195999752
32 l 32 0.006320101600063799
32 p 10 0.1302261946764528
32 q 37 0.049798901444463306
32 r 37 0.047692805886697665
32 u 13 0.1013472162753517
32 v 33 0.05582228071226736
32 y 33 0.12001125376949062
32 z 20 0.004216439162152974
33 c 17 0.07189816234476587
33 d 13 0.13016858528947517
33 e 8 0.06334745981082879
33 f 34 0.011808129967714631
33 j 31 0.003157789911917286
33 k 16 0.23896666797010024
33 m 37 0.047524129367825574
33 n 31 0.02550003543647028
33 o 31 0.13663389462803133
33 p 34 0.0012547299885952157
33 t 28 0.020732307977209485
33 u 38 0.013884383042034654
33 v 33 0.015230984340563358
33 w 10 0.11288944760826425
33 y 37 0.0580042770455832
33 z 28 0.03755549203420838
34 a 9 0.03121268504039132
34 b 10 0.014976116308255571
34 c 0 0.0009155411798670299
34 d 26 0.007169067368031801
34 f 36 0.06600926782676841
34 g 39 0.022906498278149945
34 h 21 0.057258138148756355
34 i 41 0.011797066550995106
34 j 28 0.10441045757048972
34 k 23 0.015905244477185998
34 l 39 0.022042564946260557
34 m 24 0.05113989848745015
34 n 20 0.08527011329285739
34 p 23 0.10300934812382057
34 q 37 0.018887115274786703
34 r 35 0.09413847783873164
34 s 1 0.009051643285877709
34 t 9 0.09688261540006682
34 v 5 0.07719899476772496
34 w 4 0.07864002545704529
34 x 18 0.02090446825226744
35 h 9 0.3552822881048606
35 n 20 0.039235347109163654
36 a 41 0.08028389256853163
36 b 40 0.040778835279407066
36 c 24 0.04163893992436363
36 d 30 0.007655125586533917
36 e 16 0.08093935568001775
36 f 3 0.019080814041617544
36 g 15 0.003655825040944416
36 h 23 0.12258315929281316
36 i 13 0.00682456862403702
36 j 34 0.04515734039243202
36 k 39 0.014913572389815388
36 l 21 0.09202326395324334
36 m 38 0.060424746709275
36 n 18 0.0743654320523236
36 q 32 0.05158009033089417
36 r 29 0.04874521913085483
36 t 0 0.027686640964435294
36 u 3 0.0656251198810851
36 v 37 0.05063978148467008
36 x 16 0.05294976395711315
36 z 22 0.0009278816495554842
37 b 9 0.19803113644326042
37 c 13 0.056617489886117256
37 d 6 0.014561592414441105
37 e 39 0.061899621838100605
37 f 38 0.00501559830935927
37 g 3 0.04006968040003378
37 h 21 0.03407086820389704
37 i 29 0.06347811091854683
37 j 18 0.012751037098751361
37 k 6 0.07584654078191788
37 n 12 0.06946007210969662
37 o 5 0.029578694187388566
37 p 37 0.0160103484577534
37 s 14 0.03250541620685843
37 u 19 0.14207506723156071
37 v 24 0.008829560490379307
37 x 41 0.03548391302792997
37 y 1 0.027080495685749884
38 a 24 0.034293123940775994
38 b 17 0.03450452173696261
38 c 39 0.08425211445620662
38 d 40 0.04231712245771457
38 e 4 0.005709191006492809
38 f 12 0.09591100617499138
38 g 16 0.050494328960422497
38 h 23 0.008668175497595132
38 i 35 0.100551001589549
38 j 19 0.0011369630522281016
38 k 5 0.018864361356300985
38 l 28 0.07428589103241168
38 m 23 0.005115646548666364
38 n 20 0.0025378065450718523
38 o 15 0.03850256727649681
38 p 29 0.0335715267700718
38 q 7 0.009664449678349674
38 r 25 0.03348061408796288
38 s 24 0.030594767728221006
38 t 35 0.024760002796997638
38 u 17 0.0223774763811877
38 v 10 0.13562168184897638
38 w 32 0.028096508095484474
38 x 38 0.022431048500655693
38 y 12 0.05637012156512011
38 z 22 0.000427735830155207
39 a 36 0.06295813920959448
39 j 17 0.05996700130613952
39 k 26 0.023098990194692415
39 r 36 0.034387292002154735
39 t 12 0.10401355642962762
39 u 1 0.05288991997931225
39 v 26 0.07600608857182567
39 w 10 0.17723331645732265
39 x 11 0.12586640496728185
39 z 13 0.19480497446497325
40 c 26 0.3522257677777112
41 c 41 0.008439642263719516
41 d 7 0.060249217201941874
41 e 22 0.04416871837064962
41 f 36 0.013427954180137203
41 g 3 0.11680570602434392
41 h 13 0.11413823148979374
41 i 35 0.01388690693182748
41 j 22 0.06348685541169496
41 k 14 0.010138482288749806
41 l 30 0.08716527012760211
41 m 22 0.0036851837128174525
41 n 33 0.14042291180097788
41 o 4 0.022468204605711417
41 q 16 0.005281715172469115
41 r 6 0.023569658237390545
41 t 28 0.009985195226130394
41 v 34 0.041662492938806195
41 w 6 0.0803311615567609
41 x 2 0.029753699914024656
41 y 12 0.03473187830286406
41 z 28 0.021693897136820905
