18 26 210
1 0.08667833293471516
0 0.14182372237376417
0 0.017699952331222568
0 0.9420880717220098
0 0.0005992250611760452
0 0.01595348630952753
0 0.06407484460104274
0 1.0
0 0.11681378951608923
0 0.00466606062994579
0 0.6356287068103045
0 0.08844239069007043
0 1.0
0 0.17591262139854147
0 0.0366629775328835
0 0.08376158399479905
0 0.2786614942032616
0 0.06711087707904428
0 e 15 0.19284247129469556
0 h 0 0.02551176827016366
0 i 11 0.022378098875643015
0 l 6 0.05525488567147685
0 m 10 0.04127422360096278
0 n 15 0.12226094056845238
0 p 1 0.08463943080579694
0 r 10 0.0521834200174246
0 s 14 0.01245025423209456
0 u 2 0.10233640895455864
0 x 2 0.20218976477401585
1 c 11 0.014572888464631006
1 d 4 0.044306680720296754
1 e 17 0.07041051506430951
1 f 5 0.006345713981483758
1 h 13 0.03302473775810921
1 i 2 0.017185463109981924
1 l 0 0.03841997555377785
1 m 7 0.31572389000085255
1 n 11 0.03783338143431991
1 p 2 0.06254740158109906
1 s 17 0.010068984732997888
1 t 6 0.10045457328549923
1 v 3 0.039564056365394173
1 w 8 0.0036965720160874183
1 y 1 0.021779804402404346
1 z 7 0.04224163915499124
2 a 2 0.12034174053261948
2 b 12 0.030480399548329262
2 c 16 0.00488325326157335
2 d 2 0.030106760131783372
2 e 15 0.09731395271788013
2 f 12 0.09786277148521727
2 g 17 0.00574111236923458
2 h 13 0.01737109388724911
2 i 2 0.04683954979707239
2 j 10 0.0438750591815964
2 k 10 0.016112706411650635
2 l 11 0.023676796029122205
2 m 8 0.025822986672473847
2 n 1 0.006977932060173497
2 o 8 0.02259297110591163
2 p 0 0.005558907755138565
2 q 13 0.0006097395526387661
2 r 13 0.017069574070956328
2 s 8 0.04223809763661812
2 t 8 0.06903555320372112
2 v 15 0.02654823161599784
2 w 15 0.08491765826761222
2 x 11 0.051910070018010956
2 y 4 0.05173692606138114
2 z 6 0.04267620429481522
3 f 1 0.05791192827799019
4 a 9 0.10663200810836226
4 b 11 0.0012988220518065363
4 c 15 0.029741768030529525
4 d 17 0.001278476319943933
4 e 14 0.024685921714802883
4 f 3 0.17174715306577315
4 g 6 0.015430686738263089
4 h 9 0.006881242478821048
4 i 10 0.047415198574667694
4 j 4 0.0502286857744203
4 k 10 0.054778168669448624
4 m 12 0.05093414176110156
4 n 6 0.01981676186578818
4 o 11 0.11284643455298304
4 p 5 0.02884124417889411
4 q 1 0.04217853403192584
4 r 4 0.03173346187425019
4 s 4 0.014560144422263166
4 t 3 0.018057297749925705
4 u 8 0.0011512413265398758
4 v 15 0.05605152840792349
4 w 16 0.025266925143438645
4 x 7 0.01406877233805448
4 y 17 0.00454784626358995
4 z 3 0.06922830949530667
5 a 0 0.017255881050807886
5 b 12 0.015150697042157768
5 c 7 0.04087955114032271
5 d 6 0.04851520449394653
5 e 12 0.03457391197316306
5 g 9 0.19085013180907295
5 h 2 0.039488576860737146
5 i 15 0.01300806142166111
5 j 5 0.10597605785362318
5 l 0 0.015808005377410672
5 m 5 0.0582340405352455
5 n 5 0.009832086831823239
5 o 8 0.0348940076292904
5 p 5 0.07842936353379282
5 q 17 0.0217583838444807
5 r 8 0.09543165303199852
5 s 12 0.012540690134384525
5 t 12 0.05893420951554296
5 u 6 0.009015576524711189
5 v 0 0.007374297144119413
5 w 9 0.023345710219563776
5 x 7 0.0025026938709639124
5 y 10 0.012371336119278098
5 z 10 0.037876385732374396
6 a 11 0.03208896080775603
6 b 4 0.0649346378458161
6 d 8 0.03887147374732558
6 f 1 0.013342476990356178
6 g 0 0.11074886483930557
6 j 14 0.19792572882600767
6 k 7 0.24666453775012254
6 m 1 0.029073935218848934
6 o 12 0.016329456294193467
6 p 1 0.15202478380843332
6 t 1 0.003547704010656072
6 u 12 0.030372595260135804
8 a 6 0.04471162461592204
8 b 1 0.03327136289508814
8 c 1 0.017469891734130383
8 d 6 0.012063079725208814
8 e 12 0.020569757931654276
8 f 2 0.0024768012497877745
8 h 3 0.004660513920795473
8 i 3 0.002424712950508945
8 j 15 0.01785612716547247
8 k 12 0.04131962917386989
8 l 8 0.1292981986334576
8 m 11 0.03899947461053943
8 n 16 0.07173050613909382
8 o 5 0.019511507924948046
8 p 10 0.016458460538897768
8 q 16 0.04971667307816163
8 s 14 0.0666438029302101
8 t 8 0.0952995507327874
8 u 14 0.06426669730656398
8 w 5 0.03531164727866065
8 x 16 0.023783777242354698
8 y 2 0.07303550701234718
8 z 1 0.0023069056934502674
9 i 8 0.15076135412796876
9 k 6 0.012363605456232385
9 o 16 0.19934368558744375
9 p 10 0.07490110307137021
9 q 17 0.10579570090683599
9 r 4 0.24457554128186787
9 t 8 0.18660673475560186
9 u 12 0.01348892561074766
9 v 8 0.007497288571985727
10 k 17 0.3643712931896955
11 b 12 0.027085176179124315
11 c 3 0.04973383872203063
11 d 16 0.12228395357186783
11 g 15 0.061936845920793515
11 i 6 0.01566610951744707
11 j 10 0.1224369787248889
11 l 10 0.09287216174641388
11 q 7 0.103141262717108
11 r 16 0.0884179687759048
11 u 4 0.02245487786519007
11 v 17 0.07744017673522707
11 w 6 0.012463712295512686
11 z 4 0.1156245465384208
13 b 10 0.19573609851413032
13 d 13 0.029162562907084744
13 f 13 0.22541936803318852
13 g 9 0.17472022867379045
13 o 13 0.07071154393074242
13 s 9 0.056493672668056494
13 t 17 0.04496951692020967
13 y 9 0.026874386954255924
14 b 5 0.03761217396401895
14 c 4 0.07995618321555986
14 e 10 0.06519678967710063
14 f 3 0.025394410531596412
14 g 7 0.03937730404988349
14 i 16 0.035472724937446465
14 j 5 0.008895677168610505
14 m 4 0.04677605692608844
14 n 1 0.008308630894545255
14 o 14 0.03151389398405957
14 p 16 0.11958399170873357
14 q 17 0.24891335549973848
14 r 16 0.1334196079515001
14 y 2 0.08291622195823478
15 a 17 0.12592370929792185
15 l 2 0.03857435644574436
15 m 9 0.08362212437878747
15 n 4 0.03131890701773621
15 o 11 0.05685318790164018
15 q 9 0.10848144972237295
15 u 13 0.24911277547868094
15 v 11 0.022531238827055877
15 y 16 0.19982066693526113
16 d 9 0.007456223691537978
16 m 8 0.03579705697431612
16 r 4 0.6449794621448939
16 t 11 0.03310576298599044
17 b 6 0.072070728829289
17 c 16 0.012144844840208724
17 d 8 0.024696261106506023
17 e 14 0.12725503423190143
17 f 4 0.007881697629542939
17 i 3 0.07983082527159702
17 j 12 0.006696025491607305
17 k 9 0.12925279119504596
17 n 10 0.10779841979391347
17 o 15 0.061591508532017
17 r 17 0.06378272291508602
17 s 2 0.1594495150797639
17 t 9 0.0027380150770919265
17 v 2 0.057442114931846366
17 w 0 0.02025861799553863
