41 26 563
0 0.026229266556144326
0 0.06179847948881756
0 0.1551083140116245
0 0.4894667151736496
0 0.053299999373799145
0 0.19140708201430012
0 0.02980663030729791
0 0.0014573002484327136
0 0.17004773700642906
0 0.06669894134214793
0 0.12761355899342464
0 0.01967601343086456
0 0.11261371535551801
0 0.01943020420641639
0 0.08421257940245397
0 0.29965058043090764
0 0.031856027177961654
0 0.08644426117056492
0 0.04818724746971759
0 0.10014747676400271
0 0.32531519254909225
0 0.31772305954004887
0 0.04280535643241479
0 0.6734032770043005
0 0.003289941631017146
0 0.007305632974668352
0 0.0477423367963179
0 0.2144815883989537
0 0.17439557000252326
0 0.1078551883629727
0 0.0003087738733607015
1 0.09560179159774707
0 0.03958425955875966
0 0.01423182718399607
0 0.003538075792132167
0 0.6346092083806156
0 0.0662278288788557
0 0.11638159877995002
0 0.008947732354551374
0 0.09013131275933484
0 0.06010867074598136
0 a 24 0.07949560697038816
0 b 34 0.03357687335826143
0 e 12 0.037889963927846826
0 f 11 0.18369829303884255
0 l 8 0.3586787351070585
0 n 8 0.07981245119894276
0 o 33 0.025250092996248252
0 p 27 0.0998401180832601
0 t 0 0.007976790956458202
0 u 40 0.05010033934942093
0 w 14 0.005393401193767522
0 x 34 0.01205806726336045
1 b 37 0.18247245035318915
1 l 8 0.4980495005944373
1 o 24 0.0753830519514136
1 t 25 0.0584940396472684
1 u 32 0.12380247796487398
2 a 7 0.00723569391619916
2 c 40 0.05000178973705194
2 d 16 0.0322195242868748
2 f 23 0.06015552912919653
2 g 31 0.018665464752109395
2 i 25 0.3548352303365937
2 l 6 0.04592178090186194
2 m 11 0.0191567505733089
2 t 0 0.12741961272269986
2 u 31 0.013844259580726881
2 v 4 0.0371827758290183
2 x 29 0.010172569170703083
2 z 20 0.06808070505203101
3 r 6 0.5105332848263504
4 e 11 0.04957796107239687
4 h 6 0.3203612790001661
4 m 27 0.10731263305341732
4 n 13 0.1589159054601692
4 o 21 0.00582447837661948
4 v 10 0.3047077436634319
5 e 14 0.0038887022244329383
5 f 22 0.01390822326352581
5 i 30 0.0035140595374860695
5 j 20 0.21574939696314566
5 k 7 0.1257355608181807
5 o 33 0.05232579936159931
5 p 32 0.0506610491035574
5 u 27 0.006451191164439374
5 v 20 0.3363589355493326
6 a 4 0.033719257187335594
6 h 16 0.05004703650779596
6 j 19 0.05668976948741111
6 k 9 0.08534639144299516
6 l 32 0.003146251058925298
6 m 16 0.014372364115643577
6 n 0 0.01501509440436033
6 o 10 0.240465458113034
6 p 21 0.04313877345889361
6 q 31 0.004642771061101891
6 r 33 0.03221413726088196
6 t 28 0.10293014342699547
6 u 10 0.001173974903225905
6 v 10 0.00270261263595184
6 x 27 0.005310754504050497
6 y 13 0.08153702922178208
6 z 9 0.19774155090231782
7 a 34 0.04726871946648359
7 c 38 0.08442757164530001
7 d 6 0.1062455981571011
7 e 6 0.007875876609709787
7 f 40 0.021551034027231464
7 g 8 0.003123392002108649
7 h 29 0.021320482440336908
7 i 18 0.029801485210777412
7 j 21 0.04942911904394409
7 k 40 0.02257208216498785
7 l 29 0.004354835765960741
7 m 31 0.025253299997142986
7 o 37 0.0002880603817402294
7 p 25 0.07281403135460174
7 q 28 0.06339809905780391
7 r 15 0.04653352148902323
7 s 8 0.005483315270085276
7 t 35 0.042076984938214546
7 u 19 0.15191996895215054
7 v 15 0.020915726655059586
7 x 28 0.029878861923516076
7 y 14 0.14201063319828755
8 g 9 0.03285854350601425
8 m 32 0.37890619260648983
8 n 19 0.06553520732780349
8 v 0 0.09124776661653478
8 w 31 0.25274811347366766
8 y 35 0.008656439463060939
9 a 26 0.11076212246456074
9 b 22 0.010128444583690777
9 d 26 0.029347974165812474
9 e 38 0.0015404399448830652
9 j 16 0.0025889801447201988
9 l 18 0.0627825625202505
9 q 6 0.10265386724638204
9 r 28 0.24571120151481274
9 s 37 0.10848690980015452
9 u 10 0.013620105955016504
9 w 7 0.24057984641122776
9 x 26 0.0050986039063407596
10 j 5 0.5226359545532666
10 l 18 0.08863793968698475
10 y 31 0.261112546766324
11 a 26 0.11252180484665752
11 b 36 0.10326539115941125
11 c 37 0.028447215752709254
11 e 12 0.07839656876536283
11 f 37 0.004804819208608979
11 g 36 0.01172196817854998
11 h 6 0.12030346353282961
11 i 5 0.002029865008773446
11 j 10 0.022597135082983
11 l 16 0.015144634190991546
11 n 34 0.022919547440035104
11 s 18 0.21365727903088172
11 t 18 0.06733513878250974
11 v 21 0.05579260755952309
11 y 30 0.061331940609905766
11 z 8 0.060054607419402606
12 a 9 0.04437187215259242
12 c 27 0.04120277826564189
12 e 15 0.06693706925831244
12 k 9 0.01811371708669307
12 o 1 0.05291425885910428
12 v 17 0.2856240123494501
12 w 34 0.27042206223512844
12 x 18 0.10780051443755934
13 a 21 0.030658548880010406
13 c 39 0.06145717859138644
13 f 22 0.08493139428553154
13 g 1 0.060909174688095424
13 h 20 0.010297989113772554
13 m 6 0.33829215641196875
13 q 22 0.0732089249028608
13 r 26 0.11419820315917506
13 s 5 0.02672558636730904
13 v 39 0.0210569133154217
13 w 35 0.10111855338363618
13 z 34 0.05771517269441573
14 a 1 0.13949547076051938
14 c 7 0.011211980542208622
14 d 16 0.0008797158699676011
14 e 10 0.08067224054439615
14 f 26 0.0025082075217661703
14 g 9 0.002735077376963546
14 i 20 0.015837218321876234
14 j 10 0.04192742076395317
14 k 28 0.00025383598654271644
14 l 31 0.00618330398238276
14 m 36 0.05832865075348226
14 n 31 0.003275401124494204
14 o 40 0.04768559134782402
14 p 27 0.047824543583274925
14 q 11 0.021057645603273056
14 r 11 0.02151268255820371
14 t 24 0.11064250848357426
14 u 34 0.10650043120535302
14 v 17 0.03679053359713158
14 w 4 0.029025108697212976
14 x 18 0.05404219418572298
14 y 6 0.06213262702640299
14 z 12 0.015265030761019704
15 v 35 0.21356175524248422
15 y 18 0.48678766432660814
16 a 7 0.0095303047428551
16 c 7 0.00043985791502088034
16 e 34 0.009621649392713594
16 f 22 0.03491698339407723
16 g 1 0.3116021815187694
16 i 31 0.01877119038232944
16 j 1 0.04863596527229985
16 l 22 0.014336905024418645
16 o 3 0.1629044119269768
16 p 15 0.011885906185274075
16 r 27 0.022338692016819706
16 t 22 0.03095799046736858
16 u 19 0.041645269479063995
16 w 5 0.12022616935410302
16 x 1 0.08133782785835642
16 y 25 0.048992667891591624
17 a 37 0.039112977921800574
17 b 35 0.007014378050442915
17 c 26 0.008391587525463207
17 d 18 0.03968144236881754
17 e 39 0.05073759808434242
17 f 26 0.06032654303483653
17 g 13 0.02622691129871313
17 h 24 0.1024530844694016
17 i 9 0.01565203584082142
17 j 5 0.024138407067116008
17 k 32 0.034719281858535234
17 l 37 0.029258581605146383
17 m 22 0.03567759226724876
17 n 3 0.003712376779834381
17 o 24 0.0019575680266469275
17 p 35 0.09292053189725091
17 q 18 0.04396365138021341
17 r 30 0.015621084651966322
17 s 33 0.09078255287876413
17 t 39 0.007831238063370494
17 u 23 0.03126419962622595
17 v 10 0.03543606476914918
17 w 38 0.03431825758198315
17 x 13 0.02227609905089356
17 y 34 0.0012060491559838793
17 z 35 0.05887564357446706
18 a 12 0.01883837846719716
18 c 21 0.0016646343804860297
18 d 4 0.006179906648432709
18 f 32 0.061450165594395756
18 g 30 0.06683591364438002
18 h 0 0.019288231056674654
18 i 33 0.00494926654790151
18 j 9 0.028336365565115984
18 k 8 0.021544345427240263
18 l 5 0.011885972925190003
18 m 35 0.014284229800220594
18 n 4 0.0118768435318235
18 o 23 0.06966243399781114
18 p 35 0.004323759576391861
18 q 0 0.043165653152681616
18 r 9 0.06573283063382152
18 s 1 0.03134431250991199
18 t 20 0.008451990268399157
18 u 11 0.1428435846471654
18 v 3 0.03261492937523247
18 w 4 0.18905545639310384
18 x 8 0.03736591296656733
18 y 1 0.043041789865015834
18 z 35 0.017075845555122093
19 h 3 0.24945403875744354
19 k 26 0.027035189977091423
19 r 1 0.20899846807831302
19 t 30 0.09585696221355522
19 v 29 0.18952758931188574
19 w 4 0.02272716750376591
19 y 9 0.027257159485746252
19 z 3 0.0789959479081962
20 a 39 0.00978968939148439
20 f 14 0.09553178752115554
20 g 24 0.05569326379012307
20 h 11 0.014910357922746642
20 i 23 0.0962333249276417
20 n 25 0.02849132600682236
20 p 22 0.03493419618045834
20 q 28 0.022943651469925608
20 r 25 0.03041880916115891
20 s 20 0.0332784908996131
20 t 1 0.11758337233026872
20 v 28 0.13487653784950937
21 a 20 0.024399680634343057
21 d 1 0.031769227050915005
21 e 32 0.05655078648436107
21 f 25 0.050013184273204225
21 j 16 0.007090833451869782
21 k 6 0.0013741797806666733
21 l 36 0.13652917999065617
21 m 22 0.02236473279098472
21 q 37 0.09702316475867201
21 r 2 0.007394153674305404
21 s 21 0.06860722153620369
21 v 22 0.01640338448281231
21 x 21 0.07552915898521306
21 y 13 0.07695134495960543
21 z 10 0.010276707606138524
22 b 29 0.06455437724635127
22 c 37 0.048889070056542194
22 d 20 0.0036256614472401916
22 e 21 0.015285850206827267
22 f 33 0.004741237874417381
22 h 19 0.08690701747430629
22 j 29 0.1770534507249485
22 l 1 0.010166416711559156
22 m 25 0.04093369878246711
22 o 33 0.0068070724301363406
22 q 14 0.06584358034787141
22 s 15 0.015331529525126841
22 t 34 0.11129124693634285
22 v 9 0.004117500196002433
22 w 26 0.07869320356757115
22 y 10 0.16958142130678389
22 z 0 0.053372308733090956
23 u 4 0.32659672299569953
24 a 6 0.01235716369296147
24 b 33 0.0119152667866812
24 d 36 0.07408426350631259
24 e 22 0.014197899711302364
24 f 18 0.08874817707312344
24 h 26 0.006229333128282666
24 k 40 0.016760000639865824
24 l 0 0.08725646882940663
24 m 38 0.1224646745348974
24 n 21 0.028454022006707547
24 o 0 0.029667614903527206
24 s 30 0.1676676739870726
24 t 14 0.0053275584933971665
24 u 25 0.04283606907061266
24 v 34 0.0018535199868745522
24 w 6 0.08755694472323983
24 y 22 0.1993334072947177
25 a 18 0.03342807499001299
25 b 18 0.0278573041148803
25 c 14 0.02180894218259266
25 d 8 0.018479797758982786
25 e 35 0.006995967861736729
25 f 9 0.07297140916238365
25 i 2 0.02234306990455448
25 j 32 0.03257566178382276
25 m 37 0.04215812389099982
25 n 29 0.10843428846631253
25 o 4 0.0058328800646608725
25 p 14 0.27978416059489164
25 q 5 0.00863418195419463
25 r 8 0.0010967505010639478
25 s 20 0.12717648185946717
25 t 24 0.031719075313792366
25 u 25 0.03690865364867513
25 v 28 0.017471776388023885
25 w 14 0.000593626179006157
25 y 22 0.03719958294847148
25 z 8 0.05922455745680566
26 a 19 0.07470704377485449
26 b 15 0.008723577292217177
26 c 14 0.1278580890994182
26 d 26 0.057556015924869475
26 f 19 0.025155614211379018
26 g 23 0.011181673489989441
26 h 2 0.018544785387439977
26 i 33 0.20901923268633404
26 j 9 0.023476060353769812
26 k 31 0.08757981163288531
26 l 7 0.013624971716797551
26 m 35 0.018366315357594143
26 n 13 0.027756558446076496
26 o 22 0.04855137934018827
26 p 39 0.048019957033998306
26 q 34 0.02872713320924969
26 r 3 0.03358790598664885
26 s 28 0.032214397644312665
26 t 20 0.03524114554489266
26 u 22 0.0005550961585557568
26 v 33 0.0023900945439614407
26 w 24 0.016861528779534618
26 y 5 0.001969101335973833
26 z 39 0.0005901742527408826
27 o 30 0.28324488757610566
27 p 3 0.23644897469220683
27 r 33 0.17774295733422174
27 t 26 0.02105809140132986
27 v 5 0.04334869770305538
27 z 2 0.023674802894126823
28 f 36 0.003711224748988662
28 k 9 0.020849026203288212
28 l 15 0.0775975241076563
28 o 15 0.379173451464594
28 t 16 0.0911088628159551
28 w 2 0.12415745841098502
28 x 7 0.10716918724458147
28 z 14 0.02183769500142796
29 a 40 0.032483966425494226
29 b 30 0.037427709466727244
29 c 27 0.006446838984696779
29 h 13 0.18271669108411126
29 i 1 0.06461206573503375
29 j 27 0.13529703376085667
29 l 40 0.023984562655680608
29 m 3 0.01991931298186389
29 n 8 0.0016632317677387487
29 o 8 0.0703080933485265
29 p 36 0.03702762379110103
29 r 5 0.04534411158942653
29 s 37 0.09146037912677896
29 y 36 0.1434531909189911
30 a 9 0.04688624013479925
30 c 31 0.029687213664978285
30 d 7 0.053615685612296904
30 e 14 0.014949505240083427
30 f 5 0.014442469541741998
30 g 25 0.03398486898719777
30 i 32 0.001791140350908993
30 j 35 0.025643009110443593
30 k 35 0.08203511740744507
30 l 30 0.013456244689192709
30 m 30 0.13035144710174096
30 n 18 0.11714958686903376
30 o 18 0.03515317631432502
30 p 20 0.019082439611910806
30 q 12 0.02573355698849722
30 r 17 0.042363492774593725
30 t 36 0.00630921999062406
30 u 27 0.06353875648471485
30 v 8 0.11608386779324187
30 w 8 0.09843303392413927
30 z 17 0.029001153534729762
31 a 26 0.06871858026313793
31 b 30 0.01984865365450894
31 c 32 0.04992704902733036
31 d 10 0.011262592514025949
31 e 4 0.07137944425112319
31 f 34 0.03878337052710512
31 g 9 0.00824703706181562
31 h 28 0.0332411101137714
31 i 10 0.031804872372311666
31 j 5 0.02009977528207596
31 k 18 0.09188988699704603
31 l 5 0.0005940436463128806
31 m 0 0.14453796303760347
31 n 38 0.014323008333170795
31 o 4 0.02384284050790053
31 p 26 0.031135326967739685
31 r 40 0.014907813312496465
31 t 16 0.005142096127875417
31 u 16 0.05566395625575993
31 v 36 0.01210736705997073
31 w 18 0.03990324946027857
31 x 17 0.0035712930741993443
31 y 17 0.10159335313563156
31 z 39 0.011873525419061393
32 a 26 0.04841618919347701
32 c 28 0.016367586908395793
32 d 31 0.07393209703855119
32 e 7 0.058694781850404
32 f 2 0.005028527416165551
32 g 13 0.07031749849406976
32 h 28 0.0630722004049924
32 k 10 0.14850993091387354
32 l 40 0.07285752624734243
32 m 21 0.011613164504869822
32 p 35 0.00513949497205024
32 q 12 0.026657053622288762
32 r 12 0.06976717557212919
32 t 16 0.13172004694221462
32 u 24 0.04124665045282394
32 v 14 0.05015447525870609
32 w 19 0.04813981252192512
32 x 1 0.018781528126960878
33 b 31 0.02483700027707092
33 c 28 0.11057858933271703
33 d 33 0.01860828965264072
33 f 3 0.1913819313461601
33 g 40 0.01066954784532903
33 i 10 0.0030946928889894476
33 k 0 0.14363281451996945
33 m 7 0.09378203275302699
33 s 31 0.09106100710045228
33 t 31 0.04271529885259895
33 v 40 0.017977134574822973
33 x 20 0.06149747312665643
33 y 9 0.1759323605455696
34 a 6 0.05707538652028277
34 f 39 0.021213728171238455
34 g 29 0.0004469854260408246
34 i 0 0.028067596966627528
34 j 33 0.021259556593316686
34 k 23 0.05642578712063728
34 l 30 0.20662946928692993
34 m 22 0.20367010911091565
34 n 8 0.12449224398922298
34 p 12 0.006276520130910401
34 q 8 0.032590330082795105
34 r 23 0.004691107544188555
34 s 12 0.16714537737965618
34 u 18 0.056445100748829136
34 x 23 0.01003262513627634
35 l 23 0.3651328135215449
35 n 2 0.0002579780978394508
36 a 24 0.07026465026982553
36 c 0 0.03683816194821743
36 d 23 0.003254097074732676
36 e 5 0.013192876118315544
36 f 22 0.185014002973106
36 g 9 0.0034814687796373978
36 h 33 0.002703091263717261
36 i 4 0.023965546653436642
36 j 16 0.01810090192341063
36 k 18 0.08500515520783625
36 l 9 0.013210455797901366
36 n 22 0.010691883046793915
36 o 25 0.13927307647226173
36 q 21 0.007111727437795978
36 r 12 0.007615647280951543
36 s 10 0.05998152718878225
36 u 6 0.027331760873647415
36 v 25 0.031570331520555106
36 w 10 0.029104925239144652
36 x 10 0.09033224349786628
36 y 21 0.07119901146414809
36 z 36 0.004529629089060627
37 a 5 0.011244645976613121
37 b 15 0.04804435024682907
37 c 22 0.0008578683416202715
37 d 15 0.015340266991670348
37 g 3 0.014778705556473315
37 h 26 0.07987801239649606
37 i 34 0.017683689896897725
37 j 34 0.1635486688857286
37 m 37 0.029797266913437204
37 n 24 0.0058449038221043415
37 p 39 0.04757841753716041
37 q 15 0.044098489334353896
37 u 6 0.028649001127188933
37 v 22 0.03762667182242385
37 w 4 0.10687823575015265
37 x 21 0.16295731420393955
37 y 17 0.05575139688254016
37 z 25 0.013060495534420458
38 c 20 0.11675160915065819
38 d 32 0.07223892305587343
38 e 24 0.08385509845169281
38 f 27 0.02817373625440822
38 g 24 0.01409517637983193
38 i 19 0.12112232539564205
38 j 40 0.020789291227905182
38 k 3 0.05539002557180661
38 l 2 0.00804647764348776
38 m 6 0.05419932966760377
38 o 33 0.08351615817493074
38 q 19 0.043394441014391605
38 s 39 0.06458450116761105
38 t 10 0.03061474436705336
38 v 33 0.05605080541274865
38 w 10 0.03647878735371368
38 x 37 0.013380880580987409
38 y 32 6.947754767527847e-05
38 z 11 0.0883004792274269
39 c 22 0.15162269464334155
39 f 3 0.028175166187699108
39 g 13 0.07163055725886647
39 i 24 0.04940612052782656
39 j 29 0.024904538564555656
39 k 37 0.05400475394545723
39 m 19 0.059081387224777404
39 n 11 0.026387862229280468
39 s 38 0.1119289137783892
39 v 9 0.010625476936430567
39 y 3 0.18697714210419092
39 z 16 0.13512407383985003
40 b 38 0.054851254677277916
40 c 21 0.05676568594270026
40 d 4 0.06804029475999673
40 e 28 0.011916115700313479
40 f 28 0.06820998667711287
40 g 9 0.005682906930349785
40 h 27 0.05672693810375129
40 i 27 0.02100342595012017
40 j 18 0.1300842175885224
40 k 15 0.08669882582993638
40 l 25 0.010226963000729783
40 m 24 0.01928576932910897
40 n 3 0.04425074384596528
40 o 17 0.006979588142937865
40 p 20 0.025843868160365324
40 q 4 0.004970813623593084
40 r 2 0.016404843800376434
40 s 35 0.06367725970803262
40 t 25 0.023966524253935195
40 w 35 0.01670257279951426
40 x 4 0.039980397815866486
40 y 6 0.1029551063613644
40 z 17 0.00466722625214766
