79 26 1072
0 0.28741567296270376
0 0.2496045474863403
0 0.07135283365523837
0 0.023535539214525003
0 0.007805831323894896
0 0.02325494633644931
0 0.011922948950876089
0 0.0005327036060668311
0 0.09268745065121886
0 0.02302252006668981
0 0.03755462779573793
0 0.06336658086270242
0 0.183405657193639
0 0.04210504828664485
0 0.047233165795416365
0 0.004254217417376083
0 0.03054779530377605
0 0.002295750191178114
0 0.022961700673588603
0 0.008943013377344378
0 0.07575191988340513
1 0.029726025253981048
0 0.005786596126374999
0 0.0730459220493832
0 0.02000953815238926
0 0.0002877786280230943
0 0.06966095112048254
0 0.07053095863616354
0 0.00675931089358095
0 0.1705809033923208
0 0.07092452031724095
0 0.03911961938000874
0 0.06273811174606936
0 0.037429595194150345
0 0.07909346074801571
0 0.02049507778417825
0 0.14421452574497062
0 0.4111130372860059
0 0.03845800095869323
0 0.00561848165630896
0 0.01317452840552158
0 0.10184584585388445
0 0.0002981280942250253
0 0.07035957175306995
0 0.3475145023122985
0 0.08229605986381328
0 0.017897913051200698
0 0.013918304508716117
0 0.06814755566698516
0 0.13645448515997505
0 0.1449526011267941
0 0.07761329474263212
0 0.022356350079543508
0 0.024480179890377873
0 0.07717309724628019
0 0.035905003601323426
0 0.18511311835125666
0 0.046078662289453676
0 0.4164897096843101
0 0.043211631329023836
0 1.0
0 0.02380978448245452
0 1.0
0 0.3723635282299588
0 0.0199835102037883
0 0.4290803394462849
0 0.28541893533643514
0 0.010189478108896921
0 0.1687484044780858
0 0.054082148948137565
0 0.0788648997190774
0 0.04897755018603889
0 0.055631429440467506
0 0.16233745617780881
0 0.06802533860040083
0 0.047492520811826866
0 0.08019640003215367
0 0.16906123776741722
0 0.004070511496530593
0 d 20 0.05077110444464794
0 f 78 0.13483951316589105
0 g 30 0.03881135091564003
0 j 4 0.25162354329743075
0 l 60 0.10106918366400097
0 n 68 0.04773532322041296
0 p 30 0.007094524618823539
0 t 13 0.008315178439764148
0 w 24 0.04979972456705406
0 y 34 0.02252488070363079
1 q 64 0.24897158159638366
1 t 63 0.2864805500295966
1 u 25 0.21494332088767942
2 a 29 0.20968470679342832
2 b 60 0.0256224101754835
2 d 39 0.022054366918356605
2 e 13 0.01693419339186719
2 f 42 0.015777787796873777
2 g 31 0.04693982616287451
2 h 63 0.025626801210581363
2 i 14 0.05009303754185557
2 j 57 0.011819797160219858
2 k 64 0.006386509621122305
2 l 61 0.040238122768654905
2 m 31 0.023787242785688556
2 n 60 0.025951784748290962
2 p 50 0.028818584019867144
2 r 68 0.044151968181686096
2 s 62 0.12558758597285968
2 t 18 0.014920908354583817
2 u 11 0.0007034669302523611
2 v 49 0.14615446274345045
2 w 11 0.02149338099981879
2 x 56 0.003865108174403775
2 y 27 0.0035989231649175
2 z 27 0.01843619072762459
3 a 24 0.013946282502148799
3 b 5 0.03245072668048976
3 c 49 0.029114975026499512
3 d 62 0.03520955161067041
3 e 10 0.11901071113208306
3 f 64 0.050193055565795563
3 i 38 0.17277443610542675
3 l 9 0.03138853822968235
3 m 51 0.20236920294694483
3 o 2 0.1295974037067983
3 q 71 0.02732309235715702
3 r 12 0.061855143990940054
3 t 13 0.01777723831098399
3 u 75 0.02246843788048214
3 v 41 0.014014618887552066
3 x 69 0.002924929496519013
3 z 1 0.014046116355301397
4 b 27 0.005149449254353011
4 e 16 0.11987706189889369
4 f 71 0.017438228952373014
4 g 15 0.43868549908638377
4 h 50 0.06986825759640936
4 j 31 0.01804439916097811
4 k 56 0.012063513372241874
4 l 73 0.03785970256198401
4 r 13 0.00038243113729841127
4 s 76 0.09209873251965905
4 v 40 0.03916435861197065
4 x 39 0.1343027965601611
4 z 35 0.007259737963399071
5 a 65 0.02086422344723271
5 c 18 0.00271935712157112
5 d 35 0.12513871713111013
5 e 77 0.10866408326975496
5 g 21 0.02026914888785336
5 h 14 0.13182405801996966
5 i 65 4.98171579565998e-06
5 j 59 0.01998293384980221
5 k 60 0.00019657178040355383
5 m 21 0.022433452271751753
5 o 23 0.05028578596547506
5 p 71 0.09621113593813935
5 q 56 0.01042369643779828
5 r 48 0.11732674009059241
5 v 5 0.07389115025447479
5 x 39 0.05802629155262218
5 y 67 0.1184827259292035
6 a 76 0.20487710474019805
6 c 6 0.04154287183889349
6 d 69 0.007390850581095787
6 e 54 0.010643175471578004
6 f 67 0.014005099404075794
6 g 52 0.1280767948921111
6 h 12 0.002453481535139468
6 i 14 0.004817923000680624
6 j 70 0.02699004463202337
6 k 0 0.017353859529158244
6 m 32 0.004425137547823366
6 n 31 0.012495161907815855
6 o 62 0.09465611207399915
6 p 16 0.044200915268005514
6 q 31 0.05844572559522021
6 r 28 0.03238601763111937
6 s 70 0.08065279215258003
6 t 4 0.024538199119403137
6 u 66 0.010873879901128425
6 v 49 0.10081752217478623
6 w 17 0.04299872109491176
6 x 47 0.009509210927550638
6 y 13 0.006881090548544466
6 z 6 0.007045359481281821
7 a 20 0.022596357183033544
7 b 68 0.08835430037747272
7 c 12 0.1582232903917875
7 d 12 0.0012508403507391908
7 e 42 0.06740807983888708
7 f 3 0.010398170114710448
7 g 31 0.03690169489691719
7 h 31 0.0019495375057457798
7 i 32 0.08846307610361448
7 j 46 0.007724771334209124
7 l 44 0.03407968790461202
7 m 20 0.03324541402435166
7 n 78 0.06487134538413664
7 o 78 0.09935311434920568
7 q 76 0.07065164407661373
7 r 77 0.029333632024822198
7 s 35 0.06314965439213716
7 t 28 0.03658653240374021
7 u 10 0.06112442856710054
7 v 49 0.018439568548750618
7 w 36 0.0024182733512425614
7 x 60 0.0005362519658109743
7 y 22 0.0024076313042921127
8 b 26 0.16902808643865141
8 g 23 0.0542893451027725
8 l 16 0.02531840980047395
8 m 42 0.6586767080068833
9 a 49 0.012587207113515797
9 b 51 0.018464036097742498
9 c 40 0.04774562262718696
9 d 65 0.03131397148494919
9 e 55 0.06556741487116158
9 f 24 0.3023190946698967
9 h 74 0.06587245865494407
9 j 71 0.058957788015435164
9 k 1 0.0071923576395367395
9 l 77 0.06204440960319346
9 m 61 0.02249099390297482
9 n 49 0.005293024261077028
9 o 69 0.039354163230548966
9 q 64 0.0072916329207495245
9 r 15 0.013469782195883462
9 s 28 0.005102585358149558
9 t 59 0.10107170753394479
9 u 2 0.05634171470778282
9 v 41 0.007986712961789655
9 w 59 0.04651080208284741
10 a 34 0.06589791704457926
10 b 65 0.10199474314768142
10 d 30 0.005152821390463247
10 e 26 0.04618624721400211
10 g 54 0.03608884164626225
10 j 59 0.2661949057800107
10 k 19 0.1360816406814348
10 l 68 0.024152519735224476
10 u 75 0.030210523226607888
10 w 75 0.11952633089933484
10 x 46 0.13095888143866108
11 d 28 0.032604398091344744
11 e 27 0.026547166776003328
11 f 22 0.034557752789929674
11 g 41 0.021534584519253164
11 h 34 0.021299122776866852
11 j 34 0.16643946054716097
11 k 55 0.004811201281891719
11 l 46 0.014888192039579917
11 m 4 0.12981280515080262
11 n 73 0.00906098943105238
11 p 54 0.08641053127321796
11 q 1 0.01570053998355392
11 r 36 0.08157542104509596
11 s 8 0.05566458626686199
11 v 12 0.08080747943884359
11 w 17 0.003987034330427686
11 x 53 0.05613207090418626
11 y 26 0.0799737530608392
11 z 64 0.014826329430385643
12 f 14 0.08141298263883523
12 g 18 0.08320112036005034
12 j 67 0.2924958203563496
12 l 2 0.21256841723114905
12 w 50 0.1469160022199768
13 a 74 0.00320664099290513
13 b 70 0.07443413099829344
13 d 70 0.01984117833482235
13 e 76 0.009677511880056833
13 f 54 0.09503882345901804
13 g 46 0.03897476376008713
13 j 40 0.08457667556969262
13 k 3 0.004853438916651909
13 n 15 0.04808417848308777
13 p 2 0.09554947302020378
13 q 33 0.24613055599357236
13 r 30 0.03356244153961052
13 s 24 0.04344816548974595
13 w 51 0.09513510530515723
13 y 50 0.023398331387254667
13 z 44 0.041983536583195424
14 b 39 0.04132650193280263
14 c 4 0.023258934527774278
14 d 45 0.057746385794303356
14 e 66 0.00034241471354645725
14 f 25 0.02743754998571979
14 g 16 0.029990958945538937
14 h 1 0.03541991556449553
14 j 22 0.3123562348004689
14 m 22 0.027105558463942026
14 n 77 0.022706356404195605
14 o 31 0.19715360691045547
14 q 6 0.08561597983029345
14 s 31 0.017488978549680012
14 v 63 0.049204457415718994
14 y 63 0.025613000365648175
15 a 74 0.00821746579559779
15 b 30 0.009951737148464868
15 c 45 0.07859392180927927
15 d 41 0.02481502705968619
15 e 76 0.09223364467255657
15 f 11 0.0052177770134457235
15 g 64 0.010062360166720463
15 h 65 0.004473744660517864
15 i 17 0.01988203265385291
15 j 45 0.016717296715028307
15 k 75 0.07129605872598521
15 l 77 0.06553640388473658
15 m 6 0.020437118826138745
15 n 74 0.00686989021016271
15 o 9 0.06898587880485874
15 p 15 0.012177733029469784
15 q 20 0.18451354794300623
15 r 67 0.04520362035264813
15 s 47 0.11030475928234273
15 t 29 0.04797987867562126
15 v 43 0.03692326159128145
15 w 33 0.01636424856986385
15 x 2 0.019858774509749044
15 y 25 0.0047248549028899856
15 z 46 0.014404745578719513
16 d 14 0.022101871667067674
16 h 26 0.012026921729527351
16 i 53 0.11056693029994491
16 l 36 0.1084927284716003
16 m 0 0.07628616815275979
16 o 12 0.2182544018679401
16 v 20 0.000782767577398813
16 x 24 0.12204248903804493
16 y 59 0.2988979258919401
17 o 78 0.4442681678342014
17 x 8 0.489689705673645
17 y 44 0.06374637630097546
18 c 59 0.09472077025149217
18 f 7 0.006199173963806759
18 h 46 0.1019171701312489
18 i 1 0.04054973861597322
18 j 27 0.24658630901142697
18 n 62 0.23819858864218924
18 o 28 0.01684734035144031
18 q 0 0.005459499555818148
18 s 47 0.08935231543714106
18 t 31 0.02246326900083473
18 w 69 0.07168686063286911
18 x 23 0.029032242493302163
18 z 28 0.014025021238868618
19 a 16 0.06352629296272583
19 b 2 0.0060879067657462205
19 c 54 0.0010801487061163906
19 d 37 0.04269825992536347
19 e 0 0.030405835815510485
19 f 70 0.02484560411674752
19 g 17 0.009289131366629455
19 h 75 0.02164890599776015
19 i 45 0.03346769618919443
19 j 46 0.03799574110530579
19 k 37 0.042253337961149606
19 l 53 0.038313007676135435
19 m 12 0.29414673672499314
19 n 70 0.06878234709727671
19 o 20 0.00374022941244323
19 q 68 0.0636221311038142
19 r 10 0.01077861525849333
19 t 73 0.02698558207744095
19 u 28 0.08616299558389806
19 w 34 0.01804376124998952
19 y 23 0.03892529593725391
19 z 42 0.028257423588667785
20 a 9 0.041920373836607294
20 b 11 0.006350051383349986
20 c 17 0.0025649297030344576
20 d 30 0.0003270027777977358
20 e 15 0.0990968595445536
20 g 50 0.010583868862879098
20 j 26 0.02404992532796102
20 k 59 0.06897153385855481
20 l 45 0.11315369723491375
20 m 26 0.011706993940686083
20 n 28 0.010124408847476785
20 q 45 0.06848164862297423
20 r 9 0.0013277349478475475
20 s 30 0.03435239416816238
20 t 9 0.10337526110185757
20 u 55 0.020360889155565443
20 v 32 0.015627938275178832
20 w 26 0.19581271036866288
20 x 50 0.05646812138189006
20 y 69 0.03724045973794199
20 z 37 0.0023512770386993065
21 b 37 0.11522389190480908
21 e 47 0.14750593462850914
21 g 5 0.1578900390529192
21 h 58 0.2874557854115757
21 m 50 0.011901716462893064
21 n 70 0.0012811374714882806
21 q 64 0.015513340377235285
21 v 10 0.17508995702155805
21 z 8 0.05841217241503116
22 c 69 0.3195680788671603
22 h 17 0.013281637438155136
22 i 18 0.00594505554821978
22 j 32 0.08950503550522737
22 m 39 0.04573185741253405
22 w 65 0.03759666836892439
22 x 51 0.3607338551536301
22 z 74 0.12185121557977385
23 b 21 0.01329480133151828
23 c 37 0.11026247610643669
23 e 42 0.05026151168560766
23 s 60 0.2018822895986011
23 t 35 0.08126337766025915
23 u 73 0.32110749588078047
23 w 71 0.14888212568741344
24 c 10 0.2209397276843552
24 d 74 0.01667327401236196
24 f 27 0.18298203573930805
24 i 60 0.06633541689167577
24 k 39 0.04223421760673751
24 n 41 0.013278511420677375
24 o 72 0.029553733521752834
24 p 51 0.20808143957342917
24 q 49 0.005799086927165686
24 u 35 0.001114710758062576
24 y 7 0.16497683168278954
24 z 16 0.028021476029295056
25 c 1 0.004660066343060487
25 f 68 0.10465381024696885
25 h 61 0.05106969049127208
25 i 4 0.12177126451617337
25 j 75 0.03424938283826151
25 n 41 0.21587010431473774
25 o 11 0.10898759366006561
25 p 21 0.08537791018208563
25 t 8 0.038849514175934186
25 u 36 0.08437981154865959
25 v 57 0.0034505422500866745
25 x 5 0.13231012935257336
25 y 73 0.014082401452097826
26 c 57 0.328035075343462
26 d 43 0.27663069822597164
26 t 73 0.32567327531008383
27 d 19 0.05249663418237138
27 f 0 0.027294713090936118
27 g 69 0.014440390142039128
27 h 21 0.05987253794670788
27 i 73 0.02200158816095621
27 k 55 0.11257480534935804
27 l 39 0.0053431802413478335
27 n 36 0.010469277174213643
27 o 10 0.15899349937523677
27 q 8 0.08643264649450089
27 r 11 0.06388153306565703
27 s 53 0.020015818909194016
27 t 33 0.011941366665804809
27 u 13 0.03904259401074073
27 w 59 0.007966611324885964
27 x 13 0.026238701898162575
27 y 74 0.07759268129754249
27 z 50 0.13287046203418096
28 b 17 0.0074269547577725525
28 c 37 0.02965847727221793
28 d 15 0.045810422583453914
28 e 34 0.026396672440015534
28 f 56 0.06783709061121868
28 h 56 0.03923797162216647
28 i 67 0.14096144545661993
28 j 54 0.0004671298188985151
28 l 31 0.015832637464439636
28 o 46 0.08175325773036635
28 p 38 0.09982511980103748
28 q 31 0.015893597498517043
28 r 70 0.10044766164822472
28 s 40 0.035493945128838855
28 u 45 0.2330784165072064
28 x 68 0.05311988876542506
29 a 63 0.32313942601767687
29 c 73 0.07313444931922963
29 j 13 0.0974446570109353
29 o 8 0.12663452500095518
29 q 29 0.02386511786577794
29 u 47 0.1852009213931043
30 a 33 0.010564572238956793
30 b 57 0.0047251731683223275
30 c 50 0.021983365973652247
30 d 25 0.0029802924646562534
30 e 4 0.14958988813644747
30 f 69 0.0033529483608171207
30 g 26 0.023294914851661797
30 i 71 0.009152116779968744
30 j 50 0.02626503459850882
30 k 18 0.05974252242680511
30 l 18 0.08371771245767068
30 m 43 0.07707234815779762
30 n 25 0.006232944910617433
30 o 26 0.03444603410046854
30 p 73 0.09896069915383432
30 q 69 0.05334203271774729
30 r 36 0.0139998846875522
30 s 12 0.11893565494938585
30 t 69 0.01816027969340317
30 u 34 0.026821315706560878
30 y 76 0.006870646635781186
30 z 53 0.07886509751214321
31 e 47 0.011909522136205664
31 f 62 0.3011172536223242
31 h 34 0.08668973699684146
31 l 18 0.046154418764977834
31 o 38 0.05298660017664503
31 t 78 0.029805514895932972
31 u 16 0.003367231720420749
31 v 5 0.0208562145529837
31 x 34 0.29087309517587656
31 y 55 0.11712079257778307
32 a 51 0.09944825599088913
32 b 36 0.03937097997340977
32 e 31 0.1294798541647989
32 f 16 0.13234473436838723
32 g 6 0.03293187228097971
32 m 1 0.2348787945099976
32 p 25 0.16399587636902557
32 q 16 0.01272530649843473
32 s 44 0.04743448865670841
32 t 54 0.024242647039506293
32 x 6 0.0024195514733158507
32 y 37 0.01798952692847744
33 a 40 0.016528809848603276
33 c 35 0.0023616741263081664
33 d 27 0.01621908905273295
33 j 44 0.028707722890626064
33 l 46 0.1191784544977249
33 m 41 0.129618210920997
33 o 47 0.06125893392374193
33 r 33 0.03394572982861366
33 s 77 0.021729045979372086
33 t 27 0.10335339830329815
33 u 26 0.1466065028335234
33 v 74 0.004739581831112116
33 y 53 0.06668755292332462
33 z 5 0.21163569784587133
34 a 39 0.0023436471807173342
34 c 71 0.014040214525390171
34 e 11 0.011627592925448349
34 f 48 0.07342399049276638
34 g 47 0.0047751122448925765
34 h 18 0.01726123519844469
34 i 75 0.02959827735731657
34 j 72 0.058454222152285906
34 k 47 0.021669208364277104
34 l 26 0.13132760103639773
34 m 43 0.022246578075464374
34 n 58 0.22224042162299784
34 o 21 0.009718104139726735
34 p 36 0.0008942200330732675
34 q 22 0.005429216557968908
34 r 28 0.011147989807837488
34 s 44 0.01367042300613297
34 u 1 0.022149914587879627
34 v 78 0.10391669269447878
34 w 17 0.08525747813723916
34 y 2 0.006142634278557546
34 z 4 0.05357176483269077
35 a 54 0.11629880029250572
35 b 36 0.013145510808336036
35 c 12 0.018658174530690186
35 e 62 0.052105513743898935
35 h 54 0.09466062667015984
35 l 7 0.0030733517305521207
35 m 16 0.14877008417487214
35 n 20 0.02956343745905221
35 o 78 0.04923907160037877
35 p 4 0.03767928452665292
35 w 11 0.3212663559700114
35 x 51 0.05228059258162099
35 z 76 0.04276411812709047
36 c 2 0.2853992353884869
36 f 50 0.04350667530488417
36 j 70 0.015040114137115146
36 n 38 0.05285486869905487
36 r 46 0.31785761328813134
36 s 43 0.1131735219697072
36 x 37 0.027953445467649773
37 k 62 0.4741005110848103
37 n 68 0.11478645162918377
38 a 45 0.22185112069369795
38 c 15 0.04374434971104124
38 d 7 0.09449050580289609
38 e 42 0.022671408689192818
38 f 9 0.03133054044842831
38 h 51 0.03953249603956288
38 i 7 0.0015818754059229168
38 j 68 0.011968543952947774
38 k 76 0.027908366835891818
38 o 24 0.05081424767355425
38 p 40 0.05064909271887219
38 r 34 0.010709832021596255
38 s 45 0.032414544028381065
38 t 74 2.7427641074884157e-05
38 u 34 0.001862920040849092
38 v 74 0.04902969536147472
38 w 2 0.16634678654097423
38 x 51 0.005295754120760665
38 y 1 0.01047809807848643
38 z 62 0.08883439323570119
39 c 74 0.018641775385041193
39 e 20 0.03807919261260517
39 h 2 0.0013809388549568258
39 k 59 0.02170064116716841
39 q 14 0.048569049386248286
39 r 74 0.10689352356492121
39 t 6 0.08890027466140327
39 u 47 0.31247166860303544
39 v 9 0.1947314449381229
39 x 9 0.16301300917018835
40 a 13 0.019892798438468362
40 b 8 0.08759226498923733
40 c 48 0.0018935468945168177
40 d 69 0.05515147828505751
40 e 0 0.13170732593371537
40 f 16 0.004387019163623718
40 g 2 0.0023760461702021507
40 i 26 0.18693731293328653
40 j 28 0.012727639446067363
40 k 35 0.00458496717852086
40 m 41 0.004033443228241951
40 n 59 0.056604314891023244
40 o 5 0.009964836938561983
40 p 18 0.03263822944996275
40 q 27 0.002891795929207963
40 r 56 0.0047747652994828416
40 s 59 0.03463553559549393
40 u 5 0.12609302465638605
40 v 1 0.11393931304100502
40 w 31 0.023563730465351096
40 x 62 0.013575020385039771
40 y 4 0.006852228942021421
40 z 32 0.05000883334000439
41 a 17 0.12250492263916624
41 b 39 0.03804995145887957
41 e 73 0.12559953420367598
41 g 52 0.07512395712480013
41 i 77 0.0004851521746930265
41 j 42 0.06354194150150005
41 l 46 0.011449188498520169
41 m 55 0.04374563460544456
41 n 59 0.1256494923083915
41 p 77 0.041277350331549
41 u 56 0.04637708853066658
41 w 8 0.05786294443380169
41 x 5 0.03182679782506059
41 y 9 0.043059594501595244
41 z 12 0.0716006040083712
42 a 35 0.06052781306107202
42 b 39 0.07568351633630543
42 c 23 0.07551518267253021
42 d 44 0.10674541917226255
42 f 47 0.00697384295276271
42 g 10 0.036612730184424014
42 h 60 0.019471091940101326
42 i 44 0.06163629711237195
42 j 74 0.057628964778377756
42 k 71 0.013817409968936212
42 l 36 0.07537923942499392
42 m 58 0.047795554159329234
42 o 67 0.008164962332772974
42 p 21 0.08832662684763692
42 q 45 0.03596299500761857
42 r 77 0.06427710055949842
42 s 27 0.018203109907075965
42 u 47 0.03656985678495195
42 v 32 0.0685499729873772
42 w 12 0.015481280293970001
42 x 24 0.009477920435959297
42 y 25 0.011147160698989356
42 z 5 0.005753824286456988
43 a 7 0.030352864274059477
43 b 60 0.1297717549347812
43 c 61 0.0802824001208211
43 d 30 0.022748050619653903
43 e 49 0.018984588047093798
43 f 1 0.03929938372959885
43 g 52 0.0031522357828828174
43 h 21 0.061190965420952925
43 i 76 0.02295288144477181
43 j 14 0.006775574943908569
43 k 21 0.02789604589950123
43 l 40 0.0227702974924493
43 m 10 0.11134204933072234
43 n 66 0.005935309630001773
43 o 6 0.052678898983596345
43 r 52 0.019221165638359294
43 s 23 0.0261930040065661
43 t 72 0.013196036747544326
43 u 12 0.004540250961992953
43 v 21 0.0032827989617100206
43 w 27 0.03528112408860995
43 x 61 0.00021121038731120034
43 y 24 0.07220637262469665
43 z 35 0.1193751641753441
44 a 65 0.06908851657783244
44 d 2 0.03348039843745776
44 i 72 0.3765460442851639
44 j 36 0.07917722645542291
44 p 11 0.034743446719370685
44 q 30 0.002932624994693933
44 w 33 0.056517240217759834
45 b 68 0.09139093550560928
45 c 46 0.009228115605953269
45 e 24 0.07005322418458626
45 f 56 0.05156672497299497
45 i 36 0.25037077589937284
45 j 21 0.031099743651203493
45 k 78 0.02875267679873439
45 l 64 0.012910425111054002
45 n 78 0.06922820806665642
45 o 8 0.09821833199299224
45 p 25 0.006980691444136822
45 q 11 0.005429702346558374
45 r 40 0.005670372057076767
45 t 77 0.04016576053454446
45 u 55 0.05014796876305827
45 v 17 0.01895287619764463
45 w 72 0.012583558856729349
45 x 4 0.0028364303914653055
45 y 62 0.036883594959869814
45 z 40 0.02523382279594577
46 a 58 0.007788328859492544
46 b 68 0.11250129084310356
46 d 76 0.08280172274751185
46 e 18 0.05603217514788261
46 f 43 0.0005661140764188222
46 k 24 0.1727262702255591
46 n 16 0.03948515013224352
46 p 37 0.00048587950242040545
46 q 72 0.19077861815798947
46 s 41 0.022602264398475125
46 t 71 0.009645537727402842
46 u 72 0.10222774704272308
46 v 24 0.04084455438004442
46 w 0 0.1385150949301598
46 y 51 0.0051013387773721774
47 a 31 0.011618736138427233
47 b 15 0.02039523044251601
47 d 44 0.030376863866577786
47 e 11 0.10863445005781458
47 f 2 0.06846425783363097
47 g 50 0.026682024763569512
47 h 45 0.06845228274186788
47 j 44 0.06815990469870747
47 k 18 0.0639392653855585
47 m 34 0.03651444141043558
47 n 20 0.10924291312159273
47 o 24 0.04722333383493327
47 p 38 0.04517303397450334
47 q 66 0.015147508390251918
47 r 60 0.010135028825047465
47 s 25 0.006431280854224619
47 t 68 0.030401423118377457
47 u 40 0.05591527689090814
47 v 64 0.041871004402972756
47 w 6 0.022967549231813433
47 x 39 0.06933908475083539
47 y 9 0.018210834287356703
47 z 41 0.010785966469361141
48 h 46 0.09908638755290722
48 m 77 0.06024709828762098
48 r 43 0.349074870469296
48 s 30 0.3072720085676962
48 u 70 0.11617207945549446
49 c 62 0.0634019333577579
49 d 60 0.12022007000717494
49 f 35 0.04098323190151976
49 g 35 0.12332664534607041
49 h 60 0.018954039082066942
49 j 75 0.014822372433833442
49 k 41 0.06866713809772751
49 l 29 0.08536121446299372
49 m 74 0.10835248332728564
49 o 69 0.03751978581095017
49 p 67 0.04683576574100723
49 q 42 0.05381606431602359
49 t 51 0.006307663153256038
49 w 12 0.012722997113043255
49 z 49 0.06225411068931441
50 a 4 0.06655965093250149
50 b 49 0.02691510810841402
50 c 21 0.0856207953019178
50 e 6 0.00044070037308863164
50 f 34 0.09307791785232544
50 h 4 0.02127396615687205
50 i 43 0.04191822881834739
50 j 75 0.011400285801163146
50 k 13 0.002464244720821851
50 l 61 0.022158075227508456
50 n 21 0.031983281393696106
50 o 55 0.016753683003014053
50 s 38 0.037798223985757606
50 t 37 0.22653708094773495
50 v 7 0.1032070535949331
50 w 26 0.044838695088972425
50 y 43 0.022100407566137403
51 a 59 0.14426857607936205
51 g 18 0.21481068824799066
51 j 45 0.07806530024256275
51 n 57 0.03325849041765194
51 q 62 0.009675620929923134
51 x 73 0.21659625974741759
51 y 19 0.07920820647175819
51 z 68 0.14650356312070156
52 c 25 0.12813508021113063
52 e 44 0.015763772171311197
52 f 28 0.043317351086022304
52 g 26 0.12356579589534789
52 h 5 0.007143551257979497
52 j 13 0.15010151133497485
52 l 37 0.21111961469966722
52 m 65 0.04315648028714303
52 n 64 0.026785281519720927
52 r 20 0.01510401916958981
52 s 49 0.07992258384872208
52 t 51 0.018476535739350486
52 u 71 0.03238355663936687
52 y 46 0.023062512635910304
52 z 22 0.0596060034242194
53 c 33 0.05030869867020216
53 d 26 0.007645362058384508
53 e 49 0.07283465764465669
53 f 68 0.005082081190704746
53 g 42 0.08262786744249428
53 h 64 0.02221362799422988
53 j 22 0.20601433352320075
53 l 53 0.004010284885529125
53 m 18 0.11342506537231267
53 n 68 0.013802470798665034
53 r 13 0.07221761220598011
53 t 16 0.10056418758081553
53 u 36 0.1908178106907933
53 v 44 0.004556847493981553
53 w 26 0.012053250399669535
53 y 35 0.017345662158002262
54 a 43 0.04802667715012254
54 b 13 0.043238763695296445
54 c 65 0.009822147202508624
54 f 73 0.010772003718129697
54 g 69 0.10702017454749868
54 i 70 0.10698234590428946
54 k 16 0.11404487467556235
54 n 32 0.17174201481407037
54 p 4 0.015012252994589748
54 x 72 0.1138445238604483
54 y 2 0.009220937281871344
54 z 1 0.17310018690933227
55 a 51 0.03182911148530998
55 b 1 0.09161717034478989
55 c 60 0.044496566875616206
55 d 30 0.005407109156076673
55 e 44 0.014776696908382347
55 f 20 0.000738785069824277
55 g 59 0.008074748004493482
55 h 43 0.0482733618693173
55 i 27 0.01852590576740254
55 j 24 0.015759646473500033
55 k 32 0.05934707711440801
55 l 57 0.017720757037629542
55 m 35 0.04344689823278525
55 n 51 0.02894309457572697
55 o 28 0.004468299511320439
55 p 68 0.05060399559442852
55 q 41 0.08719530670404507
55 r 75 0.038566802419387036
55 s 70 0.0022735038724041035
55 t 10 0.0908705442465686
55 u 32 0.030037294519475677
55 v 6 0.05761825166876722
55 x 14 0.09697870290249044
55 y 29 0.015731255701206925
55 z 40 0.06079411034332005
56 g 78 0.2494046651769889
56 n 46 0.558397758742993
56 v 0 0.0070844577287614285
57 a 71 0.21958944579079065
57 b 28 0.018369581724555828
57 c 78 0.15746654922812853
57 e 64 0.015287368106244537
57 f 2 0.05806541137161392
57 g 40 0.05809406945478224
57 h 28 0.15076914418772458
57 n 31 0.013132590904801567
57 p 42 0.009877858988793786
57 q 24 0.0049500754838759375
57 t 28 0.030980258617006706
57 u 69 0.09703377934033819
57 x 46 0.04661319778416473
57 z 26 0.07369200672772513
58 a 29 0.01712824402156421
58 f 64 0.02926742735014387
58 h 29 0.026891183476405733
58 k 5 0.0098349534948039
58 m 9 0.3210156570282654
58 t 53 0.08352076008446851
58 z 5 0.09585206486003828
59 b 60 0.0029970586874261684
59 c 34 0.035390470840964916
59 e 54 0.054951861292251825
59 j 6 0.1058632206345298
59 k 75 0.09158276969112833
59 l 25 0.08839325631947126
59 m 70 0.045162644672676056
59 n 63 0.10097409502855192
59 o 71 0.024493456332468577
59 p 32 0.17832920295136523
59 q 26 0.000588475143721845
59 r 33 0.0044459692797547135
59 s 4 0.017315983519497702
59 t 43 0.03366459729825122
59 v 59 0.12874096897657072
59 w 78 0.03180740926890713
59 y 44 0.012086928733438751
61 c 45 0.04746773662620207
61 d 15 0.08036761898259592
61 e 3 0.07412242392241863
61 f 16 0.015302420464078481
61 g 77 0.0427986165232459
61 i 53 0.1386663914508247
61 l 66 0.0741430189311334
61 n 65 0.14274644919804014
61 q 29 0.015309791294414565
61 r 71 0.0375520647585349
61 s 12 0.015940701525704593
61 t 34 0.08133027085022093
61 w 40 0.10118577601129708
61 x 15 0.05288515783266745
61 y 59 0.016623959302055513
61 z 24 0.03974781784411119
63 b 43 0.25839916837018995
63 u 19 0.3692373033998513
64 a 16 0.06735635560208364
64 c 38 0.018585884436978173
64 i 63 0.0650406325398557
64 l 71 0.15707572038277395
64 m 16 0.21403903088351472
64 p 57 0.0541836457707946
64 q 74 0.04356650810159979
64 s 9 0.006171554557082959
64 u 65 0.047985179454586135
64 v 10 0.010944057988921174
64 w 74 0.2153133201219245
64 x 49 0.06684715146910292
64 y 56 0.012907448486993434
65 i 34 0.43090473193270395
65 p 14 0.14001492862101117
66 a 23 0.011095108915776364
66 f 75 0.07769887277426768
66 g 19 0.056390166131555786
66 h 40 0.07996094896395578
66 n 5 0.19453684440694297
66 p 0 0.031730262639010354
66 r 50 0.09018464031516571
66 u 34 0.08496607799759359
66 y 70 0.08801814251929663
67 a 12 0.012155065098291784
67 b 25 0.037379406920970526
67 c 55 0.02762576856349852
67 d 8 0.00222209728881706
67 f 58 0.0490847704327706
67 g 48 0.01581818748295527
67 h 60 0.0015652968585132543
67 i 73 0.08640557395255066
67 j 66 0.013904881485521936
67 k 11 0.0024588082880052653
67 l 63 0.2086256627072246
67 m 28 0.07866029556718768
67 n 37 0.011323353710750994
67 o 4 0.06370447878386909
67 p 21 0.022389804574737382
67 q 2 0.04529939198818389
67 r 53 0.009599061941846787
67 s 62 0.006746736873354919
67 t 56 0.05308011357454323
67 u 38 0.01313517926975638
67 w 31 0.1042741475591018
67 x 26 0.056163493961933875
67 y 44 0.04043131658619237
67 z 73 0.027757628420525204
68 b 3 0.02243816061236259
68 d 37 0.12891850103614533
68 e 20 0.18188323428124253
68 f 13 0.0914858285219109
68 g 41 0.0028215856284149465
68 i 5 0.09199201813293101
68 j 40 0.05274312172555273
68 m 37 0.07347929817395726
68 q 51 0.15630896594940713
68 w 22 0.020785970136906085
68 y 5 0.008394911323083676
69 e 63 0.004079410483693979
69 f 5 0.0017638742372508842
69 g 52 0.051651751462093665
69 j 59 0.06321551624217081
69 k 66 0.0876678979737523
69 l 75 0.003713843193055788
69 m 29 0.08319838689468229
69 n 55 0.03477091782269981
69 p 19 0.10245613748524784
69 t 0 0.03275407739810743
69 u 59 0.09683725423737477
69 v 65 0.059876241474530745
69 w 11 0.2428768089344976
69 x 24 0.025362550574551723
69 z 38 0.055693182638152816
70 c 29 0.13425324540410077
70 e 41 0.130486678385485
70 h 48 0.07429044736368529
70 j 68 0.06760578857589761
70 q 53 0.05000775010196068
70 z 21 0.46449119044979326
71 d 18 0.020871692015268395
71 e 8 0.1252039181260448
71 f 63 0.05539648525858942
71 g 11 0.04896203802944443
71 h 72 0.000332379441052133
71 i 52 0.0007871242454605687
71 j 65 0.11905524997396688
71 n 13 0.0007134199203860936
71 q 55 0.01949470126868169
71 r 68 0.06630693541616461
71 s 75 0.04877708380226731
71 t 53 0.05836838756637075
71 u 75 0.05836381217754616
71 v 17 0.09119016806025904
71 w 7 0.16208617259522962
71 z 59 0.0751128819172292
72 b 7 0.002581178186848998
72 e 78 0.10524362558277511
72 f 13 0.006441957617268179
72 g 78 0.08570534703755561
72 h 13 0.0036966206512279998
72 i 22 0.07191618123710097
72 j 10 0.02208180916537006
72 k 51 0.04171987682521783
72 l 72 0.013204921539289982
72 m 31 0.053172440417851075
72 o 61 0.04952745312163209
72 p 54 0.04894233847798879
72 q 16 0.0176579028461471
72 s 15 0.014358668049512913
72 t 70 0.0018373660626841426
72 u 70 0.19130081282274158
72 v 55 0.12505269819391562
72 w 15 0.05154467551344544
72 x 3 0.01935653518729885
72 z 52 0.019026162023660143
73 a 5 0.3294118150969594
73 j 15 0.346079162383916
73 u 72 0.1621715663413158
74 a 73 0.012109957890993228
74 b 76 0.05440038261415037
74 c 3 0.025566571229247437
74 d 4 0.055732838984924316
74 e 27 0.06483095817061257
74 f 41 0.028420966575012252
74 g 26 0.025583042340807105
74 h 6 0.07318675288823928
74 i 34 0.02472843798126545
74 j 34 0.001103957138594125
74 k 77 0.05713871938135218
74 l 38 0.005996613764735259
74 m 29 0.1272315215101436
74 o 28 0.0077301068064263845
74 p 46 0.02966212646645605
74 q 29 0.09032286615855167
74 r 52 0.0071647725302872445
74 s 38 0.009521653801171537
74 t 28 0.033396180353333804
74 u 45 0.012573084102234122
74 v 62 0.10351935067853257
74 w 75 0.0024521537198287646
74 x 32 0.05478398042170185
74 y 29 0.01495482640712742
74 z 7 0.009862839483870567
75 a 65 0.017277446229471027
75 b 33 0.004505375963045455
75 d 66 0.04022720795510892
75 e 21 0.09345426920916089
75 f 55 0.01000562282334283
75 g 77 0.0070352756801481675
75 h 73 0.04472853186631742
75 i 5 0.11846127775918569
75 k 53 0.06720856283728571
75 l 30 0.0025635552472825784
75 n 19 0.010726915090837785
75 o 9 0.028839692765948
75 p 0 0.19365059652983463
75 q 41 0.04378098712674805
75 r 77 0.011556227204032599
75 s 16 0.00510324118389327
75 x 38 0.003597996822752858
75 y 5 0.09862716227953283
75 z 54 0.15115753461424442
76 a 50 0.17543165565541607
76 c 8 0.09246040075615891
76 e 10 0.11202943445069846
76 h 5 0.14469276472480874
76 i 77 0.07326639736299845
76 j 42 0.04321819734493659
76 m 47 0.06642198563906598
76 p 66 0.05802732662525767
76 t 11 0.08593189006526236
76 x 70 0.06344180508962016
76 z 4 0.004881742253622923
77 a 2 0.006700775637390799
77 b 26 0.09681305250233363
77 c 41 0.03523963615416592
77 d 31 0.026528828030774054
77 e 27 0.0004989945401371321
77 f 50 0.07099456594794162
77 g 13 0.020704971400824723
77 h 51 0.013495476428297182
77 i 30 0.006824341604529716
77 j 38 0.011038525234453589
77 k 2 0.006205776135866592
77 l 62 0.0007198710485682991
77 m 61 0.059847644420917945
77 o 12 0.01206298299062969
77 p 70 0.004500010352762929
77 q 65 0.019552201198343555
77 r 54 0.07364606847101574
77 s 23 0.006551535668151365
77 t 51 0.057519088977487254
77 u 23 0.026619745908027515
77 v 33 0.042698647339490914
77 w 38 0.1448339839710181
77 x 62 0.023860988060503296
77 y 56 0.05997261997659964
77 z 50 0.0035084302323515892
78 b 65 0.001779434692840809
78 g 9 0.07558081240289605
78 h 24 0.21392037358440663
78 j 64 0.33114187696606845
78 k 64 0.027690701348318636
78 l 1 0.08798014527668485
78 m 65 0.0026079130185963084
78 n 51 0.19151660635364198
78 p 7 0.01322272431307947
78 q 10 0.022984579750208844
78 s 55 0.0020455044291414204
78 t 55 0.015014229680689106
78 w 0 0.008444592093166059
78 y 5 0.0019999945937307917
