58 26 752
0 0.008721523218383376
0 0.10713057408069793
0 0.028144172203885542
0 0.02519032433435464
0 0.08206189049729162
0 0.02229836509719274
0 0.08981662954860326
0 0.01616627568342377
0 1.0
0 0.4433033529982481
0 0.0027462402349247572
0 0.6502361317270792
0 0.04606725183671945
0 0.132489588549753
0 0.02187582552113465
0 0.01971904741137287
0 0.0009647949234143915
0 0.027815316301160853
0 1.0
0 0.06959467576234613
0 0.14200292418156923
0 0.029205744403095868
0 0.18029187321210516
0 1.0
0 0.15038616294438212
0 0.07596954503374176
0 0.08720875317549137
0 0.03622959682135807
0 0.018717664227180575
0 0.002131909835449197
0 0.07058389200789028
0 0.013930950216039406
0 0.049236537985570816
0 0.10098619472314374
0 0.06480505140398118
0 0.06990867403303136
0 0.03765256003800932
0 0.052510178695371
0 0.1127962884669127
0 0.0391521688405253
0 0.11876942250577949
0 0.03978464581261132
0 0.032941739373188894
0 0.10342451519061135
0 0.03162538717230812
0 0.0936903252725112
0 0.009282959279726333
0 0.0459150694080277
0 0.0021377310013596107
0 0.07992170310330682
0 0.09526799983507794
0 0.07806045221390867
0 0.11754886479609028
0 0.14484435640479998
0 1.0
0 0.15610080390550252
0 0.09294978037728097
1 0.21230469548471043
0 a 3 0.23756868133700415
0 d 37 0.10529338265271748
0 e 3 0.0785765382175675
0 f 39 0.09007533698298109
0 h 16 0.005712845661792643
0 i 37 0.030018263502166964
0 j 20 0.026440537803431474
0 k 21 0.02398383956510408
0 l 47 0.0714481164276729
0 m 0 0.00758361794621587
0 n 41 0.06707898303160609
0 o 32 0.026743987360264843
0 p 45 0.0011110380625536376
0 q 2 0.0880597192502045
0 r 11 0.04708072096347238
0 t 48 0.0016606876722119468
0 u 20 0.02246048670097489
0 v 22 0.025436587642236663
0 w 9 0.031240167479482217
0 x 28 0.0037049385219553033
1 a 23 0.00832125450549448
1 e 47 0.030379546036427563
1 f 3 0.0018842195460316846
1 h 51 0.005257958302700927
1 j 52 0.023991614107850223
1 k 27 0.0013375451942564398
1 l 34 0.05931306860031782
1 m 12 0.029346612133377192
1 n 7 0.03599457610032675
1 p 29 0.041915897763359355
1 q 54 0.09652492659828571
1 s 2 0.1307949924079964
1 t 6 0.154995395499822
1 u 33 0.012388092688246033
1 v 7 0.04515040689487504
1 w 41 0.10815577288628808
1 x 10 0.04094584705062354
1 y 31 0.0065397010973832215
1 z 14 0.059631998505639605
2 l 2 0.9718558277961145
3 b 40 0.06556743402346765
3 c 51 0.06391901299066449
3 d 19 0.01932741234917179
3 e 26 0.0015703733282911303
3 f 14 0.032127692278515974
3 g 42 0.05317066599108922
3 j 20 0.030203458513897385
3 k 52 0.09659319803578881
3 l 35 0.03774551866821896
3 m 11 0.01680817111964794
3 n 54 0.038829806387549404
3 o 24 0.03374943448623191
3 q 51 0.05616843818472772
3 r 23 0.031220387427395968
3 s 16 0.07837082766250658
3 t 41 0.07849965366486367
3 u 18 0.05179965139227205
3 v 34 0.031636529010877656
3 w 24 0.008001758907032697
3 x 56 0.1322684155633509
3 z 30 0.017231835680083463
4 b 49 0.17803888475731178
4 e 20 0.017478795209405762
4 g 2 0.1047667831166551
4 h 25 0.008504708339901579
4 j 11 0.33364701149269926
4 k 46 0.05537987728390126
4 p 28 0.1333346186234199
4 r 29 0.005455534945506324
4 t 39 0.007891941770365674
4 u 4 0.04381318006270751
4 v 24 0.029626773900834236
5 d 4 0.08650401116127016
5 e 45 0.14038269773583933
5 f 3 0.3047308037225014
5 j 41 0.017717492942663116
5 n 43 0.021498537059079892
5 t 43 0.00036232507371158906
5 v 49 0.391579988954018
5 w 25 0.014925778253723765
6 c 1 0.09825462414848929
6 e 51 0.1587667915898665
6 f 36 0.04379636946840537
6 j 32 0.2817143092048421
6 k 21 0.004305569708653256
6 l 41 0.06828840224263788
6 m 2 0.01925546710782422
6 q 27 0.05363944238410301
6 r 57 0.029038064132806518
6 u 1 0.1531243304637686
7 a 54 0.02371876531356487
7 b 26 0.03287540614691542
7 c 53 0.02873570086468835
7 d 4 0.01596185749315393
7 e 45 0.11503302136254634
7 f 27 0.016635819084478087
7 g 1 0.0022070971595375966
7 h 21 0.009053810540299523
7 i 25 0.04224463360628217
7 j 5 0.006088742326742946
7 k 5 0.010691267344130617
7 l 47 0.07390470985254738
7 m 3 0.05379233773323411
7 n 7 0.020147162121759044
7 o 31 0.03493572313048554
7 p 47 0.06800519775395997
7 q 36 0.031389724771576644
7 r 54 0.08555164549957184
7 s 13 0.040861800229937684
7 t 13 0.1015021571197301
7 v 54 0.06620708967223154
7 w 49 0.03304265521237926
7 x 23 0.05820418706221264
7 y 19 0.0005714108642287385
7 z 5 0.012471802050381897
9 x 36 0.16332343540505656
9 z 23 0.39337321159669536
10 a 50 0.1523924252218548
10 b 26 0.04431260235598822
10 c 56 0.09631868440738944
10 d 33 0.11409872163381152
10 f 6 0.006244964840203093
10 g 25 0.041217760316814456
10 h 13 0.14602752593416868
10 l 48 0.03522862888780143
10 m 7 0.023424175373371825
10 n 13 0.011439771129963305
10 o 39 0.019509404062319824
10 p 43 0.03520894892694648
10 r 31 0.2189532552678075
10 t 28 0.05228133153035186
10 z 10 0.0005955598762827918
11 b 13 0.15709996650006441
11 s 57 0.09456672462058646
11 z 56 0.09809717715226995
12 a 20 0.08549430673391156
12 e 41 0.48660527048127733
12 g 52 0.2727590293757344
12 t 25 0.10907414157235729
13 a 43 0.2350836018206972
13 e 21 0.3296452415974729
13 j 17 0.1639610327172526
13 l 53 0.04127337777164031
13 p 41 0.097547157543184
14 b 32 0.044440957552880356
14 f 37 0.039493092490000326
14 h 41 0.04302022770529068
14 i 30 0.03810260055037662
14 j 14 0.1110029040333933
14 l 56 0.09187297011035633
14 n 47 0.11201704819933578
14 p 34 0.02789823528155111
14 q 10 0.11876085308031503
14 r 38 0.11943855462893016
14 t 47 0.008620905277358482
14 v 1 0.028304638698662177
14 x 14 0.054745637045951256
14 y 21 0.14040554982446374
15 a 15 0.013112636451577342
15 b 56 0.1180974986259744
15 c 54 0.009597631547728191
15 d 37 0.01941033702635675
15 e 48 0.007746427750124796
15 f 25 0.046255506127324764
15 g 36 0.002827139317241101
15 h 28 0.0053564767980908146
15 i 6 0.06036140385880728
15 j 6 0.09952114529837597
15 m 55 0.054202991362202524
15 n 15 0.08037887451441073
15 o 9 0.04240479374489792
15 p 5 0.0008531886810845268
15 q 2 7.279425182149524e-05
15 s 37 0.13833681907618356
15 t 17 0.046612721340915764
15 u 2 0.1250153431418527
15 v 2 0.016920832411865927
15 y 0 0.06601949158426912
15 z 31 0.02717689967752146
16 a 16 0.07652826241066768
16 b 8 0.1453559245549667
16 c 28 0.07509875263250942
16 d 33 0.0027170938260681066
16 e 3 0.00038043776324236944
16 i 41 0.023940444750782497
16 j 17 0.18743203736176928
16 k 28 0.008309329803027343
16 l 13 0.09712734672637036
16 m 40 0.023434336638571862
16 n 33 0.0322987450888248
16 o 28 0.06505185146837389
16 q 27 0.02125882519980138
16 r 16 0.05373358400032047
16 s 19 0.03850316296591538
16 t 11 0.0011909150445889027
16 u 55 0.022512952537532716
16 v 42 0.0008781709268850246
16 w 13 0.009942529926529553
16 x 36 0.01707032534622377
16 y 45 0.029255899252339845
16 z 45 0.06701427685127426
17 a 50 0.11644899377519347
17 b 35 0.09100648430046399
17 d 45 0.06264243201491382
17 g 49 0.04151347468017175
17 j 11 0.15059911974988205
17 p 46 0.018226993018856996
17 r 15 0.007173354890128492
17 s 16 0.051744183718431036
17 t 13 0.19002189601906505
17 u 6 0.19143770751873168
17 w 44 0.002628534570989105
17 z 14 0.04874150944201172
19 a 31 0.036494861814105994
19 b 19 0.1515129290567777
19 c 51 0.09541156545381169
19 d 17 0.011925140936107081
19 e 55 0.02101312061969063
19 f 35 0.004877226686182401
19 g 40 0.01172435509384906
19 h 25 0.03263796005195174
19 i 47 0.06091907244455852
19 j 10 0.0168736474229102
19 k 24 0.0005314922447846593
19 l 46 0.04278258469300389
19 m 37 0.008741181299250167
19 n 7 0.01889103635537459
19 o 53 0.0021245953327861944
19 p 19 0.01298155246087529
19 q 26 0.010232457801967465
19 r 8 0.06805515099978188
19 s 25 0.027349144335720887
19 t 50 0.01779950102989425
19 u 48 0.07012415368809921
19 v 4 0.01238582462382598
19 w 49 0.039017331781535214
19 x 47 0.11331277994938893
19 y 32 0.008352772480268777
19 z 20 0.03433388558115147
20 a 4 0.2975420258636978
20 b 16 0.02747156076029844
20 j 18 0.032059138226692596
20 k 27 0.020806390421947984
20 l 23 0.12568142600293253
20 p 4 0.047478238012897855
20 q 10 0.004270470171811036
20 r 21 0.02101982097323918
20 t 15 0.02876002942083844
20 u 27 0.1006007046389471
20 y 11 0.15230727132512778
21 a 35 0.029964875042750472
21 b 56 0.03805973927681472
21 c 51 0.016344410467108106
21 d 1 0.06168944776403107
21 e 55 0.053851553085600634
21 f 20 0.09886374746253257
21 g 52 0.021858119976132184
21 h 34 0.019627265461018895
21 i 46 0.01402740224627963
21 j 12 0.11951681599851016
21 k 46 0.007101715088774663
21 l 50 0.16119391327307808
21 m 0 0.019863025556216996
21 o 56 0.05435082702691796
21 p 54 0.0028858728580242188
21 q 37 0.0022775055865194016
21 r 41 0.06495343980202661
21 s 52 0.0011690282230754079
21 u 16 0.06480655835196714
21 v 31 0.02995431422954642
21 w 13 0.0008410076088209983
21 y 7 0.01554461176627342
21 z 19 0.07204905944488438
22 a 8 0.01681731219502125
22 b 28 0.000631768848510128
22 c 21 0.007309028566729769
22 e 42 0.038882227689764126
22 f 14 0.026008006448119514
22 g 9 0.05398786418717105
22 h 2 0.011572646764021144
22 j 38 0.07992103987316546
22 l 11 0.02713316361398832
22 n 15 0.0777057995692858
22 o 20 0.09693375402571591
22 p 15 0.025338328065065086
22 r 19 0.012171941645916506
22 s 34 0.05668415602907517
22 t 54 0.07566825147786937
22 u 32 0.02064335123882166
22 w 27 0.05014528058019707
22 y 11 0.10686101543390514
22 z 30 0.035293190535552355
24 a 9 0.04139922894056425
24 b 7 0.037334670560801975
24 d 43 0.01573534015588296
24 f 42 0.06981861755368157
24 h 47 0.10553318021495006
24 j 14 0.023228725989536625
24 k 32 0.07244655715319837
24 l 0 0.008950743374227299
24 m 53 0.08007382536362173
24 o 43 0.01900876575892496
24 q 33 0.04139681232513592
24 r 12 0.10486968904558547
24 t 56 0.03456414242056216
24 v 23 0.0768796770004333
24 w 37 0.007773273323401386
24 y 2 0.0709227252918403
24 z 9 0.03967786258326955
25 b 45 0.08907330183741324
25 f 36 0.2209222751900053
25 j 2 0.10448902010369387
25 o 27 0.1419639749158922
25 t 30 0.36758188291925364
26 a 26 0.1887692670862655
26 g 39 0.03238512716168618
26 h 1 0.1338562457854916
26 i 2 0.13175011318831964
26 m 16 0.10984233828566714
26 o 40 0.048264611038133065
26 r 26 0.10015961950786756
26 u 46 0.014094034403227651
26 v 50 0.004469066716451864
26 x 54 0.03502243456830245
26 y 27 0.11417838908309597
27 a 21 0.02954054858840749
27 b 18 0.0030152931943037142
27 e 38 0.12055862154366903
27 m 29 0.005583799018381241
27 n 47 0.0027757610344907313
27 o 48 0.0677718292517071
27 p 48 0.043431807674786826
27 s 51 0.06591944126129767
27 u 26 0.277356226009544
27 w 1 0.15368311659895506
27 x 41 0.06605912566775252
27 y 39 0.12807483333534653
28 a 33 0.009395370235940614
28 b 10 0.0030558026426501517
28 c 49 0.022079367155691698
28 d 13 0.007696896263836406
28 e 12 0.04896167041754762
28 f 10 0.11104066529100942
28 g 22 0.018566522939289953
28 h 53 0.019059205817149927
28 i 4 0.015851305725922193
28 j 34 0.013563306948825016
28 k 3 0.005299635090877719
28 l 7 0.041616612509782436
28 m 36 0.06231605913870786
28 n 7 0.0017873695892729469
28 o 57 0.07798637426344868
28 p 26 0.10618772357861184
28 q 43 0.0035673016043614725
28 r 12 0.07841015532810514
28 s 6 0.05834940637052011
28 t 30 0.03040696597422321
28 u 56 0.027235499033970934
28 v 56 0.015937039479246518
28 w 24 0.051077436606190574
28 x 15 0.04756808110777011
28 y 29 0.049153908592834084
28 z 18 0.05511265406703281
29 a 38 0.10426362131046307
29 c 51 0.023112468136130104
29 g 1 0.04517357786987963
29 i 24 0.19147783832950727
29 j 51 0.09403802524234439
29 s 51 0.03770420042610945
29 t 5 0.12466467764532507
29 v 51 0.007807325788939945
29 x 3 0.2636384366229042
29 z 53 0.10598791879294767
30 c 40 0.08914211049052301
30 f 28 0.10219194787879216
30 g 41 0.015015668930634551
30 j 5 0.010990519398696108
30 l 35 0.16654500195277244
30 m 38 0.11663749009249402
30 r 42 0.006838894515696081
30 t 22 0.2519371931686022
30 x 43 0.06609704850732956
30 y 15 0.0030301408303363697
30 z 1 0.10099009222623323
31 d 28 0.11665285242529211
31 f 23 0.0065720813947012235
31 g 10 0.12556155691457183
31 h 3 0.5353849938832681
31 k 50 0.06811524495864707
31 q 31 0.1168836156504246
31 x 35 0.016898704557055666
32 a 27 0.21187532341870818
32 b 42 0.07045850577106105
32 c 7 0.1088406643237072
32 d 33 0.0387430549884904
32 e 47 0.023439358394932164
32 f 20 0.022274297727826298
32 g 34 0.03747780283265212
32 h 37 0.0252805929663259
32 j 6 0.051840256097436144
32 l 38 0.05398253102786854
32 m 55 0.001399924001828201
32 n 28 0.01480057856886996
32 o 39 0.055661449580712175
32 q 46 0.007392499668328445
32 r 1 0.016590032125713083
32 u 7 0.08352331726364526
32 v 34 0.012093604971092353
32 w 36 0.0002159891983569695
32 x 19 0.0640262310465266
32 y 50 0.04307566527977502
32 z 34 0.007771782760573109
33 c 19 0.034326389775316324
33 d 33 0.06611305985000382
33 f 13 0.06797894129998616
33 g 20 0.014549765462324782
33 k 0 0.015785230370080283
33 l 21 0.001398667627698691
33 m 13 0.20922335949589232
33 o 43 0.04351609667898204
33 p 13 0.022157024841288453
33 q 12 0.03858791553302843
33 r 11 0.033977962684576535
33 t 52 0.04465561903490034
33 u 35 0.2143656321658869
33 x 43 0.04317264258882081
33 y 53 0.02569708703515705
33 z 17 0.02350841083291333
34 b 47 0.008816606324951182
34 c 17 0.06310912459134554
34 d 55 0.025813593505393806
34 f 24 0.08162926547640159
34 g 27 0.0029919237768847307
34 i 54 0.0017250211699683105
34 j 5 0.2164913296680896
34 l 47 0.09603567887480591
34 m 19 0.1007084340283918
34 n 55 0.029427563433487403
34 o 44 0.012523238365742317
34 q 46 0.006908804383463529
34 r 21 0.10243759269173336
34 u 49 0.009231767284884396
34 w 45 0.07462846867119244
34 x 0 0.03143311553071326
34 y 45 0.07128342081856964
35 e 40 0.10410987323028431
35 f 51 0.00574354488847495
35 g 22 0.2568276365071628
35 k 9 0.11275558223716131
35 l 53 0.07701997156465101
35 v 45 0.36704930259775814
35 x 46 0.006585414941476131
36 f 5 0.03902308981736624
36 i 44 0.2991284934727676
36 l 29 0.05524655678790136
36 p 56 0.16067952228610405
36 q 46 0.21724198951237572
36 s 33 0.03632396323026932
36 t 0 0.01656504708879436
36 x 3 0.13813877776641204
37 a 2 0.016676451684647264
37 b 49 0.09119065833511497
37 c 41 0.05222074436353996
37 d 37 0.00955256655822967
37 e 30 0.023442385581112335
37 f 40 0.10853843580768874
37 g 54 0.030252143047099445
37 h 28 0.048706829390564144
37 k 13 0.00820650251701538
37 l 42 0.041932107169900146
37 n 48 0.0014713961312748935
37 o 21 0.07323132760267981
37 p 44 0.08998357939545332
37 q 37 0.03218850745345969
37 r 24 0.04652831500285426
37 s 15 0.07820939627444268
37 t 51 0.015767156931583037
37 v 55 0.0902868531800477
37 w 24 0.05846982429519798
37 y 42 0.030634640582723582
38 b 42 0.03863521686934024
38 c 37 0.1473167741848005
38 d 13 0.04596542146349236
38 e 22 0.02873087676392505
38 f 51 0.015225548026634894
38 g 17 0.0029897701034663493
38 h 13 0.007038721582281804
38 i 34 0.06497117923178508
38 j 21 0.0029886076573957254
38 l 6 0.01650624934862599
38 n 39 0.17585803810140765
38 o 5 0.05608727542934211
38 p 22 0.002534284640833495
38 q 4 0.01654407398833946
38 r 35 0.026003226024794213
38 s 47 0.031376064638732215
38 t 9 0.006978596675660698
38 u 3 0.01190420019602545
38 w 56 0.07896212900872224
38 x 42 0.07821907176572351
38 y 39 0.02630087655769231
38 z 25 0.006067509274065963
39 b 26 0.17874063968883136
39 d 54 0.020996796916578964
39 e 7 0.054614809393246144
39 i 34 0.02762603558525578
39 k 30 0.027515025545232996
39 m 23 0.035746555782903866
39 n 28 0.08848479804033138
39 o 25 0.054493246534752404
39 q 52 0.06898359937177856
39 r 30 0.019016934091599103
39 s 56 0.10429029713903193
39 t 19 0.019778025043659664
39 v 1 0.05803088715065774
39 w 8 0.04316400821441013
39 x 32 0.021690892317326127
39 z 10 0.13767528034387855
40 b 28 0.0031579616915360376
40 d 41 0.03935394402579484
40 e 22 0.018383956853656236
40 j 34 0.2678000004407938
40 m 16 0.04486854983520949
40 n 2 0.008099409850567785
40 o 54 0.02857941976226741
40 s 13 0.22385398996135097
40 u 0 0.0660787865101633
40 w 30 0.013119470559548874
40 y 51 0.1652970062632787
40 z 8 0.0026380817400530887
41 a 4 0.18185844111658267
41 b 8 0.03383125997039349
41 e 4 0.052996618701629306
41 i 34 0.19558266887825038
41 k 45 0.08436823912104296
41 r 53 0.1731838018631089
41 s 43 0.09424258872126157
41 y 26 0.14415173581511942
42 a 46 0.003836830429000626
42 b 23 0.024740221020304376
42 c 25 0.07826606328850205
42 d 0 0.0026630335315269704
42 e 24 0.009159852934213508
42 f 19 0.10259918463128537
42 g 46 0.02569883286855179
42 h 37 0.018118138442901
42 i 40 0.010046886304338587
42 j 24 0.012626853753844314
42 k 22 0.01388539679809897
42 l 41 0.03101267704067079
42 m 45 0.07164115147920724
42 n 34 0.002817815948144342
42 o 53 0.13307906311052298
42 p 50 0.12147819917969105
42 q 35 0.04514627453068232
42 r 28 0.04860035410093022
42 s 47 0.0007939766131381809
42 t 15 0.02530668851199691
42 u 16 0.024470675989936574
42 v 45 0.03634110670233226
42 w 38 0.04103654975529414
42 x 45 0.008348546435714699
42 y 20 0.029337559865700524
42 z 8 0.04600632736028132
43 b 42 0.2233114407039961
43 h 8 0.49140194291711137
43 r 32 0.09081390430572156
43 z 10 0.0910481968825596
44 a 35 0.009732485754166076
44 b 20 0.011019967591408664
44 c 1 0.02194944286755851
44 e 42 0.05750661084225095
44 f 17 0.03324620323635641
44 g 4 0.004826425575783944
44 h 39 0.05429463723965411
44 i 34 0.05021589722556086
44 j 0 0.08360251947204422
44 k 8 0.010985083790462036
44 l 42 0.07070107401940695
44 m 22 0.019805639276564535
44 n 41 0.05804326416970129
44 p 46 0.009562743465066581
44 q 23 0.031579674850410244
44 r 45 0.05211076693913219
44 t 44 0.039945475790510665
44 u 39 0.16517336253760784
44 w 52 0.0820818655089729
44 x 27 0.03417607607880779
44 y 33 0.06701871053643782
44 z 16 0.0007966860598273007
45 a 45 0.05380436164938052
45 b 31 0.05070077482242752
45 d 42 0.101114372613203
45 e 48 0.010435524906650007
45 f 38 0.004968159744829559
45 g 5 0.1317307538681185
45 k 16 0.007870808571686982
45 m 14 0.04260465800810331
45 n 49 0.03890161213062637
45 o 3 0.033791710271463216
45 p 17 0.047032555443669466
45 q 13 0.037708502660221965
45 r 38 0.084612108704047
45 s 48 0.12612197384149093
45 t 32 0.0053857198007407625
45 u 48 0.018030312408440108
45 w 18 0.032254343787130324
45 y 7 0.04646596737937625
45 z 12 0.03277545411588301
46 c 20 0.11614530322093553
46 d 12 0.07213042690567995
46 e 52 0.06255837392649433
46 g 17 0.0027224325447290365
46 i 18 0.026625709023762156
46 l 8 0.026977245385405246
46 m 20 0.1281665030842123
46 p 50 0.0516826390310563
46 q 38 0.03681864456873074
46 r 5 0.14295182700314035
46 t 35 0.05962442999775952
46 u 47 0.07882772869788468
46 v 50 0.09139218891810674
46 x 28 0.0072249655743577
46 y 7 0.0868686228380191
47 a 51 0.00036945515345432334
47 b 35 0.01668596778080933
47 c 14 0.003272387543522992
47 d 32 0.002108347853160497
47 e 16 0.05628905962542419
47 f 7 0.014323158910300116
47 g 52 0.07115147878795713
47 h 3 0.007890571779241351
47 i 27 0.018788687983325225
47 j 38 0.005369574488028772
47 k 34 0.06629768534705682
47 l 49 0.08416080259203562
47 m 13 0.03141008917912036
47 n 50 0.014480520227198368
47 o 29 0.0863369085735709
47 p 29 0.006621313907596238
47 q 30 0.0023360375013479207
47 r 20 0.021878953925899336
47 s 55 0.0006529522199590909
47 t 28 0.045564988200138656
47 u 28 0.18393352629182547
47 w 47 0.06533119063441528
47 x 3 0.08025473634477931
47 y 32 0.04397558282272385
47 z 42 0.024600952919081154
48 c 26 0.01449101697590649
48 i 18 0.03666524231716006
48 j 50 0.36724123659736907
48 n 33 0.03196694615313167
48 r 15 0.08005983459714838
48 s 0 0.08563792195813613
48 u 18 0.06965225479790527
48 v 50 0.3121478156018833
49 f 57 0.17214674141923259
49 g 23 0.02484834250297252
49 h 49 0.3429447530011198
49 k 54 0.052517202062580925
49 o 32 0.0020419605310324496
49 q 28 0.03357830869827272
49 x 51 0.29200098868148217
50 b 38 0.056888423190539994
50 c 42 0.046345466924305745
50 e 53 0.1270793002214161
50 f 25 0.045183068888549394
50 g 20 0.06177695038798525
50 j 39 0.04200950187446839
50 k 32 0.008175872781634563
50 m 20 0.0180906103134455
50 n 46 0.04854543051977489
50 q 10 0.10802899494322105
50 r 33 0.04907403495539897
50 w 57 0.2014457021393926
50 y 27 0.09208864302478958
51 h 22 0.4935137059715964
51 y 16 0.12337999447538528
51 z 43 0.30504584733910967
52 b 35 0.0362168923553966
52 g 3 0.054763749292475294
52 h 3 0.25946686356559023
52 i 48 0.019647346349610073
52 j 30 0.004855163604980395
52 l 46 0.0615444548543681
52 n 30 0.0573163850017534
52 p 47 0.06279709299862068
52 q 24 0.09563056554521754
52 u 31 0.21581315889619268
52 z 22 0.014399462739704716
53 a 55 0.2728656048121618
53 b 16 0.009785392846323071
53 d 14 0.1719885599135218
53 g 13 0.019260031432167035
53 i 3 0.08288281093635064
53 k 44 0.1478782691498366
53 m 43 0.024134256926705455
53 n 19 0.03467776016891477
53 r 34 0.020777714263311875
53 s 17 0.01922504074630693
53 u 34 0.0373430664054224
53 x 35 0.01433713599417763
55 a 46 0.04135783666312487
55 b 55 0.0612693822074416
55 c 36 0.0011361938282539175
55 d 26 0.05825965434319402
55 e 9 0.01795829076956268
55 g 11 0.016261875520570568
55 h 56 0.07003847396721652
55 i 5 0.04050297319101037
55 j 28 0.018109703851758585
55 k 6 0.012323388952865999
55 l 31 0.0006452710319216903
55 n 57 0.09186954720176521
55 o 34 0.026781000259787024
55 p 46 0.004640434603000454
55 q 53 0.04208800744286745
55 r 28 0.04010905094871753
55 s 17 0.07501227106801378
55 t 4 0.03165023277775836
55 u 15 0.014712919817686188
55 v 50 0.13675064840738171
55 y 35 0.04242203924059895
56 e 43 0.111803304379132
56 f 37 0.018435554366297957
56 g 53 0.11180204340410926
56 k 35 0.08079739168063149
56 m 9 0.012998415106532657
56 p 46 0.10837418243195673
56 q 55 0.007828635011965845
56 r 31 0.0952130980720739
56 s 1 0.03680009358837788
56 t 28 0.10330412392209254
56 v 24 0.07504748768354941
56 w 52 0.01718857566690446
56 x 12 0.08071240056130269
56 y 21 0.046744913747792216
57 c 46 0.03814709316541387
57 d 50 0.032712935348855554
57 f 26 0.014993608516577717
57 h 17 0.011574126105795557
57 i 21 0.023871888893710835
57 j 28 0.06299287525713226
57 k 37 0.032596817788903554
57 o 53 0.1320442059853406
57 s 49 0.01183689890133277
57 t 55 0.029183643919227675
57 w 13 0.08886688925544073
57 x 32 0.07785120235340537
57 y 0 0.0055719900934644295
57 z 37 0.22545112893068864
