16 26 192
0 0.0076062227624156264
0 0.15118846004381548
0 0.09828220778459795
0 0.060143582916717064
0 0.7893843229889499
0 0.05833446008072485
0 0.21655998751928618
0 0.06121136936173577
0 0.03405501939069866
0 0.11927182381551071
0 0.02089749812013164
0 0.04165235238240261
0 0.14012083420609756
0 0.007323751520244115
0 0.4553884248356027
1 0.07154692955041753
0 a 15 0.013896092179547792
0 b 1 0.0014861614245283983
0 c 5 0.012221962893952498
0 d 6 0.08635906549048089
0 e 7 0.09731214195413829
0 f 12 0.06368400158285459
0 h 1 0.017425307089583675
0 i 0 0.043951248554415345
0 k 13 0.0062281643588687485
0 l 11 0.05700573293445266
0 m 1 0.01163808727301252
0 o 0 0.04049648994793109
0 p 15 0.08133610825022208
0 q 9 0.02565408662069879
0 s 1 0.15875486443019304
0 t 13 0.00934672089723565
0 u 5 0.11586541061442379
0 v 11 0.04074915036701121
0 w 2 0.003544516889478211
0 x 8 0.05127629308667614
0 z 12 0.05416217039787896
1 a 8 0.01264586799902001
1 b 7 0.11968923461607006
1 d 1 0.11918470165026973
1 f 13 0.009396718477839738
1 g 11 0.010027844075519488
1 h 13 0.011664907737242936
1 i 7 0.004237519012396218
1 j 15 0.007540101559256218
1 k 4 0.006517572316339093
1 l 12 0.051825208190454886
1 n 6 0.03853113630754468
1 p 1 0.015890329626793265
1 r 11 0.026079887058351403
1 s 15 0.006731391815006815
1 u 1 0.14448460674459995
1 v 7 0.23401711046018725
1 x 7 0.019058494499709422
1 y 7 0.01128890780958336
2 j 5 0.1374014483378656
2 m 11 0.17357679438471318
2 o 9 0.09409204064763288
2 s 11 0.14242153293699822
2 t 12 0.005835585719520364
2 v 5 0.28328832793525904
2 x 2 0.06510206225341275
3 b 15 0.05464533153807216
3 c 13 0.05872873879142371
3 d 11 0.02084037230254676
3 e 4 0.06067159409035483
3 f 7 0.018847315854454205
3 g 2 0.027909892178686224
3 h 9 0.08001272613089327
3 i 10 0.03464607815551335
3 j 4 0.008380063866479381
3 k 13 0.16939931641127526
3 l 6 0.07842594576168394
3 n 8 0.003629798674975593
3 o 14 0.0035356131611797847
3 p 8 0.07754304075783525
3 q 6 0.03940731406082376
3 r 5 0.070893474538962
3 s 4 0.0016863336669465934
3 t 13 0.0023646444094107544
3 u 9 0.05894255688974337
3 v 12 0.006908231502699258
3 w 8 0.05035543459393521
3 x 7 0.009142640768141752
3 z 2 0.0029399589772465262
4 x 11 0.2106156770110501
5 e 11 0.019949512315645013
5 f 6 0.26990759566170863
5 z 0 0.6518084319419215
6 i 8 0.4128931559058091
6 n 2 0.1313203523976587
6 u 4 0.19049941553738103
6 y 2 0.04872708863986497
7 j 10 0.5135979125862087
7 q 2 0.09652940737035653
7 r 7 0.022706919611753862
7 t 2 0.2133753742051463
7 x 15 0.09257901686479886
8 b 11 0.021864882052402113
8 c 3 0.3883838130600634
8 d 10 0.05170256347580526
8 h 8 0.31502958649407253
8 r 1 0.09008575726249668
8 u 11 0.09887837826446133
9 a 14 0.05147246653243165
9 b 9 0.029208683817511183
9 c 6 0.02384146299754919
9 d 13 0.043710856919004115
9 e 8 0.02990286919926921
9 g 15 0.04530983085817886
9 i 10 0.030851638046777596
9 k 10 0.02745508530700924
9 m 5 0.018861196153590498
9 o 10 0.05586718146986369
9 p 11 0.03485282333821205
9 s 6 0.016683508933718394
9 t 4 0.19266097748190103
9 u 5 0.022533806252554744
9 v 1 0.05009652776563156
9 w 9 0.08184677198595769
9 x 9 0.07479994570317927
9 y 10 0.007444444030277331
9 z 1 0.04332809939187199
10 a 2 0.08222204439670278
10 b 10 0.08101222774659467
10 c 7 0.022125549175916137
10 d 2 0.09852099300191153
10 f 13 0.1064373432443646
10 g 10 0.09957255739594317
10 h 9 0.1170359689796805
10 i 11 0.04409240099660783
10 k 3 0.09766183639493686
10 n 5 0.008055357650145423
10 p 3 0.00043538196800418927
10 t 4 0.010915530429626341
10 v 0 0.03963098382605579
10 w 4 0.01975473589118759
10 x 6 0.007618049403151583
10 y 5 0.008112692933241794
10 z 4 0.13589884844579758
11 a 14 0.04044346494010942
11 b 14 0.07086134312903147
11 c 1 0.016903867945627593
11 d 14 0.12315177595257532
11 e 4 0.016909303322059088
11 f 7 0.029194464341818493
11 g 13 0.08719146378335774
11 i 1 0.049021545062425176
11 j 13 0.018696408838486
11 k 5 0.04374010287383345
11 l 12 0.07766834466462791
11 n 9 0.019350562908446833
11 o 4 0.06443591261123038
11 p 9 0.013339898888902302
11 q 5 0.06417558691390735
11 r 5 0.0015684833608087256
11 s 8 0.04563429224096205
11 t 3 0.045083100478711335
11 u 0 0.0340511526709093
11 w 10 0.023475271468203274
11 x 13 0.07082275889169753
11 y 10 0.0026285423298666455
12 a 3 0.06322147507300291
12 b 13 0.13914432299907298
12 c 9 0.04723426841083589
12 f 2 0.017510548862493924
12 h 0 0.046276969888238595
12 k 6 0.10568417051918733
12 l 2 0.038166003040866925
12 o 14 0.011033658256840773
12 p 8 0.13717369853759198
12 q 9 0.05979292578765161
12 s 5 0.06296202540326912
12 t 0 0.04026727901583904
12 v 10 0.012156264867445254
12 w 7 0.002657861221245228
12 x 4 0.054509204021303215
12 y 4 0.02208848988901768
13 a 3 0.028951052604873517
13 b 1 0.0952115197198885
13 c 10 0.020195475490113024
13 e 10 0.16403469323831832
13 f 8 0.029016342005908302
13 g 10 0.044963488770023985
13 h 2 0.016723357380868942
13 i 5 0.0010332106375345873
13 k 2 0.010070764422316691
13 l 7 0.03365131979448821
13 m 6 0.015470356705868493
13 n 5 0.007548130340002235
13 p 3 0.03615037967756518
13 q 2 0.0008896142001799667
13 r 2 0.08297532236052996
13 s 12 0.06194792046551556
13 t 13 0.027824675160731394
13 u 10 0.010136531854124775
13 v 11 0.043581998556136314
13 w 10 0.024553195867487387
13 x 15 0.11201610888731595
13 y 15 0.08150371177785798
13 z 9 0.044227078562106614
14 d 14 0.025914464539652626
14 g 14 0.1483939462429592
14 o 1 0.0379507003521361
14 p 1 0.303754987512026
14 r 15 0.003002514754195662
14 t 15 0.02559496176342768
15 m 12 0.9284530704495825
