194 26 2603
0 0.09340243342850663
0 1.0
0 0.0013444712466295083
0 0.26582821264451517
0 0.0216834944421036
0 0.0737109975566358
0 0.2740433912705176
1 0.0482495896638373
0 0.04118319998252551
0 0.2484441661952589
0 0.30107791890151503
0 0.18872366618287095
0 0.03911079402771467
0 0.017761652613517698
0 1.0
0 0.0002969686103813096
0 0.031259933635222725
0 1.0
0 0.04809505509081602
0 0.12017151042518048
0 0.020710013959316487
0 0.017263222233084075
0 0.0525405691166243
0 0.11520567696010942
0 0.061411575870968016
0 0.16345248643851107
0 0.1082443102511299
0 0.00679316960176557
0 0.013649934024619559
0 0.1813105251001359
0 0.1893402050923806
0 0.033593459296285544
0 0.0018785881685129402
0 1.0
0 0.002362344913103387
0 0.10184699745468617
0 0.035777548834096784
0 0.01621052957596336
0 0.06807638584010645
0 0.07480792599496866
0 0.009012566406465194
0 0.01151626220344859
0 0.07066674774497139
0 0.17733161502297012
0 1.0
0 0.008746953979940297
0 0.05700961035218011
0 0.6627473565272821
0 0.9564935740317596
0 0.1557269100402292
0 0.011235579098242687
0 0.12280262435613998
0 0.015780896325943483
0 0.43839841112385913
0 0.022703348020514658
0 0.08466845951687874
0 0.13573937033407302
0 0.06402755742955135
0 0.19138654433544933
0 0.00014601156358651224
0 0.006469598370533625
0 0.03368125043578318
0 0.36518189877070695
0 0.06149014410857001
0 0.3912362617225996
0 0.03861351318363082
0 0.012518517537656093
0 0.18751163568722173
0 0.1337655915149807
0 0.020336699713626283
0 0.13161313796172247
0 0.07632854637157882
0 0.24887642698198476
0 0.0029491623501137765
0 0.01487361329174508
0 0.07942281123048844
0 0.0155645379612106
0 0.03784763656190304
0 0.3879225367863648
0 6.988453845335751e-05
0 0.7084387655282139
0 0.5291349094025168
0 0.019636152271181984
0 0.2107132106091575
0 0.08748113798288149
0 0.2549021083334335
0 0.03373342420223291
0 0.0064089594925963445
0 0.05141317302961457
0 0.04351743651509876
0 0.006739768756771514
0 0.11882745769080094
0 0.11081550299276499
0 0.132318055191325
0 0.1259575214191221
0 0.03838282946140892
0 0.10654393856620403
0 0.019057962235790593
0 0.31029517784381067
0 0.06439848686860106
0 0.05085948574442911
0 0.025993201490533413
0 0.008668271855868048
0 0.13406535353964666
0 0.053350676555232956
0 0.009592658458583259
0 0.15667061123397097
0 0.043492183577210186
0 0.37817158828977504
0 0.2493840740773352
0 0.039381631503419556
0 0.02257253185392305
0 0.0008889968821149674
0 0.002158146906299563
0 0.04406012640527446
0 0.008995871025502922
0 0.05267419332557277
0 0.0013596185464431754
0 0.13710552866655923
0 0.03378104764646539
0 0.9953523485157659
0 0.036098046080583424
0 0.1004421901594651
0 0.10392874591384849
0 0.24611247901455668
0 0.34401682968621106
0 0.07234541487590529
0 0.08665644021988061
0 0.06031837993192424
0 0.020787123707308064
0 0.03593463618771331
0 0.015547703220038622
0 0.11668042537751067
0 0.05823911759643696
0 0.018585410248611267
0 0.10963103622910708
0 0.15807847909229067
0 0.29064414430019025
0 0.024808100638170072
0 0.08622652554614452
0 0.41116678320740363
0 0.20324550611114867
0 0.15892506217825897
0 0.4127150658588944
0 0.12994738112217352
0 0.0025338498371442197
0 0.002654766542453668
0 0.11668200249629834
0 1.0
0 0.08982376434116701
0 0.035314602823886876
0 0.008109128025382883
0 0.016962610744743256
0 0.047206332669275874
0 0.0511486879990245
0 0.09220887025248714
0 0.0483321258477043
0 0.2994033530956133
0 0.0423908011545735
0 0.12913901342814593
0 0.13870408439116022
0 0.005218186669935454
0 0.09320538897353625
0 0.08731761857479114
0 0.12160875860855802
0 0.05747198903501882
0 0.03610180029607779
0 0.15358949662834054
0 0.051891284152197126
0 0.034555777533624155
0 0.015096525814855988
0 0.07512060878345439
0 0.002785868253954882
0 0.0031044704539902046
0 0.003130419016534547
0 0.011042955080060257
0 0.018548089091585784
0 0.001476164248445544
0 0.0016468376210976299
0 0.028372067067386486
0 0.1100607693289033
0 1.0
0 0.22845033859630093
0 0.04138934946365269
0 0.2367203480226593
0 0.034696191981793634
0 0.026935271364756375
0 0.009884783375754935
0 0.08436347397541044
0 0.041041755033023763
0 0.07815321931170427
0 0.37743470940599966
0 0.01493060289063941
0 0.2433208629194673
0 a 28 0.05766298900268596
0 b 76 0.034459128500213376
0 c 25 0.06732369276978034
0 d 28 0.09998926857077972
0 e 167 0.15966759992817048
0 f 30 0.012058892123877452
0 j 175 0.055407924141605114
0 l 17 0.04383932404228108
0 r 39 0.023231607127391807
0 s 93 0.2255232298343851
0 t 186 0.010255813831731464
0 v 77 0.0297706834657141
0 x 186 0.0026968709716572725
0 y 24 0.04256631913994924
0 z 95 0.04214422312127086
2 a 56 0.11351457997038905
2 b 21 0.05241555478516691
2 d 149 0.04823856774195001
2 e 159 0.10096469814468745
2 f 143 0.017402242260598055
2 g 65 0.016757411718978488
2 h 77 0.10105701943326317
2 i 162 0.027842149564717644
2 j 36 0.0003001508276435638
2 k 188 0.03488173405057715
2 n 16 0.019222054300002345
2 o 19 0.07857992958990412
2 q 145 0.03536117291715368
2 r 120 0.04945770195045984
2 s 105 0.06794957237493038
2 t 192 0.07618743093529623
2 u 185 0.015913641066545137
2 v 87 0.08311964404115635
2 w 102 0.037496074311353045
2 x 120 0.013127703845443706
2 y 54 0.008866494923154167
3 t 20 0.7341717873554848
4 b 186 0.04511342283000819
4 d 86 0.18446866279847485
4 e 126 0.05656047552866528
4 f 183 0.06041316734949986
4 g 59 0.07734156035833484
4 h 151 0.0609401398058208
4 j 169 0.032409139653229446
4 q 26 0.12808046874408108
4 r 0 0.10499867513610528
4 x 69 0.0900904167775034
4 z 43 0.13790037657617338
5 a 126 0.002224549437574219
5 c 5 0.09320861047036855
5 f 44 0.032109911715197836
5 h 36 0.015101511886837726
5 i 8 0.01364504388308485
5 j 68 0.1116505563280562
5 k 181 0.2765555650831396
5 m 23 0.002172572683041718
5 o 10 0.017818333772527506
5 q 85 0.049022108035217005
5 r 63 0.08867367306388341
5 s 149 0.010135768705083925
5 t 1 0.1012719111832836
5 u 32 0.042340671328717994
5 w 158 0.03305392306035282
5 x 81 0.029053172067576405
5 z 2 0.008251119739420831
6 a 38 0.07473814064825846
6 c 115 0.03355323465426707
6 d 37 0.0363072932404942
6 e 33 0.006668780441799083
6 f 31 0.02078123658307407
6 g 81 0.04345628787051792
6 h 110 0.02034047253425597
6 i 17 0.0302085177155772
6 k 25 0.0221398923337911
6 m 135 0.028393195380899572
6 n 42 0.05409087026462778
6 o 42 0.11536793480461593
6 q 70 0.014440585362279101
6 r 56 0.02427360800141276
6 s 168 0.0710763396055577
6 t 49 0.008746932554423048
6 v 96 0.007571768165094528
6 w 120 0.05468933876035498
6 x 27 0.005121807126808764
6 y 99 0.005578946720520728
6 z 71 0.04841142596085246
7 a 122 0.041772878072095954
7 d 156 0.0034860267286260793
7 e 165 0.103866643090465
7 i 44 0.05540580674414186
7 m 81 0.15308054084763556
7 o 80 0.04603561804657985
7 p 83 0.01065918495252538
7 q 29 0.20928497831007709
7 s 160 0.19647942244189032
7 t 7 0.06588342703765115
7 u 39 0.06579588406447445
8 b 23 0.18643490037036115
8 e 52 0.07642370099059226
8 f 39 0.02041695883443828
8 g 67 0.2015384484122993
8 h 127 0.03746147310083159
8 r 24 0.07178978768636601
8 t 51 0.03274979935179645
8 v 114 0.024320394594319672
8 x 85 0.3076813366764698
9 i 39 0.09200457144164131
9 w 34 0.6595512623630998
10 b 59 0.12734451733433594
10 f 179 0.05826572335735192
10 g 168 0.04451120538725728
10 s 48 0.04538555790013088
10 v 74 0.22035402666947956
10 z 9 0.2030610504499294
11 a 108 0.13796084360454663
11 b 127 0.024313844633482296
11 d 170 0.0041188966835977725
11 g 78 0.036568421472112034
11 h 2 0.020739795887231738
11 i 181 0.08243884578049687
11 m 183 0.03879924010293556
11 p 13 0.0653779156864569
11 q 38 0.09210310188513027
11 r 24 0.08174146714882169
11 s 38 0.04401968551306046
11 t 168 0.018392360783183626
11 w 154 0.010118536261109479
11 x 173 0.1168994055268252
11 z 36 0.037683972848138514
12 a 37 0.11363015019134404
12 b 5 0.09528917093411382
12 c 192 0.07995403466122364
12 e 6 0.025595068133561938
12 g 90 0.05716657920697532
12 h 115 0.00928753910950919
12 i 116 0.0016644172150790393
12 j 184 0.24010564338334328
12 l 176 0.00982892622511411
12 m 18 0.049104172961966785
12 o 180 0.0495061643921223
12 p 95 0.07075905747664013
12 q 146 0.051371209386998795
12 s 162 0.07213162423651687
12 v 158 0.016889285691224942
12 y 170 0.005629661401027386
12 z 63 0.012976501365523752
13 a 66 0.06327495638774328
13 b 95 0.0094696379666942
13 c 34 0.06391854212262549
13 d 192 0.0464732421078885
13 e 45 0.006996008322086467
13 f 134 0.06191462515573454
13 h 6 0.009886627645522839
13 j 191 0.010423494711785164
13 l 82 0.22832770801003488
13 m 121 0.025384772831915647
13 n 122 0.0023793010861669073
13 o 7 0.014819289758381426
13 p 146 0.03619513008203734
13 q 150 0.02305420598247232
13 r 163 0.0749584612624572
13 s 168 0.11712098313426833
13 t 1 0.03548010565635995
13 u 109 0.0294779295136558
13 v 118 0.007207909704010751
13 w 148 0.0619844973192355
13 x 25 0.0032368636156280273
13 y 104 0.050254055009777754
15 a 15 0.0031596171770091885
15 g 94 0.04883752102781613
15 h 93 0.00029243716795268604
15 i 107 0.03915387781425428
15 k 81 0.029136179654897898
15 l 64 0.3029109100654671
15 m 170 0.02701361921940837
15 n 113 0.019968707628339244
15 o 179 0.032397644731266606
15 q 187 0.09674712885069026
15 r 188 0.053014838682538756
15 s 40 0.06318962207900991
15 t 12 0.025894465805994193
15 u 183 0.08571498481546003
15 v 56 0.012240557525051377
15 w 108 0.10130255574056202
15 x 175 0.04835485845112142
15 z 186 0.010373504952779222
16 j 179 0.15934865103515883
16 v 45 0.8093914153296184
18 a 47 0.027692905044663818
18 c 108 0.030677770813389182
18 d 100 0.04110332452593235
18 e 100 0.13630519156986765
18 h 25 0.07266223665367133
18 i 130 0.00817188494860388
18 k 183 0.06228767331380902
18 l 107 0.05365889595531825
18 m 91 0.11905420427777114
18 n 156 0.10446142109748324
18 p 185 0.00040253390939748446
18 q 15 0.004356558229150376
18 r 132 0.02063145583312298
18 t 52 0.13256702602366155
18 w 11 0.02206461013863359
18 x 8 0.012672384764984002
18 y 77 0.10313486780972414
19 a 5 0.01699610833456
19 e 20 0.006512480026677592
19 f 135 0.10869351717480413
19 h 103 0.1296542871891465
19 j 144 0.07884751363754428
19 l 192 0.020749635059416516
19 n 29 0.03176219357250676
19 o 146 0.1151819682900358
19 q 144 0.017802744668067638
19 u 166 0.09044781954786885
19 v 117 0.07586138059300185
19 y 85 0.021981317973624348
19 z 77 0.16533752350756525
20 b 41 0.033496004659748224
20 c 192 0.027707703043829746
20 e 86 0.02298565870191338
20 g 135 0.40043292517319495
20 h 168 0.006248069181776561
20 j 74 0.08267046284208257
20 n 74 0.03412232820193439
20 q 134 0.11130183946707672
20 r 48 0.04354082618976085
20 u 188 0.04696885422691455
20 w 177 0.06028138909362124
20 x 113 0.08390095624614924
20 y 137 0.025632969012681084
21 d 87 0.07390952964830944
21 g 8 0.15357785511586153
21 i 91 0.22536220811159058
21 j 178 0.1617788473316073
21 k 183 8.981830263665724e-05
21 p 69 0.015352476625592248
21 s 191 0.14260602386635446
21 v 11 0.05309037167647357
21 w 32 0.038250601005784146
21 x 117 0.033002346006688055
21 z 67 0.08571670007601795
22 a 122 0.27573755853572546
22 b 111 0.005408844500750631
22 c 14 0.0277712490201254
22 d 83 0.025147785366387065
22 e 127 0.01674498366207
22 f 111 0.009194208554568206
22 g 163 0.08791653343379591
22 h 101 0.03942782306338233
22 i 164 0.057641274313376845
22 j 141 0.00540658269523786
22 k 160 0.00926384641758038
22 l 121 0.021239101647651748
22 m 50 0.02413918638706669
22 n 65 0.0026532384619365468
22 o 176 0.0391011372185317
22 p 44 0.034137069298107336
22 q 193 0.06392752662664725
22 r 41 0.05659526349772126
22 s 18 0.0010351936687387209
22 t 20 0.0007422878162754998
22 u 26 0.011173071289900638
22 v 173 0.003525934791912433
22 w 58 0.002940322111553373
22 x 185 0.01087642547375689
22 y 21 0.061233355452807836
22 z 175 0.0544796275777677
23 a 113 0.2829869896312215
23 b 64 0.03977223872685265
23 c 136 0.011796009155913056
23 e 33 0.0345419702038251
23 g 37 0.04036827392959175
23 n 41 0.10185213247055513
23 p 124 0.09342870982825358
23 u 120 0.15850494044281038
23 y 98 0.09252308539665477
23 z 115 0.029019973254212683
24 a 120 0.02201797457907262
24 b 108 0.032501859317770165
24 c 142 0.06593389384464232
24 d 4 0.026642166301015346
24 e 172 0.027925435797846787
24 f 100 0.09881709688225782
24 g 167 0.11614355532903065
24 j 93 0.02112777460401216
24 l 26 0.0331920242809528
24 n 104 0.1264655220811478
24 o 128 0.11815943367158777
24 q 118 0.0023436905332169244
24 s 156 0.06315945018183744
24 u 12 0.005579623981272874
24 w 112 0.05094671352599822
24 x 27 0.12763220921737028
25 b 48 0.006849945422051307
25 d 174 0.10402991205642653
25 e 103 0.009468393013177479
25 h 110 0.13861158210348556
25 i 156 0.15523088634945337
25 k 39 0.002866893641939261
25 n 66 0.11599980145980915
25 o 27 0.027692820371117866
25 s 128 0.008187171091608825
25 t 55 0.08712699690772241
25 u 174 0.049138005959838194
25 v 152 0.06409382475266046
25 x 79 0.004893943474314932
25 z 90 0.06235733695788359
26 a 157 0.057728641238115386
26 b 103 0.0334652651000088
26 d 69 0.003892714781892681
26 f 43 0.04799207692835217
26 g 80 0.10224539926305831
26 i 132 0.017094444218080262
26 k 37 0.07380157034161738
26 m 139 0.05621155438206482
26 o 25 0.006586619768922719
26 p 83 0.0080397677239612
26 q 54 0.002585308302925582
26 t 183 0.03290310456917267
26 u 46 0.029875907876901198
26 v 12 0.05527898000083653
26 w 58 0.01887290414504994
26 x 184 0.0040888865672701336
26 y 129 0.15862708566739225
26 z 88 0.18246545887324805
27 a 156 0.017767900235846623
27 b 73 0.055072503058477884
27 d 116 0.11259898976122551
27 e 32 0.0011996454711429294
27 f 151 0.040160726546075276
27 g 18 0.0792594902197673
27 h 62 0.09464203858659659
27 i 146 0.08554944506397888
27 j 163 0.004995133430650944
27 k 51 0.10342292971497835
27 l 179 0.010258992106826237
27 m 81 0.023082812230758698
27 p 135 0.047177041121525765
27 q 35 0.046791507318427406
27 r 90 0.02737958029341736
27 s 152 0.01055066078215372
27 t 54 0.06877230011419044
27 v 38 0.02409015371572576
27 w 169 0.02756425909869764
27 x 24 0.017796501852325952
27 z 125 0.09507421967544516
28 a 84 0.058562822609950826
28 b 159 0.02131113918483829
28 c 169 0.029799505263534698
28 d 3 0.048216701120638805
28 e 143 0.0097031560290598
28 f 117 0.08198939918557802
28 g 37 0.14175243725590925
28 h 28 0.09223147919636143
28 i 112 0.019594617191209363
28 j 181 0.009746117416009281
28 l 105 0.047521413987920647
28 m 109 0.0052976969246767425
28 n 168 0.02061856931050088
28 q 123 0.1308447692915914
28 t 101 0.09805663139208598
28 u 53 0.024320311107855708
28 v 89 0.012471196445461907
28 x 0 0.08269641717965781
28 y 23 0.009051535594248428
28 z 12 0.04256415028829119
29 f 22 0.054300723435596776
29 l 167 0.0178165940554732
29 q 128 0.03971195139444028
29 t 139 0.09933391126308855
29 v 67 0.11856694525553746
29 w 144 0.48895934949572784
30 a 126 0.062357856661040545
30 c 124 0.040180716498849245
30 d 47 0.025683131756579658
30 f 23 0.018801055110841625
30 g 56 0.0583059274849661
30 h 64 0.0232733990857783
30 i 47 0.009127719538632562
30 j 3 0.03921637001965417
30 k 104 0.1399443694149689
30 l 62 0.06035410416159126
30 n 69 0.08230959596205345
30 p 31 0.011211528468604626
30 q 6 0.005962387316342466
30 s 123 0.010166880659088773
30 u 94 0.025335846752019275
30 v 5 0.042277438461648886
30 x 111 0.06451370396447031
30 y 105 0.0350702129097592
30 z 134 0.05656755068073005
31 a 61 0.0275447735070119
31 b 80 0.01055723819603227
31 c 147 0.0912895958817258
31 e 103 0.006840907629046544
31 f 75 0.06804373644581141
31 h 53 0.014653564679177666
31 i 65 0.013057747133969566
31 k 96 0.0026904116642139098
31 m 25 0.060874509526066434
31 p 154 0.16083163178669158
31 q 2 0.01923893859156578
31 s 65 0.029761345258200178
31 t 135 0.18463385387084108
31 u 96 0.004067985174524891
31 v 86 0.019732994286902228
31 w 110 0.05214329791828165
31 x 109 0.08651809227124008
31 y 51 0.026690138526757834
31 z 23 0.08723577835565366
32 d 93 0.17869561004130696
32 f 133 0.09082352596705401
32 h 59 0.10756044827844602
32 j 105 0.037374414175712745
32 m 75 0.01050115005897545
32 n 180 0.08407125891897871
32 o 107 0.20095938377370182
32 u 20 0.1554946599432412
32 x 54 0.01875790191636273
32 y 53 0.11388305875770743
34 z 152 0.9976376550868966
35 b 122 0.13617057948553968
35 d 160 0.04454960422351817
35 h 129 0.1836661223074878
35 k 80 0.02504746206855668
35 n 1 0.024543006509398668
35 r 79 0.020674848773794552
35 s 140 0.08818360514344292
35 t 150 0.14194574130156545
35 v 54 0.022540631222690344
35 w 41 0.001837799184461697
35 x 6 0.16836926083022652
35 y 88 0.040624341494631344
36 b 92 0.0503418595041254
36 d 29 0.01620483538151185
36 f 141 0.13038365485359027
36 g 147 0.1578467248088078
36 h 170 0.035358315319817146
36 i 56 0.05657575327762676
36 k 44 0.09481054316982074
36 l 42 0.03842924301733375
36 n 144 0.014848261260259621
36 p 51 0.034427160409030155
36 q 60 0.06137665934229375
36 s 68 0.056276838923354
36 w 62 0.02108467636645439
36 x 130 0.08723053756315702
36 y 127 0.10902738796872058
37 a 97 0.02440927289442385
37 b 124 0.005797528218555059
37 c 80 0.1501776342570954
37 g 81 0.0351990306440495
37 h 126 0.007688758803490403
37 j 90 0.04461095719890429
37 k 170 0.02542368078074042
37 n 114 0.21175488238355167
37 o 74 0.03484284676925686
37 p 25 0.10059120174082248
37 s 98 0.01057935993675807
37 u 169 0.2361231418706694
37 w 64 0.09659117492571923
38 a 126 0.02183604381059745
38 b 179 0.08942349165298691
38 c 134 0.027371881355846117
38 f 14 0.04439958574939673
38 g 76 0.06081452571686807
38 i 173 0.00684374763581852
38 k 19 0.012689759906899245
38 l 70 0.0016727114799766074
38 m 37 0.03447965174268297
38 n 128 0.01208117456179214
38 p 18 0.04442914705912138
38 q 54 0.035664978342684006
38 r 100 0.016874155303808425
38 s 167 0.012734637831436246
38 t 37 0.2559126123608515
38 u 3 0.11194803434985612
38 v 31 0.012152889047397641
38 w 77 0.026434966127847792
38 x 111 0.0346131391822776
38 y 41 0.06954648094174809
39 a 12 0.025222001216618994
39 c 126 0.029679988614108588
39 e 3 0.018292996826329233
39 f 171 0.022433683997337583
39 h 187 0.006756239226674898
39 i 177 0.20253758994542226
39 j 22 0.052298726659549155
39 k 94 0.16963324833716353
39 l 110 0.048128960244484764
39 n 105 0.017130146696042514
39 p 85 0.03874703149513581
39 q 98 0.0528314326293714
39 t 16 0.015837655344550727
39 u 15 0.04489397719826971
39 x 55 0.0153449052824155
39 y 132 0.14047376805103473
39 z 150 0.024949722240521943
40 b 12 0.07560422439877668
40 c 120 0.053355436357737096
40 d 70 0.005800841320640626
40 e 100 0.003445569880990318
40 f 102 0.0588071294335718
40 g 109 0.03040696879681548
40 h 103 0.01850291285648764
40 i 184 0.08115135690887287
40 j 135 0.003370484921654371
40 l 44 0.02055638834409601
40 m 67 0.1170961302959439
40 p 87 0.1110566037513252
40 q 24 0.10554716116929919
40 r 82 0.011853800643750412
40 s 57 0.028819341388263586
40 t 146 0.05260059466498146
40 u 163 0.10021694990395102
40 v 144 0.006299592344894522
40 x 105 0.04536135302583988
40 y 129 0.0019605255275689792
40 z 192 0.05917406765807376
41 a 119 0.002871202550713825
41 e 130 0.07462367227106492
41 g 78 0.29389177366754715
41 h 42 0.017976746173201774
41 i 29 0.02141745982492016
41 j 123 0.06929784467659916
41 l 182 0.00434957365730293
41 n 151 0.04237973660737804
41 r 52 0.004198102883783528
41 s 38 0.00754194296656252
41 u 70 0.08006549379622441
41 v 170 0.06962179462587037
41 x 59 0.031964833189677466
41 y 16 0.25284623880606727
41 z 139 0.015437322099637885
42 a 40 0.05584256444491498
42 b 36 0.0031789868044743708
42 c 181 0.04698908588010198
42 d 175 0.023127875382504826
42 e 192 0.006780590198172787
42 f 55 0.05493535773270186
42 g 75 0.017431040431744926
42 h 30 0.050287572317769924
42 i 128 0.030821422015241073
42 j 161 0.02307772141414799
42 k 50 0.040956935240993975
42 m 138 0.08327478331094051
42 n 127 0.03070726079456476
42 o 113 0.0001581428609762625
42 p 172 0.05980301870197502
42 q 128 0.0035759256108590654
42 r 96 0.03268817830636506
42 s 19 0.02777103279637272
42 t 58 0.021372678806744316
42 u 164 0.19061805727591286
42 v 43 0.023866837098265425
42 w 23 0.010121142210098077
42 x 134 0.023961656613814664
42 y 167 0.031219075238920868
42 z 103 0.036766310766450316
43 s 93 0.09966166727794701
43 u 145 0.27306946129962195
43 v 178 0.2738489436600543
43 w 47 0.049281092324855225
43 y 63 0.09440467424617704
43 z 81 0.03240254616837435
45 b 106 0.12155185349519448
45 c 192 0.025389530844361574
45 d 97 0.045402999140754186
45 e 92 0.005860859912278027
45 g 16 0.005584851030935645
45 h 168 0.006644337853627058
45 i 73 0.026317360307570148
45 j 103 0.0007533900645446678
45 k 177 0.022785065392043835
45 l 89 0.03884594690765919
45 m 46 0.016160867526648914
45 n 91 0.01830756629694652
45 o 151 0.020675409263303246
45 p 117 0.033551117298053046
45 q 151 0.016573633327423787
45 r 131 0.09970422590566341
45 s 19 0.08522400768591731
45 t 60 0.04430210720433969
45 u 146 0.03717011642038903
45 v 50 0.03847520433419804
45 w 97 0.02440786264414241
45 x 30 0.1197672566594632
45 y 73 0.050794041242500865
45 z 78 0.08700343526210141
46 a 49 0.004580226739136273
46 b 44 0.020158646337506303
46 c 141 0.047826410343715375
46 d 108 0.012937228576955007
46 e 4 0.06714837171698329
46 f 80 0.11654826032643584
46 g 114 4.7007361792750224e-05
46 h 55 0.035573769088200646
46 i 116 0.006098099000201973
46 j 44 0.03155741763908704
46 l 44 0.03810279612033729
46 m 165 0.11943065605530967
46 n 22 0.05109685523176899
46 o 164 0.06274475884016484
46 p 8 0.17893909013761533
46 r 54 0.06174179581054484
46 t 77 0.020659332694406896
46 u 129 0.002906628510259801
46 v 91 0.00798398505031539
46 w 126 0.016454386349863848
46 x 156 0.01311760261425221
46 z 15 0.027337065102966296
47 f 143 0.18281207827708212
47 v 86 0.15444056519563576
48 g 44 0.0368304844344276
48 i 128 0.00667594153381279
49 c 146 0.1814125808332937
49 i 157 0.19439846668466176
49 k 150 0.01450909079220919
49 l 120 0.0010102108649744368
49 q 117 0.12589180311492776
49 r 113 0.018014787141177213
49 u 61 0.30903615052852673
50 b 166 0.08718389126489345
50 k 27 0.26287716205486433
50 p 8 0.18634551400206023
50 w 117 0.4523578535799393
51 a 2 0.09165941901350416
51 b 99 0.007570505757899082
51 f 129 0.05971701261930484
51 g 186 0.09630021579926273
51 m 96 0.034920082064406666
51 p 33 0.005993046919987255
51 q 93 0.19578934424907213
51 s 145 0.11509000259931756
51 u 11 0.10369528791687233
51 w 143 0.07914094350714651
51 x 127 0.07086498681964648
51 z 139 0.01645652837744027
52 b 193 0.23960140340322666
52 c 75 0.015626507864735628
52 g 22 0.011021292659886939
52 h 89 0.1388630627978531
52 i 84 0.02829408760564056
52 j 58 0.03157128845842638
52 k 188 0.015129449747255719
52 l 149 0.10277791565932337
52 m 181 0.07443252633823172
52 o 139 0.03412768764273921
52 t 7 0.08751676959080568
52 v 108 0.10016672468525312
52 w 104 0.043340666679619666
52 z 16 0.06174972054105876
53 c 162 0.20758640820514684
53 f 5 0.035815482126815956
53 i 141 0.007109211466069354
53 x 35 0.3110904870781087
54 a 69 0.02718401636510337
54 c 83 0.17131076966550496
54 d 27 0.04418049588444428
54 e 33 0.022254523412652216
54 f 25 0.019092722149243735
54 h 182 0.006204896858726494
54 i 50 0.06580060037071755
54 j 56 0.07997324938896089
54 l 164 0.08182196512826945
54 m 131 0.012938396821311482
54 n 192 0.041132088476463324
54 o 132 0.07441906119908037
54 q 107 0.019651730356617714
54 s 14 0.049764572104746496
54 t 46 0.04126233424639636
54 u 21 0.17619843670992885
54 x 31 0.026904783634348006
54 z 43 0.017202009206969793
55 c 156 0.04435344993088608
55 e 155 0.22262157625481915
55 h 117 0.06111257421055172
55 l 25 0.2992104147864614
55 m 136 0.03761542193362777
55 o 48 0.03694044801753904
55 w 172 0.01813045093122645
55 z 74 0.19534720441800968
56 a 96 0.01943028738060737
56 f 38 0.18018302062217173
56 h 33 0.029611907093695877
56 n 174 0.13796804756028713
56 q 34 0.045699378016117786
56 s 70 0.10917571101902335
56 t 160 0.20182161336468807
56 w 108 0.03659533962511152
56 x 36 0.07345308938524375
56 y 140 0.030322235598980396
57 a 179 0.016848447625109064
57 b 46 0.02382275506358944
57 e 78 0.020819823751830002
57 f 179 0.11984915937137808
57 h 98 0.1866015075107652
57 j 121 0.0016364606944591076
57 k 161 0.05927269159807924
57 m 164 0.06866304924589028
57 n 76 0.009460202418822394
57 o 22 0.026176271240188176
57 p 130 0.09078795267513795
57 q 163 0.0064492277668465325
57 r 163 0.04484705168146341
57 s 104 0.007231356820095458
57 u 21 0.016902690514256413
57 v 86 0.06948227697472642
57 y 7 0.16712151761781147
58 a 13 0.018644318693978312
58 b 182 0.010070982818023544
58 c 64 0.001246631399133502
58 d 13 0.020073137551027465
58 e 36 0.09933686334230818
58 f 46 0.02259290517822954
58 g 48 0.011760068589948935
58 h 83 0.02334926667150572
58 i 126 0.009770139747496409
58 j 106 0.053022145099190565
58 k 49 0.02845687082626447
58 l 93 0.02569143388712214
58 m 49 0.020078555572491164
58 n 119 0.025180240872448856
58 o 15 0.09670424572368919
58 q 23 0.006205866850765074
58 r 113 0.027818799009836193
58 s 122 0.01808830222252622
58 t 178 0.03656502436436304
58 u 61 0.00781296749766891
58 v 119 0.013915408842825494
58 w 87 0.12679167078479225
58 x 7 0.013688640989586554
58 y 125 0.048542166421120525
58 z 92 0.043206802708208425
59 a 15 0.07741713567468855
59 b 95 0.026912262849726476
59 c 154 0.10080438904479405
59 e 16 0.04494345053267523
59 f 147 0.1331205843277602
59 g 54 0.01778728231523241
59 i 172 0.10425040795150875
59 j 107 0.05508232644026778
59 k 60 0.015568820798617211
59 m 122 0.025840453968326793
59 o 14 0.042828876914318914
59 p 127 0.03214831280235264
59 q 113 0.008868391191697467
59 r 138 0.021407583709915357
59 s 82 0.08890281114038834
59 t 122 0.04921003338528507
59 w 160 0.017656353020059412
59 y 39 0.0017346957485404602
59 z 33 0.13536981662025838
60 a 43 0.021231651547342856
60 b 157 0.09294266828574571
60 g 41 0.09381417974514994
60 j 166 0.040643620347529774
60 l 70 0.06113924887090649
60 m 102 0.17698177997542042
60 n 175 0.057405886595659705
60 o 21 0.007773921572399312
60 p 25 0.09105187471635434
60 q 118 0.17957059171444034
60 r 125 0.06811819735834546
60 v 165 0.0374381810281007
60 w 99 0.03886606162885342
60 x 34 0.026552538243217905
61 c 62 0.09601960107886365
61 d 143 0.10726951068083312
61 f 189 0.06914599710240332
61 g 156 0.22131174495997896
61 h 76 0.03425053145513146
61 i 141 0.00031610650636937354
61 j 87 0.028289620810374116
61 o 88 0.035127107913130784
61 p 171 0.05482651818205575
61 r 84 0.010414520537799454
61 s 104 0.008791539212885224
61 t 148 0.016320495748412767
61 w 48 0.2805624719629398
61 z 113 0.0036729834130390104
62 i 166 0.42786720589835914
62 l 186 0.10685756127434864
62 r 39 0.10009333405658527
63 b 65 0.10085916227513136
63 e 19 0.04741862281239251
63 g 46 0.08321546808606706
63 j 64 0.035074598808170654
63 l 175 0.03607420273558948
63 m 191 0.0024652587897767697
63 n 155 0.06143882832656633
63 o 131 0.013568594365123587
63 p 97 0.017509641263066755
63 q 11 0.09760842606296927
63 r 14 0.1020937560281916
63 s 163 0.048940650858398715
63 w 136 0.28276631189359813
63 y 149 0.009476333586387775
64 b 54 0.038386564724262606
64 g 109 0.08057171272997488
64 j 83 0.11371522454512406
64 m 3 0.027030287855652646
64 q 190 0.1210708204966573
64 s 22 0.00460757105037124
64 z 92 0.22338155687535766
65 a 78 0.398653068892288
65 c 156 0.2621057873288277
65 d 50 0.10774278207850319
65 g 6 0.05794051391146493
65 h 134 0.09812136005420247
65 l 36 0.012504315753662398
65 p 193 0.006268406688765493
65 v 156 0.008983027207097538
65 w 9 0.009067224901557425
66 a 73 0.0029478773595726926
66 b 48 0.07460551253054015
66 c 165 0.0190642564597997
66 e 180 0.002176253236600756
66 f 118 0.05293877521468704
66 g 180 0.05459057021929237
66 h 138 0.00028545484307174185
66 i 62 0.04169357245644689
66 j 41 0.023988639645749266
66 k 175 0.052609488089200296
66 l 21 0.060187016654781544
66 m 71 0.07173854588292417
66 n 40 0.016026550675032447
66 o 101 0.06591905352820915
66 p 83 0.06085295934583512
66 q 15 0.017214613373849774
66 r 24 0.0314709829261397
66 s 47 0.10156865438869689
66 t 103 0.08905490252090242
66 u 150 0.023893828867612044
66 v 82 0.03348826691572382
66 x 121 0.06230387674250337
66 y 166 0.028354372592477195
66 z 44 0.0005074579926953593
67 a 116 0.03021650607714277
67 b 10 0.012522189509755588
67 c 9 0.1404190140744631
67 d 1 0.08344436594511662
67 e 91 0.0020548557591302252
67 g 118 0.0092327007554176
67 h 120 0.026722372136277595
67 i 128 0.04772307924825003
67 j 177 0.054339941338853226
67 k 119 0.04001281732314288
67 l 144 0.012973603376098652
67 m 64 0.03375375106944323
67 n 156 0.16769609536046648
67 o 89 0.02070720514790425
67 q 42 0.028832864687553972
67 t 34 0.005794923218905956
67 u 8 0.011703375426530882
67 v 175 0.03466538168875699
67 w 106 0.014803757010978247
67 y 105 0.033207554762167746
67 z 175 0.00166201039642222
68 a 4 0.27109047653663165
68 b 8 0.16158161712742825
68 c 186 0.048561509378959755
68 d 151 0.0910206780729006
68 h 89 0.006794743057962349
68 i 63 0.057424034211732033
68 j 53 0.004697376212737248
68 o 150 0.009712651555677687
68 q 102 0.004007901109635004
68 s 130 0.08996538113579211
68 x 12 0.035596990130878026
68 y 9 0.08578104995468461
69 a 57 0.014138375745421983
69 b 71 0.05428703207177321
69 c 120 0.02275367804070294
69 d 175 0.0008546833103340035
69 e 109 0.014794471644155816
69 f 103 0.003518254951894173
69 h 96 0.016527162367374948
69 j 107 0.15118445998985697
69 k 141 0.0705695933150009
69 l 105 0.010687952391455813
69 n 107 0.009659815166894403
69 o 136 0.020835168270199822
69 p 126 0.04875045956854618
69 q 103 0.08514091533319945
69 r 145 0.05992657489201625
69 s 127 0.030108737304153976
69 t 168 0.08309493104835775
69 u 127 0.024276993382812972
69 w 21 0.01430295035962792
69 x 38 0.0759511813379008
69 y 149 0.1465637435770304
69 z 42 0.021736166217663055
70 f 167 0.14685119441439654
70 h 32 0.035245709909680456
70 i 161 0.08705002477391144
70 k 127 0.2419911832713575
70 o 42 0.03188027639489044
70 s 34 0.06352800475517939
70 x 81 0.23211674746481958
70 z 153 0.029723721054042196
71 a 61 0.17720913022686025
71 c 46 0.05987465718230345
71 d 67 0.10762091283368824
71 e 58 0.008070703977812288
71 f 91 0.0812186112598513
71 g 7 0.009330172960265393
71 j 139 0.030286125598937397
71 l 53 0.06903889374573935
71 m 91 0.02657882400835676
71 o 64 0.00865930879803567
71 p 89 0.0005142095521066814
71 q 40 0.018736752582593552
71 r 106 0.06665183380136996
71 s 177 0.05277520360448151
71 t 131 0.035573446776618445
71 u 99 0.0020827026436290863
71 v 39 0.04246808344157893
71 w 44 0.036426698283552494
71 x 83 0.01631451605829659
71 y 99 0.04278167153876389
71 z 164 0.03145899475357994
72 d 125 0.01577609348803366
72 g 0 0.2272452631408044
72 j 25 0.348794175801466
72 x 114 0.1593080405877112
73 a 127 0.0025970590874992983
73 b 130 0.008278332135492561
73 c 97 0.07327856314821157
73 d 33 0.027995207187039517
73 e 67 0.009331928388058408
73 f 186 0.008940606922079541
73 g 23 0.005691169694978404
73 h 25 0.09125001069959016
73 i 82 0.053137431326550466
73 j 60 0.08692481161168253
73 k 190 0.006114022915194139
73 l 25 0.012808659159700753
73 m 69 0.01185179474067466
73 n 116 0.04159201236063925
73 o 75 0.02697539958423456
73 p 170 0.047077769077915166
73 q 102 0.0029279797322177004
73 r 187 0.034376055174376696
73 s 131 0.009861462820801248
73 u 190 0.023777697411083487
73 v 50 0.017184602547205996
73 w 169 0.062267533094070404
73 x 151 0.005384757434268805
73 y 166 0.28313523959666376
73 z 94 0.044290731799657146
74 a 41 0.030167517927756626
74 d 74 0.01398940790189196
74 e 85 0.10126571914288829
74 f 72 0.02360364198557985
74 g 160 0.0335143353903643
74 h 77 0.02604060465796254
74 i 145 0.004253251109979872
74 k 53 0.062576706773388
74 l 54 0.10036323086658572
74 m 94 0.0037062669096893375
74 n 82 0.02212091133492844
74 o 34 0.02091689795027285
74 q 82 0.04577643375120388
74 r 53 0.08571942568764757
74 s 130 0.10712729457690451
74 t 122 0.005335532491704931
74 u 153 0.03551264686119049
74 w 139 0.09756502299028336
74 y 106 0.09803873930873652
74 z 138 0.06753279908929588
75 a 18 0.06398808247086929
75 c 125 0.08776830781796263
75 d 83 0.017536381312782123
75 e 179 0.0003347527772932235
75 g 123 0.2987744914918796
75 h 129 0.0034239387345421646
75 i 49 0.029898516969873445
75 j 77 0.06574265186385397
75 n 131 0.02158547771632835
75 q 34 0.006016823417412054
75 r 74 0.0906010740936255
75 x 74 0.008497617321589823
75 y 61 0.09034320992878031
75 z 45 0.13606586285271904
76 a 20 0.03168717901329099
76 c 177 0.1857708440116207
76 d 25 0.004926145316330288
76 e 111 0.20199878939597848
76 f 88 0.028747207376274453
76 h 128 0.17667149758354206
76 j 31 0.013811456858544457
76 k 134 0.05476794651975725
76 r 90 0.030752594674123723
76 s 96 0.018166505710405456
76 t 13 0.11337874081082888
76 v 169 0.1182368897359325
76 x 136 0.001513791639248474
76 y 174 0.004005873392911696
77 b 37 0.08450739340952373
77 c 114 0.010439880015529202
77 d 132 0.012746473311319062
77 e 93 0.013507454126544305
77 f 2 0.019421659129420066
77 h 41 0.06067033625557261
77 j 13 0.14926017767225874
77 k 23 0.041103069736158404
77 n 180 0.009173736570305291
77 o 119 0.20648925329701118
77 p 148 0.19769977829283536
77 q 167 0.08536146207210071
77 r 8 0.029960047489212216
77 u 179 0.03149981899351917
77 w 188 0.0017753200291211746
77 x 113 0.0059339948491673455
77 y 114 0.002602508188498387
78 g 149 0.30259720338030993
78 n 93 0.3094802598333253
79 c 36 0.010393383653247934
79 e 50 0.08702232580044078
79 i 74 0.10646299967859019
79 m 35 0.1197325961781488
79 o 126 0.27646135400716254
79 q 2 0.18891162276126194
79 u 123 0.03301533136089285
79 w 58 0.11597620047440194
79 x 134 0.055355355429813846
79 y 172 0.006598946117585824
80 r 136 0.29156123447178606
81 a 156 0.02566315237187411
81 f 3 0.44520193822560905
82 a 77 0.017157916672528084
82 b 151 0.09861428120254878
82 c 48 0.01988706363542514
82 f 136 0.19618477628820874
82 g 84 0.06017212065673894
82 h 30 0.12719129981091015
82 i 15 0.012506734121642382
82 j 62 0.03940473148574619
82 k 133 0.10296408611641383
82 o 165 0.050716706882178886
82 p 192 0.04053748334909946
82 t 66 0.06411900302422757
82 u 98 0.0839971823680773
82 w 67 0.04712084071065792
82 x 76 0.019789621404414648
83 a 30 0.07064646253296958
83 d 22 0.02026443143878287
83 e 9 0.057296043731309365
83 g 45 0.03525182753023581
83 h 156 0.09368074295099482
83 l 58 0.07569917516768665
83 m 185 0.04615085018233267
83 n 125 0.08716005470802113
83 o 161 0.009515337260013745
83 q 115 0.016116924441357483
83 v 58 0.18815887575651224
83 y 33 0.07873943112519677
83 z 16 0.010606632565429375
84 e 148 0.011138161734389862
84 h 35 0.2764187071160785
84 j 38 0.15345428066828504
84 k 121 0.14308138693844186
84 n 147 0.05179517734830119
84 q 0 0.27004622922288046
84 r 139 0.006584918988741584
85 d 99 0.01337670506517774
85 e 104 0.10998609763532619
85 k 115 0.11715223227460736
85 q 25 0.00728469983283897
85 w 129 0.0408973555309573
85 x 169 0.2781879384237729
85 z 170 0.17821286290388605
86 e 65 0.009633776826460161
86 f 57 0.14931641761477066
86 j 172 0.07914655376325519
86 l 45 0.06975536046259778
86 m 48 0.02686179377806086
86 n 147 0.16316620839598084
86 p 144 0.1473029055849845
86 v 89 0.09226648123131809
86 w 87 0.05869376467621101
86 x 131 0.04180304353521891
86 y 24 0.012724630490894673
86 z 21 0.11559563943801443
87 b 109 0.009696911413167975
87 c 4 0.050868261506931356
87 e 4 0.007831028359135628
87 f 104 0.06373507527090716
87 g 46 0.015862503167516917
87 h 183 0.10803727790591167
87 i 2 0.004237099906206798
87 j 80 0.033023538907100414
87 l 155 0.014617633244475514
87 n 176 0.019338516214239654
87 o 126 0.1194542632078166
87 p 98 0.12732556747850476
87 q 149 0.028507323624249903
87 r 40 0.04285821176381255
87 s 73 0.10306627497076859
87 t 84 0.04174469206790832
87 u 134 0.043315547434106594
87 w 95 0.1100283298547784
87 z 146 0.05004298420986486
88 b 172 0.03491748356374835
88 c 83 0.0020869547641311215
88 e 123 0.13932139187861026
88 f 32 0.11229877210973493
88 g 173 0.04137378654217194
88 j 105 0.04166656129736146
88 k 96 0.0019514048534841066
88 m 17 0.0764856928379305
88 n 178 0.1726111082980878
88 o 31 0.058405175618138405
88 r 175 0.054274996278872556
88 s 4 0.10048852056093038
88 u 96 0.10321980056807856
88 w 42 0.007293802179009767
88 z 67 0.002191375620095304
89 c 28 0.20486967956686863
89 g 125 0.17638011985271973
89 l 148 0.004643130743085422
89 o 15 0.07786564838397891
89 p 85 0.2848802597865868
89 q 77 0.010284998296785641
89 s 185 0.014555258432693563
89 t 8 0.04375345952994103
89 w 56 0.038216166583045386
89 x 125 0.029494895964751522
89 z 183 0.07153894634444458
90 a 109 0.025635517478597603
90 b 111 0.019322872431784432
90 c 107 0.004014633391386635
90 d 53 0.004857348921735172
90 e 124 0.020111693404835207
90 f 141 0.0007313603494051302
90 g 188 0.07173561884275159
90 i 98 0.024636861763654094
90 j 159 0.0016751624317267177
90 k 6 0.07524255973937943
90 l 173 0.030053827705825986
90 m 42 0.060247433704364806
90 n 106 0.0086406689788594
90 o 183 0.07734641941432485
90 p 73 0.014433208198601277
90 q 75 0.0008698094210400908
90 r 95 0.06955313574350497
90 t 33 0.04835744614342252
90 u 126 0.0004675475124065187
90 v 26 0.10058578864425916
90 w 180 0.10359718886280544
90 x 28 0.03191719697301909
90 y 182 0.008836653162792585
90 z 64 0.19039027802274577
91 b 56 0.3712315684915084
91 d 163 0.021477666162209363
91 f 65 0.03580025465514036
91 g 149 0.024273762887073613
91 j 24 0.019834389633647476
91 l 165 0.050133542346467275
91 n 148 0.12351082515364087
91 t 158 0.03960998895699874
91 v 129 0.19530054402251296
92 a 106 0.028056653163879952
92 b 133 0.01878701860633325
92 c 7 0.05842408531259857
92 d 139 0.0635229051875742
92 e 128 0.13776776980287853
92 f 105 0.015652292454010674
92 g 142 0.03791497070033212
92 h 70 0.006021989737742484
92 i 184 0.011712592275861744
92 j 190 0.02249940745982293
92 k 164 0.026015260021896913
92 l 102 0.00027474843031782825
92 n 76 0.022063534482825053
92 p 126 0.049394980947447764
92 q 175 0.006461746446931094
92 r 44 0.13081720509353711
92 s 136 0.08503717891133289
92 t 80 0.006834380220961722
92 u 60 0.012171938021108275
92 v 155 0.048424546968256044
92 w 167 0.010152248380859819
92 x 126 0.017307631423293057
92 y 81 0.05291462606922093
92 z 151 0.020954786888212062
93 c 160 0.21408222336772653
93 j 131 0.08922959909381378
93 o 31 0.019542062580267694
93 t 98 0.0003942245957989643
93 w 169 0.19291398542294091
93 y 122 0.3515198497481271
94 a 70 0.31516037127784735
94 s 52 0.020964634840751728
94 u 60 0.4585188058280918
94 y 104 0.07939866663418704
95 a 112 0.01654919347816164
95 c 114 0.015709290898921147
95 d 189 0.02690714404958061
95 e 81 0.1556724966340336
95 f 88 0.047335979950108964
95 g 89 0.07589058557360939
95 h 148 0.0027096072297309037
95 m 78 0.08369391588503217
95 n 7 0.003595394750199876
95 p 34 0.10197020947986357
95 s 86 0.055480261287254695
95 t 121 0.09177158943214503
95 u 160 0.026034877743269624
95 v 72 0.005583432448065917
95 x 65 0.02498654920387189
95 z 116 0.22772664249474206
96 b 46 0.15945481718469579
96 g 57 0.14727032347098545
96 l 84 0.054892978252526814
96 q 107 0.38143060168509624
96 t 34 0.07338259707165151
96 v 104 0.05584990589670136
96 w 191 0.021174837872138808
97 a 125 0.005058613051399319
97 b 47 0.006062090209447146
97 c 44 0.039692242192788885
97 d 164 0.056100456899000006
97 e 7 0.02704159281658669
97 f 110 0.13830808302199227
97 g 73 0.0049548797117305865
97 h 56 0.05287081407044525
97 i 143 0.046074831300411456
97 k 192 0.005525743065123878
97 l 52 0.07474848791498034
97 m 95 0.06436850236722857
97 n 6 0.028422519001226387
97 o 152 0.05647092154767541
97 p 169 0.018403629608310657
97 r 119 0.006684603528244848
97 s 44 0.0007695139056627109
97 t 119 0.004266914540736577
97 u 10 0.007518636369808429
97 w 181 0.16667194287792797
97 x 24 0.06149783254767238
97 y 121 0.10942918721580963
98 a 157 0.19722845506063014
98 e 100 0.04527440570125718
98 j 154 0.318024707400683
98 q 149 0.05857669789148756
98 w 86 0.07060055610213145
99 d 14 0.12469404566733899
99 k 28 0.16050011476466264
99 p 93 0.6504073526993973
100 a 73 0.00681566032452563
100 b 142 0.007384096675340679
100 d 154 0.0026779388261288783
100 e 14 0.07246887677923652
100 g 175 0.157743135107126
100 h 133 0.12296886406821816
100 i 178 0.042317466404964144
100 k 0 0.1323484555043476
100 m 56 0.0036825320498476977
100 n 102 0.06883919669272176
100 o 38 0.008034327026134602
100 p 134 0.05019127659786571
100 q 37 0.008979507230895245
100 r 66 0.043923701848900265
100 s 171 0.060271189286190796
100 t 101 0.003072401156435922
100 u 171 0.0013457203098895532
100 v 156 0.04650523019054176
100 w 47 0.07167280624340566
100 x 169 0.01833967314174123
100 z 68 0.019558458791113065
101 a 37 0.030475727835198807
101 b 19 0.060321862853429664
101 c 144 0.044573831030844446
101 e 112 0.15639874478291105
101 f 189 0.07679946687038319
101 g 5 0.09288810280385906
101 h 170 0.0032248690787669565
101 i 65 0.015906703264668032
101 j 130 0.0006421893691528346
101 k 84 0.060291810624441
101 l 45 0.0869909207059093
101 m 19 0.0038636756124631466
101 o 88 0.13068753635055264
101 p 67 0.013276517350041206
101 q 29 0.0003034854479563309
101 s 8 0.01712028096356888
101 t 29 0.007706430106373063
101 u 162 0.016447938276673568
101 v 69 0.016695905636275432
101 w 116 0.08897190346629413
101 x 120 0.014962189174016483
101 y 154 0.0030218158133669126
101 z 167 0.03243489109232045
102 a 110 0.05332626025669174
102 e 59 0.141822895924836
102 h 4 0.12121313369521325
102 j 93 0.020434514920128266
102 k 28 0.11833492334554252
102 p 77 0.11863492753664773
102 t 89 0.10843347097489908
102 u 163 0.2521141950179563
102 v 26 0.03854933495975588
102 w 18 0.018468071512461215
103 e 96 0.060683219859450244
103 g 32 0.04642631430191069
103 i 152 0.003566772277292074
103 k 183 0.14116901050285402
103 l 85 0.016207659773613714
103 m 15 0.17151464905139557
103 o 73 0.005478213798918108
103 r 70 0.05577735473383316
103 t 49 0.005158427323770032
103 u 5 0.2915757151700742
103 w 142 0.06837730966724154
104 a 147 0.032684919991004424
104 c 167 0.06821194400919994
104 d 47 0.03932754747928313
104 e 145 0.027692960098132047
104 f 57 0.16776414181469734
104 g 67 0.23878850532612195
104 i 18 0.01718824877946057
104 j 143 0.059577270634412316
104 k 142 0.04450384832077636
104 m 107 0.012959008526917115
104 n 89 0.018351734770223227
104 p 17 0.030342744224603924
104 s 183 0.05488743826125597
104 t 104 0.02598610246255706
104 u 115 0.000451833700348625
104 v 63 0.035710761321973594
104 w 35 0.05754745434745956
104 x 20 0.011810973453487472
104 z 192 0.002861885922852414
105 a 6 0.012806225339692667
105 b 154 0.01245853234033445
105 c 156 0.10135558251767529
105 d 54 0.015573631961885104
105 e 88 0.02006886117434692
105 f 168 0.058840272040210695
105 g 92 0.10576960598899754
105 h 11 0.0030024749109548443
105 i 30 0.04154246997409261
105 j 70 0.017392213992213912
105 k 59 0.0025734523653967445
105 l 136 0.05895665893115187
105 m 86 0.054823123679808905
105 n 180 0.05451070477326447
105 o 44 0.00978599738816055
105 p 135 0.07403657536544406
105 q 26 0.007775085409267524
105 r 1 0.021821460605676357
105 s 31 0.011797963948402268
105 t 47 0.10599511752960733
105 v 93 0.043422360823984874
105 w 45 0.11748313192789495
105 x 135 0.015268126340516885
105 y 59 0.023347712212435923
106 a 100 0.11395018139288937
106 c 144 0.03191007766261311
106 d 146 0.05578661760443604
106 f 119 0.010919246812244321
106 i 184 7.302702297073971e-05
106 j 118 0.030727932296004346
106 m 93 0.3441481189665051
106 n 0 0.16877612444386358
106 o 101 0.0198218598247637
106 w 151 0.06721620273973872
107 d 3 0.06307935143158461
107 f 156 0.03276509128606264
107 j 188 0.007561070683024362
107 m 156 0.42791155774838274
107 q 14 0.3432225338867184
107 s 134 0.08196821138701704
108 a 144 0.013585063714634193
108 c 163 0.29638156983976205
108 d 16 0.06088989218322627
108 j 8 0.04652791767648501
108 k 39 0.060197734295637795
108 q 63 0.026702465524832908
108 y 116 0.11754376847564674
109 a 164 0.05006689633851069
109 b 52 0.39953740061232623
109 z 158 0.30101162897182787
110 o 58 0.4950704843481992
110 q 102 0.3922361131225022
110 w 5 0.07331177102587905
111 a 41 0.048892911458228716
111 b 7 0.010567465521620245
111 c 4 0.005771790760345952
111 d 191 0.01872911917233555
111 e 168 0.09302172543908371
111 f 186 0.012103390784599433
111 g 40 0.03125438423649407
111 h 93 0.0033281929999914306
111 i 57 0.10202930506686714
111 j 184 0.03053276140392336
111 k 108 0.10855002256207225
111 l 12 0.012255347508859149
111 m 69 0.017635118341752132
111 n 12 0.04945972457978287
111 o 113 0.01665015064387898
111 p 174 0.052589334412764366
111 q 62 0.0050955255186703186
111 r 12 0.12230744456579279
111 s 96 0.07245729919796173
111 t 145 0.034805084754206295
111 u 84 0.006448230753486994
111 w 142 0.04798228582617403
111 y 0 0.005001666243577674
111 z 56 0.06995918639360776
112 b 170 0.000991758928547748
112 c 84 0.05167250309180027
112 d 10 0.046617577885581185
112 e 90 0.09560102337122023
112 g 108 0.18559389422617045
112 h 170 0.016322735424220358
112 i 24 0.007297984647180122
112 j 134 0.03952663552118696
112 k 161 0.024527749635046447
112 l 4 0.037061299468766684
112 m 170 0.0609526902841423
112 n 20 0.06581874084733597
112 o 22 0.0057459932407312175
112 p 164 0.01221308211829697
112 q 159 0.03439669304408666
112 r 59 0.030994810011023666
112 s 80 0.0980763546506187
112 t 186 0.042898907900248195
112 v 171 0.008717410491142163
112 w 159 0.004833162075160935
112 y 157 0.027083759087208503
112 z 21 0.1021662371681693
113 a 134 0.03134836352075254
113 c 81 0.06610297859294922
113 d 107 0.03212753124499357
113 e 147 0.11705222143061511
113 f 23 0.05980051236502515
113 h 97 0.026304361990135416
113 i 119 0.0345874927785349
113 j 91 0.014082528172221331
113 k 73 0.01587469406400721
113 m 13 0.018888880741277703
113 n 56 0.006900413299050667
113 o 180 0.06288512719729922
113 q 144 0.05658520214285345
113 s 165 0.051823089312934445
113 t 27 0.08013977422195462
113 u 58 0.02654806413923594
113 v 82 0.06283381519957854
113 w 159 0.017447660684155375
113 x 121 0.11764964998739702
113 y 103 0.05449565270456336
113 z 64 0.04436383930416565
114 a 57 0.02774200724560849
114 b 100 0.025023695124068435
114 c 29 0.08528290084071521
114 d 167 0.013141664247797058
114 e 43 0.04219555570608302
114 f 153 0.13874575097536368
114 g 155 0.03384778876970029
114 h 6 0.05856611804823875
114 i 146 0.004648549785627454
114 j 99 0.0222352835100319
114 k 150 0.08538851138262726
114 l 19 0.013711849521598762
114 m 125 0.0034113218333534645
114 o 73 0.01710487362689994
114 p 145 0.07109039491285218
114 q 129 0.02059242114413029
114 s 151 0.13836085896589845
114 u 29 0.020295214338223677
114 v 118 0.09033686887635706
114 w 185 0.005782289293359111
114 y 0 0.025599441947362744
114 z 89 0.012836513498828306
115 a 125 0.05350710907112555
115 h 24 0.3296201817451869
115 l 68 0.052741426299391825
115 m 64 0.13896662536201287
115 n 16 0.0013051302096820372
115 t 126 0.1183519981713611
115 v 146 0.036270182026544084
115 w 192 0.03743236626849478
115 y 21 0.2228091098206979
116 a 147 0.05184143743891656
116 b 173 0.21759568011217512
116 c 180 0.10021992028626636
116 j 15 0.01179709770485593
116 k 65 0.05698394505880244
116 l 41 0.18626998407338968
116 m 61 0.020903881642356126
116 s 187 0.20952301320812516
116 w 104 0.06598037018636149
116 z 148 0.026210476963178353
117 c 151 0.008564591925844134
117 f 76 0.00483888748015282
117 j 5 0.10750720249039614
117 k 79 0.2868905497976608
117 o 167 0.10579203378457025
117 q 53 0.04101225329562308
117 s 185 0.0383237150896647
117 t 118 0.044278594302675334
117 u 152 0.09974193659192387
117 v 9 0.042147068501799834
117 w 23 0.030966460544337715
117 x 106 0.03833561106192618
117 y 181 0.15024147658698195
118 b 140 0.024344614837578327
118 l 72 0.09446525600508804
118 p 98 0.4553863165551183
118 s 42 0.00019273813139264462
118 v 59 0.007053538885629429
118 w 95 0.07894843470323032
118 x 166 0.06433673406718743
118 y 130 0.1381668381482163
119 c 166 0.018142294003583248
119 d 17 0.09056928395770214
119 e 73 0.06613824358601661
119 f 32 0.010537756409815469
119 g 6 0.044002090566039986
119 i 155 0.0009508335416168467
119 j 140 0.03821584626999708
119 k 99 0.010058393999036186
119 l 157 0.09755822277659065
119 m 5 0.006806155963079985
119 n 26 0.05767165506409333
119 o 36 0.012064264578015682
119 p 158 0.07078233868169648
119 q 166 0.009618467452252144
119 r 17 0.02787154626815358
119 s 21 0.05310881288768232
119 t 88 0.10179938773469321
119 u 116 0.055913889160061125
119 w 153 0.06543327561016576
119 x 74 0.08769461361877151
119 y 106 0.03818448471557656
119 z 34 0.0030970955088946983
120 b 192 0.004647651484234072
121 a 181 0.0864831689449157
121 b 43 0.05181774455763677
121 e 55 0.1985044203965961
121 f 80 0.12812651935113428
121 g 38 0.04775064889103697
121 i 115 1.0177616346584983e-05
121 j 149 0.014311831976750788
121 k 132 0.021187864332960604
121 l 84 0.04231796442668945
121 n 67 0.007791996062113893
121 o 71 0.01986581554240263
121 p 93 0.0976665360585961
121 s 171 0.04226440473322657
121 t 180 0.07644463304790128
121 u 190 0.04807339375912956
121 y 73 0.06379706819867526
121 z 24 0.01748776602330404
122 a 168 0.060640587899921106
122 b 119 0.03361040280260097
122 f 161 0.19429473398695762
122 g 135 0.0035513210330703204
122 o 165 0.09452586075529945
122 q 23 0.11097684653210194
122 t 62 0.0906490732020181
122 u 13 0.03634135194710297
122 w 0 0.04008274013579005
122 x 130 0.11788034167937655
122 y 96 0.11700454986629583
123 c 21 0.3092916126258848
123 d 129 0.025576667982270096
123 f 184 0.2039438426298259
123 h 13 0.054355967813694006
123 l 128 0.10806717824857937
123 p 173 0.03708314457446671
123 s 64 0.11248988695895834
123 w 87 0.045262953252472315
124 a 172 0.1159981873304039
124 f 129 0.001801314120604136
124 h 168 0.0204335675804852
124 i 30 0.051769592150198274
124 q 130 0.09429191048831287
124 u 179 0.09233592106573674
124 y 76 0.10400319026968896
124 z 176 0.27325383798001324
125 c 81 0.4361852860768549
125 o 143 0.018503218816199207
125 u 132 0.10364204055006421
125 y 51 0.09765262487067061
126 a 166 0.0001264805447417361
126 b 95 0.021895300381705063
126 c 88 0.008520720086654276
126 e 168 0.024645549675865297
126 f 78 0.01751907616033377
126 g 27 0.03656554090077091
126 h 185 0.0012233162061402458
126 i 141 0.025047397480779776
126 j 54 0.04216863744140331
126 k 62 0.0029495860882994274
126 l 111 0.01763258652210231
126 m 85 0.02703515583361471
126 o 191 0.04429126441949993
126 p 144 0.025270069960035002
126 r 95 0.029084955087039233
126 s 193 0.07017131107817343
126 t 168 0.17954617949956642
126 u 76 0.02679825932902502
126 v 120 0.04417418978733956
126 x 32 0.002802596881172903
126 y 109 0.254906108116144
126 z 63 0.025280303643688384
127 b 171 0.01782448513891155
127 g 61 0.007466293559763693
127 i 82 0.126767262967037
127 l 149 0.027849779946309328
127 m 135 0.1846265179992469
127 p 156 0.07028440870120178
127 r 52 0.046151345867412874
127 s 185 0.0051623280832096
127 t 75 0.08425598904012566
127 w 87 0.24422808805811513
127 y 148 0.006592175852891513
127 z 190 0.09213488456589436
128 a 15 0.03489869092530429
128 b 6 0.1000892451687645
128 c 164 0.006388979987457133
128 d 32 0.07104332644842082
128 e 76 0.015317788277650957
128 f 150 0.044830832688097066
128 g 60 0.033155022246763255
128 i 7 0.06870925241873371
128 k 184 0.00030702487978173654
128 l 156 0.11825251731374387
128 m 91 0.018978909755938855
128 n 11 0.04435246720282027
128 o 104 0.04331496447798111
128 p 97 0.1679505093541186
128 q 46 0.10769239013333265
128 r 95 0.029330002476050443
128 u 165 0.02579908573881584
128 z 34 0.009270610574300675
129 b 37 0.06093712938348639
129 c 26 0.023645091772434235
129 d 116 0.15269292623376796
129 e 21 0.03821878224891828
129 f 111 0.039108426782457295
129 g 121 0.158370648194195
129 h 84 0.07219685674702625
129 i 28 0.022279509093318217
129 j 38 0.019074697963608278
129 k 26 0.005474265572184334
129 l 187 0.02539861168549995
129 m 82 0.007688994123941861
129 n 116 0.007670185507302252
129 o 83 0.04626036964415203
129 p 40 0.026068819807318677
129 q 158 0.017124551043199765
129 r 31 0.04541703963653687
129 s 136 0.006792141473257907
129 t 64 0.044393487815825194
129 u 27 0.034556603738785774
129 v 97 0.010292483752749826
129 w 81 0.008825826225951294
129 x 125 0.006417374417331589
129 y 52 0.005246275235464282
129 z 7 0.09506177819397843
130 b 103 0.024269767133194176
130 d 77 0.3962052258726604
130 j 92 0.04659859598840321
130 k 35 0.26499130450675346
130 l 4 0.013224561241057864
130 n 151 0.205053524546721
130 t 30 0.013722384523496611
131 a 125 0.003095634265082303
131 c 75 0.03315962909489678
131 d 144 0.04511167099188629
131 g 2 0.0299440103309232
131 h 62 0.11553280427864387
131 i 22 0.1001148294649925
131 j 140 0.024099734467740275
131 k 101 0.25129819389583197
131 l 98 0.05042640618982375
131 n 169 0.00942271025221475
131 o 189 0.06313959608621889
131 q 60 0.024961685109986753
131 r 69 0.0040281364315730706
131 t 17 0.09547779191433958
131 u 15 0.051082774106816164
131 v 6 0.014129592434107052
131 w 154 0.0050598359880715815
131 x 12 0.026192519380726087
131 y 84 0.007333037306890611
131 z 56 0.0308417047891959
132 c 184 0.6866408165246637
132 u 147 0.19667875809782565
133 a 115 0.0008765247371549378
133 b 103 0.026714960570316193
133 c 158 0.06100587620753717
133 d 22 0.006796182656625072
133 e 138 0.0482048336541292
133 f 172 0.004144981422666949
133 g 24 0.006812189846582939
133 h 94 0.02286338381478714
133 i 13 0.017749472206898376
133 j 109 0.15991184944196868
133 k 96 0.026135616034236864
133 l 72 0.038731820804462136
133 m 39 0.03737465257735162
133 n 72 0.021835965143723768
133 o 33 0.004522623765540246
133 p 9 0.020896967545210754
133 q 8 0.003795615256641849
133 r 105 0.05630516160554566
133 s 144 0.011147089383545694
133 t 57 0.01746659285158969
133 u 18 0.07528821502782534
133 v 31 0.05428866793309095
133 w 1 0.042234184850944545
133 x 143 0.015664188464012185
133 y 170 0.11801461031446381
133 z 157 0.04297865628671127
134 a 182 0.004042958530854457
134 b 135 0.020886780507497815
134 c 186 0.050618205444512676
134 d 143 0.030945823079690737
134 e 193 0.038699172339451526
134 f 2 0.013644055850081438
134 g 151 0.02566233125411621
134 h 48 0.10215269087310175
134 i 189 0.07477657684166661
134 j 182 0.009400919057115154
134 k 80 0.04145333821816555
134 l 93 0.04449466296315818
134 m 150 0.03168638632725118
134 n 4 0.043438744202744184
134 o 134 0.011298749726442625
134 p 3 0.11772067149746046
134 q 120 0.0027101200355742483
134 r 161 0.014488724104521178
134 s 81 0.03947508120257415
134 t 29 0.06616804284254096
134 u 177 0.044475910034588395
134 v 76 0.07994966819400029
134 w 165 0.014291232968699275
134 x 61 0.056874061903162465
134 z 15 0.0020596817524172195
135 b 180 0.001134002934127576
135 e 94 0.2594529574855786
135 i 181 0.03787955214811933
135 j 180 0.011837611149194682
135 l 89 0.1182058920711
135 m 34 0.08258407426800563
135 p 29 0.02662958114131131
135 q 86 0.03083993939613594
135 s 192 0.008673191045156958
135 u 9 0.2874804426247949
135 x 149 0.025651719507367998
136 a 8 0.13847555288521585
136 b 42 0.17355274922807384
136 e 42 0.16704651722307706
136 f 48 0.08521086703697633
136 k 75 0.21788775427491425
136 z 88 0.059748080259452
137 x 106 0.7093558556998097
138 a 174 0.03496071806352252
138 b 81 0.05832524705136699
138 e 3 0.0071741996040380895
138 f 141 0.027891234306225754
138 g 94 0.051806116707551086
138 h 149 0.07327258882602339
138 i 69 0.11969540525677091
138 k 80 0.08640997005767381
138 p 101 0.019188027612619507
138 q 69 0.05105109390172835
138 t 107 0.023057229181306482
138 u 187 0.055632278255719814
138 v 63 0.07498017113270516
138 w 121 0.10379552040227802
138 x 87 0.02155125986822004
138 y 1 0.012545611745036878
138 z 169 0.15385522738904311
139 a 53 0.043990007508130424
139 b 68 0.04176318117419564
139 c 66 0.029871986358790403
139 d 4 0.08366888363808556
139 e 65 0.017004533838615443
139 f 15 0.02704644032332082
139 g 36 0.15474195735622087
139 i 146 0.1389168669033426
139 k 45 0.005323998465784352
139 l 146 0.0062438047433939214
139 m 37 0.05168044753782841
139 n 17 0.030178483299417524
139 o 186 0.05452302355729821
139 p 145 0.00013596426821871344
139 q 26 0.0759937464666075
139 r 7 0.0040971327562707716
139 s 102 0.011291768597801677
139 t 122 0.026402975136885276
139 u 129 0.013747553353966158
139 v 136 0.008481998742092989
139 w 20 0.06253099713711052
139 x 11 0.016303126555952563
139 y 183 0.009834596734525136
140 e 91 0.02855796319590187
140 g 28 0.04157556684725594
140 j 171 0.1840859143237733
140 s 98 0.168181751105141
140 t 12 0.060369611861607164
140 u 92 0.07277585732916891
140 v 6 0.03328655212974818
141 a 176 0.004175744694718708
141 c 34 0.045899811666424206
141 e 58 0.10303849275175547
141 g 68 0.0032895202591705086
141 i 102 0.02206931253267641
141 j 190 0.08434875091234684
141 l 49 0.049897948466795405
141 m 76 0.015302136084224482
141 q 99 0.056021103165312724
141 r 54 0.043849004905146094
141 t 25 0.028999025843009063
141 u 102 0.026891072603429267
141 v 73 0.13045270459397063
141 w 121 0.11817200660425975
141 x 70 0.0010076804428803543
141 y 27 0.04177413863349433
141 z 140 0.021566039729237096
142 a 28 0.009353007022828708
142 b 45 0.2316248654152424
142 c 80 0.04064176428069899
142 f 108 0.0080563781142996
142 g 126 0.012928843372929322
142 i 186 0.019339129920496356
142 j 154 0.12576936722295018
142 n 182 0.3043473055402284
142 p 141 0.011591828129679183
142 v 143 0.003988048006775435
142 y 115 0.07343440079561248
143 c 155 0.12034829525235247
143 e 127 0.022988892497907365
143 j 101 0.07538548874156015
143 k 152 0.03189237116088961
143 n 20 0.0041217787218346125
143 o 59 0.1779507903860681
143 s 58 0.018178108542573068
143 u 137 0.06288254903515822
143 y 30 0.07353665980276203
144 e 114 0.354709655266097
144 n 93 0.06520674109656655
144 s 180 0.016248110643303226
144 w 35 0.1890282290111519
144 y 127 0.2448598828607078
145 a 93 0.13746191734893964
145 b 21 0.019574196263563826
145 c 61 0.046539148122366814
145 d 3 0.050191743492848384
145 e 161 0.036773767377206834
145 f 132 0.0017088702511912635
145 g 82 0.0018894189223407354
145 h 51 0.17810079298803294
145 i 104 0.01668377606383209
145 j 148 0.11139832744584621
145 k 76 0.026150627402273363
145 l 92 0.03023558633727985
145 m 33 0.00714469868525458
145 n 18 0.0018639916252998212
145 o 21 0.051256981314852346
145 p 55 0.04240770206104205
145 q 119 0.11687382009225877
145 r 64 0.005327428795426137
145 s 12 0.026180479068573792
145 t 145 0.004904901604762757
145 u 104 0.010166249602806654
145 w 157 0.007148507741849386
145 x 32 0.06748321755500752
146 g 141 0.027849735943496712
146 i 39 0.6918645916810598
146 r 27 0.21838725681770754
146 z 150 0.05924364901528223
147 b 4 0.09096244308558965
147 g 151 0.09884212693971395
147 i 106 0.008601084435340911
147 m 43 0.41229895067987965
147 n 66 0.05411678587496216
147 p 7 0.08482347367042242
147 s 141 0.0006723274195377105
147 x 187 0.1330008053982552
149 a 57 0.11067954466690388
149 c 116 0.016572647211066216
149 d 52 0.06198868501316224
149 h 184 0.13847703223966334
149 i 78 0.23293452847304097
149 j 99 0.015976852188958834
149 k 122 0.014719028212852647
149 n 48 0.08285778864594029
149 p 3 0.022673245742548476
149 r 179 0.04915848317841642
149 s 77 0.0007136832946093019
149 u 68 0.12162555006059539
149 v 12 0.016078074038023638
149 w 29 0.02572109269305134
150 a 135 0.1150456328393008
150 b 6 0.040142780466545847
150 c 157 0.03377151560561131
150 d 84 0.02057534961949481
150 e 48 0.001515075425545076
150 g 76 0.08203094002501088
150 h 38 0.0014921157089738957
150 j 95 0.0011733562963388566
150 l 134 0.003731383257215559
150 m 77 0.022736210941178503
150 n 138 0.05131416000958766
150 o 67 0.05075687866121459
150 p 1 0.08642663520170757
150 q 123 0.10835211057398864
150 r 77 0.033210456887662
150 s 138 0.005568083172030502
150 t 190 0.045086936193367455
150 u 106 0.19945578721165647
150 v 97 0.0017179311691476462
150 w 112 0.011529766355279691
150 x 64 0.011971609030666963
150 y 91 0.0027747048661466156
150 z 135 0.03430597765844179
151 a 154 0.002907506608195609
151 b 139 0.04264953096844548
151 c 191 0.023856298009761523
151 d 166 0.10621903758603068
151 f 148 0.04846101796668001
151 g 161 0.05331842311438406
151 h 74 0.010752082704694077
151 i 39 0.07008785685628183
151 j 173 0.0035629761326940734
151 k 99 0.06286693328813031
151 l 136 0.02439624733245549
151 m 5 0.020565241639896592
151 n 127 0.03164676070540651
151 o 71 0.024077837001045266
151 p 124 0.04376951192727718
151 q 63 0.06245097084086082
151 r 106 6.174011112769495e-05
151 s 122 0.027635679244763733
151 t 122 0.020091583916665323
151 u 3 0.04234553431488097
151 v 5 0.0053544694500095025
151 w 76 0.09050855057426777
151 x 32 0.0063285249634726926
151 y 135 0.16369355462540403
151 z 146 0.004283002091785892
152 a 8 0.031679299683015305
152 b 47 0.028178205059096073
152 c 102 0.006290366119872215
152 d 100 0.15740275475944665
152 e 19 0.037593130774338124
152 f 183 0.0158325855854492
152 h 1 0.08130086976005302
152 i 77 0.03339942145646335
152 j 8 0.017118353402649222
152 k 32 0.08950542598673439
152 l 12 0.019944966544193643
152 m 39 0.018674133828982087
152 n 89 0.04136668023135792
152 o 192 0.10244732578672933
152 p 26 0.05210225246615785
152 q 47 0.049712613352888235
152 s 186 0.07459165421798197
152 t 85 0.000839303962315574
152 v 32 0.021494280335527582
152 w 27 0.0012918547848077555
152 x 147 0.026424337840290524
152 z 65 0.07584757331690672
153 b 147 0.008883171464387773
153 c 171 0.05690514809359182
153 e 137 0.0723944291875761
153 f 130 0.06172667877680571
153 g 147 0.05894213000000492
153 i 168 0.047664521728102316
153 l 5 0.06974655250782569
153 n 165 0.01049733507993722
153 o 97 0.023649929134037517
153 p 31 0.0975512338147595
153 q 187 0.04594287130292585
153 r 39 0.11397133326381137
153 t 25 0.06943143500703886
153 u 10 0.02529877625008925
153 v 18 0.11187856230133986
153 w 2 0.019001439226489558
153 x 138 0.018143525380144854
153 y 78 0.006150626791437852
153 z 0 0.03501396802041812
154 b 26 0.09596316304354913
154 c 134 0.003768044554779082
154 d 138 0.032053946640442366
154 g 118 0.08601260821510803
154 h 35 0.060296777910457844
154 i 140 0.02249282865014479
154 k 27 0.13548560183239755
154 l 131 0.02061122391099235
154 o 110 0.037531909424113774
154 p 22 0.09315435872629796
154 t 116 0.027799587312387297
154 v 30 0.06906810368288285
154 w 192 0.08048493658597411
154 x 70 0.014173086190390038
154 z 14 0.16995513532105833
155 a 119 0.006019550687976216
155 b 63 0.0788084094829209
155 c 99 0.0009416251652299978
155 d 150 0.01727884985271111
155 e 113 0.00774005004807965
155 f 133 0.021390675454416752
155 g 23 0.01556883372718365
155 h 41 0.043236348433736915
155 i 19 0.03577300766658442
155 j 101 0.11345575689936449
155 k 159 0.0011379321918436602
155 l 25 0.05905714424513886
155 m 135 0.01810773939482402
155 n 74 0.09297948392832334
155 p 77 0.03880217690291721
155 q 36 0.02791139091505057
155 r 82 0.007464628047114785
155 s 62 0.042730327865790785
155 t 29 0.02614149072465266
155 u 86 0.022706974601399255
155 v 154 0.01120908741490012
155 y 79 0.2064725148520018
155 z 33 0.012857131245351705
156 c 144 0.14126192924463876
156 d 170 0.012886608607257655
156 f 127 0.06976456267231157
156 l 166 0.04258603935047511
156 m 92 0.012331480619029556
156 n 60 0.12613673937361602
156 o 68 0.10659153550061695
156 p 50 0.18418151542972738
156 r 179 0.05466300064874108
156 s 39 0.058190729355434345
156 t 123 0.015456282904783292
156 u 115 0.11580162435023955
156 y 108 0.01181582609542442
157 e 26 0.31687006563457654
157 j 98 0.058967016333650535
157 k 14 0.21062067523026973
157 n 176 0.005433911464586272
157 s 62 0.057498892271133695
157 v 156 0.0178393777215613
157 x 108 0.033366708248608656
158 a 151 0.019196333766143492
158 c 166 0.008333711839732527
158 d 83 0.18741668111324017
158 e 152 0.048663008854691214
158 f 41 0.03325528502893238
158 g 2 0.09488341603328787
158 h 117 0.0049414804614280605
158 i 78 0.1785374915611695
158 n 69 0.20783350038551252
158 s 62 0.06952359011986431
158 w 193 0.01915414677020888
158 x 110 0.08587055291121559
159 c 19 0.04873693011731828
159 d 41 0.1290483527529146
159 e 182 0.048326772611803404
159 f 126 0.01561955965819073
159 g 174 0.11336063995138901
159 i 121 0.05162660213958159
159 j 146 0.2927418385443238
159 q 170 0.008735205453706207
159 v 140 0.08517007577208469
159 w 57 0.06509618619847979
159 z 122 0.012398823372061996
160 j 188 0.8612959156088398
161 a 103 0.08440738451924168
161 b 33 0.025259329470556202
161 c 76 0.017964346498975492
161 d 164 0.04052558211866175
161 e 132 0.1765956616890173
161 f 151 0.4221263241248646
161 h 167 0.03972342305034937
161 i 188 0.0024441898504058424
161 j 73 0.000773618979780788
161 l 111 0.01599389904805948
161 m 116 0.01508371351984572
161 n 137 0.05841932617359935
161 o 154 0.006655791147542334
161 q 125 0.005574178920753625
161 r 23 0.009158376933182222
161 t 142 0.005269775680033617
161 u 7 0.019005132161193816
161 v 17 0.010954907785561074
161 y 117 0.03884685165844026
162 a 90 0.013669432050544272
162 d 42 0.07631298008338883
162 f 90 0.02548362477346
162 i 70 0.00941487766158422
162 l 63 0.016134792493175065
162 n 170 0.03425489668152226
162 o 166 0.26206118441175685
162 p 91 0.04609479121586035
162 r 87 0.03163296968335716
162 t 34 0.13816936312137196
162 u 32 0.07576855756163847
162 v 66 0.06014302288296103
162 x 189 0.015891879532162978
162 y 38 0.1017622388736803
163 a 57 0.2007493095720433
163 e 94 0.0214054369267761
163 h 123 0.14685571197952985
163 m 82 0.08565262308019472
163 p 0 0.06414039970612351
163 q 73 0.12382805877092662
163 t 14 0.18453705848445423
163 v 29 0.08551378290516054
164 a 6 0.02064538005879124
164 c 77 0.010313226613877569
164 d 11 0.044719436455417316
164 e 109 0.009762729786364055
164 f 2 0.004816815489318449
164 g 51 0.035461549253637314
164 h 20 0.06372379907837111
164 i 80 0.02737267946421229
164 j 77 0.10677337820547284
164 k 44 0.0023609499628137742
164 l 15 0.0806969097187028
164 m 6 0.02088933673808424
164 n 191 0.037986434763771615
164 o 101 0.022164346613941732
164 q 136 0.042566461553282364
164 r 49 0.019607036011044632
164 u 20 0.05362066944049171
164 v 18 0.0753130411501608
164 w 90 0.008248590452948124
164 y 56 0.05647543760255691
164 z 126 0.1348730329781811
165 a 127 0.12441108717216642
165 b 52 0.06509557986132841
165 h 168 0.05209048142861494
165 i 33 0.04366578695905421
165 j 77 0.04051021554236656
165 k 43 0.01294586960782984
165 l 114 0.010210163912716674
165 m 46 0.08856228685732404
165 n 43 0.01951065310699507
165 o 31 0.07369170754472765
165 q 130 0.02129754208965806
165 r 3 0.0566846837350391
165 s 100 0.06689899377767095
165 t 134 0.08680019793626637
165 u 166 0.12169677923567779
165 w 143 0.027527308449714072
165 x 14 0.01703819596334677
165 z 130 0.013890477784484268
166 a 41 0.00031322439424252835
166 b 193 0.015776554780978724
166 c 119 0.061169864050117595
166 d 130 0.005158812635116861
166 e 135 0.024673058306032503
166 f 160 0.019853312687085123
166 g 160 0.040970612735171774
166 h 63 0.0007026790348165779
166 i 23 0.08018883013495115
166 j 161 0.0018934757077190278
166 k 164 0.034551139313695356
166 l 144 0.013695557620976517
166 m 18 0.029515042087934984
166 n 47 0.020783687036860732
166 o 86 0.033883698573125676
166 p 150 0.042536065121257294
166 q 19 0.09190537553455258
166 r 125 0.034692315362643944
166 s 65 0.16931077871080435
166 t 68 0.006216893199597062
166 u 117 0.060480868281422295
166 v 91 0.07054933466679947
166 w 173 0.005958872387784031
166 x 12 0.008468965621876379
166 y 77 0.04415162816065288
166 z 79 0.046497553557706794
167 b 62 0.1019661015546568
167 c 108 0.000953573220181192
167 e 40 0.03473984249520212
167 j 78 0.18008420958497684
167 l 98 0.024936333186268422
167 n 68 0.08726155447483286
167 o 7 0.02022551251231053
167 s 77 0.1465148389502342
167 u 28 0.07205134969546889
167 x 25 0.1776771876975276
168 a 156 0.006577964927356517
168 b 14 0.014824030764478802
168 c 40 0.16298046064426852
168 d 77 0.012154834912232682
168 e 5 0.01915477069322491
168 f 102 0.062460827233585925
168 g 30 0.04547227388574515
168 j 65 0.12453396114051463
168 k 130 0.001037247143240272
168 l 8 0.014283916416235054
168 m 19 0.03105081989912306
168 o 74 0.07978506852086409
168 p 121 0.04099101093228119
168 r 140 0.019348654464689585
168 t 44 0.0038331696602389442
168 v 124 0.10463534884152703
168 w 14 0.02226740758326362
168 x 179 0.07319852932278992
168 z 54 0.10951841886214297
169 b 145 0.04643539426216814
169 d 83 0.05649521966753335
169 e 48 0.057695362391445904
169 i 145 0.028413447393446645
169 j 152 0.013379933611260775
169 k 2 0.010997309017213963
169 l 110 0.08832915883422454
169 m 184 0.2282036529874084
169 o 131 0.0729039960283876
169 p 154 0.21784832177998104
169 q 1 0.0031471096371409324
169 s 54 0.03753288707084457
169 t 71 0.06050459350759141
169 v 138 0.04355783627772858
170 h 71 0.060344632477378646
170 q 135 0.1523641645932493
170 r 44 0.05423132326097202
170 s 179 0.717963353853544
171 a 117 0.025759203571446787
171 b 185 0.08180157433348756
171 c 149 0.0014528562751757734
171 e 145 0.03841919649873282
171 g 3 0.033020645288191264
171 h 36 0.05626508367857397
171 i 33 0.05448377730532228
171 k 26 0.062069354967734025
171 l 122 0.016069693806785912
171 m 73 0.19090969776078048
171 n 143 0.03050134407507399
171 o 64 0.000124522039163244
171 r 129 0.013898231419685159
171 s 172 0.009044155983224056
171 t 108 0.054580174798338654
171 u 187 0.003640404388247087
171 v 76 0.17384831194985462
171 w 50 0.019428841078053094
171 x 11 0.009049653766509458
171 y 121 0.016563779618421037
171 z 149 0.033948888613744344
172 a 17 0.0943484623593922
172 b 109 0.06912483276297843
172 c 115 0.05109310881595952
172 d 26 0.04709552945020934
172 e 71 0.02778632792100255
172 g 32 0.008422918564441106
172 h 31 0.06829560226724707
172 i 175 0.011993034467558839
172 j 13 0.06659159029919814
172 k 84 0.056539594997769616
172 l 81 0.07019672038365177
172 m 20 0.11327113794351173
172 p 91 0.0072950009404791905
172 q 153 0.05184404293576517
172 r 61 0.023368956551813147
172 t 89 0.021709805464571796
172 u 139 0.05170993240843613
172 x 192 0.026169059704866826
172 y 151 0.0822649766639515
172 z 77 0.048093496843241046
173 a 57 0.0034348137682478352
173 b 171 0.014710503734882918
173 c 18 0.003261287075843833
173 d 131 0.006581277998460311
173 e 181 0.005185322488217681
173 f 172 0.07113880498674507
173 h 163 0.030538854730592035
173 i 163 0.014811684144937609
173 j 50 0.04062735050569366
173 k 128 0.024384814649218267
173 l 17 0.004573386481151354
173 m 186 0.12451545646443185
173 n 21 0.15893182225800506
173 o 83 0.15114140332867432
173 q 81 2.1648169447163745e-05
173 r 108 0.07215107576138402
173 t 103 0.05875474295359073
173 u 84 0.044832213359444095
173 v 27 0.0004648482522566777
173 w 102 0.13929255571025378
173 x 109 0.015807306434090562
173 z 25 0.01173435629044095
174 a 141 0.021282568796479828
174 b 102 0.00959922055147433
174 c 131 0.025635885946875936
174 e 73 0.04698697962460663
174 f 58 0.00327438928750845
174 g 106 8.493541914833536e-05
174 h 186 0.045906218093135
174 i 40 0.17340215142013182
174 k 118 0.049660315992911985
174 l 140 0.06425429182339482
174 m 5 0.0014642476936526094
174 o 126 0.009881719873435557
174 p 184 0.009437628982530422
174 q 159 0.058155586922498004
174 r 48 0.11184971366833862
174 s 163 0.06037314799929616
174 t 42 0.08076663059038347
174 u 138 0.010717914458589162
174 v 82 0.041953425593210025
174 w 173 0.05183437963193427
174 x 8 0.02288023445392362
174 y 28 0.09144457596724642
174 z 41 0.006023418192759977
175 a 19 0.05646605065243471
175 b 90 0.011887075483669296
175 c 13 0.05557374859601838
175 d 154 0.0613297309441565
175 f 44 0.02692222525245125
175 g 140 0.0819816451207831
175 h 90 0.046102236797874174
175 i 184 0.10141632265083933
175 l 153 0.12832394330470132
175 m 52 0.10088862466070325
175 o 106 0.05813529077139734
175 q 57 0.0027662589498214096
175 t 40 0.19967143660014985
175 u 96 0.057492455134939835
176 a 68 0.06174898487713332
176 b 106 0.0057427765528415
176 c 114 0.061366519763155325
176 e 113 0.17381902259377258
176 i 51 0.062117160462989984
176 j 155 0.012533382616588984
176 l 156 0.00120992876311099
176 m 120 0.058507636461717194
176 o 17 0.005445270197326546
176 q 143 0.05510370799289799
176 v 98 0.26603707119278275
176 w 124 0.21586083481977514
176 x 127 0.001959614614321925
177 a 19 0.12991199208588677
177 c 189 0.0021571564734793602
177 d 150 0.0720740656381752
177 f 62 0.0026425816074390207
177 g 127 0.05947255356576875
177 h 3 0.17152149512025705
177 i 9 0.0057616647223013295
177 j 15 0.017551823182423987
177 k 16 0.07266228745723646
177 l 80 0.0037571695234297486
177 m 32 0.011352890072722888
177 n 136 0.012754526452696702
177 o 65 0.019032766214243546
177 p 122 0.055990773559904006
177 q 66 0.02300087291601316
177 r 156 0.015629653198326876
177 s 12 0.016090790666250077
177 t 147 0.18467687020944645
177 u 165 0.03757110781291795
177 v 1 0.008912519653048845
177 w 182 0.03153144489062709
177 x 35 0.03273693248439713
177 y 48 0.004957453050357663
177 z 128 0.006772445194204391
178 a 35 0.04129413031987916
178 b 93 0.04662651738102974
178 c 144 0.00898148207215499
178 e 2 0.08217641291736522
178 f 73 0.001707400297598305
178 g 51 0.09912323854806293
178 h 167 0.01613859806372875
178 i 122 0.001103203357347815
178 k 32 0.031115971053599978
178 l 64 0.0007495906741102898
178 m 27 0.027997121535121128
178 n 105 0.09608260030191385
178 o 142 0.05943968662925081
178 p 91 0.06754912726582596
178 q 46 0.02644339203843482
178 r 151 0.02120294315861293
178 s 117 0.04335801832045816
178 t 118 0.06936844112345164
178 u 153 0.008056185555493922
178 v 149 0.027983411093509325
178 w 28 0.02974564725978457
178 x 18 0.005368621785405092
178 y 97 0.12433085225596108
178 z 18 0.062410569370801916
179 a 73 0.03891397302304245
179 b 182 0.06384870934666953
179 c 114 0.01883101864563952
179 d 99 0.08109862986697625
179 e 56 0.07645301504640112
179 f 11 0.01621895814784835
179 g 171 0.04849109682531749
179 h 186 0.08524657003432856
179 i 144 0.11318034225680373
179 j 102 0.04024975481425608
179 k 114 0.02020221281830148
179 m 84 0.004617256668257297
179 n 173 0.09106983173774064
179 o 70 0.007441446666373808
179 p 155 0.06087380168029799
179 q 102 0.03738418965351531
179 s 160 0.0057614720440247735
179 t 19 0.005075282532922665
179 u 111 0.04668960231957153
179 v 86 0.009594334474773092
179 w 146 0.003509500700769941
179 x 94 0.07703018585250454
179 y 129 0.017509880652039067
179 z 154 0.0023368671242383066
180 b 124 0.03071225363968888
180 d 71 0.07955745244798673
180 f 95 0.07628139374473575
180 g 92 0.07768414571709337
180 h 129 0.0019318408674142695
180 i 103 0.006755853216211083
180 k 60 0.06704773993136937
180 n 138 0.01792089641014627
180 p 55 0.07366340316993647
180 q 90 0.1696952973153001
180 s 169 0.14472660095452883
180 t 166 0.03304306103282739
180 u 80 0.018056063595405236
180 v 133 0.03527895957691529
180 y 43 0.057584269051537684
182 d 100 0.05780560570069604
182 f 127 0.005100344925634603
182 g 115 0.0031903171028420108
182 i 178 0.17223968176612714
182 r 158 0.28943045666302447
182 t 171 0.06548183637054328
182 u 178 0.06889229042249012
182 v 1 0.047639651447837106
182 w 141 0.03752677808104421
182 x 95 0.024242698923460093
183 b 155 0.13724322189326577
183 d 147 0.04676637820448981
183 f 176 0.07012060682641807
183 g 25 0.06450400555939972
183 j 52 0.0024802129073764334
183 n 147 0.15075356733133627
183 o 176 0.10874651957848114
183 p 13 0.0013379056829704306
183 q 184 0.11049089070921558
183 r 26 0.12225498498960641
183 s 145 0.003687570785915417
183 t 154 0.03977024802960272
183 w 27 0.03635803826477613
183 x 23 0.06409649977349341
184 b 16 0.00115648495386933
184 c 38 0.007606814710340082
184 e 5 0.057559333911098576
184 j 118 0.14252605792094275
184 k 171 0.04524124908839966
184 l 46 0.10438191897667126
184 m 174 0.013076196329586343
184 o 132 0.15582183866797927
184 r 145 0.01077041730025663
184 u 83 0.08835364735711804
184 w 46 0.06779673196998048
184 x 132 0.03685008736549489
184 z 104 0.0321388734256034
185 d 53 0.0691247553984472
185 e 30 0.2965384896042673
185 f 69 0.12180978761588757
185 h 0 0.29437592419893366
185 k 137 0.0019810508336245425
185 n 183 0.026600743289238227
185 q 21 0.006758967916084324
185 s 6 0.06317041012832625
185 w 55 0.039646047777486926
185 z 98 0.04529763125591035
186 b 34 0.06780988685730849
186 c 40 0.052730747126542576
186 d 53 0.10370043022090525
186 e 13 0.023359933590623827
186 f 97 0.01856880464451749
186 g 172 0.004548927732403785
186 h 92 0.08893995950418232
186 i 127 0.008373135713804714
186 j 1 0.07604627997058333
186 k 180 0.03302666445846669
186 l 108 0.017674851351316523
186 m 6 0.026842842759655428
186 p 163 0.01990399524766373
186 r 180 0.037751294368592814
186 s 126 0.030203888211257968
186 t 12 0.08788163252107328
186 u 171 0.04499989010975325
186 v 57 0.03402107161513657
186 w 162 0.002047437694971177
186 x 70 0.07201481580959579
186 y 54 0.12198785202683893
186 z 80 0.0006303871000497008
187 a 72 0.03743348527096657
187 c 189 0.11782898671141862
187 e 163 0.03989576501226655
187 h 45 0.0023619475591545314
187 i 37 0.044949295110808696
187 j 35 0.09323251635237051
187 l 187 0.18471624108533968
187 n 51 0.06641187327717513
187 o 79 0.03280618382227807
187 p 76 0.11268169425930474
187 q 106 0.022315578218450316
187 r 20 0.02594123518412972
187 s 65 0.02653405434770395
187 u 190 0.00912394380324455
187 v 86 0.09504458491888146
187 x 164 0.05656677222026352
187 y 154 0.014156387304430473
187 z 43 0.00811467216605799
188 a 45 0.021212970310907853
188 b 72 0.04380509960025203
188 d 24 0.047374093550535123
188 e 128 0.030118206042681672
188 f 70 0.20884020306811102
188 g 127 0.02690754171080234
188 i 16 0.04188880641949366
188 j 15 0.039944782968352244
188 k 68 0.06021622242105784
188 l 26 0.005498922527979677
188 m 26 0.01658142881174529
188 n 35 0.002920654388997135
188 o 60 0.0442615473495539
188 p 162 0.058793981206163304
188 q 102 0.010580821286009345
188 r 168 0.06420092709283409
188 s 186 0.021288775509058055
188 t 122 0.013105710159405981
188 u 155 1.0733386447636661e-05
188 v 107 0.08057037568107406
188 w 152 0.011114315307532374
188 x 141 0.004693222179546264
188 y 19 0.01965620629427811
188 z 20 0.04205097875177055
189 b 92 0.007460835866736959
189 c 154 0.0670945302990471
189 d 65 0.024550588787187966
189 f 29 0.004120542586804166
189 g 161 0.16974882957944037
189 i 19 0.09829664038293762
189 l 88 0.0994001661078513
189 m 172 0.027380919180522767
189 n 154 0.02696769690101075
189 o 54 0.006333042270046385
189 q 101 0.077947871461852
189 r 167 0.07073555417892097
189 s 31 0.011945113171374255
189 t 68 0.05817072056489425
189 u 102 0.11062935517225625
189 w 150 0.02993441254140472
189 z 119 0.0682414259146884
190 a 112 0.10116348031643829
190 e 33 0.10913169548671342
190 f 171 0.05144803519643437
190 g 175 0.06743371953148758
190 h 23 0.0020647105352661344
190 i 12 0.011272198114891552
190 k 110 0.00832371921974695
190 l 89 0.013181227516869787
190 m 137 0.009597378550976088
190 n 65 0.058119184559608184
190 q 37 0.020292317526260373
190 r 10 0.12448349873155096
190 t 175 0.0651193786046701
190 u 133 0.016709953060002003
190 v 50 0.014402324800384392
190 w 34 0.11704595135073081
190 x 24 0.03692228279770515
190 y 8 0.04009749447705424
190 z 105 0.05503823031150534
191 a 184 0.061646358811554225
191 d 161 0.01688982419703644
191 j 51 0.23846679058309994
191 n 98 0.03810606462852684
191 r 51 0.14541348172438628
191 s 45 0.10439883769033609
191 v 152 0.017643932959060526
192 a 3 0.028438488023364683
192 b 129 0.17345309887176785
192 c 29 0.07417564887068062
192 d 23 0.1330458552327971
192 e 102 0.03398489080476752
192 f 87 0.057299413833627355
192 g 159 0.03159006206380721
192 h 49 0.11379009073414104
192 j 176 0.03685282585832084
192 k 177 0.06737141553933024
192 n 135 0.04422794086417858
192 o 48 0.04351431783051751
192 p 186 0.007035304945316567
192 r 14 0.008581575848195855
192 s 30 0.03531547286684644
192 t 178 0.0050327211085817725
192 u 168 0.03870918627093978
192 v 138 0.005085704334947372
192 w 41 0.02882229338118636
192 x 82 0.015163189823902745
192 z 93 0.0035799000021431437
193 c 152 0.22199674030950656
193 j 178 0.14371386939319764
193 x 79 0.3909685273778285
