21 26 329
0 0.059891643629333746
0 0.005437043721669532
0 0.00819851733232968
0 0.005762777753075987
0 0.019605917415663754
0 0.1296005290930735
0 0.0031952436494513403
0 0.0767984150129547
0 0.14982260062638975
0 0.009919702165852029
0 0.1800932957931326
0 0.04839949398995247
0 0.02468846314294937
0 0.021937267531585092
0 0.03624486241310898
0 0.021503040013851393
0 0.005595628077969983
0 0.007698735502867593
0 0.00890335178661894
1 0.08785089574562532
0 0.056963987501381985
0 b 1 0.05481252678243642
0 c 3 0.02846648795578799
0 d 2 0.029179207836260157
0 e 3 0.014368411613185805
0 f 17 0.032149569268583034
0 h 4 0.07657312490402945
0 i 5 0.1281778363192685
0 k 13 0.03385535278459928
0 m 13 0.014236452864083482
0 n 14 0.009390727624202566
0 o 5 0.0596320534969107
0 p 2 0.07069405242488092
0 q 18 0.029621223764840776
0 s 13 0.08969511282512854
0 t 2 0.12228998706620386
0 v 3 0.06211803087602119
0 w 4 0.008740948437074736
0 x 13 0.056442291832060065
0 z 17 0.019664957695108787
1 b 7 0.20694106196796258
1 c 2 0.002530409704928571
1 d 6 0.006925999811671302
1 e 8 0.10460215224262404
1 f 14 0.01539715835005906
1 g 9 0.010644412245979451
1 i 11 0.012395893322067586
1 j 16 0.007122406494439293
1 k 7 0.18236870858574372
1 l 15 0.003016163654526949
1 m 9 0.06737574742022823
1 p 19 0.1133430295068586
1 q 5 0.017539542390612284
1 s 7 0.050142200641814294
1 t 13 0.002169785783413203
1 u 16 0.0763653862297341
1 v 15 0.0069244058474075
1 w 2 0.02295734697867713
1 x 10 0.06597209852884856
1 z 17 0.019829046570734032
2 b 11 0.0965119506512142
2 c 0 0.09279333954572211
2 e 6 0.07878053055049616
2 f 15 0.08310090348352894
2 g 19 0.006678965873581522
2 h 7 0.01734626473863987
2 i 6 0.024235000799533557
2 k 15 0.04847571506996595
2 l 3 0.031320730254603135
2 m 14 0.03204736463251234
2 n 16 0.05464466813981805
2 p 15 0.0044991255756803294
2 q 18 0.03548166397192487
2 r 4 0.01161534317235724
2 s 19 0.02028201414147257
2 t 5 0.05486098100725445
2 u 15 0.05023040538743673
2 v 17 0.053114232195179634
2 w 3 0.08578915410770749
2 x 5 0.01529560451394707
2 y 0 0.07414465462761688
2 z 8 0.020552870227477205
3 a 17 0.1786900156281711
3 c 6 0.02677475300368659
3 e 8 0.020739815040797027
3 j 1 0.01861005479616884
3 n 15 0.0975442730167867
3 p 16 0.16635631953013674
3 q 18 0.002355956314966434
3 r 15 0.004967059653015249
3 s 4 0.12257823646874788
3 t 7 0.22482910524856226
3 u 18 0.032390768438391726
3 v 10 0.05610760240583401
3 z 6 0.04229326270165945
4 a 1 0.01428672749537896
4 b 5 0.03848505721080997
4 c 10 0.0122943530802464
4 d 12 0.019738247556512323
4 e 19 0.013258938034208967
4 f 17 0.03127282526475017
4 g 8 0.038215953298899374
4 h 2 0.02617318160465132
4 i 14 0.021149981684837393
4 j 6 0.01869038686747171
4 k 15 0.023444816759406795
4 l 6 0.0597579932188923
4 m 17 0.05273652271324969
4 n 4 0.031778735827640237
4 o 6 0.08716581367548104
4 p 16 0.05600424994389397
4 q 10 0.1944708047288155
4 r 1 0.0004970603880682933
4 s 5 0.002767886259275709
4 t 19 0.03902543878271081
4 u 1 0.03315468661608767
4 v 11 0.05877151172474526
4 w 13 0.013597589074341498
4 x 15 0.03757930323766867
4 y 9 0.024583386150790143
4 z 14 0.03149263138550207
5 j 8 0.36050473385549087
5 k 16 0.47352173638364525
5 y 12 0.03637300066779037
6 d 14 0.11228313545652979
6 g 17 0.02578570866759411
6 h 3 0.004838808029923536
6 l 12 0.10974886744538159
6 n 6 0.1591421555607564
6 q 13 0.23247595945311683
6 r 13 0.22719615182965602
6 t 12 0.07207276803611173
6 z 3 0.05326120187147865
7 d 19 0.016070428257236147
7 f 13 0.009306480445674725
7 j 19 0.5419328376786626
7 s 19 0.05945553619234312
7 w 11 0.2964363024131287
8 b 1 0.0192192641671034
8 d 8 0.013009821921349696
8 e 8 0.052812335617684614
8 f 8 0.0065627342647262
8 g 15 0.02689920865810136
8 j 8 0.013967867652498911
8 l 11 0.029244977750251366
8 m 17 0.04833600257813331
8 o 1 0.04855509696596838
8 p 7 0.09061731754182345
8 q 3 0.023837617671855327
8 r 19 0.07828245743873974
8 s 5 0.06591483123877284
8 t 13 0.07054721426812771
8 u 19 0.0499883801990213
8 v 9 0.022771714581381053
8 w 0 0.046722140477730156
8 x 20 0.12257740035916609
8 z 2 0.020311016021175354
9 a 7 0.06297969678679871
9 d 19 0.09949654833830945
9 f 13 0.007893182119508957
9 g 15 0.0019474962961801845
9 h 19 0.08265013100700402
9 i 2 0.03627994553984226
9 j 18 0.00015780889565431
9 k 3 0.056661771300639985
9 l 19 0.06355856484936995
9 n 9 0.061423965871705954
9 p 12 0.026989546177348833
9 q 1 0.041114282797206414
9 r 17 0.09413919048459918
9 t 19 0.13068608835804385
9 u 3 0.0181514818028502
9 v 19 0.03763760064739208
9 w 3 0.045486885006952416
9 z 17 0.12282611155474121
10 c 18 0.010692328479553814
10 d 3 0.10142307689757801
10 e 3 0.016418256692132704
10 f 12 0.08102222934538528
10 g 4 0.08801801664693287
10 h 17 0.006856612629641101
10 i 1 0.007632794867283632
10 j 11 0.017490573778635943
10 k 20 0.02170894081063146
10 l 19 0.016255617175064407
10 m 13 0.015745075866385405
10 n 3 0.06510543376743272
10 o 6 0.011498224244593125
10 q 7 0.014076488881933247
10 r 5 0.01956594079400431
10 s 2 0.13225989178860553
10 t 2 0.009997767355817477
10 u 8 0.0036124145864439017
10 v 14 0.08246782066242775
10 w 11 0.03547843220055891
10 x 13 0.0625807667358258
11 b 14 0.01698833184049897
11 c 15 0.0684955343037903
11 d 9 0.03428994666587881
11 f 14 0.05567742846030177
11 h 1 0.03905605247846278
11 l 18 0.16505062620211608
11 n 16 0.057349634646453485
11 p 15 0.07009055407872022
11 q 14 0.0309725795197604
11 r 5 0.10606624058468794
11 s 8 0.024440429516566442
11 t 16 0.026068584650545845
11 u 6 0.08789947486287508
11 v 20 0.11175053445008942
11 w 2 0.03727713894400897
11 x 18 0.0006321479871432834
11 y 16 0.019495266818147727
12 b 15 0.01268724812633193
12 c 19 0.04761704276344936
12 d 12 0.07522149945417
12 e 9 0.07396739386878304
12 f 18 0.06002956722642505
12 i 7 0.1598842445890163
12 k 19 0.02443334472373271
12 l 17 0.025365021326510195
12 m 12 0.0015958461591640827
12 n 14 0.006722297535150967
12 o 19 0.018031072613061805
12 p 12 0.09175780062400551
12 r 19 0.06888155161445408
12 s 19 0.022483084768437966
12 t 18 0.04810547340830196
12 v 5 0.032099359790182524
12 w 11 0.012613481162915718
12 x 1 0.039944155329981634
12 y 9 0.062334723125277325
12 z 1 0.09153732864769848
13 a 12 0.024715746810876738
13 b 10 0.01546904619252143
13 c 8 0.013404360010874639
13 e 9 0.022891475506391923
13 f 12 0.008059146136238704
13 g 7 0.13586072262690307
13 h 5 0.0057787919891052475
13 i 19 0.0026840354615104145
13 j 9 0.1816417871474476
13 k 20 0.014220540385510794
13 l 6 0.056855864963235914
13 n 13 0.02247221223319562
13 o 20 0.040369337914567205
13 p 9 0.15684986841733028
13 r 1 0.1301192134656476
13 s 12 0.050397736538421944
13 w 7 0.04443492126537829
13 x 16 0.007807363587670202
13 y 4 0.025014047524657634
13 z 9 0.019016514290929654
14 b 15 0.47430165802099244
14 o 18 0.4894534795658986
15 a 12 0.013311020342732571
15 b 7 0.09709315394740214
15 c 2 0.037002437688177126
15 d 8 0.03704698630584691
15 e 12 0.03237844526720102
15 f 10 0.022875095074141427
15 g 7 0.0036169079299890328
15 h 13 0.05673436562969825
15 i 4 0.015036136857684124
15 j 6 0.030290763162553636
15 k 18 0.010606937284323159
15 l 16 0.027592175525948615
15 m 1 0.04815379348367366
15 n 13 0.020570397068799706
15 o 20 0.007582564565806749
15 p 4 0.02219071576804188
15 q 20 0.013908681812550783
15 r 19 0.07184840338667298
15 s 10 0.029578655599862058
15 t 13 0.08105399621200393
15 u 9 0.009180857935093711
15 v 13 0.07882164293359017
15 w 5 0.030125343475856492
15 x 10 0.09482907175273825
15 y 9 0.07169505202450022
15 z 3 0.015373358951260019
16 a 0 0.059648798854626484
16 b 14 0.022649435235744808
16 c 2 0.10052240925748845
16 d 19 0.017447532421919543
16 e 19 0.015323403006888836
16 f 0 0.025218247429934615
16 g 12 0.038473801169847666
16 h 9 0.005486362234088493
16 i 2 0.04150531494786702
16 j 5 0.03171621154703663
16 k 5 0.044056187314710726
16 l 3 0.05623043129305838
16 m 19 0.045840826881757835
16 n 4 0.02054850208039216
16 p 1 0.06874539475383856
16 q 15 0.12020041356006272
16 r 4 0.012739494441594723
16 s 3 0.04435185187760626
16 t 9 0.027047037285498066
16 u 7 0.004100565617890517
16 v 3 0.042917165858923245
16 x 14 0.06339877730314114
16 y 13 0.07222714352497528
16 z 19 0.01400906402313784
17 a 5 0.03969735717987832
17 b 17 0.15207463023036571
17 f 7 0.04822940607334403
17 g 9 0.0974323607380595
17 k 10 0.08887584583881347
17 m 3 0.027115685976489168
17 n 16 0.056775213904378785
17 q 7 0.08483052586364437
17 s 17 0.003930780825534996
17 t 3 0.18449286766358897
17 u 6 0.10227009360611883
17 w 5 0.002975612138304773
17 x 13 0.02042310757895549
17 y 6 0.07826226327970909
17 z 20 0.004915513599946908
18 b 16 0.2039967956937967
18 c 2 0.05594937911164766
18 f 0 0.13423137550299524
18 i 3 0.008947327796261395
18 j 9 0.0028770711154842976
18 m 1 0.035024194989598745
18 p 3 0.20128271385783192
18 s 4 0.1865965770598852
18 t 7 0.09630632581067167
18 u 16 0.05898199032800433
18 w 15 0.00010509170915529165
18 y 4 0.0067978052380486265
19 a 5 0.3618168680710089
19 c 7 0.11979311499924805
19 g 16 0.2592748834465046
19 o 8 0.11915584006978863
19 s 20 0.05210839766782449
20 e 16 0.04172274449408775
20 f 3 0.05271602767191785
20 g 8 0.07196706833306266
20 h 2 0.008604169600639922
20 j 4 0.15125319366889778
20 m 15 0.04285800085124958
20 o 14 0.03437287216635887
20 p 19 0.05416597776472443
20 r 0 9.463486477223615e-05
20 s 2 0.13918573448898297
20 t 13 0.15991218515581074
20 u 10 0.07362189556541399
20 w 12 0.11256150787269925
