41 26 640
0 0.08619795395819263
0 0.01314577477247958
0 0.09680802406620925
0 0.20139991588137474
0 0.0291959522741293
0 0.0062249074762565915
0 0.5093693702103048
0 0.01294221845892718
0 1.0
0 0.18711019059033007
0 0.27415875504382825
0 0.03684623491420158
0 0.12967702876296827
0 0.025424953058434174
0 0.00896751937153395
0 0.0029857991172177467
0 0.017866407529906647
0 0.28141990835031905
0 0.002919513743915636
0 0.04188233504027017
0 0.03788579972409678
0 0.04680711858211817
0 0.03690201421214079
0 0.0015618542298703186
0 0.0011501345999888057
0 0.044723213287470864
0 0.02482747787113948
0 0.096862420253357
0 0.014845517179291057
0 0.05742369749458476
1 0.039358155174443965
0 0.09540401432199475
0 0.06546358248255946
0 1.0
0 0.004685290516549423
0 0.009053117245007014
0 0.007417580577208538
0 0.10946661446991957
0 0.014130120911093003
0 0.18611731172569734
0 0.052663871628550685
0 a 10 0.06037867686889298
0 b 15 0.030404685191592673
0 c 19 0.02258918505645391
0 d 13 0.018149418956667107
0 e 19 0.04141767925685924
0 f 28 0.04239784430632543
0 g 31 0.02120055970536394
0 h 37 0.03754166791954072
0 i 36 0.026691273966534257
0 j 10 0.012476505468411947
0 k 25 0.012140636109360448
0 l 27 0.060110179974598665
0 m 4 0.008831610188557049
0 n 31 0.08304522642917123
0 o 29 0.12407750362016778
0 p 27 0.02647764661315133
0 q 33 0.05505204053276347
0 r 12 0.013746965057026772
0 s 23 0.026216675616277052
0 t 6 0.020519253142922245
0 u 15 0.028885396718176803
0 v 14 0.03960131546124945
0 w 4 0.053253655742871
0 y 25 0.048596444138871875
1 a 8 0.06518658127497656
1 c 38 0.1126520802367531
1 d 4 0.03997723098233574
1 e 27 0.026116235911633257
1 h 23 0.009116128066397278
1 i 25 0.0990583560161925
1 k 15 0.11003150575414644
1 n 13 0.10785037218846272
1 o 30 0.1358664902673713
1 p 22 0.004888242011572563
1 r 9 0.06304729629243244
1 s 12 0.041051840357525515
1 v 35 0.061592569988724644
1 x 32 0.08837707216287549
1 y 7 0.022042223716120857
2 c 37 0.0047303891382397545
2 d 6 0.1797447524716118
2 e 26 0.17948350804842317
2 g 28 0.009675763537323467
2 k 11 0.08834612354425775
2 l 27 0.23623100427561472
2 o 4 0.004603743631135693
2 r 22 0.036863800165381266
2 v 16 0.026364332451099037
2 x 32 0.020916309146079004
2 y 26 0.0950927539942793
2 z 35 0.021139495530345775
3 m 40 0.26139530820152845
3 n 34 0.15705733809294986
3 o 17 0.0993627668017002
3 q 19 0.04745229191099665
3 w 6 0.07729437911174941
3 y 31 0.03318779159563234
3 z 24 0.12285020840406835
4 b 20 0.00810929675495109
4 d 28 0.02491978436702902
4 g 11 0.054560357799613435
4 h 11 0.09720691791712033
4 i 25 0.06909228821793167
4 l 32 0.01695119231973563
4 n 15 0.018805258980267525
4 p 21 0.022793224104588394
4 q 17 0.06393361527760621
4 s 40 0.07684768490340677
4 t 37 0.1811637223353083
4 u 10 0.02314960120298426
4 v 9 0.11938885433792845
4 w 27 0.0633474654591204
4 z 3 0.1305347837482792
5 a 11 0.010223705534649907
5 b 24 0.016913286178949383
5 c 15 0.09422090587228737
5 d 16 0.01131605629193444
5 f 4 0.022138761457988654
5 g 17 0.0362337433465969
5 i 37 0.02163872217883389
5 j 27 0.0192520355967849
5 k 37 0.08539635795166045
5 l 39 0.2133761240447294
5 m 38 0.022621881007243938
5 n 7 0.0723795995548997
5 p 10 0.0016779748090482993
5 r 4 0.02339929720644851
5 s 17 0.005425669534132482
5 t 25 0.02132485239653059
5 u 14 0.004125419462298829
5 v 21 0.00870792421042521
5 w 7 0.21744849766774144
5 x 28 0.042573218864294105
5 y 39 0.04326776157882839
5 z 12 0.00011329777743662728
6 d 17 0.16252428445141132
6 i 0 0.023418127673925593
6 t 11 0.14365021034129288
6 w 20 0.10917942546732862
6 x 17 0.051858581855736774
7 b 30 0.1403503894168764
7 g 22 0.1057796706866092
7 h 11 0.01491398335976668
7 o 37 0.16473954597454032
7 r 31 0.016202301798220464
7 s 19 0.20188562964281898
7 t 27 0.03491700542052223
7 u 30 0.26793682553983256
7 z 35 0.040332429701886
9 c 18 0.010987188892388144
9 e 12 0.48456082451623494
9 f 7 0.1112733656103796
9 h 31 0.06064156906212714
9 p 2 0.03650523057403521
9 r 6 0.07021270157286119
9 v 11 0.0387089291816437
10 a 40 0.022940018003858698
10 b 0 0.04864267260559629
10 g 0 0.4527744412778626
10 k 23 0.04837209094085115
10 m 28 0.0062567994807425364
10 n 29 0.055457685061669926
10 q 18 0.010062987747203711
10 w 31 0.08133454983838684
11 a 7 0.010146964767574596
11 b 19 0.06942781588976643
11 c 30 0.031260907583993025
11 d 27 0.012813579723773949
11 e 32 0.04372427453989214
11 f 11 0.025043485592794124
11 g 23 0.0007791124136673488
11 h 30 0.20215405192775526
11 i 16 0.0027478973727810274
11 j 22 0.0695262667324078
11 l 0 0.033554442899494386
11 m 26 0.0032209607854538636
11 o 26 0.00436200020929145
11 p 36 0.0033831860904001143
11 q 14 0.000996539687196929
11 s 39 0.02084328366742849
11 t 24 6.178573962900558e-06
11 u 23 0.22033042644239687
11 v 38 0.02073664714079282
11 w 22 0.11201800999978129
11 x 36 0.03185198782889542
11 z 12 0.044225745216298185
12 b 35 0.14218457621834357
12 c 2 0.01093446985666735
12 e 23 0.09109558072757573
12 f 23 0.0797281611543671
12 g 24 0.04440689111178053
12 j 33 0.06520693775370434
12 n 21 0.007735124379982916
12 q 30 0.07949070686553628
12 r 11 0.07451588592433223
12 s 31 0.07965286741169852
12 t 32 0.05565965841186238
12 v 24 0.008439213485475827
12 x 5 0.09763952672721521
12 y 24 0.03363337120848975
13 b 0 0.044424891850671555
13 d 28 0.01991595918544109
13 e 6 0.04338675551253679
13 f 8 0.009425366487402886
13 g 34 0.005312724577086425
13 h 40 0.03910792418316367
13 i 13 0.041571833879820996
13 j 21 0.11743666869424152
13 k 16 0.004492448648155567
13 l 4 0.04705824108658707
13 m 24 0.0031672233194648403
13 n 18 0.04011541283418585
13 o 32 0.007734029141829302
13 p 1 0.0366371339568623
13 r 36 0.0309072321492605
13 s 9 0.001593294673943868
13 t 7 0.05554150760781251
13 u 15 0.052724406107921507
13 v 11 0.12414333775797004
13 w 4 0.15207823851614288
13 x 27 0.04758253512487387
13 y 35 0.05021788164619079
14 a 7 0.05370528530580876
14 b 7 0.014263664927800623
14 c 17 0.053197352110575524
14 d 33 0.0030789702140915365
14 e 20 0.007703341534424202
14 f 37 0.007109039781550974
14 g 4 0.024346767443886308
14 h 17 0.07911231920922646
14 i 27 0.037902842083368915
14 j 10 0.008622427274416866
14 k 40 0.06331106599074343
14 l 6 0.011848650115448334
14 m 17 0.08993246127331267
14 n 15 0.012762078203341853
14 o 31 0.04324677429134338
14 p 33 0.03365416937159782
14 q 3 0.059335175170878496
14 r 38 0.017077022153562216
14 s 7 0.024429201001899492
14 t 33 0.06898045943381192
14 u 3 0.0999589054126222
14 v 21 0.025259142757944497
14 w 6 0.10669811637390259
14 x 32 0.0033742154242960565
14 y 15 0.03161965320985338
14 z 12 0.010503380558757547
15 a 18 0.020266072884579822
15 c 3 0.025737160915463075
15 d 2 0.01984408514044611
15 e 17 0.0007776829199759305
15 f 8 0.027847354151394832
15 g 30 0.003819002565986218
15 h 17 0.04538871292523228
15 i 7 0.0834613737734563
15 j 4 0.004469534218490168
15 k 10 0.03550880842912385
15 l 3 0.02020833732939309
15 m 7 0.11811625475060583
15 n 31 0.161835745377662
15 o 20 0.017083907282035127
15 p 33 0.022225886149321084
15 q 13 0.008022037476733468
15 r 9 0.03613519704883339
15 s 4 0.056190306553893565
15 t 25 0.036443361402966445
15 u 12 0.13608933022103475
15 v 2 0.009105128587157951
15 w 17 0.0101017668407124
15 x 19 0.020474765783749294
15 y 11 0.0053627789781652835
15 z 37 0.07249960917637
16 a 16 0.04329346515975385
16 b 5 0.13897754110599803
16 c 3 0.04965907150317905
16 d 29 0.036541123631572914
16 e 23 0.007661720420535811
16 f 26 0.03604277826529201
16 g 8 0.02373714016788797
16 h 22 0.004439228377082327
16 i 27 0.03776262107987649
16 j 34 0.0118321628483532
16 k 0 0.037783451356954045
16 l 22 0.00546932633137287
16 m 13 0.11430483541093817
16 n 33 0.045589463048996914
16 o 11 0.006421737877476241
16 p 27 0.01579879942199236
16 q 40 0.005446475733757117
16 r 8 0.01376691851418288
16 s 20 0.02780409636254
16 t 16 0.018424999813727583
16 u 37 0.014831027560603616
16 v 6 0.0580926401460764
16 w 4 0.10085191413154804
16 x 5 0.02734853605283183
16 y 11 0.0857205808188406
16 z 26 0.014531937328723044
17 c 34 0.17635892310398693
17 f 20 0.01417957921242996
17 j 1 0.13143910488050226
17 l 38 0.06779231234636518
17 m 30 0.02861433710364847
17 n 1 0.006624852073492504
17 q 2 0.08969031542866401
17 w 40 0.06870572532158647
17 x 27 0.043047084414644
17 y 37 0.09212785776436117
18 b 3 0.14868049637050462
18 c 39 0.02171812228190073
18 d 11 0.0095275286481864
18 e 33 0.13927490825132027
18 h 8 0.027161739642864502
18 i 5 0.006712809252204521
18 k 16 0.10287430628322713
18 l 34 0.10925975241454422
18 n 6 0.009496811588325382
18 o 14 0.0345273768042893
18 p 33 0.18332179473181398
18 s 11 0.012618967792675129
18 t 33 0.0386508220282783
18 v 28 0.14978217428898877
18 y 19 0.0034728758769611012
19 b 29 0.024593438836001735
19 c 23 0.056117633106759435
19 d 17 0.11044635871993691
19 h 27 0.04943641923748954
19 i 1 0.04382832655715041
19 l 27 0.08364866909895641
19 m 30 0.09265441423977205
19 n 18 0.07341644233700484
19 o 35 0.1302718549135775
19 p 22 0.003392507658335875
19 r 21 0.03014754486838689
19 s 12 0.038422677445725584
19 x 6 0.07889785474335353
19 y 40 0.05594535041553017
19 z 7 0.08689817278174894
20 b 29 0.009469620265171175
20 c 24 0.007353543132636253
20 d 6 0.03362905320787335
20 e 1 0.037904212087733535
20 g 28 0.023300074310643182
20 h 24 0.03737049645272206
20 i 34 0.00018002868547151163
20 j 22 0.08205674364898319
20 k 40 0.08918196351436003
20 l 11 0.02700224513882199
20 n 23 0.1401273212658649
20 o 38 0.04702439909160483
20 p 13 0.011973213951872896
20 r 10 0.06585014711071324
20 u 12 0.0027879144827388513
20 v 10 0.15499074920464906
20 w 34 0.004640041453572108
20 x 14 0.07775356996802851
20 z 20 0.10951886330244254
21 a 35 0.1122733154063672
21 b 27 0.014424092368120145
21 e 20 0.00904385729073931
21 f 14 0.10646446182579306
21 g 15 0.13771687772094032
21 h 9 0.03774393601246406
21 j 14 5.9741209547103935e-05
21 k 30 0.03480107210266137
21 m 15 0.048366654752227345
21 n 1 0.052083549555269504
21 o 9 0.028670384205120802
21 q 36 0.039072972555962426
21 r 40 0.060479843143247836
21 s 33 0.04174116034730635
21 t 26 0.13112818651338642
21 v 12 0.04539145364813446
21 y 34 0.053731322760594113
22 f 33 0.6997177062255141
22 i 22 0.2473857364648424
22 q 40 0.0159945430975027
23 a 10 0.005217445998916381
23 c 34 0.014087151093079009
23 d 27 0.07054457653138269
23 f 38 0.07193334603070944
23 g 12 0.14144271609256664
23 i 33 0.1468020552632997
23 j 27 0.0012074509124075927
23 k 18 0.04121983742565383
23 m 30 0.12755094067755302
23 n 16 0.06111901086434213
23 o 34 0.010413783384612407
23 p 17 0.13283194109363972
23 q 4 0.03381678871276739
23 r 37 0.04244278471019447
23 s 39 0.0743891531333547
23 u 14 0.008202266644075418
23 y 8 0.015216897201575152
24 c 36 0.1442708176920896
24 d 10 0.14234356139757542
24 f 2 0.01979487236783417
24 g 29 0.03706963326036594
24 j 14 0.030535259524321234
24 k 24 0.2796129410883367
24 l 14 0.04951025706137269
24 n 36 0.04059548287984249
24 p 29 0.04793566051732534
24 r 18 0.061154876037917805
24 s 11 0.02924610286824636
24 t 16 0.02540869587811312
24 v 35 0.0021961377388964864
24 y 39 0.0637586923888287
24 z 36 0.025416874698945158
25 a 5 0.02434984598075063
25 b 2 0.09308290426198207
25 c 8 0.031578187990263795
25 d 39 0.02340840227451535
25 e 29 0.02016720112934378
25 f 34 0.0193816448783396
25 g 19 0.03435461955398256
25 h 40 0.053669179509939324
25 i 36 0.004620654334458019
25 j 0 0.011821789337736366
25 l 8 0.14808402073355265
25 m 17 0.11412629205476177
25 o 33 0.038885919111614764
25 p 0 0.0027039177317237373
25 q 34 0.05713041267559171
25 r 33 0.019632206830126897
25 s 2 0.012011952690035299
25 t 38 0.0654902166889948
25 u 14 0.01073257755719692
25 v 26 0.09079537120364922
25 w 5 0.06495030460976492
25 x 8 0.008067056439574616
25 y 2 0.006232109134630348
26 a 17 0.023784571163364077
26 b 7 0.014464483234378767
26 c 26 0.01304012458709558
26 d 2 0.020192384851699274
26 e 10 0.005400326677424072
26 f 35 0.0337670865374855
26 g 5 0.007497727893957973
26 h 8 0.09568779474346412
26 i 34 0.03351880426404363
26 j 33 0.06670971542756288
26 k 24 0.0023923281205000535
26 l 9 0.07741490075888635
26 m 2 0.015379024126090712
26 n 35 0.04601958191926536
26 o 40 0.006293595096929061
26 p 8 0.056909954065573864
26 q 36 0.050158371654134504
26 r 39 0.0395744849648223
26 s 13 0.11377956619466223
26 t 0 0.053936246446107394
26 u 37 0.026365092278382685
26 v 12 0.005546360750188217
26 w 18 0.04176068923002507
26 x 20 0.09581809965675347
26 y 7 0.020080189612880828
26 z 30 0.00968101787318254
27 b 21 0.03688627463207583
27 d 6 0.04227360556224691
27 e 13 0.0011782014817253161
27 h 36 0.009258204257932778
27 i 2 0.07283724962578486
27 k 25 0.0018150875123666976
27 m 27 0.11160179551451166
27 n 32 0.35087544473013743
27 o 1 0.03209594518853198
27 q 1 0.04476614973074444
27 r 40 0.009405907497228028
27 s 5 0.03634210793971804
27 t 4 0.0395508139906704
27 v 11 0.07575982134410819
27 z 28 0.03849097073886043
28 a 28 0.006974657165474629
28 b 16 0.05095913420520226
28 c 5 0.024795159092760644
28 d 3 0.09873300876996749
28 e 14 0.03749755570581981
28 f 39 0.033102448074874835
28 g 10 0.04867387485505348
28 i 1 0.04246098427035516
28 j 7 0.009580770226958357
28 k 28 0.05950333022247789
28 l 38 0.040670961416848006
28 m 2 0.035434239498823406
28 n 16 5.155369651577146e-05
28 o 32 0.017480290948330368
28 p 19 0.05335452212496572
28 q 7 0.009185864561149892
28 r 28 0.030975394560274094
28 s 5 0.11537300343129286
28 t 36 0.04326156591135111
28 u 30 0.009224256196696534
28 v 18 0.03276311645523877
28 w 35 0.12363214828939761
28 x 23 0.011201365600429392
28 y 18 0.012087117039178974
28 z 4 0.038178160501271874
29 c 35 0.05065368934551906
29 d 30 0.01747687676541443
29 e 22 0.1979645842858112
29 g 20 0.052941205062398744
29 j 22 0.11955499557106386
29 k 3 0.06296660562750522
29 m 13 0.02828074088939836
29 o 5 0.0626012831169237
29 p 18 0.023268689609846405
29 r 7 0.010913532124248948
29 s 20 0.05860918478769961
29 v 25 0.21864178326501493
29 w 6 0.009592645408785572
29 y 37 0.01799058438361467
29 z 8 0.011119902262170522
30 c 38 0.010250628184431454
30 e 21 0.014900295721811063
30 f 12 0.012290979143576686
30 g 8 0.016891408971155042
30 h 37 0.03661464360629629
30 i 20 0.0359035599091323
30 j 22 0.07123346577831935
30 k 16 0.05643890060897527
30 l 13 0.0271129137647097
30 m 17 0.07163726049786523
30 n 25 0.07818368717383517
30 o 4 0.028660636581261167
30 p 40 0.11867014672345921
30 q 13 0.0012727754615362574
30 r 36 0.01800631853839385
30 s 27 0.07402371555618315
30 u 17 0.13746303915202707
30 w 28 0.027411790666489022
30 x 31 0.02382722741141352
30 y 9 0.09030176176093574
30 z 40 0.009546689613749493
31 j 7 0.0024526524932430016
31 o 38 0.286884320596274
31 r 22 0.3555130543398456
31 s 4 0.018174884124687263
31 w 33 0.01573554210472705
31 y 15 0.0922281004081903
31 z 22 0.13360743161103805
32 d 31 0.03352357998511535
32 e 26 0.09983740217335901
32 h 37 0.030908946353014555
32 i 8 0.0912381914012097
32 k 1 0.1052876182444632
32 l 11 0.023132449202124428
32 t 20 0.07486176626695229
32 u 35 0.13151644940909812
32 w 12 0.07040182421462682
32 x 12 0.21643312658196334
32 y 2 0.057395063685513725
34 a 34 0.13756769847299855
34 b 14 0.12733776610841852
34 d 18 0.043768550411298346
34 g 23 0.18308411349470088
34 l 29 0.241178497551766
34 n 31 0.11507612817179325
34 p 0 0.016191726091397407
34 v 35 0.105233116717948
34 y 33 0.025877112463129626
35 f 23 0.02570614686124284
35 g 1 0.09148818769322153
35 h 7 0.03650962875563646
35 i 8 0.05257409694676807
35 j 31 0.02445993256488732
35 k 22 0.007365805039257545
35 l 22 0.022178589667097626
35 m 12 0.023484904066991663
35 n 9 0.0010344732640767962
35 o 1 0.07751624912722654
35 r 9 0.04238225099917736
35 s 22 0.0019883172777953595
35 t 10 0.09584931875839875
35 u 20 0.15387007403156827
35 v 1 0.10758107420533625
35 w 33 0.05040847765730516
35 y 11 0.14983570155697723
35 z 15 0.02671365428202821
36 a 25 0.04981774151453133
36 b 25 0.004160937206644233
36 c 1 0.1545096925930698
36 d 2 0.019594797189313895
36 e 17 0.02992594396933046
36 f 39 0.07661430173699635
36 g 39 0.007145448911209051
36 h 31 0.054080002643081215
36 i 37 0.0160273310390755
36 j 7 0.043547447043102205
36 k 37 0.015027143180728286
36 l 35 0.020070039026502284
36 m 3 0.01510178829028852
36 n 35 0.01731561987060215
36 o 11 0.0061502104013057
36 p 12 0.05432968242665637
36 q 13 0.00793434284202199
36 r 10 0.1282856539565964
36 s 34 0.015079179485330552
36 t 14 0.056848819622530855
36 u 39 0.029686144186771735
36 v 9 0.04288782741983066
36 w 34 0.00748571963873379
36 x 4 0.05412548481378254
36 y 34 0.048717869172738903
36 z 39 0.01811325124201668
37 a 34 0.03398095324138206
37 b 32 0.09841166731430873
37 c 4 0.0029646887096203
37 d 14 0.031053854492812172
37 g 29 0.004333114960793583
37 h 32 0.024597719211735924
37 j 35 0.11636949418733544
37 k 4 0.0009766287981018973
37 m 36 0.009791970466402788
37 n 39 0.0725972466332544
37 o 7 0.03173740859400598
37 p 27 0.028292758466235357
37 q 8 0.0797254186641273
37 r 25 0.14226162919516339
37 s 13 0.028235592301232848
37 t 24 0.0026152774410825863
37 w 36 0.03401359320661912
37 y 18 0.00352317715319439
37 z 16 0.14505119249267218
38 c 39 0.29933258125486606
38 d 34 0.055548331714827426
38 f 23 0.004689791389806519
38 i 1 0.06446780669791108
38 l 3 0.11200109729516416
38 m 3 0.19755939223740904
38 n 33 0.06684903754481386
38 o 22 0.01760887954750401
38 p 14 0.027227886763243503
38 r 3 0.041086249402111474
38 u 22 0.0850872561928786
38 v 1 0.014411569048371264
39 a 31 0.06585414923884525
39 c 1 0.0037657343198792548
39 d 21 0.03301790085095346
39 e 17 0.034110028196991604
39 f 8 0.062480611423448296
39 g 15 0.0968830717804805
39 h 12 0.0003049655839583165
39 i 18 0.01884158856658158
39 j 16 0.1257431223864356
39 k 22 0.017832253382893737
39 l 25 0.002306263293087585
39 m 29 0.013686911890650522
39 n 13 0.025903695045642272
39 p 12 0.010265055931353073
39 q 22 0.0039562796828065405
39 r 5 0.07120308100685335
39 s 21 0.07227388465265783
39 t 0 0.0030292738393027374
39 u 3 0.0033165438272189096
39 v 14 0.007291542353925817
39 w 29 0.028904314141513954
39 x 34 0.10180374633383948
39 y 20 0.01110867054498299
40 a 12 0.12183764798159558
40 b 31 0.05444819137697454
40 c 16 0.07910923141368442
40 e 29 0.013213798085098927
40 f 10 0.000292559722488428
40 g 15 0.04831699413504997
40 h 17 0.003335565824706621
40 j 34 0.013124176264374565
40 l 38 0.0016779858689702776
40 n 20 0.05016789793859888
40 q 4 0.02528309361608161
40 r 40 0.04472181215714277
40 s 11 0.018485426912080882
40 t 38 0.02805560667501672
40 u 1 0.02863899498509781
40 v 33 0.030649109470024638
40 w 28 0.16886918063400347
40 x 8 0.12368651686120335
40 y 38 0.06610671549374214
40 z 28 0.027315622955513708
