73 26 938
0 0.11832684065086618
0 0.0033794456958563535
0 0.10217944935819889
0 0.04802973438267022
0 0.49976484943926147
0 0.0071417641781469365
0 0.027419803154153155
0 0.04560544732295346
0 0.02685974172984751
0 0.006237715348602735
0 0.03322192128097712
0 0.021715280954176963
0 0.016253276633968472
0 0.033049643021944575
0 0.0205643532618347
0 0.05748589278426919
0 0.0044159045582784495
0 0.05646735043386675
0 0.029104658698091312
0 0.05121417821094498
0 0.32169922791488337
0 0.06808245794436452
0 0.0008469449427184195
0 0.302018209705918
0 1.0
0 0.0646640615832893
0 0.025775897228468514
0 0.026826921656851632
0 0.04794218001502959
0 0.1364468316232269
0 0.0028320841837852218
0 0.12490323705880024
0 0.3808164535412273
0 0.735993002395794
0 0.04298816947601691
0 0.03453390234635145
0 0.027842930296651636
0 0.14028533568636725
0 0.03379394495435872
0 0.013889995959727508
0 0.13205464132046907
0 0.07061516759098074
0 0.11596586556532651
0 0.08732023754707163
0 0.02027966983455043
0 0.2852182058548829
0 0.03731690824619749
0 0.03593555772630508
0 0.6352921126023983
0 0.02581725443359606
0 0.06310328651792207
0 0.042655727334010574
0 0.044468179060044966
0 0.036686022554332065
0 0.49248970863420016
0 0.017293075597942353
0 0.006096866642447574
1 0.08122083236814615
0 0.051794127297579706
0 0.2065978863985397
0 0.2554774734450226
0 0.38576954062615365
0 0.4961942245214709
0 0.17921514182378906
0 0.02760970476376401
0 0.11758823700396748
0 0.12942164150859892
0 1.0
0 0.11379623734377542
0 0.060375374140702376
0 1.0
0 0.22955470497229935
0 1.0
0 c 71 0.0013203663513032815
0 d 60 0.17964078682155227
0 g 8 0.0656905280106238
0 h 32 0.03239408515775377
0 k 49 0.011444149416264038
0 l 29 0.04856193626726413
0 m 0 0.06614103415237804
0 n 7 0.05377046624224768
0 o 20 0.062338612849709985
0 p 18 0.19479415561295277
0 q 61 0.03457595592588625
0 s 61 0.0030119337490550624
0 v 71 0.011819292208328225
0 w 45 0.03122032367741545
0 x 55 0.031705945033316474
0 y 41 0.04812146605056222
0 z 43 0.005122121822520365
1 a 40 0.13601965025549256
1 c 17 0.044892308985702734
1 d 44 0.019109449763045516
1 e 15 0.09146374508940125
1 g 40 0.0015537067459665543
1 h 11 0.012856622776455495
1 i 24 0.09612414094323751
1 j 72 0.11150597406451201
1 k 26 0.000322346659888173
1 m 63 0.07226953748961806
1 n 31 0.02255603722494548
1 o 27 0.021407393777163164
1 p 57 0.020384323171115604
1 q 10 0.000364147713578733
1 r 12 0.11435052292349868
1 s 11 0.05780940547115909
1 t 13 0.00813224512664068
1 u 58 0.03142226735878695
1 w 3 0.04678958054900528
1 x 35 0.06669093995601405
1 y 48 0.02059620825891606
2 a 20 0.0927827577112812
2 b 37 0.055467007122640966
2 d 48 0.00973470198443993
2 e 59 0.06079701203734034
2 f 2 0.018668148414339836
2 g 13 0.06174465401704965
2 h 5 0.03125523514821149
2 i 33 0.011227071639481001
2 j 51 0.04758431990324252
2 k 54 0.04134382265275949
2 l 30 0.008739172995636757
2 m 8 0.016314277254491416
2 n 49 0.036841735490950156
2 o 15 0.02637825342990585
2 p 49 0.006616460357975473
2 q 43 0.03389509467269414
2 r 54 0.05515991201651049
2 s 57 0.06228516081110591
2 t 50 0.043838438160863746
2 u 17 0.04938745853421711
2 v 3 0.00017699791353009697
2 w 5 0.0071986551698390855
2 x 39 0.04704406077049539
2 y 22 0.02362696781105611
2 z 0 0.04971317462174296
3 a 45 0.0005315976168415171
3 b 56 0.00751758566927152
3 d 44 0.11165032723002366
3 e 50 0.09046929833439987
3 f 16 0.09263633897772705
3 g 32 0.0394150393227527
3 h 16 0.011646630286032189
3 i 67 0.007570151739943021
3 j 71 0.009511501603348127
3 l 43 0.010971948393498687
3 m 10 0.024627980509118852
3 n 36 0.02196200807469051
3 o 64 0.03871619249702318
3 p 24 0.054360858956639224
3 q 66 0.012920802190959146
3 r 11 0.05212843388517574
3 s 10 0.06822693882004582
3 u 33 0.0020239934996546527
3 v 72 0.09887455839988324
3 x 56 0.020446360594755242
3 y 33 0.07551726182750451
3 z 11 0.10024445718804131
4 j 18 0.17825017632481532
4 n 50 0.31615923236083765
4 y 52 0.005825741875085555
5 a 48 0.03736425610818017
5 b 6 0.019303732815902475
5 c 56 0.02585760868254061
5 e 39 0.07647311318845018
5 f 43 0.09676857040465825
5 g 65 0.0014917445966158294
5 h 50 0.13070210785473768
5 i 47 0.055794165071593294
5 l 12 0.013321776688483777
5 m 41 0.1266043802243938
5 n 70 0.054709635251236066
5 o 28 0.03251260131228206
5 p 1 0.08769448173937433
5 r 69 0.057194755383368934
5 s 33 0.0009122970967035959
5 t 7 0.023994897899558776
5 u 25 0.03568067124011787
5 v 6 0.09431591769760417
5 y 34 0.017292744189560505
5 z 29 0.00486877837649069
6 p 70 0.3198355438393523
6 t 38 0.6527446530064945
7 a 63 0.008487676414654421
7 j 37 0.16964208284442828
7 k 4 0.01837539676174993
7 l 11 0.13207094357475824
7 m 35 0.012931969188200276
7 n 23 0.05880528564448728
7 o 67 0.1947162719318838
7 q 49 0.031029303657113094
7 s 33 0.1137574791450624
7 t 61 0.019952335884740102
7 u 31 0.09613006917104572
7 w 14 0.047502783980269636
7 z 26 0.050992954478653374
8 a 12 0.001462559955662801
8 b 12 0.08850078859604038
8 d 43 0.002446929614972282
8 e 32 0.2357054483059957
8 f 47 0.09049184405094834
8 i 26 0.0005029333971453553
8 j 2 0.060239201620432725
8 k 58 0.009629898187222041
8 l 0 0.041930087935540095
8 m 37 0.03003948882259011
8 n 6 0.023990652716434302
8 o 63 0.014276723455717066
8 t 42 0.10155914314200598
8 u 53 0.005577641923792953
8 v 19 0.06881267494064691
8 x 45 0.051446523172515524
8 y 32 0.1465277184324899
9 b 65 0.050698575426227355
9 d 29 0.07317498792668675
9 f 45 0.05565635594097329
9 g 60 0.023247399434481508
9 i 7 0.030312322813834225
9 j 55 0.03735587208864333
9 k 31 0.05665292810361333
9 m 56 0.1006048752455182
9 n 56 0.013928847229553454
9 p 1 0.04111973498110222
9 r 50 0.10508292576605827
9 s 42 0.010145611006645794
9 v 32 0.1637267661094809
9 w 13 0.0329224974425848
9 x 2 0.07309316327920612
9 z 27 0.12603942185678774
10 b 70 0.20712681961042811
10 c 51 0.04305844211462173
10 d 3 0.053747591999286026
10 f 61 0.17597558390670176
10 g 5 0.15391989174669052
10 m 9 0.1316996430469244
10 u 38 0.1686018677087877
10 v 44 0.032648238585582634
11 a 46 0.02862880652123223
11 b 25 0.041522707447673834
11 c 61 0.05983479187952201
11 d 3 0.013422794139797523
11 e 15 0.0016838195759923957
11 f 37 0.04776516256558261
11 g 61 0.012103951665876744
11 h 65 0.012980691522032961
11 i 55 0.10497546856676987
11 j 34 0.02407365483561008
11 k 61 0.0002390862533937499
11 l 69 0.006881416176446997
11 m 47 0.006216220556643393
11 o 29 0.0399514757278745
11 p 16 0.06230681647861935
11 q 58 0.04532736381863711
11 r 22 0.005599898453135688
11 s 1 0.07925983666259251
11 t 38 0.03742362962423185
11 u 44 0.03702282136704249
11 v 11 0.10915875506732164
11 w 48 0.11293088739043933
11 x 42 0.05943392500139877
11 y 53 0.008109354364835064
11 z 1 0.02143138338312034
12 a 29 0.05207352732954562
12 c 16 0.023162875951404316
12 d 26 0.037053169582774714
12 e 27 0.0014174978346830347
12 f 31 0.046380704295646114
12 h 48 0.041288832047198576
12 i 24 0.08558820326804173
12 j 14 0.04538295114245838
12 l 44 0.048720539103841776
12 m 15 0.012901227650698677
12 n 63 0.07814223928365926
12 o 52 0.12668113608637088
12 p 36 0.03701655853796093
12 s 39 0.07920341910766715
12 t 26 0.04160080531241206
12 u 56 0.03351402090350053
12 w 18 0.07126314851258397
12 y 18 0.028545647165632237
12 z 55 0.09381022024995156
13 a 60 0.014081015893999349
13 b 3 0.00885751728620865
13 c 12 0.008960730789585925
13 d 27 0.0017707015817675087
13 e 13 0.026862897263393082
13 f 12 0.03333864228576011
13 g 11 0.007708909469210878
13 h 45 0.010084023831019029
13 i 68 0.004720028562012479
13 j 3 0.03320808478087345
13 k 13 0.17431179570231914
13 l 0 0.0034566791836122546
13 m 15 0.036899008470201
13 n 71 0.012864969298860829
13 o 69 0.08305593170141357
13 p 45 0.009190570893261807
13 r 3 0.005316235309408945
13 s 30 0.00928352965313628
13 t 25 0.015434593843880573
13 u 70 0.08805895214062331
13 v 17 0.0951930023472164
13 w 25 0.12732959035168667
13 x 47 0.024208954578465725
13 y 62 0.10968505979891419
13 z 43 0.02306893196122428
14 a 52 0.0036481965223810198
14 b 25 0.009661527546955262
14 c 40 0.041098734387470914
14 d 7 0.01083005167375417
14 e 50 0.0004756327414204842
14 f 18 0.019091716865339392
14 g 7 0.09484256684827252
14 h 7 0.0011180761353764002
14 i 58 0.0020352842231853296
14 k 33 0.03223192096376948
14 l 28 0.04933161078015447
14 m 48 0.0728622699995306
14 n 62 0.027920796332214004
14 o 14 0.005627613530658548
14 p 18 0.13590177271836035
14 q 17 0.02332866972434755
14 r 37 0.13570970453660258
14 s 63 0.12541082320677777
14 t 21 0.015530534442672383
14 u 0 0.0294129134432346
14 v 38 0.017166716461962106
14 w 37 4.083009376387725e-05
14 x 2 0.06659226252302242
14 y 64 0.05530347796718549
14 z 49 0.004261943069753582
15 a 34 0.007640822805593306
15 b 15 0.04502568750848379
15 e 21 0.071531185829117
15 f 16 0.013357567808292337
15 g 2 0.03315327364371934
15 h 36 0.008575425988133323
15 i 37 0.09335048704867632
15 j 10 0.008114686779726932
15 l 8 0.09898978208548004
15 m 45 0.03506396087586017
15 n 52 0.0556247642205665
15 p 55 0.015347100527429602
15 q 15 0.1340516881722269
15 r 66 0.023645404941034065
15 s 19 0.07495607533267146
15 t 53 0.03730065175015229
15 u 61 0.0008258266893079735
15 w 58 0.11789364684282777
15 y 14 0.0008729246355805298
15 z 49 0.06719314373085117
16 a 70 0.02343081193378449
16 b 32 0.008847390951585044
16 c 36 0.04510854101249295
16 e 70 0.01872666073307072
16 f 48 0.0005778862105744187
16 g 42 0.04095963306776618
16 h 58 0.026688439473134595
16 j 17 0.056522988320498846
16 k 16 0.051778435863096384
16 m 53 0.012455880739827618
16 n 7 0.1422551099847399
16 o 23 0.016160382366362525
16 p 38 0.05555517307482938
16 q 16 0.04371389343518206
16 r 9 0.012183804991282687
16 s 56 0.014833738869285407
16 t 31 0.00433013164209517
16 u 5 0.04107281829877141
16 v 59 0.023932587208012834
16 w 44 0.1310889901408685
16 x 33 0.012422547056021083
16 y 48 0.12202737866143565
16 z 66 0.09091087140700371
17 a 56 0.07338307259920396
17 b 20 0.14397714645182724
17 c 62 0.014610578521050521
17 g 72 0.14542700637569883
17 h 46 0.2012407265613022
17 l 43 0.02594149792226219
17 m 68 0.01122269385683261
17 p 20 0.08945468981475813
17 u 43 0.07749357242034804
17 w 16 0.026324581313910245
17 y 36 0.03573051341885747
17 z 46 0.09872657031008181
18 b 1 0.02225961166730872
18 d 12 0.01253377730062799
18 h 58 0.024205204506897116
18 i 23 0.04715120586067567
18 j 5 0.2544458078676136
18 n 32 0.06889770307316101
18 o 65 0.03794258282831475
18 s 69 0.08564803755745665
18 u 16 0.04063442357979319
18 w 11 0.08235036828274267
18 x 4 0.03816309588249156
18 y 8 0.03648483679454617
18 z 19 0.22017868610027957
19 a 23 0.0014835823460420672
19 b 3 0.09552495866097577
19 c 61 0.02287718826063745
19 d 66 0.007468718622877124
19 e 26 0.04778036163837451
19 f 0 0.1659207156629786
19 g 41 0.046741426884133186
19 h 58 0.0188569797154845
19 i 70 0.055607297642732756
19 j 9 0.0048819243829175685
19 l 4 0.02470288032049406
19 m 59 0.07696495215488075
19 o 16 0.04840477802888321
19 r 25 0.1316290579585172
19 s 66 0.013661286997261879
19 t 28 0.058063102890670626
19 v 5 0.01674351124119089
19 w 6 0.033564010406103795
19 x 10 0.04011762799387797
19 y 51 0.033830037765483434
19 z 54 0.003961422214537658
20 a 1 0.0283009798146866
20 d 31 0.0679167865224003
20 f 4 0.07873273050829999
20 p 53 0.021973067010451652
20 q 42 0.16535328555397577
20 v 12 0.07669254820763571
20 w 56 0.14919413185821206
20 x 18 0.09013724260945455
21 c 25 0.01676743718313256
21 f 42 0.020177293187921608
21 j 30 0.029826396384136644
21 k 52 0.006561842734185475
21 l 27 0.015159673481694336
21 m 29 0.27245844508151673
21 n 7 0.14048128975988972
21 p 41 0.3616439075279244
21 r 53 0.03775336937702545
21 v 26 0.031087887338208553
22 b 2 0.006415423471584636
22 d 25 0.026789565248015235
22 f 6 0.02472477454590294
22 j 24 0.15995778288261597
22 k 7 0.04476025681002138
22 m 1 0.09176021064669782
22 o 23 0.24005311555869768
22 r 50 0.16035274710420622
22 s 19 0.0129082068691313
22 u 1 0.02295930571853866
22 x 38 0.12740426458121135
22 z 25 0.0810674016206584
23 a 15 0.12383112155117904
23 b 39 0.050073671277769405
23 n 30 0.09534696926312325
23 s 40 0.13860800644731552
23 v 33 0.2165685555025414
23 w 10 0.07355346625215342
25 a 32 0.0799297702856413
25 b 59 0.0029248501397017845
25 c 23 0.05177597047069071
25 d 32 0.09656880072366958
25 e 64 0.04259228231439205
25 f 69 0.003611943038951959
25 g 71 0.06801989357570781
25 h 27 0.01630802497159023
25 i 35 0.02142284819969109
25 j 67 0.009907514998204636
25 k 18 0.04100520288892684
25 l 52 0.04767459904861726
25 m 64 0.0029244897246519796
25 n 42 0.033781699444231705
25 o 71 0.053706692280822255
25 p 59 0.0021740955270919127
25 q 32 0.0069905194235114765
25 r 55 0.03567629870225042
25 s 28 0.045680210382514796
25 t 0 0.028033236088074287
25 v 18 0.01351532310683623
25 w 43 0.005652967680137566
25 x 18 0.014243632913265691
25 y 3 0.07535859362629249
25 z 54 0.13585647886124463
26 b 23 0.04816755237913717
26 e 22 0.10303620241467082
26 f 22 0.09020186937048258
26 i 26 0.0006297373117913896
26 j 36 0.029435868320127012
26 l 51 0.02384322776301917
26 m 20 0.008301623809403469
26 n 72 0.01813660054341737
26 o 0 0.011721803353281102
26 q 17 0.005613404466030203
26 r 37 0.07508035279186287
26 s 44 0.17983733917038291
26 u 35 0.013413043599194041
26 v 3 0.13999720615953093
26 w 36 0.001887050009880431
26 y 21 0.007612596140261663
26 z 70 0.21730862516905836
27 a 32 0.05416119545728593
27 b 4 0.01694106719606525
27 c 13 0.12220806924445937
27 d 60 0.002200635974253684
27 e 70 0.024885126769485066
27 f 50 0.02503090803442054
27 g 13 0.0053054344367384765
27 h 6 0.03729586820032893
27 i 19 0.01967816134772149
27 j 29 0.03988671964158119
27 k 0 0.12410605376944861
27 m 3 0.060011285865851804
27 n 20 0.03265300307630603
27 o 32 0.05099591598432396
27 p 30 0.03425547687674135
27 q 22 0.13263780832874617
27 r 53 0.046869532794496904
27 s 3 0.035026037241825625
27 u 18 0.009638540748538316
27 v 65 0.003722423881782677
27 w 63 0.000543508666777881
27 x 5 0.057421041863415456
27 y 13 0.029357220344810808
27 z 38 0.00834204259774285
28 a 11 0.008198737046919757
28 c 58 0.004789605157077381
28 e 54 0.30899746092578095
28 f 25 0.018863722282831508
28 h 0 0.16104190861015588
28 i 66 0.095040188498272
28 j 16 0.0006300716574895171
28 k 48 0.031964567286245194
28 l 8 0.057392677600630715
28 n 64 0.0207229375792215
28 o 65 0.04242717000851359
28 p 50 0.0397964001389689
28 q 61 0.01069733228885783
28 r 66 0.057766284650973665
28 s 49 0.011194928937897641
28 t 66 0.031992108910423145
28 u 58 0.01301419969869122
28 v 64 0.03752751870602
29 a 27 0.0532279141739147
29 c 34 0.3198674000830086
29 d 4 0.0029009783292025526
29 f 0 0.05774590368400956
29 g 61 0.020370388286383045
29 h 33 0.07747270816918783
29 i 72 0.07862941401542911
29 l 19 0.08016985124092635
29 r 29 0.08389401540995856
29 s 18 0.021815217438452383
29 x 24 0.06745937754630038
30 a 59 0.00607613253063477
30 b 31 0.0004759929899336157
30 c 7 0.024537587278480988
30 d 55 0.22152130647897128
30 g 52 0.014114796875805524
30 h 15 0.010124313523557471
30 j 39 0.02236890868733632
30 k 30 0.21575447688959914
30 l 64 0.008001797299578506
30 n 34 0.055653350267512836
30 o 30 0.010852492877884035
30 p 27 0.006208521807794298
30 q 17 0.09701926683286277
30 t 21 0.10266535577742864
30 u 54 0.010056491879000151
30 v 64 0.03134884614829636
30 w 7 0.03105072048732649
30 y 61 0.12933755718421158
31 f 67 0.04398759676425035
31 h 28 0.20050587815590148
31 p 0 0.0043231894615977096
31 t 22 0.13833398699387012
31 u 44 0.2629262764665792
31 z 61 0.22501983509900092
32 b 12 0.15617840344310296
32 e 65 0.15025862119170563
32 l 4 0.2288990656409743
32 w 27 0.08384745618298983
33 j 23 0.264006997604206
34 a 3 0.10815832884222543
34 c 38 0.0005798876023176414
34 e 31 0.1982022847591972
34 f 29 0.2411203357435725
34 g 53 0.005729025123028975
34 i 0 0.009462545690640423
34 l 7 0.16602383877327387
34 n 70 0.04184243873404403
34 o 47 0.011482072136948962
34 q 32 0.1031332561314624
34 y 51 0.07127781698727165
35 e 48 0.03192593729659221
35 j 7 0.0398344913051174
35 m 56 0.06230278658050192
35 n 72 0.14462410447866214
35 r 51 0.23115507770092703
35 s 68 0.0187084732570173
35 w 14 0.02660912739765009
35 x 28 0.012194615399480635
35 y 28 0.23500199734685645
35 z 58 0.16310948689084337
36 a 65 0.2525555022151361
36 c 10 0.03717302214466034
36 g 34 0.022861463607939836
36 j 64 0.12908865561053884
36 m 20 0.022221322247884534
36 o 10 0.0690352413184695
36 s 40 0.008526433413577506
36 u 58 0.08980580688531581
36 v 30 0.2113756031010492
36 w 4 0.008703730048180036
36 x 71 0.09084233648771689
36 y 17 0.029967952622879768
37 a 61 0.030408282942780196
37 e 21 0.004105871049964849
37 f 34 0.00650536840341065
37 g 55 0.11012157597166827
37 h 43 0.035839638948118036
37 j 13 0.11260597245892778
37 l 51 0.00023029710811839355
37 n 39 0.03603355725181556
37 o 72 0.02232324935161689
37 p 10 0.10338314849958985
37 q 62 0.12165199739476973
37 t 10 0.003971917045615614
37 u 53 0.008637381216203166
37 v 59 0.18687655569236905
37 y 8 0.0770198509786647
38 a 3 0.01592671420173708
38 b 34 0.02370321905432138
38 c 13 0.0690340478399637
38 d 49 0.00811787880670567
38 e 35 0.0066732112763345786
38 h 27 0.028805427194363742
38 j 34 0.08848170106119158
38 k 70 0.06363764556020823
38 m 40 0.054610828323946925
38 n 42 0.0943001901802285
38 o 46 0.11364262407746673
38 p 56 0.018743417149679642
38 q 34 0.003769499594305059
38 s 45 0.16788226593289102
38 t 45 0.03793000263910695
38 v 54 0.07147336304465246
38 y 28 0.09947401910853804
39 a 13 0.09108304910340947
39 c 64 0.03041822614447376
39 d 25 0.029596775788639507
39 h 64 0.048892296776522515
39 i 71 0.050388465542969385
39 k 63 0.24703314360520012
39 m 60 0.05581064867545538
39 n 36 0.01397954738661078
39 p 50 0.1341469261089101
39 r 21 0.008368064086256566
39 s 68 0.12289730672742949
39 v 38 0.0005050938506245828
39 w 7 0.05708887843523769
39 y 36 0.09195693810820038
39 z 25 0.003944643700332762
40 a 15 0.017150017159375697
40 b 60 0.006123737497431558
40 f 52 0.030222770290111556
40 h 53 0.13574679222386654
40 i 3 0.07910544849597267
40 m 33 0.03577937441079515
40 n 23 0.010163003763286715
40 q 24 0.3326536956582766
40 y 67 0.13892573198700575
40 z 13 0.08207478719340866
41 a 64 0.020642893954692765
41 b 44 0.06571521694237448
41 c 37 0.035909650622574785
41 d 50 0.045520321970441535
41 e 20 0.08737823685373569
41 f 22 0.04268320643746637
41 g 8 0.00518984217732954
41 h 43 0.0440896692844005
41 i 28 0.018022626000495312
41 j 60 4.097597729646463e-05
41 l 49 0.044726011119078035
41 m 39 0.04607196390898327
41 n 34 0.03907984196126402
41 o 43 0.19376862105542036
41 p 37 0.02936057929417968
41 q 8 0.06586859661127009
41 r 71 0.01003133044340887
41 s 24 0.010655602826760702
41 t 47 7.996200151383359e-05
41 u 64 0.03736218332753205
41 v 62 0.015442065868583654
41 w 7 0.004201832523453186
41 x 39 0.012194164730278456
41 y 8 0.055349436516485606
42 b 24 0.05542992629189192
42 d 9 0.03571640722111791
42 e 17 0.0174590038757394
42 f 56 0.011170432954467513
42 g 21 0.0036609337827440136
42 l 54 0.04555904628296137
42 m 59 0.13144405459666597
42 n 57 0.035942609709584294
42 p 42 0.09600255760086529
42 q 11 0.054817730690795985
42 r 56 0.024691841410516724
42 s 16 0.013713620865773657
42 w 28 0.14181679561230887
42 x 60 0.042596132659420194
42 z 71 0.1740130408798204
43 c 25 0.10198695909852429
43 d 65 0.10733484072665056
43 e 60 0.07567217864951692
43 g 11 0.11891619143506915
43 o 48 0.12812398881788367
43 q 11 0.013836806326619544
43 x 69 0.15116818299283596
43 y 25 0.21564061440582827
44 g 68 0.3437011469332296
44 i 60 0.33054370464004734
44 l 1 0.03147276713220748
44 v 8 0.27400271145996513
45 a 49 0.1764944159149343
45 b 13 0.0047910910430079
45 d 9 0.017417914156386383
45 g 49 0.15216197520624342
45 h 0 0.028014028954860937
45 i 30 0.006320331628778875
45 j 20 0.034086602257624055
45 m 33 0.025275777277410594
45 n 45 0.060219016178718276
45 s 53 0.07199693836439824
45 u 39 0.01991187166485242
45 v 25 0.012493733594274858
45 x 66 0.02064840384234845
45 y 55 0.0030692285357600824
45 z 5 0.08188046552551831
46 a 15 0.20223603418245117
46 b 32 0.02374446535277719
46 d 71 0.03767987932607575
46 f 10 0.0017815336199484832
46 g 45 0.1817542237245915
46 r 70 0.07095955467635917
46 t 9 0.2957766871954024
46 w 5 0.07556932896432067
46 y 41 0.07318138471187619
47 a 63 0.014835002504195338
47 b 32 0.05535388409515374
47 c 38 0.1184510072998135
47 e 57 0.10172927417482425
47 f 49 0.059797986477143183
47 h 3 0.035628659949478836
47 i 55 0.010136301653580482
47 k 47 0.12867671871266528
47 l 69 0.0024537878464605534
47 n 17 0.1007671685632826
47 p 46 0.15671066240736753
47 q 30 0.10698656396016226
47 u 34 0.03798320975721592
47 w 14 0.03455421487235144
48 f 62 0.32997807430738757
48 g 56 0.03472981309021417
49 d 67 0.03095369428151673
49 f 37 0.04464748658955209
49 g 37 0.13085962314568067
49 h 17 0.0035838871606331812
49 i 66 0.017775894859117125
49 j 45 0.010396488449152863
49 l 35 0.017004251809662696
49 n 4 0.07979054527864915
49 o 30 0.10623154431618642
49 p 46 0.09286223161012552
49 q 24 0.060277471128170945
49 t 31 0.11562323898728066
49 v 56 0.039295359682820497
49 w 22 0.002908985489456062
49 y 11 0.22197204277839933
50 q 55 0.33050995555386575
50 r 45 0.6063867579282122
51 d 66 0.05507037797029646
51 f 4 0.17291834871607126
51 i 32 0.35382543667933264
51 m 31 0.03768539503109192
51 o 66 0.049239564233049204
51 q 4 0.09585655091860223
51 t 7 0.1247148907006641
51 u 44 0.02991391675082078
51 y 43 0.03811979166606083
52 b 0 0.02652401142627292
52 c 52 0.06881934670973033
52 d 64 0.04820089142274664
52 h 60 0.12848802724132247
52 i 63 0.04533643473895821
52 m 2 0.09990393815470766
52 n 66 0.0885188328109977
52 p 25 0.08519325715999826
52 q 12 0.14059291947103592
52 r 1 0.03136806302271755
52 s 16 0.02531581775949021
52 t 47 0.05273903118385548
52 u 14 0.04236869566285917
52 y 15 0.06770899134562969
52 z 55 0.004453562829632829
53 b 72 0.10944140709317562
53 c 58 0.0320041309800696
53 d 36 0.022046643702504087
53 e 36 0.0064648623388858795
53 g 68 0.12421873732297661
53 h 49 0.10072739893485116
53 i 34 0.011958586662388693
53 j 71 0.025031637212907354
53 k 40 0.002649398063179209
53 l 11 0.012157502353504213
53 m 60 0.01013903863829091
53 n 54 0.009122040552193567
53 o 44 0.051349676697529545
53 p 8 0.02261521474505712
53 s 22 0.02453881953402759
53 t 13 0.0032116386269083197
53 u 12 0.13308484114575703
53 v 28 0.024888350487132338
53 w 38 0.027790517221845223
53 y 52 0.025786049840855862
53 z 53 0.184087485291628
54 c 49 0.2617920979885421
54 p 41 0.15786442471007123
54 z 62 0.08785376866718653
55 c 31 0.04637729079143749
55 f 45 0.18145723576582962
55 j 49 0.20894269699566337
55 v 5 0.4958527686763845
55 w 5 0.05007693217274267
56 a 56 0.0001395860779064284
56 d 18 0.10000506157188027
56 e 8 0.004075748069229612
56 f 15 0.03632815880396967
56 j 32 0.041908132006905685
56 k 1 0.010641568156925518
56 m 62 0.0030533411467575933
56 n 34 0.007741440238272168
56 q 0 0.40322434971015797
56 s 8 0.10479615022524813
56 t 30 0.035614656347427776
56 u 3 0.021625160197043525
56 w 70 0.03630237333270048
56 x 68 0.1884474074731276
57 a 12 0.012406898490661677
57 c 53 0.03204522355168893
57 e 21 0.016715536746880644
57 f 45 0.00998815038078249
57 g 31 0.017785541191512322
57 h 3 0.0045773363928715005
57 i 59 0.11787966611698009
57 j 15 0.13558880726510947
57 k 64 0.12473799629193127
57 l 21 0.03585143201157681
57 n 41 0.026202651549419143
57 o 69 0.010672979995556497
57 p 62 0.017719243123200168
57 q 66 0.0019996371280313063
57 r 31 0.1008905617377831
57 s 0 0.01931932345117582
57 v 39 0.009088840820403177
57 w 12 0.1469721417252161
57 x 23 0.016364292260939273
57 y 11 0.010984528923233539
57 z 6 0.05098837847690052
58 a 26 0.028375679324251557
58 b 55 0.060829049695311
58 d 45 0.016917756747697132
58 e 27 0.010536745401189207
58 f 27 0.1112678468668612
58 g 42 0.06256320763696166
58 h 38 0.036006118063674264
58 j 63 0.012862796053034753
58 k 59 0.07649114686447789
58 m 17 0.018650170160490975
58 n 53 0.009793692280871014
58 o 36 0.011953185284947043
58 p 31 0.02079677427490867
58 q 58 0.0121608436131182
58 s 67 0.010297944278125026
58 t 27 0.031618923804656585
58 u 61 0.006274471200742315
58 v 3 0.016484303184662208
58 w 9 0.30084731983664437
58 y 39 0.015808916296401354
58 z 29 0.07766898183339388
59 a 1 0.10776966332801596
59 f 11 0.024824256211585682
59 g 13 0.14372887434304948
59 u 39 0.12644421398824768
59 w 29 0.3906351057305615
60 o 54 0.6133676545743757
60 q 11 0.005981813474451814
60 s 30 0.1251730585061499
61 a 60 0.02937635423373386
61 c 14 0.011381565183581577
61 d 33 0.24774964145269018
61 l 4 0.17412531719699187
61 s 6 0.15159758130684886
62 f 20 0.04560965764903546
62 t 16 0.45819611782949365
63 e 45 0.08694456731567946
63 g 37 0.235888125655087
63 k 19 0.008445554818285239
63 l 62 0.008753297386328462
63 o 43 0.0872733010010438
63 r 64 0.05278057897788835
63 s 27 0.028015130914678776
63 v 1 0.07378653586922135
63 w 41 0.23889776623799852
64 b 16 0.019298645480755328
64 d 46 0.017553951674045276
64 f 41 0.07853576568315368
64 n 5 0.051420515893480734
64 r 60 0.07503856619016158
64 s 30 0.003107878414424281
64 t 9 0.13478049470786457
64 u 42 0.03131149121499344
64 v 4 0.21561439781242897
64 w 66 0.0627123988510514
64 x 42 0.28301618931387673
65 a 3 0.09622347677534637
65 d 37 0.10001294081506973
65 f 3 0.1171021739029603
65 g 16 0.010156424746193826
65 i 52 0.01232580676790851
65 j 65 0.05535137294917025
65 l 16 0.07401407642003721
65 m 17 0.0013192860428936637
65 o 47 0.0011281705965263678
65 p 36 0.01903399587467236
65 q 49 0.14165034937913157
65 r 11 0.09160383486787738
65 s 54 0.12647626360981368
65 t 0 0.010451725158052483
65 v 39 0.025561865090378832
66 a 28 0.02864175142213754
66 b 4 0.01236195729174816
66 c 22 0.04786600886820924
66 d 28 0.015282603884006707
66 e 16 0.034633732768385106
66 f 46 0.002246880211549507
66 g 63 0.0010238284108555762
66 h 61 0.028816578930807912
66 i 51 0.02143081922128809
66 j 47 0.003361769604835585
66 k 70 0.03308571492831924
66 m 36 0.05060117097198191
66 n 67 0.03242455343737083
66 o 31 0.07012785294780843
66 p 32 0.04235649360202742
66 q 20 0.0017739078149416887
66 r 38 0.1528996194667307
66 s 66 0.036293010697150074
66 t 62 0.02991832746455303
66 u 2 0.04040313838288356
66 v 66 0.044658270950430845
66 w 53 0.01777923432199624
66 x 26 0.10208062532667161
66 y 47 0.018958353760754165
66 z 67 0.0015521538039579008
68 a 67 0.03328224045605688
68 c 18 0.0620240619324659
68 d 15 0.054306400823514234
68 e 33 0.021035811095334034
68 f 13 0.06318498856129096
68 g 39 0.0006612964835933655
68 h 55 0.009704201484783792
68 i 62 0.04818689527977149
68 j 65 0.02034335155835154
68 k 71 0.006896509446686849
68 l 6 0.013742983930709496
68 m 55 0.005154227020439217
68 n 72 0.07541983721700252
68 o 37 0.11219705783530498
68 p 19 0.04657913183459894
68 q 35 0.043261307474957156
68 r 16 0.09335412285568456
68 s 26 0.007283043644058629
68 t 48 0.027916752654982502
68 u 14 0.0333706326502492
68 v 2 0.03489579822623168
68 w 67 0.00864629395141181
68 x 49 0.009702568938857459
68 y 56 0.022221235063586864
68 z 51 0.03283301223630053
69 a 56 0.011366396749286856
69 b 60 0.12300051104750631
69 c 6 0.1174076159991988
69 d 26 0.0024101787236383565
69 e 2 0.05608964289031648
69 f 17 0.033864231840414316
69 g 17 0.012059309902761273
69 h 57 0.026276687545246924
69 i 66 0.016661456019989362
69 k 11 0.0036666001916187962
69 l 22 0.054657781240857406
69 m 45 0.005614782957839126
69 n 3 0.08185271824133011
69 o 69 0.052852621872981675
69 q 67 0.03617796779759852
69 r 35 0.0017794347593588222
69 s 34 0.05656699507809071
69 u 23 0.02752075180421898
69 v 28 0.08631821267341988
69 x 47 0.049537397978664854
69 y 2 0.06417030047137096
69 z 58 0.019773030073589104
71 d 37 0.4978620256481633
71 x 27 0.27258326937953736
