28 26 387
0 0.004518457697621381
0 0.011706653148052748
0 0.013924156829818402
0 0.09640673634697239
1 0.6014085105410101
0 0.21726558082955416
0 0.008155065291073571
0 1.0
0 0.8252729371010579
0 0.027262891997939742
0 0.26715286251792425
0 0.03813072527188299
0 0.0009137471189689661
0 0.05159175439327779
0 0.06836638289566721
0 0.022338977242594482
0 0.05633440300368864
0 0.19839413306504572
0 0.03746488939230297
0 0.22918455182181463
0 0.1572627185070422
0 0.07550064321065497
0 0.28993870730187465
0 0.11578014262730096
0 0.04359014052528831
0 0.7256390331985295
0 0.0063507767925724545
0 0.006862548169285998
0 j 11 0.530287361452614
0 v 19 0.33120989884405616
0 w 22 0.13398428200570844
1 a 5 0.10510708799213875
1 b 12 0.007995276956602737
1 c 20 0.12071219283069923
1 d 27 0.014903157592854988
1 e 25 0.01760058540558085
1 f 21 0.0810702175217054
1 g 22 0.029904706244825108
1 h 12 0.024403618858185427
1 i 3 0.09385414440553475
1 j 14 0.07965169759491986
1 k 5 0.010698748619723197
1 l 23 0.04054681153597639
1 m 4 0.0017599756910723352
1 n 16 0.0148139896783277
1 o 16 0.008457714952807116
1 p 20 0.06222747724989275
1 q 21 0.003833883763638246
1 r 21 0.10863493315018813
1 s 22 0.002591165572163878
1 u 9 0.015583146209240395
1 v 23 0.029283472555549528
1 w 0 0.03636427401204023
1 x 23 0.045258667985299095
1 y 15 0.013787425135882714
1 z 7 0.019248975337098462
2 a 17 0.04299613146876402
2 b 1 0.20965534530993468
2 c 20 0.09796684931351407
2 i 11 0.005130164605784748
2 j 14 0.07255381151191298
2 k 5 0.007172204533952398
2 l 26 0.0310540430441546
2 n 26 0.1864781967981447
2 q 15 0.02698267225626494
2 t 16 0.017988847327718216
2 w 0 0.054365603427391496
2 x 14 0.135011974448078
2 y 24 0.08477688072402134
2 z 5 0.013943118400545407
3 a 15 0.009297059274859687
3 b 17 0.06520019892701201
3 c 7 0.027315760190868676
3 f 17 0.07818685406134063
3 g 12 0.10462234539026916
3 h 10 0.042166846768450394
3 j 15 0.13807101320822546
3 n 26 0.11618719347843343
3 o 20 0.02402872626754371
3 p 11 0.11405526389884824
3 r 19 0.015412719475905168
3 s 3 0.03583451823199679
3 v 16 0.010967192470185627
3 w 5 0.06702253156799387
3 x 10 0.005068853834830356
3 y 11 0.034871813179618294
3 z 7 0.015284373426646125
4 j 13 0.08864659466694802
4 s 4 0.3099448947920419
5 d 18 0.31497863547659766
5 h 6 0.11471099672879337
5 j 5 0.009398677749067108
5 q 8 0.11313587142397463
5 v 4 0.09157794998029789
5 z 12 0.13893228781171518
6 a 24 0.07634014618532359
6 b 27 0.030714650456529546
6 c 14 0.08974253138026966
6 d 24 0.0019883516632169806
6 e 11 0.013520868864289604
6 f 4 0.018632462323039167
6 g 12 0.061434172389303265
6 h 26 0.0030435286140384488
6 i 20 0.0075028907473549955
6 j 26 0.03138727112460027
6 k 4 0.03150293606192711
6 l 11 0.00872442485828051
6 m 20 0.2653634318977913
6 n 27 0.05767237005474468
6 o 16 0.027278505987659685
6 p 24 0.04522145275766187
6 q 7 0.03936922200053017
6 r 7 0.004572438103103593
6 s 10 0.021399007012858018
6 t 4 0.04232495725574981
6 u 22 0.00859368125420823
6 v 17 0.012598155489625729
6 w 7 0.05796297773595771
6 x 15 0.012870999200873867
6 y 12 0.009090854942196303
6 z 5 0.012992646347792292
8 v 17 0.17472706289894213
9 a 20 0.03972440659208987
9 b 17 0.005128218445581201
9 e 20 0.1699314506138473
9 g 18 0.0159805162978347
9 h 16 0.004581253676619879
9 i 13 0.10149962795940304
9 j 11 0.005628358770435549
9 l 22 0.019845454945245145
9 m 13 0.021361473497750194
9 n 22 0.0006427964785770124
9 o 17 0.03582041784771128
9 p 10 0.1393938156425103
9 q 11 0.0936786454207672
9 s 5 0.09231492921651852
9 t 7 0.019186505262167697
9 u 16 0.002671335183718093
9 v 2 0.0903529693959616
9 w 22 0.02221020896811554
9 x 9 0.07198402793523806
9 y 24 0.012295014766022128
9 z 23 0.00850568108594596
10 p 27 0.06117825257645415
10 q 26 0.1124355861905082
10 u 20 0.23109349037766413
10 w 21 0.08974346726858684
10 z 13 0.23839634106886243
11 c 26 0.028101960963151762
11 d 23 0.06851041415551717
11 f 13 0.013759748377261682
11 g 16 0.031063020670451413
11 h 7 0.023458685151917624
11 i 18 0.021744824167979737
11 j 17 0.06440717989677514
11 k 10 0.07873905665798697
11 l 23 0.0592169765505457
11 n 2 0.0968441919012385
11 o 24 0.005055217606816154
11 p 4 0.051895122660722603
11 r 1 0.05640153077575605
11 s 17 0.0319509890373898
11 t 3 0.044918102077530775
11 u 15 0.09095126058249392
11 v 12 0.019682040751120122
11 y 0 0.14325587274174334
11 z 12 0.03191308000171855
12 a 4 0.04052757320000788
12 b 24 0.0599959404000906
12 c 11 0.00930674024515421
12 d 10 0.01981520242371948
12 e 19 0.009342963829130135
12 f 0 0.07589296254483047
12 g 8 0.04303095482544317
12 h 9 0.005068183957440575
12 i 24 0.13786328802694825
12 j 16 0.009934593262249769
12 k 16 0.008802553502871735
12 l 22 0.11707626759752332
12 m 4 0.04296720439145596
12 n 13 0.022719579688395553
12 o 11 0.004343612950736153
12 p 8 0.04521129581377126
12 q 12 0.02128973777619514
12 r 0 0.003524538346838857
12 s 15 0.031095047264200648
12 t 27 0.1442929315779955
12 u 16 0.016336939853765275
12 v 6 0.00788238571631461
12 w 24 0.006869766222838525
12 x 7 0.01983146774371025
12 y 26 0.005606489793786085
12 z 13 0.09045803192561763
13 a 18 0.05871718507366974
13 b 8 0.01011506686835073
13 c 0 0.019960671275771502
13 d 17 0.02205171437837472
13 e 4 0.0024494077628500754
13 f 3 0.010323457104516098
13 g 5 0.01589004007740502
13 h 1 0.005394432791370196
13 i 5 0.004856605707635575
13 j 15 0.05456312836807575
13 k 11 0.0293727469598426
13 l 23 0.0005528264872084465
13 m 8 0.04102493049459632
13 n 4 0.1014965732400549
13 o 13 0.003250319987566419
13 p 6 0.2655703130545748
13 q 11 0.004497112052450181
13 r 14 0.10502705327821749
13 s 1 0.03288516505395356
13 t 0 0.006209187055213672
13 u 26 0.019563198303243268
13 v 0 0.009410466236274173
13 w 0 0.045396169374969375
13 x 11 0.03290909876479664
13 y 9 0.02993114155086629
13 z 18 0.016990234304874674
14 a 2 0.09295893639226127
14 c 11 0.0262939574532588
14 d 22 0.008165391365476227
14 e 5 0.0010457125189660132
14 h 17 0.01630961924619112
14 j 24 0.03572373192879763
14 k 1 0.03385205208397224
14 l 8 0.11487776168872632
14 m 10 0.026207404815574153
14 n 18 0.02439775152058621
14 o 16 0.006265241767030916
14 p 19 0.07537320763163036
14 r 1 0.04016823882487419
14 s 24 0.07560812762897429
14 u 3 0.06407584532517963
14 v 12 0.037832798805212176
14 w 15 0.05396383159150231
14 y 16 0.10972963173897743
14 z 2 0.08878437477714152
15 a 24 0.1250275715502398
15 b 22 0.06926521975227573
15 d 27 0.0017996162026953089
15 e 3 0.05009792499834165
15 f 23 0.0438074644095261
15 g 19 0.02714645889942724
15 h 27 0.03139157158878747
15 i 21 0.001826269809616532
15 j 27 0.08434947572224816
15 k 7 0.0180944103212064
15 m 4 0.022719331268559295
15 n 15 0.020911937734028885
15 o 10 0.03235595767772681
15 p 9 0.026278393733609184
15 q 8 0.07368490776975933
15 r 17 0.02140428270127903
15 s 21 0.023592373388597765
15 t 21 0.04638901240266258
15 u 5 0.10760431200212905
15 v 8 0.010616921499364551
15 w 9 0.040420721559715544
15 x 2 0.03368998054511141
15 y 6 0.024873151077949074
15 z 0 0.04031375614254862
16 a 27 0.01313736751940775
16 d 5 0.06512071190899038
16 f 9 0.012697671501794905
16 g 4 0.034997603575380065
16 k 0 0.05120423544391639
16 l 24 0.024855750079409766
16 m 26 0.009550093124508385
16 n 9 0.018186537300872052
16 o 1 0.08177506810588198
16 p 6 0.02222207545240973
16 q 2 0.07120384927553725
16 r 19 0.03957024733959569
16 s 5 0.1372213410674712
16 t 3 0.00402595128980221
16 u 10 0.014981959338418949
16 w 16 0.04401429614835595
16 x 10 0.07376426153602433
16 z 6 0.2251365769885344
17 c 11 0.006201223038006187
17 h 21 0.18417376545811281
17 i 10 0.06619846904738014
17 k 27 0.14373385552650808
17 l 15 0.04009573015187029
17 p 25 0.17813693609271275
17 t 22 0.18306588762036402
18 i 26 0.021495359431973005
18 j 7 0.13966513997841234
18 k 27 0.11551845634405711
18 m 18 0.09047502678411934
18 o 7 0.09815578381261869
18 q 12 0.09493055192578781
18 v 6 0.11182288997605172
18 w 12 0.011403327246600203
18 x 25 0.07948018455178008
18 z 24 0.19958839055629674
19 b 14 0.011918610703447463
19 l 25 0.08022748122698409
19 n 10 0.1688153945549794
19 u 26 0.15315583126586685
19 v 23 0.0030005577035394637
19 x 26 0.02712410373434271
19 y 6 0.3265734689890254
20 q 12 0.2882717550252549
20 x 2 0.5544655264677029
21 a 23 0.010845011144736905
21 b 26 0.012880808448111791
21 c 3 0.07028413541450362
21 d 2 0.0009438853300374195
21 e 23 0.09011212064075491
21 f 19 0.03710140459610711
21 g 18 0.047766600283202676
21 h 3 0.04313837619121885
21 i 25 0.029458269007831772
21 j 4 0.01980902316649613
21 k 10 0.19659309420431537
21 l 1 0.05277513939135936
21 m 21 0.01684575602965732
21 n 2 0.0022223981473313836
21 o 26 0.020642655031146817
21 p 4 0.011394482321317456
21 q 0 0.06697630450644287
21 r 22 0.005616430602616629
21 s 20 0.04849061990115211
21 t 19 0.006787135324661242
21 u 18 0.01440852890312816
21 v 27 0.005840939338116913
21 w 17 0.01106571151865221
21 x 5 0.010111812151469723
21 y 17 0.04704701231834818
21 z 22 0.04534170287662809
22 a 10 0.0035311154939919875
22 j 24 0.06710578468198225
22 l 3 0.008603263055999455
22 m 1 0.06815931146517873
22 n 17 0.0016780301185803648
22 o 4 0.21425676305205954
22 r 24 0.024500238468944113
22 s 11 0.13934769757859633
22 v 25 0.14619949574961688
22 y 4 0.036679593033175695
23 b 5 0.884219857372699
24 a 17 0.05142313978695967
24 b 3 0.008172882871405718
24 d 12 0.06662421906516292
24 e 27 0.018081827119280525
24 f 5 0.08834744023814756
24 g 24 0.062458997935345484
24 h 8 0.012506227542290582
24 i 1 0.07713080728901667
24 j 8 0.1613677483967929
24 k 19 0.03926580299497462
24 l 14 0.007974564708031595
24 m 9 0.04567928213077299
24 n 18 0.032278307866192235
24 o 6 0.021215297361836805
24 p 13 0.04819224137658096
24 q 25 0.017329751782851677
24 r 3 0.0230453743599901
24 s 2 0.0017660639170302694
24 t 4 0.051546921519522115
24 u 0 0.05564336149967608
24 v 24 0.0020952094261601495
24 w 19 0.022140272020577667
24 x 7 0.0002881931051830211
24 y 8 0.02924575513022143
24 z 4 0.012590170030707948
25 l 5 0.2743609668014705
26 a 25 0.058715531452916414
26 b 12 0.014486087282460591
26 c 6 0.03078692985112108
26 d 12 0.025206929407754375
26 e 27 0.12849190550743783
26 f 14 0.03754059706533186
26 g 15 0.005358299994060345
26 h 8 0.011202175201105002
26 i 2 0.02431570854441556
26 j 26 0.015306714790736864
26 k 24 0.17304576857993648
26 m 22 0.05181665479810549
26 n 4 0.020501179588059526
26 o 23 0.021360580957983655
26 q 11 0.03121287694131225
26 r 25 0.03187820702900945
26 s 26 0.03817618137518808
26 t 15 0.012570414152393905
26 u 19 0.037683348260143745
26 v 6 0.06694027332211538
26 w 10 0.052009149161045154
26 x 26 0.0010419615756775968
26 y 8 0.003383594268958179
26 z 0 0.10061815410015873
27 a 4 0.145876636995531
27 b 6 0.012699679142909814
27 c 6 0.05824236469690214
27 d 11 0.021551635035390482
27 g 1 0.008725924211026359
27 h 27 0.011731114076398597
27 i 23 0.02053177757321467
27 j 25 0.005136832824992887
27 k 25 0.0134587601234184
27 l 6 0.03631673545933323
27 m 14 0.047321536595924085
27 n 9 0.05844950520501546
27 o 1 0.03360700344365242
27 q 9 0.0015048984651151454
27 r 23 0.09089622024807742
27 s 14 0.1464235774441328
27 t 20 0.022875830497171012
27 v 23 0.12158380869030494
27 w 27 0.007681933929512441
27 x 26 0.012443871371381365
27 y 6 0.1070368353191472
27 z 21 0.009040970482162125
