108 26 1424
0 0.053289273265116344
0 0.11101868105494817
0 0.04430306961954544
0 1.0
0 0.040321306492033804
0 0.02731196041309658
0 0.018933062119428357
1 0.05379608286875348
0 0.01774386330291755
0 0.005821806283375919
0 0.07130946322369669
0 0.05653912762100077
0 0.03437107713735266
0 0.03057238112947369
0 0.037120685790217656
0 0.007018275614199654
0 0.14965814289328572
0 0.014739758106144585
0 0.01400463660278839
0 0.01597183456898099
0 0.00804497303098839
0 0.12908656548241637
0 0.20701072835677248
0 0.10268430947170748
0 0.0293937605289335
0 0.16414737794855683
0 0.15783744482596018
0 0.20262633126602503
0 0.09792278354295392
0 0.3152992325049574
0 0.05102742444550723
0 0.0019214686289803495
0 0.10432052370734701
0 0.02731746501805521
0 0.16410937720061314
0 0.005960776022172376
0 0.09701201505121182
0 0.030177927097422952
0 0.18542431274168691
0 0.07467381711498466
0 1.0
0 0.023707387012069314
0 0.010291146348709423
0 0.10641949947757856
0 0.074087103506286
0 0.02172252931203522
0 0.18057211087401448
0 0.008891067353036575
0 0.043991825029749854
0 0.04764276309914228
0 0.008147038181244737
0 0.005094512355913294
0 0.09478413850984602
0 0.021244313357874356
0 0.008051277431302739
0 0.0017790271436158855
0 0.024897785319890176
0 0.027366984707736353
0 0.5487645940008542
0 0.05867770374259884
0 0.7884554331439473
0 0.01561004192250759
0 0.009152770603731653
0 0.027365516773885545
0 0.02245066385420058
0 0.08891472602329076
0 0.011547207795741143
0 0.2609456361900159
0 0.018152867312076437
0 0.07157281230722545
0 0.01718532893306668
0 0.011561104399469335
0 0.05912705775380889
0 1.0
0 0.013899497112395576
0 0.07647425349362236
0 0.6117501429566305
0 0.022072953778712545
0 0.11197705055875817
0 0.02083717083089498
0 0.010976563361398073
0 0.05985488283638862
0 0.7856821662694784
0 0.02832650585059404
0 0.023773269128990138
0 0.11235811465500123
0 0.07649607388139978
0 0.0006183285363872137
0 0.026076606026155136
0 0.009989320189728201
0 0.03535999918277555
0 0.09406959898986234
0 1.0
0 0.10474212562865526
0 0.009883923684618323
0 0.11008618235062195
0 0.0653623761911073
0 0.018715984111978945
0 0.23081048441478536
0 0.014104709942172167
0 0.14128063630955645
0 0.05860996209392566
0 0.10103123452094342
0 0.024834230897045506
0 0.05770865689921667
0 0.046712050007696404
0 0.08769721236008932
0 0.07614044075934723
0 a 41 0.03764738162862147
0 d 9 0.03744853688577243
0 g 40 0.018157256620878637
0 h 99 0.03593962609105383
0 i 6 0.05688293812883227
0 j 38 0.015460746156088279
0 k 3 0.059161931307774474
0 l 77 0.17367448181166278
0 n 86 0.012330994496267511
0 o 91 0.12080711110234776
0 r 49 0.01637922299236816
0 s 42 0.0350267009552544
0 t 30 0.006840586135550497
0 u 101 0.1258471207023295
0 v 2 0.04451957708148646
0 w 64 0.04200307493889144
0 x 86 0.036797289850920456
0 y 69 0.07178614984878329
1 a 2 0.009853678047619052
1 d 58 0.00904354147874975
1 g 23 0.026983488272128153
1 h 89 0.14176609889367509
1 i 7 0.10571794919128497
1 m 66 0.19641718874708924
1 n 2 0.12328592807140748
1 p 25 0.08228539767608833
1 q 75 0.014459996058825086
1 r 5 0.020777402437205494
1 u 19 0.013250364325669395
1 v 99 0.04731274757473736
1 w 36 0.09208858690881039
1 x 20 0.005738951261762049
2 b 28 0.0011070825105533588
2 c 7 0.007674581694405047
2 d 70 0.017812518858687842
2 e 31 0.003945921142448072
2 f 90 0.05940569466384649
2 g 26 0.021974139658364256
2 h 55 0.09473713131836503
2 i 43 0.21250457839307113
2 j 107 0.026728776774966878
2 k 29 0.0015659036363669943
2 l 34 0.023711239369207493
2 n 59 0.1907146971837892
2 o 32 0.05281113612908217
2 q 27 0.01741670198620826
2 r 85 0.044491444279523784
2 s 73 0.01899023093585983
2 t 50 0.023541057731347736
2 u 92 0.03317939434293493
2 v 104 0.026026946662100925
2 x 74 0.03993984063001965
2 y 5 0.012235416802638288
2 z 33 0.025182495676667194
4 a 58 0.011114939358311537
4 c 23 0.165529082628593
4 e 15 0.06073468665851178
4 f 71 0.05531300311875953
4 h 38 0.011009095079263509
4 j 99 0.031929931283258495
4 l 55 0.007828116474754232
4 m 88 0.18578207533442836
4 n 95 0.10231866061602746
4 r 74 0.11945333719221463
4 s 26 0.06706465285468655
4 t 22 0.0629239023705801
4 z 14 0.07867721053857701
5 a 47 0.008033298731617289
5 b 43 0.08439736727854807
5 c 64 0.06499476788457215
5 e 5 0.24997717953123222
5 i 66 0.037768918120691275
5 j 105 0.06090006897252953
5 l 3 0.0712394638788012
5 o 53 0.06667641886146203
5 r 60 0.06734401378551602
5 s 89 0.21060486721466898
5 x 59 0.04355876158847827
5 y 71 0.007192913738786388
6 a 62 0.009195890057819178
6 d 96 0.11959511061728734
6 e 82 0.009670125421933129
6 f 61 0.06630096267235963
6 h 81 0.011476879893739023
6 i 80 0.06443400621808015
6 j 24 0.0775957042117923
6 k 20 0.14506539815021546
6 l 13 0.014885079978126159
6 m 21 0.17138777043920317
6 o 99 0.06934290959145761
6 w 89 0.09052628679950514
6 x 35 0.06865803778283219
6 y 18 0.06293277604622116
7 a 94 0.05096002279940881
7 c 81 0.05418124508989142
7 d 0 0.02429799186592596
7 f 101 0.04644575811444662
7 g 59 0.004563066761704038
7 h 2 0.031025587427247148
7 i 85 0.05517719261707954
7 j 44 0.01870157805214223
7 k 61 0.006442291709411574
7 l 28 0.005184684712889576
7 m 60 0.056222210642746906
7 n 21 0.012122538069142319
7 o 34 0.05406790213663437
7 p 83 0.1316696113005117
7 q 39 0.02588896530799356
7 r 84 0.054783467974753974
7 s 58 0.06304168107275199
7 u 98 0.09540784979310035
7 w 61 0.13418715500784428
7 x 26 0.005545189985781129
7 y 58 0.0016282132601666
7 z 96 0.014659713429672427
8 c 12 0.025082640527411937
8 d 35 0.058831788069091284
8 e 28 0.016749857603786777
8 k 23 0.06958229865413279
8 m 21 0.14274233999343988
8 n 44 0.04254284717694368
8 t 10 0.19525910042892702
8 u 14 0.19393778497028813
8 y 35 0.009184496180160151
8 z 24 0.2283429830929008
9 a 58 0.03191439556589537
9 b 4 0.015970978545049697
9 c 35 0.0004912171148733213
9 d 30 0.05958154253165693
9 e 42 0.010581623788353589
9 f 9 0.008803212518120551
9 g 31 0.007076221170546182
9 h 42 0.053083954924261545
9 i 4 0.0720404214929109
9 j 67 0.0016808846151707968
9 k 70 0.10640425067584092
9 l 72 0.04774281482428666
9 m 14 0.06611379058607236
9 n 94 0.09205911116403265
9 o 76 0.04790888354613487
9 r 35 0.018460385288121106
9 s 49 0.04842060324631392
9 t 49 0.013446440109273428
9 u 88 0.059343360766792475
9 w 66 0.016646636038405993
9 x 30 0.007694322501452078
9 y 46 0.13439502325834385
9 z 36 0.07431811944471489
10 a 102 0.020269626343757396
10 b 21 0.009150677148447528
10 c 9 0.017859469531256722
10 e 24 0.0592954604312288
10 f 9 0.016366690560788988
10 g 26 0.0005206405223493471
10 h 14 0.05053462906203532
10 i 106 0.0005356555804062468
10 j 27 0.02268707387565916
10 k 91 0.03147964415745319
10 l 59 0.03549202178059241
10 m 66 0.12415974760863668
10 n 93 0.08660787473746223
10 o 75 0.14342831281414692
10 q 17 0.034919210856181326
10 r 103 0.0036750403049813363
10 t 55 0.032875842872892136
10 v 97 0.09144147756377108
10 x 44 0.10322292026433855
10 y 68 0.008304034496065094
10 z 91 0.03586448626385286
11 c 16 0.2995447415383842
11 w 49 0.044873044692209985
11 x 0 0.5990430861484051
12 a 10 0.0008661344541124327
12 b 86 0.015013939092350381
12 c 89 0.0272788114747039
12 d 44 0.016927889129729534
12 e 1 0.026115400328923677
12 f 30 0.08776968325067669
12 g 105 0.010061205984072785
12 h 99 0.10432959512873952
12 i 64 0.015539936293123446
12 j 2 0.05559103530070986
12 k 14 0.008686360330673937
12 l 74 0.0626521579549083
12 m 93 0.023156913103267285
12 n 23 0.03726891831793522
12 o 15 0.017353335715478257
12 p 21 0.07785992814090759
12 q 39 0.08514061450589272
12 r 70 0.014309273404760958
12 s 62 0.024404317315735446
12 t 64 0.040876727709179494
12 u 61 0.061591954566432516
12 v 91 0.052162027339648254
12 w 74 0.016798918194215195
12 x 56 0.024853568501038814
12 y 100 0.010643332929132776
12 z 26 0.04837694439629836
13 a 34 0.03744572560503778
13 b 73 0.09344981820566034
13 d 6 0.022002634226569007
13 e 21 0.1779609252287313
13 f 96 0.04052063636444769
13 g 81 0.015107550241004297
13 h 5 0.03669886361304586
13 i 5 0.026213023383664935
13 j 95 0.06788013663675485
13 k 93 0.003680320602658216
13 m 82 0.04071907721857548
13 n 23 0.03758999884813885
13 o 0 0.005043951040399786
13 p 57 0.0010554209102437984
13 q 107 0.001539739688676045
13 r 62 0.05769580055370749
13 s 11 0.052306272675059384
13 v 49 0.007058952627914894
13 w 12 0.1421122805013122
13 x 46 0.06619753556740982
13 y 48 0.03287094898529608
13 z 34 0.004278006146218205
14 a 74 0.013781369962652223
14 b 81 0.08827024945574058
14 c 14 0.11722987095456217
14 e 12 0.07393008717500582
14 f 69 0.019537236348993292
14 g 14 0.010390226825423565
14 i 79 0.1742692874970614
14 j 104 0.0903462903865595
14 k 62 0.04116322179945242
14 l 8 0.041092076656099596
14 m 61 0.04477978661993132
14 p 70 0.002662038032533065
14 r 65 0.033304885560189956
14 s 12 0.07406815229322272
14 t 81 0.008148967968553578
14 u 75 0.06466481710170846
14 w 35 0.05007146885791314
14 x 0 0.015169280714179556
15 a 82 0.028476387872104936
15 b 35 0.029589719261885472
15 c 72 0.018181150619814734
15 d 59 0.03752021934376426
15 e 30 0.03216158179741169
15 g 101 0.12193833591924186
15 h 43 0.1577132974169343
15 j 47 0.04732536039830859
15 k 44 0.049008563327287535
15 n 22 0.02083042425866455
15 o 69 0.013123109696396407
15 p 63 0.07176600131227173
15 q 52 0.08506622034421774
15 s 92 0.21328585562949498
15 x 23 0.056948948040833614
15 y 87 0.01004654914716796
16 b 64 0.1911732215107722
16 c 87 0.15098245882058037
16 q 79 0.02957990820146361
16 v 30 0.11545911270231102
16 w 20 0.12587461427919655
16 z 91 0.23727254159239053
17 e 64 0.13224402210290065
17 n 14 0.5518469916307248
17 q 21 0.11118427065099434
17 r 37 0.037194474539139044
17 w 107 0.024494970849057607
17 y 5 0.12829551212103896
18 a 90 0.10435212452013998
18 b 102 0.012052010271860314
18 d 28 0.024914302777148123
18 e 50 0.007408873943043792
18 f 100 0.00784189747309394
18 h 32 0.07287755412575003
18 i 11 0.02213949607045418
18 k 93 0.10337860015837075
18 l 14 0.08564950070142385
18 m 41 0.09869636805079818
18 n 37 0.04739792870762449
18 o 42 0.05680514173267415
18 p 54 0.08047947545622802
18 q 79 0.0340186412860346
18 r 104 0.02490878865486945
18 s 1 0.07107005893390828
18 t 31 0.03595475249737523
18 u 101 0.004020141069747796
18 v 93 0.013727545039353695
18 w 51 0.032638765260942004
18 x 7 0.00038779975895619767
18 y 88 0.02128376436140056
18 z 45 0.023991832546014003
19 a 78 0.1626863779000619
19 b 103 0.4593729465418085
19 i 81 0.3619688409891486
20 a 18 0.0560379741574919
20 b 19 0.05937741597925106
20 c 30 0.13797915148623408
20 e 14 0.04354370778415517
20 f 79 0.10702939259145083
20 i 67 0.14180459862244177
20 j 25 0.0034491682510547905
20 l 82 0.09138172415456114
20 n 21 0.05999189644758618
20 o 59 0.04302340695022544
20 r 47 0.0020962879187257366
20 s 107 0.009408612149985673
20 v 15 0.05924259832055978
20 w 67 0.02933610256052377
20 x 43 0.04857176102853
20 z 1 0.09968122856623429
21 d 78 0.00659144124423805
21 m 47 0.01773393289679015
21 n 52 0.007359558314384507
21 o 69 0.3152772407623696
21 p 59 0.05783688103621831
21 t 21 0.0696262029551532
21 v 93 0.2543240939505118
21 w 53 0.07506871307688745
21 x 91 0.06606874663439044
21 y 19 0.001026623646640079
22 a 107 0.3667704138860487
22 l 17 0.18034050470045337
22 o 12 0.019246694607710335
22 s 55 0.1274705711826577
22 w 20 0.09916108726635742
23 d 70 0.30238122918635213
23 i 85 0.16966339521794616
23 k 58 0.07302244011103187
23 m 50 0.17318343952481885
23 w 23 0.011821858420662856
23 x 77 0.09296619756257551
23 y 58 0.07427713050490514
24 d 65 0.021712176104262904
24 e 43 0.038047233250039
24 f 47 0.16061069764232083
24 g 92 0.07852737460325976
24 h 48 0.1674577969013381
24 k 86 0.03062458546208746
24 s 73 0.10133923000608136
24 t 41 0.01612409219290112
24 u 65 0.1444251395871401
24 v 9 0.11405476091787237
24 y 72 0.05602223390598693
24 z 21 0.04166091889777657
25 b 49 0.08484064356249232
25 c 61 0.020772178853312173
25 d 90 0.03154804998307381
25 f 71 0.08894315452635504
25 h 91 0.047745363484454795
25 o 53 0.0453760546415668
25 p 98 0.19985470651418402
25 r 64 0.022642321195638915
25 s 90 0.13186274889503768
25 t 85 0.06009658626823977
25 u 2 0.09666329348753944
25 v 29 0.005507520639548402
26 a 19 0.04005082196587706
26 b 105 0.040735667714251966
26 d 55 0.025525707904205275
26 e 99 0.004051570326742637
26 g 3 0.06725001320783697
26 h 23 0.05409973512035138
26 n 107 0.09933532046030502
26 r 88 0.2846206820634719
26 t 104 0.04733387487093199
26 v 93 0.06916781753482415
26 w 104 0.08943958723795586
26 x 51 0.009512555404874945
26 z 77 0.011039201362410656
27 d 59 0.20982307463209648
27 f 14 0.0963909818355807
27 g 0 0.17853790171543849
27 n 67 0.014103467550885096
27 p 80 0.26993709786109077
27 t 27 0.028581145138883435
28 h 33 0.6646849716995112
28 o 83 0.23739224475753484
29 b 9 0.06690568859166235
29 c 89 0.03612766563155445
29 g 61 0.06525992512500256
29 k 57 0.18712760611069745
29 n 85 0.11036837075458028
29 r 53 0.2189115112815455
30 a 9 0.002292662550875124
30 d 24 0.004174711075258686
30 g 54 0.031102640861826014
30 k 3 0.20270821206334022
30 l 57 0.23969192989072807
30 o 4 0.14419192267718206
30 p 87 0.03658006869453956
30 q 98 0.07995523736333421
30 u 21 0.05854379228868778
30 v 23 0.08350794392852412
30 w 38 0.06622345416019693
31 b 35 0.0006890997950579347
31 c 7 0.014767093513836538
31 d 4 0.006842656855363116
31 e 85 0.018356258028813466
31 f 56 0.03462448934033402
31 g 59 0.027327757519227003
31 h 33 0.18348773522752126
31 i 75 0.024170326339520654
31 j 11 0.05711419085418268
31 k 60 0.07047172532820167
31 n 58 0.03463665427357754
31 o 39 0.07852074092977468
31 p 69 0.07741283088501283
31 q 25 0.005228696782860642
31 r 92 0.015578852344652061
31 s 54 0.03365584956774248
31 t 8 0.1409219503717397
31 u 80 0.014485181798094882
31 v 83 0.0066156911945362
31 w 9 0.0294398158260889
31 x 78 0.0029951288388917474
31 y 25 0.006749244916522512
31 z 101 0.11398656083946712
32 a 86 0.05001813500868091
32 b 96 0.004899097485413839
32 c 48 0.017360515747503635
32 d 11 0.10871578468415544
32 e 64 0.011198881024655605
32 f 105 0.08007201401440844
32 g 19 0.07037303589418675
32 h 87 0.015612563856080897
32 i 62 0.01859260437294341
32 j 31 0.003396951520622582
32 k 83 0.0136667415357129
32 l 9 0.10779693111314359
32 m 104 0.05169525695458688
32 n 58 0.005249273362300744
32 o 79 0.00788286387769721
32 p 78 0.008895264864397512
32 q 102 0.051530851528020505
32 r 40 0.03134397964079738
32 s 88 0.011728589714463555
32 t 11 0.019845977874252352
32 u 102 0.12915052771846902
32 v 94 0.016948229986807006
32 w 26 0.047783650440751835
32 x 85 0.005295599633638237
32 y 84 0.002655615775297715
32 z 73 0.003970538663665035
33 a 35 0.004046241664138028
33 b 80 0.0017658728965207482
33 c 35 0.06788798304752464
33 d 91 0.06029242027191173
33 e 10 0.025415518138401372
33 f 32 0.007380857747488534
33 g 34 0.08846135627052643
33 h 41 0.008122476221795294
33 i 65 0.012613526489952953
33 j 7 0.011989113765813575
33 k 34 0.05298490858412297
33 l 82 0.03596228338045504
33 n 11 0.026536412497725204
33 o 90 0.014510434205607048
33 p 77 0.11371468561804265
33 q 23 0.14270472553120161
33 r 13 0.008418433858688124
33 s 19 0.06539218534646163
33 t 31 0.03370042512642668
33 u 78 0.004067126540418409
33 v 82 0.03651200226283258
33 w 3 0.04882042101256279
33 x 81 0.03238162739511585
33 z 60 0.06900149710821091
34 j 42 0.24844211867239907
34 k 102 0.04159168616988351
34 m 43 0.10014539632636754
34 n 66 0.2841575159327673
34 z 86 0.16155390569796946
35 a 28 0.06491970024197169
35 b 78 0.06771802439869279
35 c 74 0.03329836514481621
35 f 82 0.006083010499308927
35 g 73 0.1267992320403053
35 h 56 0.017537738238069478
35 i 75 0.000517344608286674
35 k 106 0.0026479940282106984
35 l 17 0.021349424576174503
35 m 67 0.13801007395285592
35 o 94 0.10881103745277676
35 p 7 0.06620105400866938
35 q 105 0.01521123966287341
35 s 95 0.06904554911939864
35 t 28 0.02005700027307722
35 u 9 0.016515685494825294
35 v 82 0.019569166115133152
35 w 42 0.003933946265522792
35 x 15 0.018739024560369022
35 y 25 0.015830432265400263
35 z 104 0.1612441810310895
36 b 106 0.05901802203002471
36 d 62 0.22554062018871646
36 h 45 0.04242394216977308
36 i 51 0.00205241108058285
36 j 103 0.0038394470141724923
36 k 78 0.05297233838711468
36 l 16 0.047229653095696045
36 n 62 0.027615269065545567
36 o 13 0.09202845201507148
36 q 40 0.017058460363903016
36 u 10 0.1794322056548252
36 v 7 0.03823531674003955
36 z 22 0.11554184714332305
37 a 82 0.044094548330802175
37 b 27 0.06359030583850123
37 c 59 0.07649318299884444
37 d 26 0.1112061923543115
37 e 14 0.11647950851683198
37 f 31 0.001954634500728969
37 g 22 0.005438123973111608
37 h 32 0.05047461642012374
37 i 57 0.025048163423150305
37 j 17 0.08574898711070644
37 k 0 0.0006960962857391895
37 l 39 0.000274036693173052
37 m 30 0.013347051015062172
37 n 86 0.0030190276849314523
37 o 36 0.0048679085878786665
37 p 86 0.0029226737766187005
37 q 106 0.018954963434249628
37 r 2 0.0310258283720678
37 s 61 0.0005911114220561453
37 t 103 0.07860129730617382
37 u 84 0.020608191931647757
37 v 5 0.006145492094568827
37 w 48 0.16102605148969862
37 x 103 0.013151275719915034
37 y 73 0.033203505775520004
37 z 38 0.0008592978461637868
38 c 64 0.01750240554720517
38 i 94 0.13951392964603826
38 m 5 0.10448726285445653
38 n 35 0.0065467220097877865
38 q 64 0.04882539080134629
38 t 13 0.057912926011393306
38 v 22 0.39768258002463697
38 y 70 0.042104470363448776
39 a 78 0.060721640973476765
39 c 22 0.054141460509084416
39 f 95 0.05198071504699431
39 h 20 0.2398564734240327
39 l 71 0.028344977016230954
39 m 26 0.03426465244298604
39 q 61 0.026629550421335857
39 r 56 0.021848266958091722
39 s 44 0.021284477115732114
39 t 89 0.011375106552148462
39 u 31 0.12209825754969295
39 v 5 0.0975814573791165
39 w 83 0.0019328590552829539
39 y 21 0.1449578776027305
39 z 47 0.008308410838079094
41 c 97 0.024251043546701823
41 d 85 0.06936227849908072
41 e 0 0.004819328969620229
41 f 98 0.04911497647158736
41 h 83 0.054888698644129486
41 k 30 0.09283883760933054
41 l 20 0.22589183879544905
41 o 78 0.04554049657470027
41 p 10 0.04008334663246227
41 s 0 0.09695499655130169
41 t 5 0.11120762923007899
41 u 104 0.12053994080490338
41 v 61 0.04079920065858489
42 c 35 0.9897088536512906
43 a 30 0.6280745174644518
43 d 53 0.10101910705420025
43 k 23 0.07945710886611212
43 n 56 0.008152361276383524
43 u 56 0.07687740586127378
44 b 70 0.016331020062489876
44 c 102 0.06788364075465536
44 d 45 0.05015133853282283
44 e 77 0.11636761388416117
44 h 105 0.06174239935173009
44 n 81 0.033063665883012794
44 o 30 0.03684624251968549
44 p 105 0.04626930411277974
44 s 76 0.15628606107070875
44 t 97 0.056519189681888404
44 u 53 0.024636298736047002
44 v 63 0.07627488528698001
44 w 98 0.13296532839790565
44 z 41 0.05057590821884683
45 g 0 0.0477670247766705
45 i 28 0.17072133019746483
45 l 47 0.01959239479083419
45 m 102 0.118128422052305
45 o 63 0.13977923002374015
45 q 72 0.10237338335425905
45 r 43 0.04200619505540126
45 v 74 0.3010686287653015
45 y 70 0.0368408616719883
46 s 25 0.0037310219030614045
46 x 15 0.708245442914523
46 y 28 0.10745142430840116
47 b 5 0.04494211085610811
47 c 71 0.006901067650809223
47 d 64 0.36201450342834884
47 e 37 0.04307716630241021
47 g 25 0.010010680414688333
47 i 70 0.02813762682059584
47 k 105 0.014431282912078403
47 m 34 0.15571575671004967
47 p 75 0.06524637942855915
47 r 27 0.002789658952691676
47 s 5 0.04463946685868947
47 t 5 0.06085308044798399
47 u 12 0.014722414190055488
47 v 0 0.0749966623643823
47 x 77 0.012517225110569519
47 y 98 0.039441464936037396
47 z 11 0.010672385262905815
48 a 79 0.042190716954072616
48 b 20 0.023014798651824764
48 d 9 0.015879826013534437
48 f 84 0.05054558001561982
48 g 69 0.058583578506159695
48 i 10 0.10368467586605756
48 j 18 0.02676975871057108
48 l 102 0.027565295054144956
48 m 73 0.017654588170989527
48 o 100 0.0033886782019207917
48 q 12 0.18923149177244625
48 r 97 0.09440054609158732
48 s 46 0.0045442929675526544
48 t 55 0.001734740276191804
48 v 6 0.042204612310206
48 w 52 0.2069745640295052
48 x 47 0.015531059345098797
48 z 0 0.03210937203276687
49 g 80 0.017628931172190332
49 h 74 0.034009400024154646
49 o 83 0.006547501391061417
49 r 30 0.29417074678223354
49 t 31 0.4510718750925574
49 v 42 0.015494024765554282
49 x 102 0.002693411451114569
49 z 75 0.13074134622199152
50 a 0 0.05919994107727322
50 b 33 0.05992402855807133
50 c 64 0.02805599502853906
50 d 30 0.004407169467957273
50 e 67 0.005921825226691824
50 f 105 0.049126574295278
50 g 37 0.08126553316586327
50 h 43 0.012132652799093258
50 i 60 0.049342923270178196
50 j 53 0.07390769168855638
50 k 46 0.021142687486082723
50 l 17 0.033565653025530384
50 m 13 0.05734991395941602
50 n 75 0.0014874282809570483
50 p 30 0.029001147243949976
50 q 106 0.009307354028874282
50 r 45 0.10865850703728308
50 s 8 0.0771337683783837
50 t 56 0.06051366746309672
50 u 29 0.05865253884440391
50 v 91 0.02199775527911374
50 w 72 0.064448240661379
50 x 91 0.00656306900402448
50 y 98 0.009156868915429994
50 z 87 0.00959002763332839
51 c 16 0.016204488631695546
51 d 98 0.03033938150188975
51 e 20 0.03268823677690691
51 f 82 0.03099892894129075
51 g 39 0.09730289770676082
51 h 59 0.0027951421817179467
51 i 102 0.09840193427577237
51 j 60 0.02373999980364383
51 l 77 0.009260397836521661
51 m 77 0.16512605187872464
51 n 4 0.018095631868891404
51 o 80 0.0265196419262953
51 q 61 0.012779369380819694
51 s 35 0.0388419214410064
51 t 47 0.0334722569294047
51 u 25 0.24663201037707683
51 v 14 0.016196463785413062
51 x 107 0.02205527919544925
51 y 10 0.07345545320480584
52 b 48 0.009152303954772845
52 c 27 0.009863198547168883
52 d 66 0.0005301539545172762
52 e 104 0.13975222056352676
52 g 69 0.011983288096789058
52 h 101 0.042708506133785185
52 i 87 0.0397470722264347
52 j 8 0.02576834088994273
52 k 51 0.00826441398365696
52 l 24 0.015463013893749933
52 m 59 0.020237037609179054
52 n 17 0.11989535360570835
52 o 15 0.00798336338152128
52 p 105 0.09812241288612567
52 q 65 0.037885400611529785
52 r 14 0.13964990519277964
52 s 65 0.036607580100608494
52 t 56 0.0876875054235765
52 u 4 0.035030664892604535
52 w 38 0.010421606308734344
52 y 35 0.00442510666043372
52 z 74 0.00403741257300827
53 a 90 0.010078616339197044
53 e 77 0.09277955916819525
53 g 82 0.02144221588451123
53 h 17 0.17569481468976011
53 i 106 0.11579013768911994
53 j 52 0.1390068600073826
53 k 48 0.12929378843151718
53 l 71 0.03727633935976904
53 m 55 0.07527516031872628
53 n 95 0.0041442741899749835
53 q 56 0.027423334457631676
53 r 3 0.0434171492911235
53 t 59 0.020973193359592357
53 w 29 0.0007453756445212623
53 y 11 0.008932792259621958
53 z 74 0.07648207555148123
54 a 70 0.09881922521161757
54 b 24 0.03331478788980491
54 c 69 0.06354029669251482
54 d 37 0.002690860969573605
54 e 1 0.007968407431387492
54 f 18 0.04632713416927137
54 g 46 0.0010868199495777109
54 h 100 0.0574520270085499
54 i 54 0.0001743018207847058
54 j 17 0.037333707804287575
54 k 48 0.021932143026554995
54 l 103 0.010092645462427163
54 m 105 0.021881325354943693
54 n 15 0.028527656420180958
54 o 76 0.010691235069773763
54 p 50 0.014423398009172805
54 q 46 0.0065850601750230275
54 r 86 0.02288187213438575
54 s 64 0.14362409240326002
54 t 21 0.17855551845059492
54 u 101 0.000390931168559594
54 v 87 0.0222602600587245
54 w 47 0.02246104806235094
54 x 65 0.10185683941815049
54 y 58 0.02771643602688212
54 z 42 0.009360692380342872
55 b 19 0.09673782821935306
55 c 11 0.006337476546745879
55 e 27 0.06664268654036265
55 g 54 0.22450479894203135
55 j 61 0.020231705453379156
55 k 13 0.020421909099124114
55 l 85 0.01684460733886295
55 m 52 0.10526500482139955
55 n 57 0.0909496481453238
55 o 48 0.17221237609871254
55 q 19 0.03359751357266705
55 r 75 0.007628165720540925
55 s 12 0.007827233008782075
55 t 14 0.06137900610499325
55 u 90 0.014144986075642185
55 x 53 0.04321732362208108
55 y 87 0.010278703546382495
56 b 16 0.01809023329786774
56 c 90 0.002502771942817561
56 d 16 0.00046677994166677284
56 e 71 0.03311420478118088
56 f 75 0.08556662001220972
56 g 5 0.011067064428127438
56 h 63 0.026194359192099337
56 i 85 0.09688019721641439
56 j 29 0.05362833456242011
56 k 5 0.04708558595228052
56 l 62 0.140978244928608
56 m 78 0.0935769410559204
56 n 76 0.07426503828732745
56 o 24 0.04027237501188774
56 p 54 0.011508911788412513
56 q 8 0.03675119328943022
56 r 41 0.005325282442476431
56 s 80 0.0080367556187102
56 t 105 0.013145133690716126
56 u 27 0.02278208930748149
56 v 50 0.0676270094862581
56 w 87 0.018374781390282147
56 y 105 0.06165934794628969
56 z 74 0.006202959109224859
57 a 43 0.0029653640993853037
57 b 67 0.06570198514329395
57 c 56 0.02122719009359353
57 f 39 0.006202412045219208
57 g 82 0.013445804333785505
57 h 25 0.06671510532122782
57 i 26 0.05871656103538769
57 k 40 0.15129826614132702
57 l 82 0.05454464318862251
57 m 54 0.062154716451965686
57 n 2 0.011894880430175725
57 o 39 0.04592847528799393
57 p 16 0.00595632197600704
57 q 7 0.05641192855211952
57 r 20 0.02382696875655821
57 s 33 0.04266377455569281
57 t 2 0.06722976140195858
57 u 102 0.01698685777268849
57 v 77 0.050827060118551204
57 w 93 0.007362752883196766
57 x 40 0.06367427957154326
57 y 53 0.022905041362332734
57 z 2 0.05399286476963716
58 e 59 0.08046049266057953
58 j 73 0.11995566716722605
58 z 16 0.2508192461713402
59 n 26 0.24378503763597004
59 t 33 0.59562508693691
59 u 100 0.10191217168452116
60 p 44 0.21154456685605272
61 a 74 0.0017846404167295438
61 b 62 0.03957034478660326
61 c 4 0.025394853663525008
61 d 33 0.023039001737493847
61 e 47 0.016836410626215326
61 f 47 0.027428334643009533
61 g 61 0.01978103931501307
61 h 86 0.07842501724703521
61 i 38 0.08129625722588263
61 j 41 0.010773537104176611
61 k 53 0.005492267320690414
61 l 13 0.10713506036480702
61 m 100 0.003035404721140167
61 o 39 0.02141352741038094
61 p 86 0.034178589648915514
61 q 100 0.023465021127303087
61 r 87 0.1474836170417786
61 s 29 0.08547925552513136
61 t 9 0.03006014783066091
61 u 46 0.0329366365036704
61 v 33 0.010918321346320536
61 w 19 0.017450798225623454
61 x 26 0.07699278613573013
61 y 21 0.040179160629040034
61 z 90 0.023839927480615808
62 a 97 0.000924234406569302
62 b 4 0.017905672588524824
62 c 103 0.009989596280361446
62 d 1 0.02088908655931554
62 e 72 0.009634231471723598
62 f 47 0.25599409168917664
62 g 101 0.045741585919124916
62 h 21 0.059033570843574745
62 i 100 0.07064773628124577
62 j 70 0.02237560422866891
62 k 24 0.06533403864636911
62 l 17 0.028700866498505784
62 m 101 0.01884583306590515
62 n 101 0.03773553754635739
62 o 8 0.05549646315966816
62 p 10 0.001781538388764603
62 q 79 0.015986263021465663
62 r 14 0.016483422393068325
62 s 85 0.004076404247247312
62 t 81 0.06187280768644465
62 u 75 0.042540118056956566
62 v 76 0.07059065105005036
62 w 97 0.006474691202137839
62 x 99 0.026570801455383486
62 y 17 0.020523338812059477
62 z 68 0.004699043897598787
63 a 1 0.05260142515975874
63 g 102 0.043954570154067896
63 k 57 0.21523902733978628
63 o 48 0.14694710453717896
63 t 17 0.5138923560353226
64 a 20 0.17826204286867908
64 b 48 0.2241905371577787
64 c 53 0.3106416244517666
64 g 34 0.11917666927715509
64 h 47 0.023102563129979825
64 l 97 0.11326283545464
64 n 77 0.008913063805800148
65 a 106 0.011644607283270103
65 b 6 0.02007729125978852
65 c 67 0.03514852250879508
65 e 62 0.02615327535565959
65 f 104 0.03504631075249165
65 g 24 0.0703226607695222
65 h 4 0.007587948788333798
65 i 14 0.01056793063558581
65 j 73 0.04446115696723918
65 k 36 0.004103728533142892
65 l 59 8.71382171987456e-05
65 m 80 0.06385781335297147
65 n 0 0.027727994915782372
65 o 72 0.041506923750204816
65 p 8 0.0026627892299306843
65 q 1 0.023772791644032898
65 r 17 0.0024613112390241554
65 s 31 0.012924994394778455
65 t 10 0.004790935816453512
65 v 14 0.05425986894363355
65 w 43 0.009901237797917739
65 x 50 0.25154998254642436
65 y 1 0.15046805927452767
66 a 107 0.006951944194411475
66 b 76 0.0272965944237471
66 c 88 0.012739218974000543
66 d 103 0.06007394630104035
66 e 58 0.0044920082349588775
66 f 46 0.08887408968261012
66 h 88 0.039117025294298946
66 i 13 0.06504421800898552
66 j 3 0.03298594368055374
66 k 54 0.011998621517768204
66 l 69 0.005411260095738779
66 m 22 0.0024975252330705633
66 n 19 0.019460852414623142
66 o 60 0.0025803031308212487
66 p 70 0.00021642367127205908
66 q 79 0.009469744315439788
66 s 67 0.03414650922332385
66 t 60 0.03962149514099467
66 u 91 0.10893792390576373
66 v 77 0.2557920024809458
66 w 0 0.02754850163663125
66 x 18 0.045406297318166255
66 y 0 0.05581506569126515
66 z 11 0.03197527763382768
67 c 21 0.05852376825431438
67 k 46 0.10318953474225334
67 l 89 0.03869337898668268
67 n 35 0.06185855918660532
67 p 48 0.01152455173096023
67 q 95 0.12718517842632582
67 r 84 0.2527966549229036
67 s 1 0.0015525859534517572
67 u 51 0.03861211401185993
67 y 82 0.04511803759462707
68 a 62 0.025816356360431225
68 b 4 0.003470235389570475
68 c 77 0.002078546451968033
68 d 93 0.008960273042318945
68 e 41 0.1439904847758926
68 f 47 0.004441466501698521
68 g 3 0.02569999107944132
68 h 55 0.01599704579152783
68 i 89 0.016226111848925973
68 j 82 0.10124003276961135
68 k 71 0.0388903343507363
68 l 8 0.030640267716208314
68 m 67 0.01839447651156667
68 n 58 0.04315412717799494
68 o 41 0.12186572640810933
68 p 19 0.018701501591414593
68 q 102 0.013461259929799518
68 r 95 0.07440290844871322
68 s 51 0.007455716879874119
68 t 4 0.02545789254532138
68 u 57 0.016093734763028222
68 v 15 0.00035196441690510394
68 w 16 0.059719741632247136
68 x 101 0.06786314687668216
68 y 94 0.005844911305370903
68 z 67 0.09162887812256537
69 a 43 0.07483604379913567
69 c 31 0.05855383822115423
69 d 59 0.05545854226405578
69 j 62 0.05244508347744081
69 k 44 0.038124860693794727
69 l 78 0.025801694833191058
69 n 26 0.032154056686425014
69 q 37 0.10759086534020568
69 r 46 0.022104420528269886
69 s 34 0.0077237047920523105
69 t 86 0.14331285496138912
69 u 11 0.08152554922939481
69 v 61 0.07508945204490747
69 x 86 0.08906752783209104
69 y 106 0.06463869298926694
70 a 58 0.02416700383746584
70 c 58 0.04478833470601917
70 d 13 0.006577025916072343
70 e 71 0.007808085930287922
70 f 5 0.019752532882074236
70 g 0 0.08370510099309303
70 h 30 0.024470272854953512
70 j 27 0.07949193398383958
70 k 47 0.019415904317974464
70 l 40 0.01725481655390515
70 m 76 0.052515575581616236
70 n 92 0.015203521251038188
70 o 14 0.01304109321086755
70 p 10 0.053212572990882445
70 q 89 0.0019203420091398193
70 r 78 0.004934758450374166
70 s 7 0.08611480195761234
70 t 5 0.06023109624911405
70 u 75 0.06823529302375286
70 v 5 0.055646487964329694
70 w 62 0.15552446844612255
70 y 3 0.08080290076352581
70 z 16 0.00800074719287236
71 b 30 0.026746009459174047
71 c 93 0.0383285044633368
71 k 82 0.4353159922809188
71 o 40 0.02815461426199306
71 p 41 0.0875559983117411
71 x 40 0.3723377768233669
72 h 7 0.07418109176537346
72 j 1 0.02057303648643527
72 k 68 0.01523772416000524
72 l 24 0.07138735334825608
72 m 48 0.18852231089636973
72 n 47 0.36225278499728775
72 r 60 0.15643338314098354
72 s 67 0.0024363639945612636
72 u 101 0.049848893456918786
74 a 36 0.016369581329307437
74 b 86 0.06047490475222628
74 c 6 0.03539849879148349
74 e 5 0.021760515459545604
74 f 100 0.018391774801435057
74 g 80 0.08880129706097795
74 h 40 0.1732592553579133
74 i 16 0.005106557975925741
74 j 95 0.026343615284368016
74 k 30 0.026725304708078323
74 l 42 0.03466184807938133
74 m 1 0.00039005934260871733
74 n 32 0.036060417265819766
74 o 93 0.023871992160410915
74 p 105 0.020891713029983494
74 q 68 0.002136921750127474
74 r 86 0.013994520013815737
74 s 28 0.04637230816000171
74 t 27 0.02677807434458812
74 u 10 0.01388337984490251
74 v 1 0.10753287756376584
74 w 20 0.05735018273343617
74 x 35 0.01345487529534617
74 y 94 0.08272059749944616
74 z 98 0.03336943028270911
75 a 12 0.2763482256875538
75 b 4 0.009021446781197984
75 c 8 0.20767730975066245
75 f 7 0.014173874430806754
75 h 48 0.06264081068199778
75 i 61 0.02528032215050613
75 j 79 0.10072666614381787
75 k 95 0.008679572208735942
75 n 74 0.02846563740618968
75 p 25 0.02237125025756781
75 q 82 0.04180222609778139
75 u 97 0.035744326413949756
75 x 93 0.08683116465183605
75 y 21 0.0037629138437742515
76 f 98 0.12276925465434418
76 h 13 0.030744704616926577
76 o 71 0.01819479281540415
76 z 56 0.21654110495669454
77 i 10 0.16853382367854464
77 l 40 0.03825562000302318
77 q 77 0.2082668418380883
77 u 91 0.45860634487170815
77 x 106 0.10426441582992318
78 b 65 0.02223525833321094
78 k 97 0.0018444386794159717
78 m 86 0.24897697148883813
78 n 50 0.006305809425154463
78 o 77 0.060068864898700114
78 q 57 0.019753082410417733
78 r 102 0.1970514161834137
78 t 83 0.0030819984845508186
78 u 21 0.2537782166900233
78 x 3 0.07492689284751664
79 b 14 0.06599575181948503
79 c 76 0.03881752974224739
79 e 8 0.019467537529002543
79 f 63 0.18106166899719056
79 g 101 0.0036220319408918344
79 i 64 0.017517369008772654
79 j 74 0.20255028292184873
79 l 73 0.04875539874104351
79 o 7 0.005220512912351927
79 q 10 0.06917539114836246
79 r 12 0.007096372381548033
79 s 27 0.0070140467759328695
79 t 53 0.013090313694326228
79 u 1 0.011771158947992633
79 w 71 0.07815352367474626
79 x 7 0.026269349716659174
79 y 74 0.05469094121337803
79 z 32 0.12889364800332515
80 a 36 0.02403716877423634
80 b 13 0.06112825403652833
80 c 5 0.0398424671159372
80 d 56 0.08478631759088162
80 e 14 0.04470359390759748
80 f 98 0.0024111430747458806
80 g 12 0.020072816944085137
80 h 96 0.0025050557136967466
80 i 91 0.05022402772380474
80 k 58 0.006986397509563647
80 l 3 0.0808186125543201
80 m 47 0.020620860181145395
80 n 30 0.019994177026557702
80 o 38 0.04870340957769814
80 p 18 0.1007347504064573
80 r 88 0.014230375622346636
80 s 101 0.0929335527303421
80 u 18 0.0047706761930543795
80 v 8 0.0009405635923142031
80 w 84 0.19738910385803443
80 y 82 0.06621595074430742
80 z 100 0.004974161760947005
81 a 39 0.023904070461770566
81 b 30 0.09532834624596564
81 c 4 0.024771974152901333
81 d 24 0.015778386836083014
81 e 86 0.05662327378493037
81 f 107 0.17102063213246932
81 g 47 0.0346991583703089
81 h 91 0.02277753686438022
81 n 21 0.08417606243879672
81 p 63 0.014634951014189657
81 r 69 0.017446871131857722
81 s 28 0.09111861458233994
81 u 93 0.13589803450899585
81 w 88 0.05941913121713294
81 x 68 0.03153897498173419
81 z 11 0.061009098439754994
82 a 25 0.15461721055640543
82 y 104 0.059700623174116174
83 b 62 0.15073898184618695
83 l 87 0.08259481880446828
83 m 19 0.09419825119108427
83 o 97 0.1428312243640778
83 t 79 0.46545711753756225
83 z 8 0.035853100406026406
84 d 16 0.10454283273449538
84 e 91 0.09145931721993039
84 f 15 0.10442634008901597
84 g 18 0.05935223776938969
84 k 63 0.12575650176723618
84 o 90 0.21123305112625657
84 q 102 0.019938413121438736
84 w 54 0.12426176244644749
84 y 67 0.045628450740353266
84 z 105 0.08962782385644619
85 e 47 0.19654265889794598
85 g 24 0.1780407290146928
85 j 75 0.03761943421690195
85 n 79 0.12300139285239842
85 p 6 0.3115809604686409
85 v 49 0.0408567098944187
86 t 66 0.9235039261186002
87 a 71 0.22767604331870173
87 e 23 0.014437753817564514
87 r 104 0.754229500122104
87 t 68 0.0030383742052425555
88 c 80 0.07137248468115087
88 d 34 0.10154013152925234
88 e 22 0.12060807664756545
88 f 29 0.08373982252279666
88 h 96 0.006947471823061324
88 j 66 0.06260017025034148
88 k 12 0.04347755791155772
88 l 16 0.2604894265424891
88 n 30 0.011001526369612824
88 o 8 0.0011064995973368852
88 s 95 0.062132070766378944
88 u 102 0.026702978831971702
88 v 66 0.022397733210554716
88 w 35 0.0689571809487286
88 z 28 0.030850262341046264
89 c 34 0.015237718362727137
89 e 103 0.17860500718726768
89 g 14 0.1290220126415701
89 h 43 0.03876798853608854
89 j 26 0.05796429625452204
89 l 71 0.12381334710503444
89 n 92 0.11863662629823013
89 o 54 0.08196478100271076
89 p 54 0.027824450868695783
89 q 44 0.02151894139661603
89 s 18 0.043120147660858366
89 t 49 0.04154422537482183
89 u 107 0.08402379035756158
89 y 62 0.02796734676356738
90 a 6 0.0036878834155923412
90 c 39 0.0048906949597550264
90 e 99 0.0549004489243784
90 f 12 0.0490884462920107
90 g 83 0.11205399746403588
90 h 31 0.044424090973381736
90 i 27 0.013079593350346364
90 j 7 0.02612325037914609
90 k 42 0.019705440067785074
90 l 104 0.023493861113963566
90 m 36 0.04477966961098834
90 n 0 0.04466331257410727
90 o 98 0.08696372227695492
90 p 7 0.017846491922663854
90 q 0 0.019592665092581618
90 r 34 0.04776251282128752
90 s 84 0.0057072946414695735
90 t 102 0.0289963225996539
90 u 84 0.01819080996041922
90 v 84 0.04515231238432327
90 w 18 0.06684382414793255
90 x 104 0.038606659791781794
90 y 90 0.125067681280993
90 z 67 0.023019014771672452
91 a 62 0.002578707869064001
91 b 103 0.08756633336211395
91 e 13 0.23678630156018132
91 f 51 0.0792089811140928
91 h 85 0.06815206642405192
91 l 2 0.05620434465676105
91 m 16 0.052305228534797577
91 n 76 0.17533134353097157
91 o 39 0.028906760977465584
91 p 65 0.0003026606029868928
91 q 8 0.07865226909747025
91 w 12 0.028469084787294263
91 x 12 0.011466318492886485
93 j 36 0.06073590699920417
93 l 27 0.2780871532676499
93 m 52 0.1517024032368356
93 n 98 0.05518197059853014
93 r 24 0.32507306127374225
93 u 24 0.023789718770587553
93 w 74 0.0006876602247951613
94 a 80 0.050022924569305904
94 e 95 0.32254279088562454
94 h 99 0.34362733126809475
94 n 37 0.15236748590509064
94 s 87 0.12155554368726584
95 c 37 0.6397671331933809
95 k 96 0.23016351640037946
95 p 100 0.019983168055617728
96 p 72 0.38311510698129914
96 x 14 0.5515225168275936
97 a 74 0.014317060444434593
97 b 79 0.19143797340172697
97 c 11 0.006690174822208461
97 d 58 0.0021825187015390712
97 e 34 0.018731258085476155
97 f 84 0.0029743937544489674
97 g 33 0.03232211541141272
97 h 50 0.04594160431189265
97 i 85 0.014628538946964698
97 j 99 0.06573880006488331
97 k 102 0.03749900240013149
97 l 9 0.001486513571554715
97 m 72 0.002699021220345821
97 n 94 0.04439553046481748
97 o 35 0.0679420182774686
97 p 91 0.011481489405511192
97 q 68 0.017433163193193102
97 r 54 0.07094601535859746
97 s 77 0.09534480520787358
97 t 9 0.0630892202970571
97 u 23 0.0038510417324422175
97 v 68 0.02617106553107562
97 w 50 0.013630939085994886
97 x 19 0.1023610069498666
97 y 81 0.008270219889369157
97 z 76 0.01971852535773444
98 d 93 0.0180226142950759
98 f 79 0.0886111938343136
98 l 94 0.08011382467103012
98 n 4 0.582441882784795
99 a 53 0.031182805277893966
99 b 53 0.02273647780348309
99 c 45 0.0504325597274804
99 d 78 0.006905010682621282
99 e 3 0.042632588648590874
99 f 43 0.0032081466258977454
99 g 65 0.0043991310643705095
99 h 22 0.0022885736793755163
99 i 29 0.07669856975159262
99 j 61 0.012906463195567652
99 k 47 0.010602400031960557
99 l 62 0.002937240345037506
99 m 42 0.1950951669979626
99 n 14 0.029662105298158714
99 o 27 0.012258867791554717
99 p 90 0.02911394606372486
99 q 1 0.012456268113942626
99 r 50 0.01818101515372761
99 s 66 0.05920092334849547
99 t 44 0.002383090694106138
99 u 99 0.19631739920954772
99 v 1 0.03291680757138238
99 w 15 0.05113870565453804
99 x 20 0.04272766435194442
99 y 88 0.00635366896835321
99 z 43 0.031159694006517635
100 c 6 0.05642875494196675
100 g 93 0.1045927987731693
100 h 40 0.009596773761755495
100 i 14 0.08854732771444829
100 m 79 0.006553850366804337
100 n 5 0.006954705172975362
100 o 30 0.053351789639569214
100 p 94 0.032364314851163534
100 q 100 0.11859572161572429
100 r 89 0.0686872132761196
100 s 66 0.013585643722361929
100 u 65 0.014778274856367069
100 v 65 0.008060886504829834
100 w 49 0.024503079516131843
100 x 52 0.15529618298377068
100 y 93 0.09682204599328603
101 a 25 0.16885974383489788
101 c 59 0.07413488376265387
101 d 64 0.041848076586691096
101 e 26 0.08149109510778108
101 h 63 0.0027552972440709755
101 i 65 0.07702466424920629
101 j 23 0.07093397199033513
101 k 26 0.02130372083934251
101 l 34 0.00924893302898877
101 m 72 0.12525693355949763
101 n 88 0.02763246067463021
101 o 83 0.025024668157892838
101 s 57 0.019345039218576998
101 u 98 0.13240861486714517
101 v 27 0.033153195873026786
101 w 15 0.0016671717256958596
101 x 65 0.002241421898359852
101 y 26 0.004118326534862327
101 z 61 0.022941818752419074
102 g 40 0.23070646096315783
102 h 77 0.04339560815392396
102 i 92 0.2127294284082989
102 j 19 0.10303040633008753
102 k 47 0.09040530606539876
102 p 3 0.0008125030743330042
102 q 7 0.11014084421237935
102 t 17 0.005192706115710322
102 w 82 0.0781513922472934
102 x 73 0.024404109908473526
103 a 34 0.0681818564390444
103 b 98 0.04776817829335389
103 c 56 0.06217427776366791
103 d 90 0.030201925895352977
103 e 73 0.1616895197696614
103 f 26 0.028162010784372193
103 g 77 0.06003212747274689
103 i 92 0.10337144083820671
103 m 100 0.10073188445274395
103 o 39 0.05573106148489371
103 p 89 0.033387713079557235
103 q 14 0.02147813251418651
103 t 60 0.04558562387104581
103 u 1 0.10525179851630029
103 v 100 0.0491685538514679
103 z 10 0.002249664076352742
104 a 14 0.14448982246743525
104 b 78 0.00869852539150262
104 d 15 0.041117636415968994
104 e 0 0.0034803761114025056
104 f 26 0.0214207933839079
104 g 75 0.08153208056979311
104 h 23 0.07910945950823733
104 i 4 0.00690056491987967
104 j 104 0.042976523330940264
104 k 65 0.02412024199924323
104 m 79 0.0342818572914968
104 n 46 0.12686592052377865
104 o 82 0.04330351712615055
104 p 53 0.00813147330858155
104 q 63 0.014122226000750082
104 r 38 0.013971519845376479
104 s 9 0.10216700137338064
104 t 85 0.05337061073527627
104 u 98 0.07346535382982411
104 w 37 0.007340179251381529
104 z 96 0.0114256597164758
105 a 45 0.008142101086822229
105 b 72 0.04321325292242906
105 c 98 0.10003637498326379
105 e 37 0.017591152316600356
105 f 20 0.032508749912411816
105 g 87 0.005608640135948195
105 h 56 0.0027262803717325035
105 j 71 0.014999551363350072
105 k 74 0.0050180967268474985
105 l 29 0.05898968492092971
105 m 72 0.16173143268568224
105 n 57 0.04585276504365443
105 o 1 0.03684677375069023
105 q 30 0.06957014752450763
105 s 85 0.10638976243328835
105 t 45 0.07802653640018031
105 u 98 0.011662219787176964
105 v 20 0.026807809493923473
105 x 10 0.004272608865097727
105 y 38 0.09160179700172355
105 z 31 0.03169221226604346
106 b 54 0.012799650117438999
106 f 15 0.03398243601876061
106 g 106 0.03281899425868029
106 i 95 0.28845340101567873
106 j 23 0.19276908393162584
106 l 43 0.035760919600364316
106 m 103 0.058268376301080615
106 n 41 0.008799438514998204
106 q 44 0.07311690772506663
106 r 39 0.04510229818188394
106 t 21 0.04836742365778701
106 v 18 0.04311637090277243
106 y 24 0.02307402811879189
106 z 83 0.015873459294981185
107 d 13 0.1410406968494119
107 e 55 0.017989594034262923
107 i 99 0.46470995186882225
107 j 105 0.10606685920377801
107 r 36 0.12415420137959421
107 z 19 0.06989825590478349
