187 26 2298
0 0.3610556200154448
0 0.27850677481629527
0 0.09828329279690029
0 0.06986492750830009
0 0.02704511867297965
0 0.4848426043826719
0 0.08446722768591153
0 0.06721853684262524
0 0.05151496578796422
0 0.1014425636493107
0 0.08210710101392582
0 0.04676517481963138
0 0.2699769294431267
0 0.020519190037246338
0 0.017323827796010827
0 0.012883491452367113
0 0.0657588353580093
0 0.01622460488763333
0 0.036922231338871625
0 0.03329085441085078
0 0.07729071546950816
0 0.08967498186133882
0 0.036093170890905246
0 0.03881485603295476
0 0.03283826227530395
0 0.007207124618142324
0 0.07612447530071376
0 0.016542580615526936
0 0.15937625464780558
0 0.08633461518352137
0 0.7900619795291789
0 0.06050354125950963
0 0.08808982731645498
0 0.4213631167343813
0 0.07361470534287495
0 1.0
0 1.0
0 0.05217934498988408
0 1.0
0 0.003975135347304759
0 0.5791811681804511
0 0.05762067454709163
0 0.029858381330897577
0 0.07470633685539974
0 0.389325216704579
0 0.15434291350970797
0 0.05146425027733348
0 0.033037159030607444
0 0.22212340218944648
0 0.01879530850451172
0 0.3635400994048664
0 0.24549576249913763
0 0.40383878909472826
0 0.06545596646846996
0 0.055998507150940235
0 0.2527585025691771
0 0.14351030739694592
0 0.024860428208575036
0 0.244752722153874
0 0.06180521490870361
0 0.019547453043824325
0 0.21531272740709206
0 0.09783324754855616
1 0.08397129367386758
0 0.03474042862196425
0 0.2929751869938251
0 0.09077095661962187
0 0.13389929141085266
0 0.0344344545873978
0 0.30879855823105085
0 0.00766375927299523
0 0.031051377711886263
0 0.023833595217786274
0 1.0
0 0.13504512887359577
0 0.036852769650489
0 0.08971086270814776
0 0.16704216470066713
0 0.052250386620010025
0 0.10078804648493456
0 0.15908771685858125
0 0.010341370770615144
0 0.0864017922668534
0 0.06805053653458626
0 0.0018006657331008924
0 0.0515209633689907
0 0.013698596151909048
0 0.048266320792817674
0 0.8968634602757715
0 0.11877599268911165
0 0.0069072751078885775
0 0.03229590652068115
0 0.007997855077321203
0 0.05864684442546375
0 0.7226765201820761
0 0.015739251479859884
0 0.006982376968161508
0 0.03997312086803917
0 0.05463991879829588
0 0.018174031674142888
0 0.04402808813592418
0 0.1517474983153132
0 0.011966682470074819
0 0.07059662356181429
0 0.022810229797777803
0 0.17645906660169042
0 0.02374444771387474
0 0.023647977902779505
0 0.03627257326460964
0 0.005669634144921165
0 0.021949853107258166
0 0.0026407958567005174
0 0.7039602780299086
0 0.10166759578031714
0 0.0202456434859265
0 0.017043401240161238
0 0.02845747522137143
0 0.009564039528114687
0 0.002413999523511068
0 0.05789107351855005
0 0.05043096733783914
0 0.02836768448577509
0 0.10874695150742986
0 0.0005180353773427404
0 0.07587948963687063
0 0.06982239620741804
0 0.016065506879914482
0 0.2198471779945368
0 0.007707776918431164
0 0.007574003103156479
0 0.1920856386992611
0 0.6037628994190092
0 0.8175248767857954
0 0.017196653118851657
0 0.07735724758081008
0 0.035322070040527564
0 0.07787274772276076
0 0.1312407403947491
0 0.022199936261850017
0 0.012305418641243682
0 0.02405237104822544
0 0.04066261269322047
0 0.5534764774753597
0 0.04992482719869218
0 0.10068008377918336
0 0.004051765085378745
0 0.29479340430154743
0 0.10703686082512964
0 0.13006841787151568
0 0.11762562861886194
0 0.056845761114747706
0 0.04499198171288532
0 0.21017381963793802
0 1.0
0 0.07522676613401025
0 0.8403128786132122
0 1.0
0 0.008706163872595374
0 0.04079447517209556
0 0.022219708428025342
0 0.001813544388941879
0 0.4069181931380109
0 0.0929894031306654
0 0.02910056272338235
0 0.11419075679177293
0 0.23947661849681767
0 0.09475794435922236
0 0.004788271526128818
0 0.02556554551333401
0 0.06067552478825289
0 0.010009940960188923
0 0.07849989073537722
0 0.03208711791749641
0 0.1116836686066266
0 0.4599710083537243
0 0.7261056255803056
0 0.02696586079548169
0 0.1091709880949453
0 0.07598634598762655
0 0.08814298121751052
0 0.0006911687174648851
0 0.3504560628474721
0 0.05752673676893827
0 0.034671764296721364
0 0.05008590719354111
0 0.22815482226484973
0 1.0
0 f 106 0.5102758811188783
0 j 143 0.11585874295162157
0 m 165 0.0035896708975952096
0 v 70 0.0092200850164601
1 a 105 0.125523206790639
1 c 164 0.031012442067124835
1 j 1 0.07912613858756223
1 k 180 0.14746722791675138
1 l 64 0.06972179564453962
1 n 185 0.04816828944967699
1 t 69 0.001165271202552609
1 x 142 0.021216083792902962
1 z 50 0.1980927697319551
2 b 121 0.027246224669405184
2 c 30 0.0069957234597991524
2 d 138 0.01009180197587678
2 e 118 0.0012623680673655713
2 g 105 0.060647147402453694
2 i 147 0.032451858118981214
2 j 81 0.09805372252156563
2 k 11 0.026710361300521734
2 l 131 0.09455263364621547
2 o 41 0.0016532572320984151
2 p 78 0.08350419096944928
2 q 74 0.042826946515287734
2 s 19 0.015340671259009842
2 t 79 0.09438844923786416
2 u 95 0.06811624098502078
2 v 80 0.0009879990565383467
2 w 11 0.1639669573956819
2 x 132 0.06867423848765908
2 z 74 0.004245914902305747
3 a 75 0.10984770773709418
3 b 118 0.026505501019910338
3 c 177 0.03868017183806316
3 d 21 0.04444432803750642
3 e 45 0.052267000480221704
3 f 37 0.05420412274679609
3 g 56 0.01364173178882655
3 h 79 0.05932704640218556
3 i 180 0.0030744972133659454
3 j 144 0.027809930940101757
3 k 79 0.03065682726590202
3 l 133 0.005962838859503217
3 m 33 0.03443968763658045
3 n 81 0.007575633711455088
3 p 28 0.0446367539000988
3 q 67 0.004620854018338338
3 r 19 0.03511792845003325
3 s 91 0.009996116634080177
3 t 121 0.03290701248777239
3 u 160 0.11675911838210185
3 v 179 0.11930522512438702
3 x 132 0.03955599944656518
3 y 47 0.016742049270204618
3 z 36 0.0020569891006058105
4 b 34 0.13685171589257272
4 d 169 0.018593469394115103
4 f 13 0.0209840242599586
4 h 32 0.1048259333991004
4 i 179 0.035057809267595386
4 j 100 0.060886542556637835
4 k 138 0.14205611428536669
4 l 118 0.028419016199905167
4 m 159 0.010698075095539772
4 o 27 0.043397982771853694
4 p 141 0.04239540964284316
4 r 35 0.030618750250592686
4 s 27 0.05128591535804772
4 t 174 0.04429582497075668
4 v 53 0.004549617931201677
4 x 130 0.07688465801161193
4 y 119 0.003110639226656331
4 z 186 0.1180433828126648
5 p 97 0.5151573956173281
6 a 23 0.04442132200746074
6 b 153 0.0333638044951905
6 c 44 0.015532168693245918
6 d 182 0.01841983931153357
6 e 72 0.08297479513041128
6 f 19 0.04848336331024983
6 g 175 0.006142580657899743
6 h 131 0.03243717834579096
6 i 109 0.04477117370176509
6 j 39 0.032855520937448035
6 k 100 0.014936252900510816
6 l 56 0.006862873241111456
6 m 47 0.08351442072563064
6 n 176 0.012325210444741996
6 o 91 0.02304445275633271
6 p 54 0.08049108960906415
6 q 96 0.015501654594958447
6 r 180 0.007005650680497411
6 s 22 0.026740097470278168
6 t 1 0.018854864989582998
6 u 123 0.13932082671940793
6 v 94 0.013769111593834538
6 w 31 0.002036829656787753
6 x 92 0.05532610191372411
6 y 35 0.05548827863049932
6 z 4 0.0009133097961303571
7 d 8 0.1141759133031146
7 f 156 0.35144043470557207
7 k 56 0.09654815218473989
7 r 51 0.08278015858871046
7 u 41 0.28783680437523773
8 a 182 0.030034285481383316
8 c 92 6.454155481727675e-05
8 e 2 0.0798579712582127
8 g 42 0.0372625848951762
8 h 122 0.015724094556124113
8 i 50 0.07408521009351798
8 k 179 0.001376723188606599
8 m 41 0.045772571158252395
8 n 1 0.011708276683310426
8 o 114 0.09731814738315747
8 p 49 0.1528569728922684
8 q 45 0.038841494879694016
8 r 114 0.0037577242674952105
8 s 181 0.10149883189804665
8 t 119 0.14747595950674364
8 u 135 0.017219658897493106
8 v 125 0.004723276440018687
8 w 86 0.006589797329141223
8 y 116 0.0472866047633449
8 z 77 0.03503030708523147
9 c 67 0.07018390653052797
9 d 177 0.01733626585424053
9 h 89 0.07431171185648411
9 i 172 0.050176034730639696
9 k 140 0.017879461995422452
9 l 44 0.0075655253523880805
9 n 113 0.21331464388970056
9 s 14 0.029443631657174563
9 u 159 0.13004611415608525
9 v 143 0.13674343405406608
9 w 174 0.12832107280155025
9 z 108 0.023235633472409756
10 a 79 0.01590743400854222
10 b 31 0.022682892968643675
10 c 81 0.028042849113207757
10 d 153 0.017776272515615532
10 e 173 0.02723566567120672
10 f 81 0.02865040887907755
10 g 153 0.037249741964422545
10 h 104 0.01146131572117226
10 i 24 0.003437353606792537
10 j 181 0.09622999608025995
10 k 117 0.024878458579271068
10 l 150 0.0530074451179432
10 m 71 0.10229748589539767
10 n 15 0.01411528544673546
10 o 106 0.05524704913002698
10 p 38 0.007174902385718052
10 q 6 0.17085433590982313
10 r 50 0.005512913997906876
10 s 56 0.0028211560754333176
10 t 177 0.03997530671429628
10 u 20 0.005479147618115743
10 v 24 0.053410378130152925
10 w 119 0.019923736792244573
10 x 160 0.012920106207078064
10 y 41 0.02184365612365957
10 z 2 0.03975760433333053
11 c 176 0.008054285617704604
11 e 179 0.0012128290616821857
11 k 102 0.05407889237784769
11 l 68 0.00856899602654071
11 n 12 0.004303032916062377
11 o 161 0.04510626995042588
11 q 45 0.10764444884713087
11 r 49 0.08506670850074527
11 s 147 0.24681886682629572
11 u 127 0.04029004684536153
11 x 146 0.2112369395647694
11 y 5 0.14085350864580237
12 r 172 0.7300230705568733
13 o 115 0.28266397034146307
13 r 172 0.05742987068760741
13 s 45 0.026640488720736988
13 v 118 0.4450440532474136
13 w 47 0.05901265728491223
13 x 44 0.10868976968062039
14 c 163 0.02126343572915179
14 d 8 0.01751859903024977
14 g 5 0.015876184235084967
14 k 169 0.28424572508207135
14 m 90 0.20068676602259294
14 n 18 0.04737330023439179
14 o 161 0.175959109523124
14 q 17 0.15384708927683055
14 x 185 0.06590596307049201
15 a 181 0.04504969358180688
15 b 37 0.0046475837399135855
15 c 60 0.020812510512403848
15 d 62 0.18204256659699725
15 f 167 0.021283743391953824
15 g 179 0.03391136472149314
15 h 145 0.01589837530728866
15 i 163 0.014367971435424565
15 k 81 0.03549871789278192
15 l 107 0.010361126836294643
15 m 183 0.0058351197304901126
15 n 11 0.0906007361593626
15 o 69 0.03276229586695856
15 q 78 0.03243177532372099
15 r 70 0.07862685294689864
15 s 81 0.051719430908046315
15 u 17 0.007359673329683569
15 v 17 0.10015440607812587
15 w 83 0.1255233467513892
15 x 137 0.05969858696798214
15 y 162 0.018530630468616582
16 a 155 0.013700152441318725
16 b 49 0.1433716686353772
16 c 48 0.012625503405933824
16 f 172 0.006777884097100784
16 g 77 0.08498432014896462
16 h 132 0.01457758962400646
16 i 143 0.0610911990745856
16 j 109 0.0008331511235539768
16 l 128 0.01203000661525
16 n 66 0.12259906265666054
16 o 109 0.025315300956265774
16 p 129 0.054855869681345704
16 q 162 0.020872701612043132
16 r 115 0.003047887348323175
16 s 73 0.09783363302176296
16 t 96 0.011651026578975876
16 u 112 0.04726888155178399
16 v 45 0.009569821043771576
16 w 83 0.06542475975487605
16 x 145 0.006331083887742506
16 z 32 0.11947966138234822
17 a 102 0.0033421427260879044
17 b 6 0.09021644514846838
17 c 9 0.1421876326883632
17 d 83 0.07148321807346136
17 f 38 0.05644047815516229
17 g 110 0.08609089275688742
17 h 163 0.004922298573992401
17 i 54 0.03913937143686186
17 j 5 0.0029309816509490716
17 l 105 0.02268815529847734
17 m 125 0.0022318213507740436
17 n 169 0.040514293256749045
17 p 22 0.08664007561452214
17 q 160 0.0965148328868698
17 r 31 0.013554320209376969
17 s 125 0.08880530647543261
17 v 53 0.10973877848526625
17 w 171 0.0001427476863237187
17 x 148 0.0018400930672316518
17 z 154 0.02435150957110921
18 a 68 0.010334033774858198
18 b 76 0.007598551267101072
18 c 147 0.03972854627808531
18 d 127 0.1178344344129143
18 e 10 0.08442085659650489
18 g 152 0.042634141897919364
18 j 183 0.12691564470039818
18 k 99 0.030214094074554776
18 l 155 0.05829620544275127
18 m 159 0.0024765335869879612
18 o 9 0.0526315188088996
18 p 148 0.15300840995547504
18 q 162 0.0395454071260366
18 t 84 0.0023701289376210077
18 v 105 0.06481116755207528
18 w 54 0.06086218096082019
18 x 18 0.04735864494340791
18 z 57 0.02203726834471742
19 c 105 0.26033294510958405
19 d 4 0.05817867605450311
19 f 150 0.4638496224453049
19 k 38 0.028552259391093182
19 m 7 0.13808714004269207
19 y 8 0.017708502545971894
20 e 143 0.09108132553684067
20 f 113 0.07412322806229632
20 h 32 0.026796234271362462
20 i 185 0.0061150646891761085
20 j 127 0.07321230404776635
20 l 143 0.021294888646882337
20 m 111 0.06867904649762746
20 q 150 0.01286183148239195
20 r 159 0.15293715450658452
20 w 147 0.07148255436348216
20 z 114 0.3241256524260815
21 a 65 0.06279725918592793
21 d 112 0.18956651703766147
21 e 64 0.08131435364058714
21 f 74 0.08727129316166848
21 h 14 0.047865700754057494
21 i 77 0.02901026952951058
21 k 32 0.10380888405404931
21 m 173 0.047217128265899855
21 t 39 0.10147473506087135
21 u 165 0.003525991552462693
21 v 3 0.08739144582148206
21 w 112 0.06411037119551255
21 y 164 0.004971068878970253
22 a 93 0.09778979633640439
22 b 169 0.06245502496777655
22 c 79 0.08318919896419996
22 i 25 0.041847260358414795
22 l 175 0.09025599039119203
22 o 124 0.016027457750902196
22 p 150 0.016146931064634162
22 q 58 0.0019254650252801264
22 r 162 0.22082015774126484
22 s 94 0.05883382490224309
22 t 43 0.017995216794477353
22 x 17 0.19222541441212726
22 z 73 0.06439509040017799
23 a 72 0.00246320356131724
23 c 48 0.061331429260804815
23 d 56 0.11918475371454329
23 e 39 0.04745755461153267
23 f 130 0.06858774048934813
23 h 90 0.0038257758137503206
23 i 125 0.04381711780672226
23 l 16 0.06921488842611367
23 m 105 0.05581265591001228
23 n 55 0.1934034779732049
23 o 123 0.0012412929754077595
23 p 74 0.01043660858574924
23 r 146 0.036564120487291074
23 t 44 0.01941305206132682
23 u 48 0.09291372073943005
23 w 184 0.039928816985860704
23 y 79 0.038623028199710085
23 z 118 0.05696590636491994
24 a 79 0.1427635835089781
24 c 73 0.06103148675144876
24 g 86 0.05182628597340633
24 h 12 0.09823858516894424
24 i 112 0.02001664864865471
24 l 84 0.02244084937059765
24 m 45 0.22373961089587013
24 n 176 0.05117132551414594
24 p 174 0.07322951330259453
24 r 172 0.00805692854728457
24 t 71 0.1367029356547682
24 w 126 0.03791502246285072
24 z 74 0.04002896192515215
25 a 79 0.06422812870606098
25 c 121 0.0704786587772126
25 d 143 0.03327424101225984
25 f 68 0.05449295217874939
25 g 49 0.13208913107743647
25 h 80 0.01878536210749182
25 i 134 0.022229588610492956
25 j 144 0.03201029848735115
25 k 163 0.025956273958368525
25 l 41 0.0009049333567335838
25 m 22 0.022699732434404596
25 n 19 0.05013846732056071
25 o 123 0.03648364764304746
25 p 90 0.052971663302669114
25 q 150 0.02728825992621353
25 r 27 0.00323975557183942
25 s 70 0.00207554474159366
25 t 122 0.16485310104110784
25 u 128 0.008833261265025816
25 v 30 0.00984503631070155
25 w 71 0.033482296998699645
25 x 160 0.026186434981248286
25 y 127 0.0694835722234951
25 z 62 0.030762533349093624
26 a 27 0.04307926934156103
26 b 143 0.03155204624551289
26 c 14 0.02952849428942772
26 d 22 0.014730506042449187
26 e 116 0.0039024425109933647
26 g 152 0.05661147908202091
26 h 105 0.08656461260503501
26 i 28 0.04082943042127285
26 l 92 0.07005617891581306
26 m 170 0.01194493210541836
26 p 106 0.047660335502130446
26 q 81 0.042601031868282235
26 r 24 0.09397695170154097
26 t 155 0.012631529355995652
26 u 69 0.05581784078912122
26 v 92 0.11407019054738277
26 x 40 0.034452125875150785
26 z 48 0.1338661275001778
27 b 68 0.02158095699491469
27 d 106 0.0072113607601723695
27 g 12 0.19960920705520424
27 i 35 0.16855432544587223
27 j 39 0.003152315635413183
27 k 76 0.01374180017455684
27 m 179 0.020785628811461287
27 n 120 0.0191451040070445
27 o 107 0.07749364538050563
27 p 127 0.061465204474414725
27 q 155 0.026773792782868733
27 t 146 0.03307298350934318
27 u 81 0.04488364250756338
27 v 148 0.036759429114008535
27 x 121 0.03555277221417463
27 y 149 0.07351185091819357
27 z 158 0.14016339959876134
28 c 122 0.0918662465255361
28 d 112 0.12804592523798608
28 n 143 0.09762072415959921
28 v 143 0.32103267966500826
28 w 37 0.20205816976406477
29 a 117 0.02018166550820155
29 b 115 0.11384956824621317
29 c 100 0.03772744885246504
29 e 52 0.029421239118738174
29 f 10 0.0369519616779761
29 h 28 0.03945895892667706
29 i 186 0.0035431469523130588
29 j 23 0.012708979371587104
29 k 101 0.1860619873817384
29 l 157 0.03473031230221968
29 m 154 0.07112165117627367
29 n 138 0.0018811474461518651
29 o 106 0.00745256912226222
29 p 11 0.0541482908918377
29 r 49 0.013095914565613764
29 t 2 0.08527379702891169
29 u 6 0.04077011002351938
29 v 174 0.025020137434534462
29 x 113 0.08819344199044221
29 y 173 0.012073056798802329
30 z 62 0.2099380204708211
31 a 182 0.025359822792402342
31 b 75 0.09669947238799825
31 c 101 0.012813327988717593
31 d 182 0.000298991778823976
31 e 131 0.007018737613114445
31 f 103 0.017410424509821776
31 g 36 0.042467776348701025
31 h 14 0.09945765708759913
31 i 8 0.002298069303813599
31 j 80 0.03549026061111238
31 k 29 0.028993532626693352
31 l 161 0.0036885187224864335
31 m 62 0.04901196969731847
31 o 112 0.02576743106315338
31 p 121 0.002074916974407426
31 q 3 0.11782363266468543
31 s 19 0.051107601651507295
31 t 37 0.018828768461406242
31 u 173 0.01777172318642206
31 v 10 0.04009223140466445
31 w 171 0.02250501774753988
31 x 114 0.1064770831681795
31 y 11 0.05509523547868844
31 z 149 0.0609442554712335
32 b 84 0.005181727589406604
32 c 20 0.03302120768844352
32 d 91 0.06516860999620233
32 f 15 0.06273553475793825
32 g 59 0.01700258353509876
32 h 77 0.07148473467898031
32 i 28 0.0071543431189277085
32 k 169 0.024173349555992374
32 l 124 0.22427301110199793
32 m 152 0.0038351249299390933
32 n 79 0.055303948883609455
32 o 97 0.029213377733656953
32 r 98 0.0002911070791156156
32 s 11 0.05630380716080807
32 t 135 0.031711264630013614
32 u 94 0.035606246285482146
32 v 144 0.014431017866917362
32 x 58 0.030374148076370622
32 y 184 0.06726576704213971
32 z 169 0.07737926097250458
33 s 184 0.5786368832656187
34 k 121 0.0513952042983028
34 s 173 0.8749900903588222
37 k 170 0.03417906915527558
37 n 144 0.026452202384146806
37 q 179 0.08351237558253966
37 r 131 0.06249275028176482
37 s 176 0.1758909441363108
37 t 14 0.10624497618031337
37 u 74 0.007503823766377038
37 v 31 0.11006500509440109
37 w 48 0.25433983557723205
37 y 164 0.04505877845833994
37 z 155 0.04208089439341478
39 a 111 0.0861708004396946
39 b 4 0.041426405488642626
39 c 88 0.052298794155992034
39 d 36 0.006199083371670633
39 e 158 0.0003112225896606535
39 f 146 0.016158466600180832
39 g 130 0.015635373708686284
39 h 67 0.021954591670788393
39 i 76 0.018311541063907533
39 j 93 0.05795949722350169
39 k 90 0.06495931294579083
39 l 171 0.02396221511884311
39 m 84 0.001542183980936862
39 n 11 0.11604186302547048
39 o 48 0.025390756728875474
39 p 65 0.06450008390319883
39 q 109 0.031293266032359046
39 r 47 0.0481913239970676
39 s 16 0.0038452179348336113
39 t 174 0.035733535171142194
39 u 148 0.012904155357447933
39 v 184 0.04291597496025901
39 w 9 0.07548641981804849
39 x 19 0.06138391167113166
39 y 111 0.04284744623781067
39 z 78 0.02860142145675415
40 g 98 0.3206742060572704
40 y 174 0.10014462576227856
41 a 42 0.23441932097839913
41 c 7 0.03141039567363202
41 e 183 0.11680906907486943
41 g 97 0.012977527828616942
41 j 78 0.07912279174311809
41 l 14 0.21704421593151524
41 s 91 0.16685040316403577
41 y 73 0.08374560105872175
42 a 29 0.004513565416890963
42 c 56 0.003501036978165728
42 d 26 0.0347751913352754
42 e 10 0.08075579418203338
42 f 39 0.0018729013047692478
42 g 179 0.009702558337612799
42 h 73 0.02333529247223276
42 i 74 0.011095110333176006
42 j 95 0.10621746538575716
42 k 136 0.002306690767568398
42 l 126 0.09520157064556856
42 o 140 0.003232399189232793
42 p 91 0.13447545148384699
42 q 34 0.1309355421535816
42 r 128 0.045064646439286093
42 s 120 0.05758934078451461
42 u 116 0.11236574248500664
42 w 182 0.014687307051670762
42 x 92 0.07790089889987206
42 y 124 0.020613113023040475
43 a 139 0.002927518486060321
43 c 16 0.1158665443533452
43 d 181 0.037866869799511926
43 e 119 0.021545813871482244
43 f 105 0.0019234899215189172
43 h 102 0.07664676612961074
43 i 69 0.0004903010232464311
43 j 69 0.08226494287237518
43 k 10 0.019509446150673626
43 l 93 0.03772386940546024
43 n 113 0.2265971209035872
43 p 61 0.0702868001877367
43 q 130 0.08246077104997074
43 r 168 0.02899711347220968
43 s 6 0.02317394811228579
43 u 55 0.021628435841631544
43 v 41 0.028239084517425073
43 w 15 0.003118273035558672
43 y 54 0.002574789729917537
43 z 173 0.04145176428099251
44 e 80 0.2936549004428122
44 h 30 0.20322445766611463
44 u 91 0.0206114424813022
44 v 110 0.09318398270519201
45 a 113 0.45392077126520036
45 c 96 0.009234008186100207
45 d 50 0.03896524531675627
45 f 171 0.04391931647676006
45 h 128 0.04637117718149708
45 m 1 0.04394988674576927
45 n 73 0.0038027499859994984
45 o 174 0.003196013427691047
45 s 24 0.1709134500406918
45 v 126 0.031384467863826426
46 a 183 0.04310678690213321
46 c 133 0.0029391762625227136
46 d 104 0.05221299875242147
46 e 39 0.11097204171156883
46 f 186 0.01617025238891323
46 g 41 0.015986801440520115
46 h 97 0.013222696562165792
46 i 26 0.053759951605460654
46 j 151 0.13173482876508158
46 k 35 0.04236919457790356
46 l 160 0.019432416056806012
46 m 20 0.011808933967583424
46 n 58 0.07355619168560146
46 o 15 0.04381081357364247
46 p 160 0.025641402883774034
46 q 65 0.024551293235766436
46 r 83 0.02134096970965127
46 s 184 0.05099155714103898
46 t 137 0.00012688780764191776
46 u 95 0.0499647006531071
46 v 0 0.042920643992528706
46 w 113 0.02866969110173989
46 x 183 0.02363863758740281
46 z 186 0.04960688135769087
47 a 136 0.1033539828707929
47 e 53 0.14429167734891912
47 k 180 0.12025113449359048
47 q 42 0.025196926382437534
47 v 169 0.058359180597655436
47 x 11 0.08503515356717029
47 y 156 0.031808588828878714
47 z 109 0.3986661968799481
48 d 32 0.3575982259322962
48 p 43 0.03534263365045709
48 r 117 0.09687667773766628
48 t 127 0.20996439370542586
48 z 125 0.07809466678470811
49 a 125 0.07188161699926132
49 c 156 0.08798394738843107
49 d 173 0.012261105796195215
49 e 140 0.03344688779487193
49 f 177 0.06081739988623769
49 g 184 0.05084366611366509
49 i 134 0.008001691966032287
49 j 157 0.017573070321633355
49 k 144 0.0758871822481475
49 l 128 0.08384502106804714
49 m 49 0.03432759205556524
49 n 59 0.08632896797993517
49 o 62 0.04237366088489092
49 p 19 0.019446902036828306
49 q 69 0.04323441413101081
49 r 114 0.05368971570369507
49 s 180 0.032633699387981996
49 t 136 0.05093754736735312
49 u 45 0.007861832557970128
49 v 32 0.027245674484666305
49 w 76 0.014192851226139891
49 x 12 0.007290343131157173
49 y 21 0.0006577306958317486
49 z 12 0.05844217026993981
50 i 158 0.09691466725270625
50 j 170 0.5395452333424273
51 a 113 0.1559574349191769
51 d 95 0.055367785667654434
51 l 3 0.03756622700134338
51 m 102 0.014924292616115387
51 o 110 0.0020279391934099333
51 r 4 0.13632613072469102
51 s 76 0.12109237418864505
51 t 41 0.0050414659177832055
51 w 81 0.04817594625779498
51 x 82 0.1780246410142481
52 h 164 0.44029440334672054
52 m 152 0.039287247575048534
52 q 10 0.11657955998350267
53 a 25 0.07219580253243951
53 d 164 0.01603180863616893
53 h 31 0.24338101472739104
53 m 28 0.13219559926625646
53 n 82 0.03706405579127725
53 p 80 0.009712629692909869
53 v 102 0.29748508531278106
53 x 5 0.07673201453520961
53 z 110 0.0497460230370963
54 b 182 0.06978440627145699
54 f 119 0.25214154114261433
54 m 151 0.12658152747894957
54 q 33 0.49549401795603887
55 a 55 0.004103678369756891
55 c 88 0.019495995916651965
55 d 157 0.04314024808329153
55 f 82 0.014386493972493586
55 g 117 0.008562943352414587
55 i 7 0.03416886322710755
55 j 87 0.12223635112038955
55 l 151 0.016576603317770666
55 m 94 0.05986463557899191
55 n 112 0.010690714503653775
55 o 109 0.02078738977112926
55 p 183 0.08063841826617824
55 q 49 0.018269844319334982
55 s 152 0.053624551981634405
55 t 26 0.0075039778602333795
55 u 174 0.042057636260112274
55 w 110 0.045976469856307545
55 x 95 0.04848082992070979
55 y 117 0.09667585175266102
56 a 19 0.08169897643423496
56 b 120 0.009110945944876603
56 c 31 0.03953938995881956
56 d 81 0.008961274271963804
56 e 30 0.02411251349071497
56 f 136 0.012294216819426884
56 g 121 0.0295810558864551
56 h 120 0.022681456491316365
56 i 133 0.06956068532925341
56 j 43 0.00044731619963356284
56 k 46 0.0033035448682867674
56 l 136 0.012437639511192256
56 m 126 0.00927908562160129
56 o 155 0.0013097466621465603
56 p 117 0.02139953664454619
56 q 33 0.006819259199434269
56 r 106 0.005300299500030858
56 s 186 0.060219397690225995
56 t 67 0.056098095832056716
56 u 142 0.019151936154118254
56 v 153 0.025636605791216183
56 w 21 0.05472762348937932
56 x 77 0.028759275214838453
56 y 101 0.029722759251825992
56 z 182 0.22433705634545975
57 a 106 0.0175199576197701
57 b 8 0.017715633326206293
57 c 144 0.006512444504458759
57 d 61 0.05890316977581522
57 e 118 0.028102268355463256
57 f 30 0.015470660116957746
57 g 162 0.016205478890493064
57 h 88 0.09560199703520811
57 i 46 0.05816759664444526
57 j 112 0.016822870793010147
57 k 15 0.07077592924686771
57 l 145 0.018813774276632556
57 m 156 0.017448130328027722
57 n 144 0.004781012277985219
57 o 40 0.004164291028131095
57 p 42 0.013093633125516702
57 q 10 0.17139721383659934
57 r 174 0.10998180265173685
57 s 18 0.036877437394334245
57 t 21 0.06698464546369431
57 u 164 0.03849442571655004
57 v 82 0.019822701177918622
57 w 89 0.018434812226414077
57 x 25 0.04278076133513686
57 z 186 0.010266924644051656
58 d 163 0.11714109466837308
58 t 166 0.6381061831777529
59 c 158 0.07425334504333758
59 g 28 0.035672487945920595
59 h 19 0.1275629217196893
59 j 70 0.09645654524967329
59 l 104 0.016222492818157797
59 m 62 0.027839682246482256
59 q 105 0.25219384288859414
59 s 99 0.03267858949795943
59 v 18 0.21505426773599057
59 w 107 0.06026060994549143
60 a 162 0.06448036472779939
60 b 61 0.01733460897612793
60 c 24 0.01060386834130056
60 d 41 0.06402148484142323
60 e 126 0.03417523646968057
60 f 4 0.05182207865188526
60 g 4 0.006124916518528867
60 h 87 0.0012082580932200049
60 i 44 0.043465554380921034
60 j 47 0.06243103381651682
60 k 13 0.0305719865381886
60 l 19 0.01912769179832119
60 m 64 0.026100937126889212
60 n 127 0.0075536588941554905
60 o 160 0.06993638817460168
60 p 50 0.17508861415266253
60 q 40 0.008689908471921415
60 r 48 0.06861460233379013
60 s 11 0.08177840938199143
60 t 34 0.031728539663034794
60 u 30 0.0010561858727473616
60 v 107 0.06907328836287285
60 x 80 0.01971695344732738
60 y 58 0.012365945708295523
60 z 175 0.003382032211972419
61 a 58 0.22572793243849998
61 e 32 0.03271802166907234
61 g 62 0.0076332664995354405
61 r 172 0.30237306754491167
61 x 103 0.2162349844408885
62 i 80 0.11823593265685772
62 m 76 0.7561133598743587
62 u 109 0.02781745992022744
63 e 96 0.06677833761422769
63 f 83 0.08429923726037303
63 g 126 0.045872980002292674
63 h 175 0.06758530985054856
63 i 43 0.07607103646063829
63 l 27 0.04052060659580192
63 m 30 0.05802259061877624
63 n 32 0.12248288404613727
63 o 33 0.09438830468376724
63 r 180 0.04341563793916636
63 s 179 0.04092487279225987
63 t 141 0.02686142465119612
63 u 12 0.06832365791674744
63 v 93 0.04234659074714109
63 z 106 0.03813523514705863
64 d 172 0.23087829270717897
64 f 156 0.009214129438626983
64 j 96 0.24419948765419652
64 l 181 0.008052482389429794
64 m 1 0.2122992475852602
64 r 69 0.16979201955968082
64 s 111 0.047213688145940846
64 t 96 0.01903476313818908
64 v 54 0.02457546075953254
65 b 16 0.11875698097474163
65 c 27 0.014057637305949666
65 d 166 0.10106855768993617
65 f 9 0.006271571745940618
65 g 63 0.10289187177111592
65 l 13 0.06179026450911973
65 m 47 0.06937887124947129
65 p 75 0.021242718914698644
65 q 41 0.019381152834889503
65 r 125 0.027978645452579665
65 u 102 0.04833174673773233
65 v 13 0.05286005853844766
65 y 184 0.053244591394827734
65 z 174 0.00977014388672437
66 a 155 0.06891725631548495
66 b 127 0.01132717313053222
66 c 45 0.04322378047132802
66 d 36 0.0699172302591966
66 e 183 0.0030987602140579718
66 f 120 0.10999943194980621
66 g 57 0.03368010914125208
66 h 142 0.08698338213388412
66 i 63 0.007371270810887842
66 j 120 0.01125706159463813
66 k 47 0.041547023394427396
66 m 166 0.1189828637947048
66 n 48 0.0034199564021477613
66 p 152 0.003744325425135475
66 q 128 0.00424754128685223
66 r 176 0.02855956123492298
66 s 17 0.09284167371086272
66 t 91 0.033664941675877635
66 u 127 0.033497102987674277
66 v 110 0.021805097235918947
66 x 154 0.027888003205468914
66 y 62 0.007661669402578064
66 z 132 0.04559382760273878
67 a 18 0.004643368713559082
67 c 16 0.01169852325471099
67 d 144 0.1339376528030609
67 e 0 0.02213068934017126
67 g 26 0.02495097308578831
67 h 0 0.25613527479707876
67 k 47 0.14013406057810607
67 l 143 0.10947917300127263
67 m 108 0.031177376152886183
67 o 124 0.03598775026255163
67 p 185 0.000612438220571776
67 t 141 0.0504626378779085
67 w 96 0.001209370046358793
67 x 71 0.04354142045512244
68 d 98 0.10149326430445571
68 g 53 0.14942146536696488
68 h 11 0.04813379867684486
68 j 69 0.09982315031736588
68 p 109 0.16110415627096542
68 t 128 0.015314293773904253
68 x 137 0.3902754167021012
69 i 73 0.5040214209175107
69 q 73 0.18718002085143848
70 a 66 0.04530874298950471
70 d 143 0.2133061614286329
70 g 90 0.23857230878782043
70 i 49 0.03020177768607679
70 k 65 0.19121682775211601
70 l 41 0.009217597171714886
70 p 174 0.11616729152054639
70 x 20 0.060865842094959266
70 z 131 0.08747969129563338
71 c 180 0.10055156642227703
71 d 77 0.08995504146814315
71 f 110 0.03270531161976864
71 h 61 0.03526039507055967
71 k 64 0.0016032907817328246
71 m 7 0.07050153021208705
71 o 99 0.040212065735507285
71 p 73 0.011227415929968787
71 q 44 0.12125918367906985
71 s 135 0.1961348500493305
71 t 143 0.08247382419774618
71 v 179 0.18286329099284493
71 x 107 0.004200856129077835
72 a 103 0.021487324700343646
72 c 130 0.0328576395463015
72 d 97 0.0016599736563397416
72 e 27 0.04324444746182221
72 f 108 0.038040382693332875
72 g 9 0.03533160613210873
72 h 37 0.049164634039813304
72 j 143 0.14837554813642517
72 l 128 0.03212642017607359
72 m 104 0.013122361378093084
72 n 26 0.1309400517097984
72 o 13 0.04455373794996298
72 p 17 0.010153546444105599
72 r 91 0.0030227502534182493
72 s 42 0.06741305852077406
72 t 178 0.037398217596043226
72 u 130 0.009068141872869417
72 v 105 0.09484393366720567
72 w 100 0.032184607834673695
72 x 87 0.07823965520399145
72 y 133 0.049954087437273476
72 z 140 0.0029842783714436605
74 f 1 0.029877976972896958
74 m 154 0.5303388743953356
74 q 47 0.07324577764437723
74 v 49 0.12251696943695356
74 z 164 0.10897527267684093
75 a 143 0.20190497914963645
75 d 177 0.01327616293798417
75 e 154 0.06733130667388554
75 g 99 0.06714549972423522
75 h 186 0.015209025080117788
75 i 102 0.022044290920016363
75 j 65 0.025477297704957547
75 k 169 0.019549360333694366
75 m 95 0.004171936180333846
75 n 186 0.005521380712185997
75 p 155 0.12184842129018725
75 q 42 0.0031573194091295553
75 r 164 0.03141497587785136
75 t 17 0.011293836025639936
75 u 62 0.21698057224870504
75 v 156 0.03801644206005361
75 w 136 0.04959168793401658
75 y 141 0.025652768543832805
75 z 121 0.023559967543047566
76 a 31 0.06953504808125444
76 b 42 0.1783271979472567
76 g 17 0.00599629443705918
76 h 182 0.009946859843981581
76 j 32 0.03425903819538778
76 k 26 0.053409714320467816
76 n 51 0.04405641198572452
76 o 145 0.014078894445481938
76 p 18 0.137902880995042
76 r 161 0.03599798567312695
76 t 134 0.10668362789615693
76 u 43 0.04663331159393125
76 w 164 0.16516248951662715
76 x 3 0.00829938236035399
77 h 172 0.0218521700738048
77 k 28 0.07240407783532454
77 m 100 0.06561407213711701
77 o 56 0.08149152201934451
77 t 4 0.591595993233742
78 a 78 0.037215848413006514
78 b 82 0.01037806084314008
78 c 128 0.06261820113661354
78 e 31 0.04464918141631469
78 h 174 0.08029927406840776
78 i 64 0.039797978293197644
78 j 13 0.017798688751152092
78 k 61 0.03223915892084017
78 l 170 0.014864844585481984
78 m 185 0.008970130922866137
78 o 98 0.05517883549066005
78 p 56 0.016178176206816497
78 q 176 0.0732512680272479
78 r 80 0.07372623445948778
78 s 181 0.07961572436114817
78 t 185 0.054640620042167076
78 v 158 0.022966209110035662
78 w 171 0.0326034889385427
78 x 142 0.1510562269677308
78 y 69 0.03681493952580617
78 z 171 0.00288652289932656
79 b 146 0.056487671599173006
79 e 64 0.24235694437982747
79 h 131 0.18779542825897233
79 m 33 0.05143096786760737
79 o 75 0.07663728256400637
79 p 25 0.04915518254186679
79 w 83 0.10750219421286389
79 y 83 0.12784628209074822
80 a 17 0.04501833614207407
80 b 109 0.07102077651236471
80 c 172 0.014822905601566183
80 d 130 0.15605680672388822
80 e 24 0.042684120668037506
80 k 75 0.10609783009555862
80 p 143 0.13248592735945686
80 q 85 0.1322431020787227
80 r 38 0.02879606595264672
80 z 180 0.11168641200710316
81 a 72 0.039032982043196385
81 b 163 0.004450648780828237
81 e 63 0.00491946701679391
81 f 79 0.00280880087612545
81 g 175 0.05783026625985899
81 h 130 0.07424186215274475
81 i 77 0.11437510632823633
81 j 137 0.011378441035436726
81 k 66 0.02769112703160792
81 l 181 0.09147068435322325
81 m 150 0.029872748244949454
81 n 37 0.034119765085904086
81 o 37 0.034245464555088145
81 p 129 0.03084190923840291
81 q 42 0.07943586835316352
81 s 40 0.04874044495556684
81 t 115 0.03164536394424522
81 v 67 0.026258471867065425
81 w 167 0.047708644464452665
81 x 97 0.08821106843997795
81 y 46 0.09868886391163068
81 z 149 0.011690630290886017
82 c 172 0.004286790291919362
82 h 168 0.22104269949846078
82 p 5 0.34811517511345436
82 r 140 0.1943896452790851
82 w 98 0.145763897550227
83 e 15 0.11838106742385679
83 g 42 0.0966522802038765
83 h 70 0.2029919248612374
83 l 4 0.018353926297840717
83 m 116 0.021555373273422385
83 q 104 0.12412064769519959
83 t 42 0.3080920943717067
83 v 8 0.04047471086181187
83 z 112 0.001327438476461773
84 f 150 0.00017388797836381809
84 n 68 0.3836935013699536
84 o 151 0.04718500506371004
84 q 69 0.12544154007011132
84 r 119 0.18854427774280302
84 s 118 0.030238490025048526
84 t 167 0.13123902806883314
84 u 93 0.02123353708802167
84 v 176 0.07045006686005395
85 b 5 0.1073485786351962
85 c 10 0.008831688952976924
85 d 184 0.01004860395681817
85 e 30 0.011410508530092955
85 f 185 0.09025608744619984
85 h 162 0.09595763990322548
85 j 36 0.08247518637066831
85 k 184 0.03442642613306868
85 l 15 0.12982166881448132
85 m 79 0.006925366203850425
85 o 179 0.05660191134586512
85 q 145 0.03670762203514111
85 r 122 0.05598335977728186
85 s 19 0.032325922839363974
85 u 87 0.0453206632506179
85 v 121 0.011199985323144923
85 w 67 0.004081800353014642
85 x 171 0.035901964726749336
85 y 127 0.05984766105178807
85 z 67 0.03300639098146407
86 b 130 0.16757426336436343
86 d 145 0.01026060030377507
86 f 176 0.034703922863531966
86 g 143 0.1503667065254667
86 h 10 0.08121437271333776
86 i 86 0.01946271389409593
86 j 163 0.12033011090128087
86 m 152 0.09057405729870216
86 n 129 0.012788663831009073
86 p 6 0.009944350846785133
86 r 148 0.01284625320889543
86 s 92 0.08974386570289139
86 u 131 0.05996354422006378
86 w 7 0.0016002054829008516
86 x 83 0.03201384168652166
86 y 49 0.018770338927985963
86 z 108 0.0741435920764838
87 b 114 0.06210298613525178
87 d 21 0.2503837424020804
87 j 154 0.041344939833207306
87 l 35 0.21238981879957153
87 q 154 0.00795946989074281
87 r 10 0.07936097465278702
87 t 26 0.15854701081386813
87 u 175 0.13118280037179342
87 z 82 0.008461936307879947
88 c 185 0.10313653972422854
89 c 77 0.06717356633147664
89 e 64 0.079325685992088
89 i 143 0.0737414849175757
89 q 17 0.10052145204981444
89 s 12 0.13876361709365237
89 x 77 0.4216982009262812
90 b 125 0.026951760681409143
90 d 168 0.22038829254187087
90 e 35 0.27261295177170397
90 h 102 0.005790907363428688
90 i 20 0.014995352580596588
90 k 4 0.04261419255354382
90 l 78 0.05367909201875243
90 m 36 0.06417133917633011
90 n 43 0.03782063042088679
90 p 129 0.0950897777187758
90 s 30 0.019251065984472238
90 t 156 0.003463269065940744
90 v 65 0.038917725617479415
90 w 18 0.00021000899767154024
90 y 62 0.08119865403742044
90 z 181 0.01593770436182884
91 a 141 0.04238404338417201
91 b 33 0.0252320493377709
91 c 71 0.052000875694904636
91 d 143 0.04799415160356835
91 e 68 0.10055183085007235
91 f 3 0.03339001819226739
91 g 153 0.044025658826816194
91 h 70 0.0015250426014881135
91 i 43 0.1698197628694028
91 k 127 0.034079348021707645
91 l 96 0.060897697247763505
91 m 31 0.030414841390203007
91 n 124 0.012757241861004354
91 o 67 0.013954539815547728
91 p 135 0.013064566339798023
91 q 69 0.03871003301506737
91 r 94 0.03908671866122826
91 u 11 0.03474766667139695
91 w 19 0.013288986214740062
91 x 58 0.017233329410676568
91 y 155 0.01971067756467093
91 z 0 0.1228350139050517
92 a 102 0.0538522159261845
92 d 148 0.13737585905281113
92 g 47 0.19573388801719027
92 i 3 0.39866750077409163
92 k 121 0.004512421651429732
92 l 5 0.07274803635546012
92 n 140 0.00886353763588199
92 p 108 0.02705209626019156
92 v 3 0.047141820701479764
92 w 63 0.028660378607511472
92 x 85 0.01739438994044662
93 c 173 0.08566476595090722
93 j 12 0.04383704738877858
93 l 118 0.011224495285268365
93 m 30 0.20030941847541417
93 o 123 0.1643822721875391
93 s 178 0.1382182790205031
93 t 64 0.2282021982807232
93 v 94 0.011493300788251948
93 w 117 0.058021378197150586
94 m 112 0.27732347981792393
95 a 45 0.012090661503925126
95 b 54 0.10586303666085894
95 c 136 0.00974502028901536
95 f 6 0.026355923935359793
95 g 129 0.01547075326579539
95 h 46 0.01276456890693689
95 i 120 0.0686333127485329
95 l 22 0.03314307589807375
95 m 37 0.12946523973816104
95 o 82 0.0610685222607773
95 p 175 0.044335560148673125
95 s 27 0.08213694239644687
95 t 89 0.05279983719636583
95 w 136 0.14851962321965717
95 x 27 0.09066004840042896
95 y 41 0.02648483226823295
95 z 27 0.06472378968289871
96 b 162 0.21086870374119948
96 c 179 0.020465367119151257
96 d 27 0.0033388366578885886
96 e 64 0.08337858970964573
96 g 146 0.05119996690730655
96 h 54 0.10664780593664036
96 i 122 0.05644808044976102
96 k 0 0.09927939695509957
96 n 7 0.0053511758740880655
96 o 8 0.049186270946505295
96 r 11 0.020583114072319608
96 s 20 0.000857640720231756
96 u 75 0.07913480578724974
96 w 5 0.016775964096920504
96 x 126 0.031798063862217174
96 y 97 0.14405624440823972
96 z 30 0.013647595787374067
97 a 135 0.05260811627096318
97 c 182 0.05882288720843365
97 d 123 0.05225410049783863
97 e 6 0.017947645697725223
97 f 30 0.04882154296339902
97 g 185 0.043613928809170366
97 h 31 0.004143214195012956
97 i 27 0.04443441449686436
97 j 123 0.05386288933949801
97 k 142 0.008934562902139787
97 l 84 0.025651323818219773
97 m 85 0.010312486000366383
97 n 152 0.08315583241926228
97 o 177 0.041271696108242106
97 p 23 0.05067214335717651
97 q 36 0.04696747570477833
97 r 51 0.12315947638162972
97 s 84 0.042508911565659835
97 t 85 0.015963973331455716
97 u 121 0.01795994444614024
97 v 55 0.03696585077793102
97 x 130 0.02192523482786768
97 y 106 0.020530552694447035
97 z 7 0.03753867531773902
98 a 62 0.026110826680809995
98 b 75 0.0006668276869512546
98 c 110 0.029096944931492952
98 e 80 0.16144325380154956
98 g 105 0.009994612369580769
98 h 87 0.021856820286285217
98 i 29 0.04911537257118548
98 l 168 0.10652223907544467
98 q 80 0.02146966595294142
98 s 42 0.1279290604637937
98 u 24 0.14450838656900522
98 x 89 0.06417435740394772
98 y 164 0.04727506663801706
98 z 55 0.1351966467706991
99 b 30 0.012204320740323737
99 c 177 0.10225570707603238
99 d 65 0.0469790386325446
99 f 80 0.13552818138298162
99 g 55 0.12921402165339313
99 h 149 0.0017511977811683899
99 j 160 0.06688142087369253
99 k 134 0.008420757418211688
99 m 184 0.005856300854491847
99 o 0 0.01297809037452402
99 p 132 0.13293704432984532
99 q 60 0.0656260746512285
99 r 85 0.0063054287016665045
99 t 165 0.011698737658730751
99 u 96 0.08899947902591265
99 v 12 0.1129489722776379
99 w 107 0.014112789035675255
99 y 148 0.02703216627944227
99 z 107 9.62395783540293e-05
100 b 39 0.029337572016878033
100 d 12 0.05387964053578587
100 k 70 0.055948814899084987
100 l 48 0.09160150668830236
100 y 142 0.7252043777240246
101 a 56 0.032312280501878954
101 b 94 0.04115305340226505
101 d 24 0.017119996164173257
101 e 102 0.029783081428795266
101 h 142 0.05571587560267299
101 j 152 0.10068062438185521
101 k 127 0.03131299256548492
101 m 80 0.1593653928026505
101 o 146 0.01335793991283929
101 s 25 0.08865814844665743
101 u 81 0.04158353485610733
101 w 49 0.011246039481264458
101 x 92 0.08845629060694171
101 y 81 0.11805835302460499
101 z 153 0.01944889850649545
102 b 117 0.025654923842283295
102 c 100 0.2524643111012407
102 g 146 0.04448724385629654
102 h 21 0.02332138533217687
102 i 117 0.007943364812857956
102 j 175 0.0462905340873212
102 k 108 0.05527031209492972
102 l 134 0.024290069204836895
102 m 183 0.008672451798375835
102 n 154 0.01595881357887685
102 o 36 0.07146034701259407
102 p 44 0.03170093615242464
102 q 167 0.024457911778091312
102 r 64 0.019288889683123478
102 s 112 0.03230137516239806
102 t 50 0.015558181302300245
102 u 123 0.08654023021533563
102 v 77 0.07023299837921193
102 w 2 0.05850612691080903
102 x 69 0.024149440740560246
102 z 4 0.04948347048388069
103 c 1 0.03133023755940434
103 h 171 0.008809869408500814
103 q 38 0.0598178005282477
103 r 127 0.3026450025417978
103 s 168 0.0723653265989802
103 u 108 0.058162987483480255
103 v 29 9.017528071253444e-05
103 w 108 0.008905374963383395
103 x 95 0.09553553513962376
103 y 87 0.01621524742685765
103 z 142 0.27552581950719723
104 c 11 0.047011237634328684
104 d 147 0.03564463998952505
104 e 173 0.03759814387437699
104 f 35 0.08804859397698073
104 g 169 0.008802981741030447
104 j 66 0.01600386143607202
104 m 158 0.536514215089474
104 p 162 0.01576044474529581
104 q 40 0.11086795877461109
104 u 95 0.022481286550845914
104 v 27 0.0166890797214152
104 w 23 0.041767326668266325
105 c 104 0.037311201354991996
105 d 126 0.047658864530184974
105 g 63 0.006421723529008383
105 l 63 0.25701720599749645
105 n 113 0.14899855085286262
105 s 175 0.039740529644402445
105 w 185 0.2863928574893627
106 a 33 0.005865899318111545
106 b 135 0.025035680459651433
106 c 39 0.09829037977753774
106 d 102 0.026431827023592036
106 e 143 0.053844388209854155
106 f 125 0.029282917791106478
106 g 84 0.04386286676174045
106 h 185 0.015456415670479062
106 i 66 0.03934770715799785
106 j 120 0.003232698907626008
106 k 20 0.139132295120713
106 l 100 0.021219936148143437
106 m 29 0.009552712952504039
106 n 69 0.10816172883999398
106 o 112 0.03451650032625553
106 p 2 0.008282876003210538
106 q 23 0.0247272514908774
106 r 93 0.08022461023562666
106 s 167 0.02799027126322129
106 t 139 0.029843624122973034
106 u 126 0.004230979657675604
106 v 36 0.07604366605907364
106 w 28 0.0005379053056239202
106 x 52 0.04740148424585611
106 y 179 0.016512732744681013
106 z 37 0.007226196691999309
107 d 138 0.021454071876021108
107 e 114 0.031156363172050394
107 g 16 0.13300805513928438
107 i 40 0.029568557395588058
107 j 185 0.012595689443330116
107 k 10 0.01117198172006506
107 l 43 0.0963639477019036
107 m 12 0.06159815202055974
107 o 139 0.0061845838681593435
107 p 90 0.10979537384001936
107 r 120 0.04770449096329432
107 s 66 0.036598048001807104
107 t 152 0.07620408562300274
107 u 59 0.003326176259670577
107 v 114 0.019710488855864794
107 x 120 0.07331435413398901
107 y 22 0.17577646606032182
107 z 51 0.030821136022288975
108 d 151 0.10547102453316981
108 f 7 0.12827819894235049
108 h 42 0.07242466379574386
108 j 176 0.12023643856309962
108 l 29 0.018847021714832546
108 p 63 0.1029168306814241
108 q 104 0.00820339601111586
108 s 107 0.103681471601208
108 t 5 0.045239025327959426
108 u 42 0.1451795637674067
108 z 145 0.11324979179707995
109 a 87 0.08102736850084136
109 b 165 0.010677515612982136
109 c 84 0.07039835991489796
109 d 131 0.03671456666029582
109 e 10 0.05928981637543962
109 f 158 0.014762111826669644
109 g 125 0.0807021007431662
109 h 78 0.09340664483613503
109 i 122 0.022786572824815665
109 j 117 0.0022997688288345364
109 k 44 0.08648144624968179
109 l 65 0.04314333433193218
109 m 153 0.04117283582141018
109 n 38 0.0987900479413073
109 o 163 0.00893841068321699
109 p 156 0.012301890139904792
109 q 5 0.005660312444734195
109 r 137 0.014467136626801325
109 s 163 0.014437262328573564
109 t 49 0.0070674596216107055
109 u 166 0.01861686907119653
109 v 183 0.0425704470611139
109 w 79 0.06443992849601321
109 x 149 0.04387119033390985
109 y 7 0.015838075206266344
109 z 156 0.004468893373328009
110 a 22 0.061270528015352044
110 b 154 0.05994719170365115
110 c 81 0.007995756824242362
110 f 7 0.02451556418629186
110 k 31 0.05547288228084879
110 m 33 0.0026114669588134243
110 o 143 0.018276462513496794
110 p 95 0.13862388446572405
110 q 32 0.14093780585364257
110 t 54 0.2928144812167346
110 x 76 0.1755841228739442
111 a 164 0.03799656387471384
111 b 63 0.014948719875024108
111 c 66 0.00762267705795483
111 d 183 0.10854240031419105
111 e 159 0.013308987196442468
111 f 101 0.005209759517613155
111 g 152 0.05507492899498001
111 h 91 0.03316282749917154
111 i 25 0.04433020084087724
111 j 50 0.041500241620537226
111 k 154 0.024759856166818972
111 l 168 0.0356838287426966
111 m 11 0.16788912842177894
111 n 77 0.014415329363342555
111 o 24 0.028520267600436577
111 p 120 0.03830174578747103
111 q 2 0.025379475579011435
111 r 12 0.0019369819795367338
111 s 163 0.04750104873936378
111 t 77 0.0005209665989889256
111 u 134 0.10356985425353826
111 v 68 0.01013245057196066
111 w 172 0.02263931687821452
111 x 157 0.024091815533438088
111 y 93 0.010127539817535891
111 z 131 0.08019229131766104
112 d 152 0.033039095339857716
112 f 82 0.08650669447034387
112 p 122 0.12508427247997778
112 s 62 0.05140965967991207
113 h 36 0.14775340256376823
113 m 176 0.08070061959149222
113 s 58 0.1334620824412056
113 u 18 0.395241444621637
113 x 29 0.03459854243397109
113 y 10 0.10657631256760869
114 e 185 0.05611517615755646
114 h 25 0.02332211309054355
114 i 85 0.21506926373027635
114 k 81 0.27173968527100756
114 o 172 0.2540807314113984
114 y 80 0.12884247469468413
114 z 119 0.030584912158607036
115 a 130 0.02703761357869927
115 b 13 0.04545265702434598
115 c 120 0.015557780925176456
115 d 98 0.0017628507449604092
115 e 166 0.021985404240051243
115 f 140 0.007495660030513829
115 g 171 0.001473769992533125
115 h 99 0.07718521913430942
115 i 7 0.008686668626757377
115 j 160 0.013677687963391416
115 k 145 0.00905587123637197
115 l 83 0.06670251963778029
115 m 90 0.05327223677940507
115 n 141 0.030626314949436795
115 o 4 0.09493011118441319
115 p 43 0.002535824098275241
115 q 75 0.04526672598079584
115 r 78 0.0213040190109397
115 s 122 0.18819410753924093
115 t 139 0.023521916042501423
115 u 115 0.03024489247019002
115 v 182 0.005815193988011225
115 w 58 0.011337460033449043
115 x 61 0.04853569162130533
115 y 21 0.11745259174125056
115 z 183 0.013845810185733609
116 a 10 0.07762297489132175
116 b 154 0.03575711980315721
116 c 167 0.05077747693629531
116 d 24 0.03154274951434788
116 e 10 0.00883075016320145
116 f 109 0.016605903675117162
116 g 78 0.01825069205649732
116 h 32 0.07431434015227634
116 i 98 0.09910548175807521
116 j 78 0.011787190448934504
116 k 1 0.012103535225502449
116 l 71 0.023841478355345114
116 n 55 0.0925010047065552
116 o 43 0.032833201975959625
116 p 27 0.04055351761830994
116 q 39 0.06251501219790889
116 t 55 0.034754880017191514
116 u 119 0.07092165558872565
116 w 2 0.007720127019714362
116 x 118 0.0205827225772911
116 y 70 0.14153840991667466
116 z 24 0.007082300180225931
117 s 96 0.777520754038295
117 x 4 0.2129152064335903
118 a 158 0.10662753264783387
118 b 87 0.08851421573273055
118 d 110 0.07411368541126528
118 e 56 0.014744098925223659
118 i 73 0.11372943692045978
118 m 52 0.36457703657745777
118 s 60 0.06674804095311326
118 v 8 0.09047728973662239
118 x 0 0.07805466357178237
119 b 73 0.03489818095223296
119 d 106 0.17197251292678406
119 e 139 0.0261386237404706
119 f 12 0.023077934123602373
119 g 130 0.007209135100795017
119 h 7 0.1445568182284156
119 i 144 0.053120522189342934
119 j 129 0.04402425912445751
119 k 173 0.008503902061195334
119 l 84 0.03040658649493544
119 n 118 0.015387086902794
119 o 6 0.00878725413713266
119 q 6 0.009860558675655051
119 v 93 0.04476476311189148
119 w 100 0.007849957819439979
119 x 183 0.020336515541203304
119 y 0 0.2585345743695634
119 z 108 0.03267974098153825
120 a 43 0.062320957028736856
120 b 54 0.0365770558180295
120 c 44 0.1550127826294535
120 d 52 0.002044251991088375
120 e 186 0.02384855640636263
120 f 149 0.007487324327232203
120 g 115 0.004904238340730838
120 h 16 0.00436078644109561
120 i 50 0.035007526260439015
120 j 126 0.0340141435495217
120 k 16 0.0060373683501800945
120 l 57 0.2003135678417568
120 n 96 0.005699526812736222
120 p 108 0.0128344915056543
120 q 49 0.021881847555629164
120 r 129 0.018646135831168364
120 s 133 0.06376123007690293
120 t 131 0.03178431293523509
120 u 185 0.003894071766569862
120 v 142 0.06968613550122726
120 w 147 0.02119591476584859
120 x 97 0.04652062408987856
120 y 20 0.02194527329365792
120 z 12 0.05979090954302546
121 c 115 0.011011405589983814
121 e 82 0.09836817740758619
121 f 151 0.08669709503421696
121 g 101 0.01879716263431408
121 p 158 0.023843469448612264
121 q 130 0.004163673587981975
121 r 112 0.07694497513306076
121 t 178 0.10193027849951763
121 v 9 0.3370711878424847
121 w 134 0.08270473658421418
121 x 19 0.12600457725167646
121 z 134 0.004095576500575904
122 b 152 0.021536671636516513
122 c 59 0.00016390699197166292
122 d 145 0.05359742349692698
122 g 26 0.041628976812217666
122 h 84 0.019906676258939715
122 i 156 0.06151468638455315
122 j 157 0.06400411556742747
122 k 55 0.11005584037955496
122 m 117 0.01125017666402861
122 n 97 0.06031846355998616
122 o 186 0.028524179422218077
122 q 32 0.004494692496251451
122 r 132 0.02258879491538357
122 s 39 0.001435789748431282
122 t 26 0.003557148938431731
122 u 77 0.17314530789110805
122 x 162 0.08879199064964793
122 y 11 0.11319508304438985
122 z 144 0.011543123634585317
123 a 105 0.07517947915526679
123 b 134 0.05738610982501624
123 c 76 0.06795817501541934
123 d 63 4.4780944132627454e-05
123 e 131 0.04917916444360737
123 f 62 0.060763571155731055
123 g 39 0.03679968837430381
123 h 70 0.042292459156843876
123 j 133 0.04771355119131604
123 k 171 0.011337781001970693
123 l 151 0.009447818654011453
123 m 60 0.04085540138268928
123 n 182 0.02610055200218009
123 o 132 0.006064279511562076
123 p 118 0.0316815251986825
123 q 88 0.006538221565906888
123 r 8 0.003754010478118852
123 s 165 0.02783285492667087
123 t 66 0.06600142425159816
123 u 20 0.0656221806306998
123 v 152 0.030687673336122878
123 w 157 0.09364714480421432
123 x 173 0.03564437574063162
123 y 104 0.09662426379439748
123 z 53 0.010325478081563144
124 a 122 0.014073181326719975
124 b 109 0.01080930539465208
124 c 119 0.12055615845895684
124 d 63 0.02320535420034453
124 e 180 0.05204053413454013
124 f 98 0.08541762645524342
124 g 76 0.006322241228581271
124 h 155 0.014245180312998262
124 j 176 0.010122268259966316
124 k 98 0.015480865955202261
124 l 37 0.003544983669668489
124 m 39 0.04608297187208765
124 n 56 0.01094285203744727
124 o 114 0.022811700026169834
124 p 170 0.10974072366959142
124 q 17 0.013203183867443125
124 r 53 0.05255645019373534
124 s 68 0.06746634510280947
124 t 116 0.034227927340335085
124 u 12 0.029756545001402013
124 v 82 0.01917001204896107
124 w 159 0.02381107737786059
124 x 68 0.07537321913324424
124 y 178 0.05043493855955661
124 z 75 0.012724864735612074
125 a 114 0.0591867713816463
125 d 122 0.053380783116877106
125 f 171 0.10280964496422584
125 h 126 0.13600637756251732
125 i 47 0.018188891243902106
125 j 164 0.009029185673353979
125 k 144 0.04138118115186573
125 n 166 0.03602857407471338
125 o 73 0.08334843940836778
125 p 51 0.172416225448759
125 q 51 0.0018209857576682031
125 r 53 0.022371463072936915
125 s 70 0.0018921113681087398
125 t 79 0.013300512060684166
125 v 153 0.13283757532275342
125 w 54 0.033669198891418284
125 y 84 0.01250968329278368
126 k 45 0.32047510251707656
126 r 3 0.09348474736606527
126 w 57 0.5699746432369437
127 c 12 0.09257046510792921
127 h 73 0.09837172586573739
127 k 29 0.10526679124951088
127 o 4 0.4408087146639399
127 x 26 0.04313512511834583
128 b 87 0.045008733997504935
128 c 163 0.03447379559743524
128 g 124 0.0005192493116855657
128 i 57 0.10232509043345472
128 j 77 0.11093480067864459
128 k 18 0.007689230239693701
128 l 85 0.027785190663320858
128 n 156 0.012989878325965099
128 o 154 0.136103526897553
128 p 146 0.030508342968216695
128 q 178 0.05457013891007134
128 s 70 0.1125831705577498
128 t 103 0.08454231642790833
128 u 92 0.07032206952964493
128 v 171 0.07174574562039282
128 w 31 0.021132801774235155
128 x 1 0.01401826408560114
128 y 128 0.017532890733245043
128 z 150 0.03750698632924587
129 a 150 0.0033710718361913417
129 b 181 0.14774973590111784
129 d 88 0.004173231868049965
129 e 69 0.0043029115023236475
129 f 111 0.008369581516278535
129 h 168 0.06008982630928805
129 j 63 0.1917072942848964
129 l 115 0.028594211156377725
129 m 77 0.0022621646467275713
129 n 51 0.11838523364079456
129 o 70 0.06050199902987963
129 p 88 0.03188391459475193
129 q 170 0.004662293831342423
129 r 9 0.060689528885304767
129 u 132 0.004855635020377225
129 v 131 0.03960387772125429
129 w 45 0.06264544360614832
129 x 67 0.008711034331943868
129 y 183 0.000872772707723235
129 z 155 0.1489942345060722
130 t 92 0.2840450586536165
130 u 124 0.45334553561954893
130 w 62 0.003740756017315272
130 y 10 0.06678301101025819
131 w 98 0.12018743686523892
131 y 131 0.2760496637157519
132 f 186 0.04229616832329819
132 p 113 0.07305564293158029
132 u 95 0.06712331195932608
133 b 43 0.05004887716750073
133 c 156 0.07583779935673673
133 d 133 0.10109924586105401
133 e 146 0.0073144518567827
133 i 115 0.28616611897998445
133 j 148 0.007969831402992344
133 m 163 0.14439005207638134
133 o 52 0.037406480155498634
133 p 78 0.0047067352833473075
133 q 115 0.015992633767875075
133 s 185 0.02911702244805603
133 t 7 0.06933372147624983
133 v 135 0.03674227368071803
133 w 134 0.05206504600486972
133 x 101 0.02983296808953928
133 y 160 0.028553936024248605
133 z 25 0.006226153249313526
134 c 111 0.1091638553006623
134 d 121 0.18646621834150656
134 e 160 0.08551774124049949
134 f 35 0.07087803691940864
134 i 15 0.005657403870433897
134 s 57 0.464959496746679
135 d 73 0.04899743696810077
135 e 144 0.0133910066852031
135 f 110 0.052484265624309856
135 i 119 0.10934242305218556
135 k 31 0.009502511912735878
135 m 30 0.039661388221540195
135 n 161 0.07926018999251316
135 p 173 0.044206490594803305
135 q 169 0.03180543884230336
135 r 73 0.025770535656742255
135 s 131 0.07688852682674963
135 u 47 0.0021415493464586044
135 v 177 0.39263845566032163
135 x 120 0.017288136221187966
135 z 24 0.021299574354317174
136 b 14 0.11888155611877937
136 d 64 0.12399080699930942
136 e 55 0.17996181515408838
136 h 86 0.06005238479153774
136 j 161 0.2022371976205295
136 m 118 0.1731229437091505
136 n 125 0.0017615809591462472
136 u 21 0.043366059630379095
136 v 21 0.018752907294319
137 a 170 0.0015132251327127921
137 b 120 0.01785066347808606
137 c 31 0.060476095189477386
137 d 110 0.03606341693039761
137 e 143 0.008837426416688166
137 f 129 0.09768978044608556
137 h 156 0.028957743108464107
137 i 153 0.051791968616330286
137 j 186 0.12077412030658052
137 m 43 0.09699615954758889
137 n 118 0.01316540983961012
137 r 108 0.030672467533940706
137 s 97 0.017709617373987574
137 t 63 0.12984453598695467
137 u 173 0.02032160946083239
137 v 39 0.02343596909940915
137 w 163 0.011107559221510854
137 x 108 0.022492348390220296
137 y 79 0.058128331859288895
137 z 98 0.02093081166708488
138 a 128 0.005795080425625598
138 c 37 0.03422686779642681
138 d 20 0.15410192784251842
138 e 149 0.03692183440986041
138 f 27 0.008017886109375927
138 i 81 0.03292318272181283
138 j 19 0.09987832861594992
138 k 70 0.012060258914634026
138 l 36 0.030825253327895874
138 m 10 0.015250894414459149
138 n 118 0.06907973469215489
138 p 140 0.025313573483173202
138 q 34 0.04343821019035987
138 r 138 0.028793659937335514
138 s 118 0.013699896688788904
138 t 5 0.09606035998640439
138 u 49 0.032503123703675696
138 v 81 0.014294183183162334
138 w 108 0.03407643248186232
138 x 24 0.14070551633757022
138 y 134 0.04983385847510369
139 c 39 0.06621510935744246
139 e 28 0.0643322055583313
139 g 105 0.15549734182634567
139 i 178 0.04251923783253775
139 j 147 0.11332370986457763
139 k 65 0.03969617033912809
139 l 183 0.136952662417419
139 m 26 0.191140139902663
139 n 101 0.03478770334584136
139 p 162 0.056898113099013825
139 u 182 0.07813670303699105
139 w 141 0.008195484778465212
140 d 140 0.027173497327009022
140 g 102 0.013927849351232924
140 k 95 0.0654555324541386
140 p 133 0.06682735931204087
140 r 126 0.006601053240493537
140 s 157 0.07192198452813736
140 t 65 0.012439666207090472
140 v 39 0.005945319202211974
140 x 107 0.5526607204328464
140 y 93 0.15299464689657338
141 b 162 0.04401861870541224
141 d 152 0.014334612247678402
141 e 32 0.056150223807753585
141 f 115 0.04614801891744824
141 g 89 0.03993546119492408
141 h 87 0.007721946655656287
141 i 59 0.0012036993718810285
141 k 109 0.03260088664514049
141 l 11 0.0158949649021215
141 m 113 0.01085366040455138
141 n 21 0.010386616440167473
141 o 22 0.07299425471648391
141 q 66 0.0051096137720505475
141 s 173 0.057684090318054104
141 t 153 0.23986809280840038
141 u 76 0.021343672748635245
141 w 108 0.10871313862841836
141 y 161 0.10191066837806817
141 z 49 0.07246514664393411
142 q 102 0.44652352252464034
143 a 68 0.186976894554177
143 c 2 0.09773918446550944
143 d 16 0.00428084523917216
143 e 48 0.03515011765886944
143 g 179 0.1168328062567372
143 i 19 0.04212658585065798
143 k 180 0.056006564932719605
143 m 104 0.0020624640772903824
143 n 150 0.07622221206111857
143 o 165 0.0526140697748112
143 p 174 0.0005743705774629015
143 r 67 0.06641996098358305
143 t 164 0.16797818556462007
143 v 120 0.012224357543737518
143 w 174 0.025412520743625655
143 y 24 0.0074540325172156585
144 a 106 0.03750937325580861
144 d 107 0.15824272276912632
144 g 49 0.002525079484269721
144 h 181 0.0727707878722188
144 i 99 0.04985427710932577
144 j 174 0.0007496044882406849
144 k 29 0.04346120284378863
144 p 78 0.06332756034147558
144 t 93 0.034725280692659455
144 v 151 0.05443259051437088
144 w 85 0.036737765509917364
144 x 53 0.08801065303997879
144 y 143 0.019103011128379643
144 z 99 0.2378700071712564
145 b 40 0.021959723029721934
145 c 140 0.09172037195162663
145 e 165 0.12728357143992186
145 f 41 0.0030276397778660202
145 h 20 0.02835682016281238
145 i 106 0.06284344499062422
145 j 130 0.09346030108483339
145 k 74 0.02736574315357554
145 l 31 0.15207158952281696
145 m 32 0.043063430625260524
145 n 163 0.008658466530815145
145 o 154 0.23426240123107922
145 p 162 0.08175040676017387
145 t 43 0.0023540928879284273
145 y 50 0.017770231765565137
146 i 134 0.7052065956984526
147 a 45 0.08299935203919873
147 b 169 0.0021349953967207957
147 e 63 0.0017623222156336604
147 g 178 0.16125609220116488
147 h 81 0.016861907445526514
147 j 69 0.011676789474485583
147 k 133 0.058263425683617864
147 l 100 0.017546423906329434
147 o 143 0.10036985648251484
147 p 28 0.02960070447093921
147 r 154 0.10677824444963824
147 s 18 0.005912129653317777
147 t 86 0.06694583866694415
147 u 108 0.05647258308787162
147 v 124 0.09943237141704642
147 x 41 0.07495010258392065
148 b 96 0.015304990801508045
148 c 123 0.01192834931215847
148 d 38 0.06389432606516998
148 e 144 0.04175639583496793
148 g 11 0.024924323172878515
148 i 17 0.18155025951390213
148 j 11 0.11362962625692086
148 k 95 0.09162082148739847
148 n 8 0.04544770792646213
148 o 46 0.027965198060694196
148 q 181 0.07876257103376294
148 r 131 0.03230687885360661
148 s 109 0.10870814419735697
148 t 137 0.015615983634991726
148 u 109 0.009056843811532933
148 z 163 0.007459162165172395
149 e 166 0.214850432286532
149 g 22 0.05940500961695516
149 i 182 0.28777291385812553
149 l 135 0.32034601561952536
150 a 2 0.1370404492625048
150 d 108 0.17207622457371918
150 l 153 0.05259925809202037
150 q 47 0.043206936141510055
150 r 124 0.30281267506568155
150 s 146 0.1401276228107896
150 v 157 0.07514848173674327
150 x 171 0.020142591202283455
151 f 67 0.4030717570651531
151 i 79 0.5519362612219616
152 d 78 0.17982940967784178
152 e 142 0.03326176898376043
152 f 42 0.07529739781768197
152 g 79 0.02017901458718574
152 k 175 0.0290983228451126
152 o 152 0.07541177311048186
152 r 52 0.07249497491321932
152 s 161 0.023272137802005655
152 v 170 0.012091634611714364
152 x 131 0.040161886219077014
152 y 163 0.10410445262536949
152 z 155 0.12462340716861176
154 d 127 0.0692689387767097
154 e 6 0.012668517566621795
154 f 186 0.022588696853512502
154 h 23 0.07390067844384085
154 i 61 0.12808050992629438
154 k 64 0.09335571846165369
154 l 54 0.15041926278025708
154 m 128 0.043199145928677685
154 n 56 0.033121188841472415
154 o 115 0.00666324697338827
154 p 155 0.15437312252531643
154 q 181 0.022212606347787323
154 r 134 0.018555461735955237
154 w 13 0.008373849295839508
154 y 39 0.012275101056312354
154 z 165 0.07571718835235053
155 x 102 0.15968712138678776
157 c 175 0.02576091659522628
157 e 20 0.13511594994308096
157 f 39 0.0046475069258760104
157 g 92 0.03396186915016419
157 j 105 0.27759397912478756
157 k 98 0.0163752351223021
157 m 184 0.06669064397455748
157 n 17 0.10535162629203754
157 o 163 0.03206812300230111
157 q 27 0.05256649124948187
157 u 76 0.02302801710918101
157 w 185 0.07849744928931779
157 x 85 0.11373968708014737
157 y 176 0.025896341268943357
158 a 46 0.007635882601829902
158 b 112 0.012434607971353095
158 c 12 0.013070346885508899
158 d 150 0.01663424934566249
158 e 177 0.07094160665263383
158 g 53 0.01571412697069663
158 i 76 0.04885701513227503
158 k 181 0.004385067109974994
158 m 5 0.03447982878160849
158 n 42 0.01304538178489767
158 o 131 0.04955151897316601
158 p 77 0.2121916285522789
158 q 84 0.15022241124325852
158 r 32 0.03195460535254946
158 s 184 0.05842636934254464
158 t 30 0.011143939187579943
158 u 8 0.011974876105365628
158 v 33 0.01929233318365786
158 w 9 0.08210397520840784
158 x 82 0.009592392704021457
158 y 24 0.04592439103015211
158 z 67 0.03962897070848104
159 c 185 0.10985343589484242
159 d 20 0.07352001772812433
159 e 134 0.08217320575438558
159 l 169 0.03664680592925551
159 m 11 0.0709877891924966
159 n 30 0.11134230454265637
159 o 35 0.016507375879379782
159 p 23 0.09061330519175903
159 q 162 0.0029199671014364936
159 r 114 0.17189092375182435
159 u 166 0.04392116669075663
159 w 109 0.019903956008423207
159 x 183 0.09122941991106659
159 z 169 0.05627061799556776
160 a 71 0.004192304474105679
160 b 169 0.008892263491333208
160 c 38 0.05016373922631012
160 d 170 0.031700426333741705
160 e 80 0.052942324167356336
160 f 87 0.05947556522411224
160 g 114 0.04545881833372323
160 h 50 0.0026871743043940244
160 i 139 0.00908747427703116
160 j 13 0.07742777971177028
160 k 174 0.04049125248994234
160 l 128 0.05237669746066609
160 m 55 0.010564976816812788
160 n 95 0.039196031902613115
160 o 147 0.02101556880470512
160 p 144 0.032210048306338335
160 q 71 0.006215737594655546
160 r 145 0.17222969408191857
160 s 126 0.012405310364308253
160 t 126 0.025673213675627138
160 u 142 0.01647873243107345
160 v 174 0.08998787243561579
160 w 159 0.034187150783753895
160 x 82 0.00315783939893155
160 y 141 0.043443146953848655
160 z 68 0.0565253125663695
161 b 128 0.0640150188289651
161 d 85 0.19988532762471056
161 g 62 0.00307684143482978
161 k 11 0.09512224785565637
161 n 39 0.14232870001591091
161 p 154 0.0796537446049096
161 y 30 0.00899992649700676
162 j 159 0.12598076486398868
162 n 109 0.18185570325899236
162 r 186 0.28276428022067335
162 t 86 0.07246920769939635
162 w 105 0.14471156635579596
162 x 154 0.0992290744704879
163 a 148 0.042899185178882804
163 b 130 0.0036761272412110246
163 c 180 0.016723255350668653
163 d 66 0.038558224290539345
163 f 16 0.0498092200558633
163 g 183 0.058643174513574925
163 h 56 0.011883381502060586
163 i 110 0.01277084940427664
163 k 41 0.025852498724171946
163 l 5 0.013002787795793447
163 m 67 0.007354183212715415
163 n 91 0.02641632258459814
163 o 80 0.10549393867052037
163 p 147 0.10883879811638097
163 q 69 0.060441313893839554
163 r 91 0.012944034183024589
163 s 89 0.0660552947409424
163 t 130 0.03793306000030383
163 u 47 0.007186595869887014
163 v 124 0.12851800081807585
163 w 180 0.029205966756714052
163 x 150 0.026470901507356315
163 y 23 0.037752960551201475
163 z 132 0.04246936231401499
164 b 9 0.010957061156930736
164 e 16 0.05636398109888563
164 g 119 0.07549001540959055
164 h 78 0.007330672416469897
164 i 147 0.024732103021691154
164 k 90 0.07977329028268054
164 l 87 0.006064224729369072
164 n 30 0.013831248055812262
164 o 24 0.055447171940649076
164 p 55 0.1580841863707666
164 t 2 0.12712732062758103
164 v 7 0.05304955636336661
164 z 184 0.2175584117344339
165 a 116 0.0003406953992824979
165 d 167 0.05894626130732783
165 q 174 0.11471150341333158
165 u 5 0.49647731250354166
165 v 28 0.09004760887969876
166 i 79 0.215072693091648
166 k 78 0.10510321641115072
166 l 166 0.13487564063088986
166 n 40 0.08009846597688297
166 o 40 0.017506864020665702
166 r 165 0.11203455010864116
166 t 97 0.10489862389912519
166 u 95 0.03646759964489321
166 x 104 0.09918440185688082
167 a 162 0.1429636471832656
167 b 106 0.1688600765270588
167 c 172 0.002928306918291712
167 e 54 0.020786289706046568
167 g 67 0.02628323015674172
167 h 129 0.04717085519295883
167 i 58 0.06772003366373347
167 j 16 0.03756755987769478
167 l 40 0.06658425579608307
167 m 133 0.00883511422194938
167 n 3 0.1452254203761031
167 o 39 0.02415117990606097
167 p 127 0.007387897064974114
167 q 11 0.005314681628921791
167 r 139 0.04349620869160287
167 u 136 0.03401458746629138
167 v 63 0.029328470822148955
167 x 99 0.08853488450471714
167 y 102 0.027105276711634207
167 z 53 0.0009537520575927383
168 a 12 0.05080429096832295
168 c 149 0.05423940506714531
168 d 163 0.10590631685205354
168 e 53 0.0024879274702526155
168 f 169 0.03044064120159673
168 g 117 0.03847392622126622
168 h 108 0.007261687126969618
168 l 168 0.054892476355177355
168 m 146 0.14052371096232974
168 n 151 0.0023806624982846136
168 o 53 0.005763374134723165
168 p 65 0.11014532842610403
168 q 186 0.007190662741696663
168 r 52 0.08825516010331025
168 s 77 0.01565567534748291
168 t 109 0.011390063944131557
168 u 37 0.03100951076349634
168 v 152 0.053561465871681535
168 x 137 0.014736304094284391
168 z 183 0.14931586433635646
169 d 122 0.2497650931862454
169 g 144 0.17124400672202844
169 h 109 0.09865239501799539
169 i 95 0.17926233053607965
169 k 75 0.15743253139362068
169 v 34 0.06030333551898559
169 w 29 0.022664782836791963
170 a 168 0.029541989896866627
170 c 184 0.018347316760273902
170 e 37 0.004546337040792325
170 f 173 0.06384318684965162
170 g 36 0.021286179435672015
170 h 96 0.06677432004194539
170 i 147 0.07652067134201557
170 j 139 0.03216594310559273
170 l 90 0.11743223135416259
170 m 2 0.012385483293661292
170 o 160 0.10067511670181706
170 s 142 0.17974634544481505
170 u 88 0.012192739004896813
170 v 139 0.0002676077474877969
170 w 37 0.10890342393310692
170 x 12 0.14173558645276196
170 z 143 0.0036255806342914143
171 s 103 0.021395350885718756
171 t 124 0.411527955590543
171 v 171 0.18419165496314682
171 w 4 0.3043851478252142
172 c 7 0.2513134104629072
172 g 165 0.021182850859243985
172 k 44 0.09670060857935625
172 l 114 0.20321613476528155
172 n 168 0.08496052070861959
172 p 157 0.06014836796628886
172 r 50 0.13857712431256797
172 s 2 0.042135881021514665
172 y 94 0.06967798340672349
173 a 159 0.0014993679969574902
173 r 30 0.5104070226216109
173 w 158 0.10015735262942937
173 y 14 0.07070304974914554
173 z 96 0.20554953839623014
174 f 129 0.29876773842422955
174 n 99 0.24126125322204617
175 l 7 0.08184614252944833
175 p 163 0.06573432257129586
175 x 98 0.12631390931895026
176 e 84 0.4098958112494857
176 g 122 0.2868295591800908
176 l 109 0.1287329458660883
176 q 58 0.11126569859827762
176 v 46 0.004411821863017695
176 x 174 0.010281523941126025
176 y 98 0.021616778506432177
177 a 31 0.012357587467829778
177 b 106 0.0040313944239515065
177 c 80 0.031804162352490395
177 d 28 0.002406085994338558
177 e 21 0.029267677842034323
177 f 145 0.039244722260958986
177 g 112 0.027348414882706562
177 h 118 0.06790437324346155
177 i 115 0.00344953264283554
177 j 18 0.03585257564009259
177 k 69 0.03875724656421886
177 l 160 0.001455916840674032
177 m 161 0.06790887561256365
177 n 177 0.017126403814036184
177 o 19 0.035649457185549016
177 p 165 0.06540608768161527
177 q 87 0.025729734824747053
177 r 152 0.0722691042960738
177 s 11 0.18459753018430403
177 t 142 0.03043382076735146
177 u 27 0.016680252002251095
177 v 92 0.0049289353254102775
177 w 3 0.002657972208824466
177 x 148 0.040761502532493554
177 y 123 0.010419724074128056
177 z 136 0.02237992124011412
178 a 174 0.021850624168773036
178 b 117 0.018528958666767736
178 c 77 0.0051547579568999025
178 d 2 0.004119661824421583
178 e 74 0.03778163813149893
178 f 51 0.13543204512727758
178 g 8 0.0037328738365196568
178 h 90 0.007855237841254525
178 i 23 0.10273107900422651
178 j 116 0.012541321356491886
178 k 20 0.08412338449652879
178 l 47 0.029356340688326044
178 m 148 0.03377793434919463
178 n 32 0.011479290967554068
178 o 20 0.011646402068974382
178 p 44 0.03979464405065947
178 q 180 0.031121412073029875
178 r 66 0.008220647484041499
178 s 119 0.10659777897390965
178 t 77 0.0075157751673126105
178 u 65 0.0014833892566902263
178 v 0 0.04617975281689313
178 w 107 0.07813877913801237
178 y 50 0.029925750607854074
178 z 89 0.0549241739592613
179 g 171 0.672308080840921
179 k 18 0.10842765816456057
179 r 63 0.010085711259381847
179 s 109 0.12103556851762609
180 c 95 0.05119764259339965
180 f 142 0.12010358152095169
180 i 105 0.040772789820129884
180 k 120 0.27182226986774694
180 l 15 0.09606704652019826
180 n 8 0.23018970538340588
180 s 118 0.06151598971003147
180 u 161 0.037414268201330536
180 v 56 0.047698698706045706
180 w 166 0.0425268389592951
181 e 62 0.2813963466972078
181 f 164 0.050969527357266675
181 h 172 0.010011525768209073
181 k 82 0.14257622659195923
181 l 79 0.023058346882456005
181 w 81 0.12666141435327216
181 y 100 0.014870549502156938
182 c 161 0.030123807829975147
182 d 79 0.13342574852726263
182 f 127 0.014422386852815494
182 i 25 0.09089236135643908
182 j 123 0.051081381926798786
182 l 160 0.34628155836718577
182 o 20 0.07887502701507143
182 q 102 0.018952065957534847
182 s 74 0.013781138183556085
182 z 62 0.16463778721442246
183 a 101 0.17982616752625902
183 d 169 0.13408166250554188
183 t 166 0.5220190474891492
183 w 185 0.12940135818232856
184 a 52 0.06343025296975491
184 b 12 0.08646381513272527
184 c 167 0.12627803282133643
184 d 64 0.0658047649277731
184 e 184 0.06519736856090863
184 f 137 0.0017926540030573923
184 h 40 0.03533076103165378
184 i 63 0.04299685759785421
184 j 2 0.012517195878217424
184 l 144 0.01934260236744001
184 m 184 0.02088756346175258
184 n 109 0.0646871041787388
184 o 47 0.0094975141484267
184 p 130 0.017894244036896767
184 q 7 0.04535834512629622
184 r 70 0.03613467959261807
184 t 28 0.11277972254871271
184 u 85 0.05395740548670769
184 v 180 0.020287995904209155
184 w 164 0.0002571801080838432
184 x 53 0.03342486898552799
184 y 77 0.012236309827527325
184 z 65 0.003356854110239893
185 e 130 0.25031686202904646
185 o 139 0.43874974171828596
185 t 140 0.08277857398781785
